#
#   partial DOS for atom species: Ni
#
#   Add data for atom_index =   1,  n,l,m,z=  3  2 -2  1
#   Add data for atom_index =   1,  n,l,m,z=  3  2 -1  1
#   Add data for atom_index =   1,  n,l,m,z=  3  2  0  1
#   Add data for atom_index =   1,  n,l,m,z=  3  2  1  1
#   Add data for atom_index =   1,  n,l,m,z=  3  2  2  1
#   Add data for atom_index =   1,  n,l,m,z=  3  2 -2  2
#   Add data for atom_index =   1,  n,l,m,z=  3  2 -1  2
#   Add data for atom_index =   1,  n,l,m,z=  3  2  0  2
#   Add data for atom_index =   1,  n,l,m,z=  3  2  1  2
#   Add data for atom_index =   1,  n,l,m,z=  3  2  2  2
#   Add data for atom_index =   1,  n,l,m,z=  3  2 -2  3
#   Add data for atom_index =   1,  n,l,m,z=  3  2 -1  3
#   Add data for atom_index =   1,  n,l,m,z=  3  2  0  3
#   Add data for atom_index =   1,  n,l,m,z=  3  2  1  3
#   Add data for atom_index =   1,  n,l,m,z=  3  2  2  3
#   Add data for atom_index =   2,  n,l,m,z=  3  2 -2  1
#   Add data for atom_index =   2,  n,l,m,z=  3  2 -1  1
#   Add data for atom_index =   2,  n,l,m,z=  3  2  0  1
#   Add data for atom_index =   2,  n,l,m,z=  3  2  1  1
#   Add data for atom_index =   2,  n,l,m,z=  3  2  2  1
#   Add data for atom_index =   2,  n,l,m,z=  3  2 -2  2
#   Add data for atom_index =   2,  n,l,m,z=  3  2 -1  2
#   Add data for atom_index =   2,  n,l,m,z=  3  2  0  2
#   Add data for atom_index =   2,  n,l,m,z=  3  2  1  2
#   Add data for atom_index =   2,  n,l,m,z=  3  2  2  2
#   Add data for atom_index =   2,  n,l,m,z=  3  2 -2  3
#   Add data for atom_index =   2,  n,l,m,z=  3  2 -1  3
#   Add data for atom_index =   2,  n,l,m,z=  3  2  0  3
#   Add data for atom_index =   2,  n,l,m,z=  3  2  1  3
#   Add data for atom_index =   2,  n,l,m,z=  3  2  2  3
#   Add data for atom_index =   3,  n,l,m,z=  3  2 -2  1
#   Add data for atom_index =   3,  n,l,m,z=  3  2 -1  1
#   Add data for atom_index =   3,  n,l,m,z=  3  2  0  1
#   Add data for atom_index =   3,  n,l,m,z=  3  2  1  1
#   Add data for atom_index =   3,  n,l,m,z=  3  2  2  1
#   Add data for atom_index =   3,  n,l,m,z=  3  2 -2  2
#   Add data for atom_index =   3,  n,l,m,z=  3  2 -1  2
#   Add data for atom_index =   3,  n,l,m,z=  3  2  0  2
#   Add data for atom_index =   3,  n,l,m,z=  3  2  1  2
#   Add data for atom_index =   3,  n,l,m,z=  3  2  2  2
#   Add data for atom_index =   3,  n,l,m,z=  3  2 -2  3
#   Add data for atom_index =   3,  n,l,m,z=  3  2 -1  3
#   Add data for atom_index =   3,  n,l,m,z=  3  2  0  3
#   Add data for atom_index =   3,  n,l,m,z=  3  2  1  3
#   Add data for atom_index =   3,  n,l,m,z=  3  2  2  3
#
#    Energy          spin 1        spin2
#
  -20.0000000     0.00000000     0.00000000
  -19.9599600     0.00000000     0.00000000
  -19.9199199     0.00000000     0.00000000
  -19.8798799     0.00000000     0.00000000
  -19.8398398     0.00000000     0.00000000
  -19.7997998     0.00000000     0.00000000
  -19.7597598     0.00000000     0.00000000
  -19.7197197     0.00000000     0.00000000
  -19.6796797     0.00000000     0.00000000
  -19.6396396     0.00000000     0.00000000
  -19.5995996     0.00000000     0.00000000
  -19.5595596     0.00000000     0.00000000
  -19.5195195     0.00000000     0.00000000
  -19.4794795     0.00000000     0.00000000
  -19.4394394     0.00000000     0.00000000
  -19.3993994     0.00000000     0.00000000
  -19.3593594     0.00000000     0.00000000
  -19.3193193     0.00000000     0.00000000
  -19.2792793     0.00000000     0.00000000
  -19.2392392     0.00000000     0.00000000
  -19.1991992     0.00000000     0.00000000
  -19.1591592     0.00000000     0.00000000
  -19.1191191     0.00000000     0.00000000
  -19.0790791     0.00000000     0.00000000
  -19.0390390     0.00000000     0.00000000
  -18.9989990     0.00000000     0.00000000
  -18.9589590     0.00000000     0.00000000
  -18.9189189     0.00000000     0.00000000
  -18.8788789     0.00000000     0.00000000
  -18.8388388     0.00000000     0.00000000
  -18.7987988     0.00000000     0.00000000
  -18.7587588     0.00000000     0.00000000
  -18.7187187     0.00000000     0.00000000
  -18.6786787     0.00000000     0.00000000
  -18.6386386     0.00000000     0.00000000
  -18.5985986     0.00000000     0.00000000
  -18.5585586     0.00000000     0.00000000
  -18.5185185     0.00000000     0.00000000
  -18.4784785     0.00000000     0.00000000
  -18.4384384     0.00000000     0.00000000
  -18.3983984     0.00000000     0.00000000
  -18.3583584     0.00000000     0.00000000
  -18.3183183     0.00000000     0.00000000
  -18.2782783     0.00000000     0.00000000
  -18.2382382     0.00000000     0.00000000
  -18.1981982     0.00000000     0.00000000
  -18.1581582     0.00000000     0.00000000
  -18.1181181     0.00000000     0.00000000
  -18.0780781     0.00000000     0.00000000
  -18.0380380     0.00000000     0.00000000
  -17.9979980     0.00000000     0.00000000
  -17.9579580     0.00000000     0.00000000
  -17.9179179     0.00000000     0.00000000
  -17.8778779     0.00000000     0.00000000
  -17.8378378     0.00000000     0.00000000
  -17.7977978     0.00000000     0.00000000
  -17.7577578     0.00000000     0.00000000
  -17.7177177     0.00000000     0.00000000
  -17.6776777     0.00000000     0.00000000
  -17.6376376     0.00000000     0.00000000
  -17.5975976     0.00000000     0.00000000
  -17.5575576     0.00000000     0.00000000
  -17.5175175     0.00000000     0.00000000
  -17.4774775     0.00000000     0.00000000
  -17.4374374     0.00000000     0.00000000
  -17.3973974     0.00000000     0.00000000
  -17.3573574     0.00000000     0.00000000
  -17.3173173     0.00000000     0.00000000
  -17.2772773     0.00000000     0.00000000
  -17.2372372     0.00000000     0.00000000
  -17.1971972     0.00000000     0.00000000
  -17.1571572     0.00000000     0.00000000
  -17.1171171     0.00000000     0.00000000
  -17.0770771     0.00000000     0.00000000
  -17.0370370     0.00000000     0.00000000
  -16.9969970     0.00000000     0.00000000
  -16.9569570     0.00000000     0.00000000
  -16.9169169     0.00000000     0.00000000
  -16.8768769     0.00000000     0.00000000
  -16.8368368     0.00000000     0.00000000
  -16.7967968     0.00000000     0.00000000
  -16.7567568     0.00000000     0.00000000
  -16.7167167     0.00000000     0.00000000
  -16.6766767     0.00000000     0.00000000
  -16.6366366     0.00000000     0.00000000
  -16.5965966     0.00000000     0.00000000
  -16.5565566     0.00000000     0.00000000
  -16.5165165     0.00000000     0.00000000
  -16.4764765     0.00000000     0.00000000
  -16.4364364     0.00000000     0.00000000
  -16.3963964     0.00000000     0.00000000
  -16.3563564     0.00000000     0.00000000
  -16.3163163     0.00000000     0.00000000
  -16.2762763     0.00000000     0.00000000
  -16.2362362     0.00000000    -0.00000000
  -16.1961962     0.00000000    -0.00000000
  -16.1561562    -0.00000000    -0.00000000
  -16.1161161    -0.00000000    -0.00000004
  -16.0760761    -0.00000000    -0.00000032
  -16.0360360    -0.00000002    -0.00000196
  -15.9959960    -0.00000015    -0.00000876
  -15.9559560    -0.00000100    -0.00002846
  -15.9159159    -0.00000505    -0.00006708
  -15.8758759    -0.00001839    -0.00011474
  -15.8358358    -0.00004864    -0.00014244
  -15.7957958    -0.00009336    -0.00012832
  -15.7557558    -0.00013004    -0.00008389
  -15.7157157    -0.00013143    -0.00003980
  -15.6756757    -0.00009640    -0.00001370
  -15.6356356    -0.00005131    -0.00000342
  -15.5955956    -0.00001982    -0.00000064
  -15.5555556    -0.00000556    -0.00000026
  -15.5155155    -0.00000114    -0.00000122
  -15.4754755    -0.00000027    -0.00000586
  -15.4354354    -0.00000069    -0.00002050
  -15.3953954    -0.00000324    -0.00005202
  -15.3553554    -0.00001128    -0.00009580
  -15.3153153    -0.00002850    -0.00012807
  -15.2752753    -0.00005224    -0.00012439
  -15.2352352    -0.00006955    -0.00008776
  -15.1951952    -0.00006746    -0.00004296
  -15.1551552    -0.00004807    -0.00000337
  -15.1151151    -0.00002387     0.00004089
  -15.0750751     0.00000486     0.00009800
  -15.0350350     0.00006051     0.00014744
  -14.9949950     0.00016307     0.00015265
  -14.9549550     0.00028396     0.00010376
  -14.9149149     0.00034655     0.00003134
  -14.8748749     0.00030573    -0.00002373
  -14.8348348     0.00020494    -0.00003694
  -14.7947948     0.00012176     0.00000715
  -14.7547548     0.00008957     0.00014452
  -14.7147147     0.00010749     0.00044011
  -14.6746747     0.00020748     0.00092649
  -14.6346346     0.00047458     0.00150913
  -14.5945946     0.00096941     0.00195694
  -14.5545546     0.00161374     0.00205073
  -14.5145145     0.00216090     0.00185494
  -14.4744745     0.00232146     0.00189073
  -14.4344344     0.00203157     0.00283016
  -14.3943944     0.00168080     0.00467825
  -14.3543544     0.00196137     0.00630201
  -14.3143143     0.00324269     0.00637981
  -14.2742743     0.00492933     0.00499898
  -14.2342342     0.00571274     0.00365167
  -14.1941942     0.00492269     0.00357806
  -14.1541542     0.00338414     0.00470909
  -14.1141141     0.00252928     0.00606385
  -14.0740741     0.00302847     0.00668453
  -14.0340340     0.00449368     0.00645404
  -13.9939940     0.00606798     0.00622954
  -13.9539540     0.00711912     0.00667447
  -13.9139139     0.00764576     0.00707659
  -13.8738739     0.00802560     0.00621801
  -13.8338338     0.00813036     0.00413825
  -13.7937938     0.00719692     0.00202370
  -13.7537538     0.00505694     0.00072075
  -13.7137137     0.00267547     0.00018713
  -13.6736737     0.00104190     0.00004215
  -13.6336336     0.00029604     0.00005910
  -13.5935936     0.00006157     0.00030044
  -13.5535536     0.00001377     0.00120226
  -13.5135135     0.00003810     0.00349894
  -13.4734735     0.00021771     0.00740545
  -13.4334334     0.00092635     0.01145124
  -13.3933934     0.00286148     0.01313792
  -13.3533534     0.00641519     0.01177314
  -13.3133133     0.01044492     0.00958345
  -13.2732733     0.01239744     0.00914647
  -13.2332332     0.01097448     0.01072382
  -13.1931932     0.00818588     0.01234695
  -13.1531532     0.00757036     0.01199570
  -13.1131131     0.01069415     0.00997569
  -13.0730731     0.01569877     0.00885904
  -13.0330330     0.01907654     0.01065052
  -12.9929930     0.01903946     0.01492148
  -12.9529530     0.01671464     0.02031232
  -12.9129129     0.01406992     0.02715174
  -12.8728729     0.01235695     0.03839315
  -12.8328328     0.01247406     0.05755490
  -12.7927928     0.01436986     0.08263593
  -12.7527528     0.01659423     0.10192346
  -12.7127127     0.01980479     0.10284415
  -12.6726727     0.03033243     0.08716790
  -12.6326326     0.05539333     0.07007715
  -12.5925926     0.09177776     0.06303852
  -12.5525526     0.12260527     0.06534808
  -12.5125125     0.13067106     0.07297600
  -12.4724725     0.11424800     0.08681600
  -12.4324324     0.08636271     0.10727952
  -12.3923924     0.06197324     0.12613587
  -12.3523524     0.05109887     0.13321096
  -12.3123123     0.05969501     0.13029473
  -12.2722723     0.08534805     0.12668173
  -12.2322322     0.11070435     0.12315390
  -12.1921922     0.11458929     0.11555473
  -12.1521522     0.09670014     0.10951418
  -12.1121121     0.08128944     0.11493590
  -12.0720721     0.08947308     0.13087815
  -12.0320320     0.11521228     0.15236165
  -11.9919920     0.13473052     0.18784624
  -11.9519520     0.13335475     0.24883007
  -11.9119119     0.11542020     0.31976473
  -11.8718719     0.09519883     0.36159594
  -11.8318318     0.08734499     0.35861963
  -11.7917918     0.09899568     0.34645858
  -11.7517518     0.12525014     0.37428070
  -11.7117117     0.15559442     0.44658138
  -11.6716717     0.18252176     0.52236533
  -11.6316316     0.20156190     0.56539048
  -11.5915916     0.21017359     0.57280988
  -11.5515516     0.21473181     0.56332509
  -11.5115115     0.23436912     0.57026136
  -11.4714715     0.28604723     0.64737476
  -11.4314314     0.36372300     0.83914732
  -11.3913914     0.43746723     1.11907300
  -11.3513514     0.47838173     1.38455751
  -11.3113113     0.48829091     1.53876254
  -11.2712713     0.50047082     1.56335394
  -11.2312312     0.54887959     1.50833104
  -11.1911912     0.64499985     1.43792055
  -11.1511512     0.77771545     1.39628563
  -11.1111111     0.90934866     1.40247414
  -11.0710711     0.98870330     1.44484150
  -11.0310310     1.02076050     1.48213495
  -10.9909910     1.09666865     1.49919771
  -10.9509510     1.28900466     1.55566234
  -10.9109109     1.54993818     1.70086733
  -10.8708709     1.75803548     1.86207259
  -10.8308308     1.82092879     1.91652366
  -10.7907908     1.71750720     1.84367772
  -10.7507508     1.50500717     1.73352420
  -10.7107107     1.30148348     1.70504861
  -10.6706707     1.21376998     1.85842682
  -10.6306306     1.26667456     2.21375583
  -10.5905906     1.39644638     2.63889480
  -10.5505506     1.49619304     2.91395075
  -10.5105105     1.49795391     2.94395303
  -10.4704705     1.44111040     2.85645451
  -10.4304304     1.43441440     2.81486861
  -10.3903904     1.53426335     2.80071318
  -10.3503504     1.68959381     2.67680946
  -10.3103103     1.83131318     2.40491666
  -10.2702703     1.99136296     2.08382778
  -10.2302302     2.28547087     1.82607220
  -10.1901902     2.76190143     1.71775133
  -10.1501502     3.28527289     1.83672088
  -10.1101101     3.60983867     2.17234730
  -10.0700701     3.60143821     2.53496860
  -10.0300300     3.36075362     2.65461802
   -9.9899900     3.08194939     2.43804644
   -9.9499500     2.83139252     2.07807701
   -9.9099099     2.54736608     1.85158924
   -9.8698699     2.22188322     1.87089716
   -9.8298298     1.96908706     2.05140063
   -9.7897898     1.90521459     2.22794247
   -9.7497497     2.02983886     2.29502312
   -9.7097097     2.23017276     2.28899660
   -9.6696697     2.38668770     2.30618930
   -9.6296296     2.48935529     2.36678811
   -9.5895896     2.61664411     2.44513656
   -9.5495496     2.78468029     2.55226808
   -9.5095095     2.90941094     2.68519561
   -9.4694695     2.93759122     2.78443639
   -9.4294294     2.90600368     2.80502144
   -9.3893894     2.86449078     2.75927680
   -9.3493494     2.81376623     2.68657232
   -9.3093093     2.71058261     2.64485574
   -9.2692693     2.53438142     2.72228188
   -9.2292292     2.35349032     2.99878677
   -9.1891892     2.26149636     3.47776386
   -9.1491491     2.26778928     4.07898020
   -9.1091091     2.34844396     4.69463738
   -9.0690691     2.55466872     5.20258857
   -9.0290290     2.91230774     5.43771786
   -8.9889890     3.24716357     5.27334765
   -8.9489490     3.31538889     4.77240196
   -8.9089089     3.12507660     4.16566970
   -8.8688689     2.96317077     3.67272875
   -8.8288288     3.06351783     3.39001137
   -8.7887888     3.36188344     3.30044145
   -8.7487488     3.65181718     3.33769647
   -8.7087087     3.89207288     3.44017445
   -8.6686687     4.22139378     3.55989860
   -8.6286286     4.68709392     3.67387162
   -8.5885886     5.11160120     3.79478579
   -8.5485485     5.28990221     3.90981796
   -8.5085085     5.18832475     3.92986343
   -8.4684685     4.88375480     3.78076957
   -8.4284284     4.45479544     3.52165463
   -8.3883884     4.01253715     3.29326894
   -8.3483484     3.71544140     3.16475181
   -8.3083083     3.63511536     3.09277630
   -8.2682683     3.67067257     3.01611459
   -8.2282282     3.69960567     2.93130188
   -8.1881882     3.71795077     2.86642114
   -8.1481482     3.73018344     2.84557209
   -8.1081081     3.65094871     2.89372949
   -8.0680681     3.45393581     2.96734981
   -8.0280280     3.29707805     2.91628145
   -7.9879880     3.34719942     2.69657118
   -7.9479479     3.55532682     2.53256837
   -7.9079079     3.76616734     2.67724238
   -7.8678679     3.95002564     3.12838371
   -7.8278278     4.11169186     3.67890926
   -7.7877878     4.10801523     4.08333941
   -7.7477478     3.81125632     4.15441368
   -7.7077077     3.34453384     3.87013347
   -7.6676677     2.98128651     3.41226284
   -7.6276276     2.87677706     3.04212982
   -7.5875876     2.93979043     2.94203923
   -7.5475475     2.94395976     3.14321101
   -7.5075075     2.80810532     3.54950698
   -7.4674675     2.71077940     3.98849219
   -7.4274274     2.81211091     4.23788725
   -7.3873874     2.97272590     4.13576506
   -7.3473473     2.92246623     3.75260655
   -7.3073073     2.62733728     3.34071827
   -7.2672673     2.34213621     3.07728654
   -7.2272272     2.33541198     2.97509730
   -7.1871872     2.62985285     3.01923177
   -7.1471472     2.99785952     3.22328220
   -7.1071071     3.20394640     3.51867358
   -7.0670671     3.22288614     3.70415153
   -7.0270270     3.16548467     3.58918746
   -6.9869870     3.08656553     3.18487621
   -6.9469470     2.97046881     2.69634859
   -6.9069069     2.78522510     2.30124369
   -6.8668669     2.49499265     1.99701006
   -6.8268268     2.13530849     1.70096458
   -6.7867868     1.84315107     1.41910211
   -6.7467467     1.70213823     1.23305928
   -6.7067067     1.63316188     1.16821332
   -6.6666667     1.51896495     1.16146682
   -6.6266266     1.34714907     1.13519731
   -6.5865866     1.18427967     1.05552169
   -6.5465466     1.08790779     0.94251544
   -6.5065065     1.06103289     0.83885265
   -6.4664665     1.05499393     0.76140138
   -6.4264264     1.02875111     0.69635975
   -6.3863864     0.99936858     0.63507084
   -6.3463464     1.00282832     0.59203424
   -6.3063063     1.02875606     0.59393048
   -6.2662663     1.03230956     0.64869360
   -6.2262262     0.99685801     0.70842628
   -6.1861862     0.94940493     0.69228296
   -6.1461461     0.91988978     0.57667961
   -6.1061061     0.91474613     0.42842858
   -6.0660661     0.92361697     0.33069996
   -6.0260260     0.93395751     0.31298890
   -5.9859860     0.94076595     0.35234943
   -5.9459459     0.94410952     0.40171787
   -5.9059059     0.94744767     0.41667753
   -5.8658659     0.96745293     0.38443955
   -5.8258258     1.02327010     0.33189127
   -5.7857858     1.09580828     0.29684034
   -5.7457458     1.12491175     0.29198384
   -5.7057057     1.07230973     0.29908005
   -5.6656657     0.95928718     0.29979932
   -5.6256256     0.83374362     0.30369166
   -5.5855856     0.74123226     0.32908916
   -5.5455455     0.71854188     0.36473448
   -5.5055055     0.76551032     0.37442161
   -5.4654655     0.83442769     0.33775050
   -5.4254254     0.87197317     0.27027621
   -5.3853854     0.85251808     0.20556194
   -5.3453453     0.77571175     0.16789066
   -5.3053053     0.66292629     0.15874068
   -5.2652653     0.55156305     0.16009841
   -5.2252252     0.47211405     0.15258669
   -5.1851852     0.43117310     0.13540737
   -5.1451452     0.41983227     0.12548999
   -5.1051051     0.42680729     0.13603490
   -5.0650651     0.44076457     0.16279273
   -5.0250250     0.45437670     0.19047026
   -4.9849850     0.46883550     0.20275864
   -4.9449449     0.48543671     0.18956614
   -4.9049049     0.49383385     0.15695663
   -4.8648649     0.47707457     0.12597677
   -4.8248248     0.43272289     0.11320752
   -4.7847848     0.38211566     0.11964330
   -4.7447447     0.34863925     0.13990175
   -4.7047047     0.33096368     0.16899435
   -4.6646647     0.30647059     0.19831448
   -4.6246246     0.26014165     0.21742775
   -4.5845846     0.20437370     0.22488346
   -4.5445445     0.16574278     0.23005674
   -4.5045045     0.15507013     0.24026496
   -4.4644645     0.15932646     0.25393102
   -4.4244244     0.16301974     0.26792430
   -4.3843844     0.16633307     0.28103340
   -4.3443443     0.17862709     0.29080564
   -4.3043043     0.20283483     0.29380926
   -4.2642643     0.22874372     0.28350224
   -4.2242242     0.23881733     0.24880041
   -4.1841842     0.22341334     0.18799800
   -4.1441441     0.19229936     0.12019014
   -4.1041041     0.17063835     0.07015254
   -4.0640641     0.17888883     0.04677707
   -4.0240240     0.21042927     0.04111684
   -3.9839840     0.23443522     0.03844345
   -3.9439439     0.22672627     0.03056458
   -3.9039039     0.19177808     0.02012580
   -3.8638639     0.15229749     0.01424739
   -3.8238238     0.12637496     0.01590427
   -3.7837838     0.12079874     0.02188543
   -3.7437437     0.13512912     0.02655549
   -3.7037037     0.15721040     0.02664431
   -3.6636637     0.16518961     0.02316531
   -3.6236236     0.15100431     0.02019819
   -3.5835836     0.13104419     0.02360169
   -3.5435435     0.12160296     0.03835966
   -3.5035035     0.11862131     0.06110914
   -3.4634635     0.11126533     0.07672028
   -3.4234234     0.09887749     0.07134435
   -3.3833834     0.08645043     0.04863975
   -3.3433433     0.07729369     0.02483189
   -3.3033033     0.07302395     0.01068470
   -3.2632633     0.07117791     0.00547017
   -3.2232232     0.06508040     0.00420479
   -3.1831832     0.05150820     0.00465596
   -3.1431431     0.03433285     0.00925557
   -3.1031031     0.01920005     0.02366418
   -3.0630631     0.00889227     0.05207590
   -3.0230230     0.00338934     0.09091074
   -2.9829830     0.00142547     0.12902077
   -2.9429429     0.00197660     0.15709353
   -2.9029029     0.00527129     0.17375024
   -2.8628629     0.01270233     0.18131529
   -2.8228228     0.02500755     0.18181583
   -2.7827828     0.03905129     0.17723434
   -2.7427427     0.04782376     0.16741709
   -2.7027027     0.04789136     0.15058866
   -2.6626627     0.04569141     0.12901324
   -2.6226226     0.05171485     0.10729032
   -2.5825826     0.07169761     0.08544892
   -2.5425425     0.10690119     0.06118695
   -2.5025025     0.15495330     0.03670353
   -2.4624625     0.20552478     0.01761684
   -2.4224224     0.24186238     0.00703276
   -2.3823824     0.24956527     0.00444643
   -2.3423423     0.22440518     0.00936460
   -2.3023023     0.17846325     0.02229801
   -2.2622623     0.13702904     0.03995420
   -2.2222222     0.11755603     0.05208470
   -2.1821822     0.11216748     0.04937359
   -2.1421421     0.10006128     0.03454296
   -2.1021021     0.07332052     0.02015576
   -2.0620621     0.04197998     0.01717709
   -2.0220220     0.01849756     0.02934772
   -1.9819820     0.00638629     0.05308423
   -1.9419419     0.00263271     0.07799105
   -1.9019019     0.00470136     0.09145767
   -1.8618619     0.01345019     0.08657450
   -1.8218218     0.03019127     0.06623267
   -1.7817818     0.05150218     0.04105186
   -1.7417417     0.07009753     0.02327636
   -1.7017017     0.08223588     0.02101998
   -1.6616617     0.08826798     0.03615729
   -1.6216216     0.08581515     0.06332669
   -1.5815816     0.07185773     0.09059461
   -1.5415415     0.05022986     0.10675472
   -1.5015015     0.02934791     0.10859925
   -1.4614615     0.01540224     0.09799250
   -1.4214214     0.01122240     0.07700207
   -1.3813814     0.01828289     0.05048400
   -1.3413413     0.03652611     0.02717540
   -1.3013013     0.06240181     0.01406203
   -1.2612613     0.08946631     0.01246398
   -1.2212212     0.11123462     0.01886532
   -1.1811812     0.12175244     0.02679073
   -1.1411411     0.11727009     0.03053360
   -1.1011011     0.10179962     0.03000480
   -1.0610611     0.08512746     0.02987024
   -1.0210210     0.07159826     0.03387304
   -0.9809810     0.05760633     0.04279460
   -0.9409409     0.04054683     0.05485553
   -0.9009009     0.02353456     0.06422381
   -0.8608609     0.01145181     0.06356765
   -0.8208208     0.00654567     0.05159938
   -0.7807808     0.00833571     0.03456359
   -0.7407407     0.01537479     0.01967426
   -0.7007007     0.02580424     0.01064545
   -0.6606607     0.03723219     0.00897637
   -0.6206206     0.04729148     0.01573329
   -0.5805806     0.05412846     0.03016490
   -0.5405405     0.05671399     0.04754728
   -0.5005005     0.05671227     0.06114419
   -0.4604605     0.05833566     0.06698244
   -0.4204204     0.06219729     0.06586903
   -0.3803804     0.06321867     0.06293788
   -0.3403403     0.05983721     0.06546941
   -0.3003003     0.05889952     0.07780564
   -0.2602603     0.06498023     0.09923658
   -0.2202202     0.07089077     0.12569222
   -0.1801802     0.06680703     0.14643030
   -0.1401401     0.05631740     0.14440525
   -0.1001001     0.05582636     0.11410679
   -0.0600601     0.07751100     0.07504862
   -0.0200200     0.11628632     0.05646378
    0.0200200     0.15192418     0.07139635
    0.0600601     0.16289919     0.10619477
    0.1001001     0.14276280     0.13085214
    0.1401401     0.10395839     0.12517064
    0.1801802     0.06420288     0.09732586
    0.2202202     0.03366578     0.07147735
    0.2602603     0.01471433     0.06097069
    0.3003003     0.00614826     0.06035893
    0.3403403     0.00684935     0.06014249
    0.3803804     0.01938631     0.05987216
    0.4204204     0.04890047     0.06234848
    0.4604605     0.09260763     0.06378098
    0.5005005     0.13015456     0.05937925
    0.5405405     0.13572702     0.05350549
    0.5805806     0.10601637     0.05557937
    0.6206206     0.06609878     0.06657833
    0.6606607     0.04341217     0.07516446
    0.7007007     0.04418755     0.07067103
    0.7407407     0.05486237     0.05767036
    0.7807808     0.06032397     0.05323956
    0.8208208     0.05999878     0.06982378
    0.8608609     0.06450557     0.10327559
    0.9009009     0.07794759     0.13742289
    0.9409409     0.09054278     0.15701555
    0.9809810     0.08939299     0.15627304
    1.0210210     0.07245411     0.14102993
    1.0610611     0.05109540     0.12389064
    1.1011011     0.03876831     0.11312979
    1.1411411     0.03876663     0.10628695
    1.1811812     0.04687833     0.09448520
    1.2212212     0.06377506     0.07252201
    1.2612613     0.09644385     0.04569495
    1.3013013     0.14496976     0.02489593
    1.3413413     0.19369424     0.01552095
    1.3813814     0.21958069     0.01411940
    1.4214214     0.21033861     0.01448874
    1.4614615     0.17429463     0.01418166
    1.5015015     0.13124249     0.01445977
    1.5415415     0.09549457     0.01557365
    1.5815816     0.07051032     0.01528211
    1.6216216     0.05532666     0.01246419
    1.6616617     0.04778764     0.00891520
    1.7017017     0.04235921     0.00655451
    1.7417417     0.03334886     0.00557985
    1.7817818     0.02149253     0.00653066
    1.8218218     0.01259412     0.01291892
    1.8618619     0.01039554     0.03103638
    1.9019019     0.01326502     0.06521382
    1.9419419     0.01650697     0.10998372
    1.9819820     0.01698433     0.14860495
    2.0220220     0.01559673     0.16447128
    2.0620621     0.01529547     0.15501714
    2.1021021     0.01949915     0.13530586
    2.1421421     0.03414730     0.12829614
    2.1821822     0.06550928     0.14552354
    2.2222222     0.10939935     0.17552135
    2.2622623     0.14702025     0.19753144
    2.3023023     0.16039786     0.20570215
    2.3423423     0.14925464     0.20887452
    2.3823824     0.12950971     0.20777140
    2.4224224     0.12279724     0.19210808
    2.4624625     0.14268176     0.16286158
    2.5025025     0.17894488     0.13563878
    2.5425425     0.20505405     0.12136300
    2.5825826     0.21002616     0.12036263
    2.6226226     0.20861515     0.13007339
    2.6626627     0.21284212     0.14965918
    2.7027027     0.20945054     0.17994772
    2.7427427     0.17917906     0.21304767
    2.7827828     0.12889837     0.22589403
    2.8228228     0.08945016     0.20223485
    2.8628629     0.08498916     0.15506049
    2.9029029     0.11175129     0.11600459
    2.9429429     0.14537030     0.11127253
    2.9829830     0.16922015     0.14404462
    3.0230230     0.19028180     0.18854918
    3.0630631     0.21773033     0.20849616
    3.1031031     0.24031073     0.18714584
    3.1431431     0.24258014     0.13635720
    3.1831832     0.22477948     0.08350128
    3.2232232     0.19258561     0.05606727
    3.2632633     0.15078395     0.07135621
    3.3033033     0.11516813     0.12695516
    3.3433433     0.10724978     0.19313094
    3.3833834     0.12706402     0.22806754
    3.4234234     0.14476660     0.21698148
    3.4634635     0.13281959     0.18356663
    3.5035035     0.09972400     0.15288996
    3.5435435     0.07744866     0.12516142
    3.5835836     0.08473388     0.09589402
    3.6236236     0.11769275     0.07830932
    3.6636637     0.16281127     0.09121203
    3.7037037     0.20032603     0.13517914
    3.7437437     0.20686731     0.19225653
    3.7837838     0.17538924     0.24751797
    3.8238238     0.12783645     0.29774442
    3.8638639     0.09883685     0.33536564
    3.9039039     0.11077328     0.34380760
    3.9439439     0.16087358     0.31874559
    3.9839840     0.22274415     0.27625711
    4.0240240     0.26484467     0.23094328
    4.0640641     0.27620892     0.18141167
    4.1041041     0.27272634     0.12589236
    4.1441441     0.27620529     0.07663584
    4.1841842     0.29031809     0.04852833
    4.2242242     0.29749427     0.04533747
    4.2642643     0.27913531     0.06140209
    4.3043043     0.23879455     0.08447017
    4.3443443     0.19825024     0.09635549
    4.3843844     0.17021200     0.08465238
    4.4244244     0.14883231     0.05594806
    4.4644645     0.12693556     0.02885160
    4.5045045     0.10687383     0.01664581
    4.5445445     0.09374149     0.02276766
    4.5845846     0.08843349     0.04615437
    4.6246246     0.08816519     0.08282728
    4.6646647     0.08708068     0.12395758
    4.7047047     0.07777859     0.15672968
    4.7447447     0.06052166     0.17088028
    4.7847848     0.04852542     0.16657670
    4.8248248     0.05708242     0.15276251
    4.8648649     0.08934998     0.13701883
    4.9049049     0.13369121     0.12053472
    4.9449449     0.17055503     0.10220624
    4.9849850     0.18249869     0.08367044
    5.0250250     0.16333403     0.06809550
    5.0650651     0.12165604     0.05623097
    5.1051051     0.07657746     0.04769887
    5.1451452     0.04743793     0.04568065
    5.1851852     0.04331874     0.05464581
    5.2252252     0.06072063     0.07089037
    5.2652653     0.08855543     0.08220666
    5.3053053     0.11240574     0.08432333
    5.3453453     0.11992404     0.09233561
    5.3853854     0.11106039     0.12430560
    5.4254254     0.09927044     0.17400591
    5.4654655     0.09589347     0.20982773
    5.5055055     0.09853028     0.20382657
    5.5455455     0.09849111     0.15812898
    5.5855856     0.09378940     0.10163601
    5.6256256     0.08957637     0.06349276
    5.6656657     0.08702449     0.05267269
    5.7057057     0.08107091     0.06289049
    5.7457458     0.07453921     0.09067750
    5.7857858     0.08342121     0.13781996
    5.8258258     0.11661944     0.19318922
    5.8658659     0.15616397     0.22727724
    5.9059059     0.17225314     0.22140852
    5.9459459     0.16024753     0.19759475
    5.9859860     0.14815496     0.20296765
    6.0260260     0.16233489     0.26266506
    6.0660661     0.19901928     0.35724854
    6.1061061     0.23381246     0.44253013
    6.1461461     0.25070694     0.47944251
    6.1861862     0.25805822     0.45201545
    6.2262262     0.27423462     0.37423709
    6.2662663     0.30333887     0.27792293
    6.3063063     0.33894468     0.18820341
    6.3463464     0.37826721     0.11569737
    6.3863864     0.40942693     0.06683902
    6.4264264     0.40589938     0.05177891
    6.4664665     0.35669001     0.08222030
    6.5065065     0.28100338     0.15623908
    6.5465466     0.20445381     0.23809137
    6.5865866     0.14182548     0.27119324
    6.6266266     0.09922723     0.23302575
    6.6666667     0.07542837     0.16040949
    6.7067067     0.06854613     0.10476197
    6.7467467     0.08903380     0.08689705
    6.7867868     0.15122922     0.10333723
    6.8268268     0.23913462     0.14452944
    6.8668669     0.29685544     0.19553944
    6.9069069     0.28078573     0.24001747
    6.9469470     0.21144642     0.26596683
    6.9869870     0.14864797     0.25886102
    7.0270270     0.13219293     0.20855376
    7.0670671     0.16052555     0.13273150
    7.1071071     0.20386075     0.07052931
    7.1471472     0.23309307     0.05057729
    7.1871872     0.24530840     0.07856304
    7.2272272     0.25018718     0.14291721
    7.2672673     0.24158379     0.21962321
    7.3073073     0.21232213     0.28169820
    7.3473473     0.17973023     0.31015219
    7.3873874     0.16577903     0.29669239
    7.4274274     0.17304642     0.24814798
    7.4674675     0.19736353     0.18815514
    7.5075075     0.23461831     0.14006878
    7.5475475     0.26485374     0.11360980
    7.5875876     0.26181118     0.11400890
    7.6276276     0.22735754     0.14605829
    7.6676677     0.19118787     0.20535656
    7.7077077     0.17514802     0.28287023
    7.7477478     0.17695456     0.37066674
    7.7877878     0.18321511     0.44490339
    7.8278278     0.18639443     0.46276440
    7.8678679     0.19450946     0.40134179
    7.9079079     0.22736952     0.28832459
    7.9479479     0.29956315     0.18120650
    7.9879880     0.40071814     0.12282090
    8.0280280     0.48818024     0.12214450
    8.0680681     0.51066988     0.16960168
    8.1081081     0.45096335     0.25142875
    8.1481482     0.34192970     0.34334427
    8.1881882     0.23898886     0.41330654
    8.2282282     0.17898317     0.44421731
    8.2682683     0.16094804     0.44006497
    8.3083083     0.16248472     0.40789886
    8.3483484     0.17021730     0.34813441
    8.3883884     0.18427920     0.26619292
    8.4284284     0.19882692     0.18748562
    8.4684685     0.19905703     0.14890800
    8.5085085     0.18147036     0.16652840
    8.5485485     0.16435890     0.21718135
    8.5885886     0.16916043     0.25924835
    8.6286286     0.19647470     0.27050269
    8.6686687     0.23509238     0.25971832
    8.7087087     0.28723781     0.23970128
    8.7487488     0.35535661     0.20614565
    8.7887888     0.40924379     0.15615166
    8.8288288     0.40589630     0.10547506
    8.8688689     0.34661215     0.07194039
    8.9089089     0.27988567     0.06192536
    8.9489490     0.23968206     0.08159479
    8.9889890     0.21307777     0.13912700
    9.0290290     0.17800077     0.21954603
    9.0690691     0.13883267     0.27334883
    9.1091091     0.11185021     0.25898475
    9.1491491     0.10347188     0.19249647
    9.1891892     0.11624153     0.13075110
    9.2292292     0.15552851     0.11631048
    9.2692693     0.21153046     0.15537651
    9.3093093     0.24695868     0.22515699
    9.3493494     0.22895110     0.28502637
    9.3893894     0.16944374     0.30252686
    9.4294294     0.11485712     0.27954827
    9.4694695     0.10710169     0.24080450
    9.5095095     0.16180248     0.20235588
    9.5495496     0.25831597     0.16399841
    9.5895896     0.34267340     0.12512483
    9.6296296     0.36455413     0.09316769
    9.6696697     0.32075984     0.07279081
    9.7097097     0.25177439     0.05815217
    9.7497497     0.19558778     0.04264889
    9.7897898     0.15578934     0.02844257
    9.8298298     0.11715949     0.02168084
    9.8698699     0.07728335     0.02286923
    9.9099099     0.04881186     0.02538548
    9.9499500     0.03895464     0.02300092
    9.9899900     0.04091416     0.01703982
   10.0300300     0.04323603     0.01567879
   10.0700701     0.03986165     0.02844136
   10.1101101     0.03351339     0.05971488
   10.1501502     0.03498639     0.10133914
   10.1901902     0.05701293     0.13375076
   10.2302302     0.10152475     0.14234425
   10.2702703     0.15007401     0.12998998
   10.3103103     0.17370094     0.11148894
   10.3503504     0.15959971     0.10402349
   10.3903904     0.12485704     0.12236369
   10.4304304     0.10021350     0.17694259
   10.4704705     0.10441493     0.26981009
   10.5105105     0.13553311     0.37594996
   10.5505506     0.17919540     0.43737933
   10.5905906     0.21766617     0.41526450
   10.6306306     0.23909398     0.34319125
   10.6706707     0.25068403     0.28888913
   10.7107107     0.26960930     0.27492471
   10.7507508     0.28714316     0.27282942
   10.7907908     0.26903372     0.26009446
   10.8308308     0.20837670     0.24754689
   10.8708709     0.14391290     0.25585539
   10.9109109     0.11218225     0.29246790
   10.9509510     0.11493581     0.34866569
   10.9909910     0.14317048     0.39884395
   11.0310310     0.20350923     0.41193774
   11.0710711     0.30426356     0.38445219
   11.1111111     0.42724239     0.35071907
   11.1511512     0.52672107     0.34229711
   11.1911912     0.55923054     0.35001174
   11.2312312     0.51688374     0.33898229
   11.2712713     0.43573425     0.29327068
   11.3113113     0.36838077     0.23837112
   11.3513514     0.34394208     0.21668998
   11.3913914     0.35342373     0.24592764
   11.4314314     0.36417473     0.31043247
   11.4714715     0.34752428     0.38358799
   11.5115115     0.30911534     0.44511765
   11.5515516     0.29037013     0.48509907
   11.5915916     0.32161692     0.50565757
   11.6316316     0.37653394     0.51672160
   11.6716717     0.39720086     0.51812786
   11.7117117     0.37130383     0.48967868
   11.7517518     0.35131013     0.41951154
   11.7917918     0.38209756     0.33749542
   11.8318318     0.44648301     0.29165026
   11.8718719     0.48902449     0.29293941
   11.9119119     0.46337585     0.30938947
   11.9519520     0.36920919     0.30953056
   11.9919920     0.26293628     0.28407331
   12.0320320     0.21209249     0.23607017
   12.0720721     0.23440383     0.17943418
   12.1121121     0.29542811     0.13516464
   12.1521522     0.35013597     0.10999819
   12.1921922     0.36679506     0.09081593
   12.2322322     0.33006430     0.06645315
   12.2722723     0.25121896     0.04238679
   12.3123123     0.16980837     0.03150330
   12.3523524     0.12641172     0.03994651
   12.3923924     0.13181499     0.06436714
   12.4324324     0.16180393     0.09819558
   12.4724725     0.18057393     0.13515600
   12.5125125     0.17462372     0.16376780
   12.5525526     0.16078641     0.16731628
   12.5925926     0.15736049     0.14003406
   12.6326326     0.16208309     0.09748376
   12.6726727     0.16562966     0.06611720
   12.7127127     0.16595035     0.06946930
   12.7527528     0.16011278     0.11888287
   12.7927928     0.14136362     0.19984641
   12.8328328     0.11049906     0.26893810
   12.8728729     0.07890978     0.28684287
   12.9129129     0.06171356     0.25716216
   12.9529530     0.07169844     0.21295756
   12.9929930     0.11039929     0.17308662
   13.0330330     0.15897059     0.13544893
   13.0730731     0.18838438     0.09923229
   13.1131131     0.18685304     0.07053810
   13.1531532     0.16601646     0.05615026
   13.1931932     0.13732022     0.06439946
   13.2332332     0.10230717     0.10488778
   13.2732733     0.06697569     0.17983102
   13.3133133     0.04478980     0.27258889
   13.3533534     0.04616141     0.34746694
   13.3933934     0.07740447     0.37622734
   13.4334334     0.14385894     0.36728418
   13.4734735     0.23845818     0.35403353
   13.5135135     0.32736963     0.35905257
   13.5535536     0.36966624     0.37798383
   13.5935936     0.36242718     0.38949626
   13.6336336     0.34574096     0.38257017
   13.6736737     0.35563387     0.37300135
   13.7137137     0.39161631     0.37533416
   13.7537538     0.42969836     0.36986663
   13.7937938     0.44806937     0.32739142
   13.8338338     0.44187387     0.25314518
   13.8738739     0.42386027     0.17829369
   13.9139139     0.40709814     0.12337686
   13.9539540     0.38527609     0.09412263
   13.9939940     0.33717062     0.09940025
   14.0340340     0.25355084     0.14539017
   14.0740741     0.15491340     0.20859336
   14.1141141     0.07610315     0.23867362
   14.1541542     0.03917305     0.20758659
   14.1941942     0.04999182     0.14306173
   14.2342342     0.10687937     0.09838349
   14.2742743     0.18989478     0.10127804
   14.3143143     0.25117643     0.13857183
   14.3543544     0.25033506     0.17639234
   14.3943944     0.20174024     0.18808238
   14.4344344     0.15809637     0.16938371
   14.4744745     0.15043387     0.13844861
   14.5145145     0.16691695     0.12750056
   14.5545546     0.18152880     0.16565643
   14.5945946     0.18259879     0.25448954
   14.6346346     0.17417587     0.35473202
   14.6746747     0.16383377     0.40687916
   14.7147147     0.15938319     0.37927673
   14.7547548     0.17622733     0.29596497
   14.7947948     0.23155866     0.20961137
   14.8348348     0.31512123     0.15251941
   14.8748749     0.37905835     0.12156120
   14.9149149     0.38023789     0.09987834
   14.9549550     0.32280613     0.07753257
   14.9949950     0.24385637     0.05365230
   15.0350350     0.17370520     0.03194169
   15.0750751     0.12137577     0.01767054
   15.1151151     0.08317501     0.01445821
   15.1551552     0.05456921     0.02261184
   15.1951952     0.03603992     0.04142665
   15.2352352     0.02891462     0.07239530
   15.2752753     0.02863370     0.11478863
   15.3153153     0.02794268     0.15363723
   15.3553554     0.02720996     0.16353396
   15.3953954     0.03729776     0.13832579
   15.4354354     0.06856533     0.10865595
   15.4754755     0.11408784     0.11785319
   15.5155155     0.14650499     0.18194182
   15.5555556     0.14232373     0.27201776
   15.5955956     0.11083880     0.33494389
   15.6356356     0.08960351     0.33954535
   15.6756757     0.11188297     0.30196053
   15.7157157     0.18006333     0.25792107
   15.7557558     0.26179017     0.22173001
   15.7957958     0.31467929     0.19166148
   15.8358358     0.32487139     0.17793924
   15.8758759     0.31075961     0.19166916
   15.9159159     0.28751332     0.21802744
   15.9559560     0.25859934     0.22947910
   15.9959960     0.23995425     0.21550148
   16.0360360     0.25071499     0.18468759
   16.0760761     0.27921086     0.15438301
   16.1161161     0.28701940     0.14512568
   16.1561562     0.24983844     0.16694760
   16.1961962     0.18683827     0.20868643
   16.2362362     0.14586542     0.25159908
   16.2762763     0.15764613     0.28831017
   16.3163163     0.20902741     0.32125091
   16.3563564     0.26301566     0.35054964
   16.3963964     0.30128190     0.36945232
   16.4364364     0.33865392     0.36841685
   16.4764765     0.38659212     0.34635576
   16.5165165     0.41485446     0.31712109
   16.5565566     0.37941178     0.29210753
   16.5965966     0.28763512     0.26199837
   16.6366366     0.20145764     0.21619372
   16.6766767     0.17037595     0.16664745
   16.7167167     0.18530835     0.12989155
   16.7567568     0.20004635     0.10657029
   16.7967968     0.18516321     0.09677944
   16.8368368     0.15414085     0.11239071
   16.8768769     0.13501546     0.15722585
   16.9169169     0.13182725     0.20752992
   16.9569570     0.12888388     0.22619548
   16.9969970     0.11882378     0.19868435
   17.0370370     0.10921619     0.14914777
   17.0770771     0.10850299     0.11309192
   17.1171171     0.11578255     0.09930531
   17.1571572     0.12248463     0.09240637
   17.1971972     0.12166715     0.08746821
   17.2372372     0.11594351     0.10379920
   17.2772773     0.11650763     0.16244834
   17.3173173     0.13686088     0.25811267
   17.3573574     0.18514550     0.35418800
   17.3973974     0.25542150     0.40826983
   17.4374374     0.32784545     0.41225126
   17.4774775     0.38517865     0.40632829
   17.5175175     0.43062493     0.43579222
   17.5575576     0.48293952     0.49362163
   17.5975976     0.55018498     0.53166985
   17.6376376     0.60966025     0.53026469
   17.6776777     0.61928542     0.52274509
   17.7177177     0.56093709     0.54112548
   17.7577578     0.46592295     0.57253271
   17.7977978     0.38163763     0.58725537
   17.8378378     0.33338505     0.57930699
   17.8778779     0.33180915     0.55194120
   17.9179179     0.37933890     0.48839111
   17.9579580     0.45116138     0.37984693
   17.9979980     0.50117486     0.26508390
   18.0380380     0.50059146     0.19901674
   18.0780781     0.45450342     0.19379478
   18.1181181     0.37969210     0.21508832
   18.1581582     0.28766139     0.22458522
   18.1981982     0.19636214     0.21704038
   18.2382382     0.13845908     0.21967331
   18.2782783     0.14263148     0.25566144
   18.3183183     0.20819651     0.31639023
   18.3583584     0.30084185     0.37232991
   18.3983984     0.37521437     0.39582888
   18.4384384     0.40633322     0.37336825
   18.4784785     0.40137562     0.31366234
   18.5185185     0.38069262     0.24703338
   18.5585586     0.35452640     0.20845040
   18.5985986     0.32601509     0.21665166
   18.6386386     0.30440754     0.26541495
   18.6786787     0.30073540     0.32876391
   18.7187187     0.31320091     0.37143009
   18.7587588     0.32141249     0.36370427
   18.7987988     0.30503201     0.30331286
   18.8388388     0.27091326     0.22404064
   18.8788789     0.24391002     0.16866183
   18.9189189     0.23442952     0.14773803
   18.9589590     0.23439072     0.13472181
   18.9989990     0.23625659     0.10594673
   19.0390390     0.23846451     0.07192478
   19.0790791     0.23530627     0.06554133
   19.1191191     0.21511967     0.11605675
   19.1591592     0.17309975     0.23349543
   19.1991992     0.12343245     0.39582019
   19.2392392     0.09789922     0.54436664
   19.2792793     0.12900056     0.60560991
   19.3193193     0.22672556     0.53949281
   19.3593594     0.36427741     0.38217990
   19.3993994     0.48830137     0.22874916
   19.4394394     0.55186929     0.15849165
   19.4794795     0.54233287     0.18236358
   19.5195195     0.48554638     0.25452786
   19.5595596     0.42313883     0.31732625
   19.5995996     0.36971137     0.34085985
   19.6396396     0.30327521     0.33444869
   19.6796797     0.21312737     0.32684130
   19.7197197     0.12946757     0.33425825
   19.7597598     0.09389581     0.34637779
   19.7997998     0.12277980     0.34761644
   19.8398398     0.19657768     0.34270987
   19.8798799     0.27140199     0.33967563
   19.9199199     0.31317735     0.32289479
   19.9599600     0.33092434     0.27696691
   20.0000000     0.36367103     0.21821453
