#
#   partial DOS for atom species: Ga
#
#   Add data for atom_index =   1,  n,l,m,z=  4  1 -1  1
#   Add data for atom_index =   1,  n,l,m,z=  4  1  0  1
#   Add data for atom_index =   1,  n,l,m,z=  4  1  1  1
#   Add data for atom_index =   1,  n,l,m,z=  4  1 -1  2
#   Add data for atom_index =   1,  n,l,m,z=  4  1  0  2
#   Add data for atom_index =   1,  n,l,m,z=  4  1  1  2
#   Add data for atom_index =   1,  n,l,m,z=  4  1 -1  3
#   Add data for atom_index =   1,  n,l,m,z=  4  1  0  3
#   Add data for atom_index =   1,  n,l,m,z=  4  1  1  3
#
#    Energy          spin 1        spin2
#
  -20.0000000     0.00000000     0.00000000
  -19.9599600     0.00000000     0.00000000
  -19.9199199     0.00000000     0.00000000
  -19.8798799     0.00000000     0.00000000
  -19.8398398     0.00000000     0.00000000
  -19.7997998     0.00000000     0.00000000
  -19.7597598     0.00000000     0.00000000
  -19.7197197     0.00000000     0.00000000
  -19.6796797     0.00000000     0.00000000
  -19.6396396     0.00000000     0.00000000
  -19.5995996     0.00000000     0.00000000
  -19.5595596     0.00000000     0.00000000
  -19.5195195     0.00000000     0.00000000
  -19.4794795     0.00000000     0.00000000
  -19.4394394     0.00000000     0.00000000
  -19.3993994     0.00000000     0.00000000
  -19.3593594     0.00000000     0.00000000
  -19.3193193     0.00000000     0.00000000
  -19.2792793     0.00000000     0.00000000
  -19.2392392     0.00000000     0.00000000
  -19.1991992     0.00000000     0.00000000
  -19.1591592     0.00000000     0.00000000
  -19.1191191     0.00000000     0.00000000
  -19.0790791     0.00000000     0.00000000
  -19.0390390     0.00000000     0.00000000
  -18.9989990     0.00000000     0.00000000
  -18.9589590     0.00000000     0.00000000
  -18.9189189     0.00000000     0.00000000
  -18.8788789     0.00000000     0.00000000
  -18.8388388     0.00000000     0.00000000
  -18.7987988     0.00000000     0.00000000
  -18.7587588     0.00000000     0.00000000
  -18.7187187     0.00000000     0.00000000
  -18.6786787     0.00000000     0.00000000
  -18.6386386     0.00000000     0.00000000
  -18.5985986     0.00000000     0.00000000
  -18.5585586     0.00000000     0.00000000
  -18.5185185     0.00000000     0.00000000
  -18.4784785     0.00000000     0.00000000
  -18.4384384     0.00000000     0.00000000
  -18.3983984     0.00000000     0.00000000
  -18.3583584     0.00000000     0.00000000
  -18.3183183     0.00000001     0.00000000
  -18.2782783     0.00000003     0.00000000
  -18.2382382     0.00000008     0.00000001
  -18.1981982     0.00000020     0.00000003
  -18.1581582     0.00000034     0.00000011
  -18.1181181     0.00000043     0.00000025
  -18.0780781     0.00000039     0.00000042
  -18.0380380     0.00000026     0.00000052
  -17.9979980     0.00000012     0.00000047
  -17.9579580     0.00000004     0.00000030
  -17.9179179     0.00000001     0.00000014
  -17.8778779     0.00000001     0.00000005
  -17.8378378     0.00000011     0.00000001
  -17.7977978     0.00000174     0.00000001
  -17.7577578     0.00001942     0.00000015
  -17.7177177     0.00014903     0.00000240
  -17.6776777     0.00074534     0.00002668
  -17.6376376     0.00204423     0.00020662
  -17.5975976    -0.00011156     0.00107508
  -17.5575576    -0.02538723     0.00343324
  -17.5175175    -0.11046703     0.00438925
  -17.4774775    -0.26594296    -0.01336543
  -17.4374374    -0.41827577    -0.08259591
  -17.3973974    -0.45274258    -0.21098804
  -17.3573574    -0.34504373    -0.33230108
  -17.3173173    -0.18735776    -0.35215547
  -17.2772773    -0.07297541    -0.25972566
  -17.2372372    -0.02047221    -0.13552274
  -17.1971972    -0.00414745    -0.05048781
  -17.1571572    -0.00061264    -0.01350265
  -17.1171171    -0.00013044    -0.00260169
  -17.0770771    -0.00063990    -0.00036602
  -17.0370370    -0.00443500    -0.00009052
  -16.9969970    -0.02247778    -0.00051659
  -16.9569570    -0.08267924    -0.00354208
  -16.9169169    -0.22069715    -0.01771509
  -16.8768769    -0.42751750    -0.06430035
  -16.8368368    -0.60099103    -0.16937602
  -16.7967968    -0.61311086    -0.32378667
  -16.7567568    -0.45390707    -0.44919450
  -16.7167167    -0.24386631    -0.45224971
  -16.6766767    -0.09508096    -0.33043844
  -16.6366366    -0.02690248    -0.17521497
  -16.5965966    -0.00552393    -0.06742489
  -16.5565566    -0.00082311    -0.01882945
  -16.5165165    -0.00008901    -0.00381613
  -16.4764765    -0.00000698    -0.00056128
  -16.4364364    -0.00000040    -0.00005991
  -16.3963964    -0.00000003    -0.00000464
  -16.3563564    -0.00000018    -0.00000027
  -16.3163163    -0.00000165    -0.00000008
  -16.2762763    -0.00001118    -0.00000068
  -16.2362362    -0.00005503    -0.00000504
  -16.1961962    -0.00019648    -0.00002733
  -16.1561562    -0.00050911    -0.00010745
  -16.1161161    -0.00095733    -0.00030662
  -16.0760761    -0.00130634    -0.00063495
  -16.0360360    -0.00129360    -0.00095417
  -15.9959960    -0.00092960    -0.00104055
  -15.9559560    -0.00048472    -0.00082348
  -15.9159159    -0.00018257    -0.00047298
  -15.8758759    -0.00003919    -0.00019768
  -15.8358358     0.00009218    -0.00006351
  -15.7957958     0.00067280    -0.00002427
  -15.7557558     0.00321471     0.00006272
  -15.7157157     0.01108745     0.00093500
  -15.6756757     0.02767299     0.00549862
  -15.6356356     0.05000530     0.02030811
  -15.5955956     0.06544249     0.05169995
  -15.5555556     0.06204485     0.09417336
  -15.5155155     0.04262323     0.12523843
  -15.4754755     0.02122023     0.12318943
  -15.4354354     0.00765709     0.09043169
  -15.3953954     0.00200325     0.04981918
  -15.3553554     0.00038841     0.02064187
  -15.3153153     0.00014185     0.00642534
  -15.2752753     0.00066790     0.00149190
  -15.2352352     0.00354555     0.00022384
  -15.1951952     0.01372873    -0.00008763
  -15.1551552     0.03846915     0.00009308
  -15.1151151     0.07794867     0.00331168
  -15.0750751     0.11406653     0.01872803
  -15.0350350     0.12004014     0.06140767
  -14.9949950     0.08907316     0.13406183
  -14.9549550     0.04137613     0.20275529
  -14.9149149    -0.00074870     0.21362261
  -14.8748749    -0.03003368     0.15192414
  -14.8348348    -0.04780022     0.06161516
  -14.7947948    -0.05501323    -0.00525906
  -14.7547548    -0.05139474    -0.03249929
  -14.7147147    -0.03858167    -0.03205938
  -14.6746747    -0.02223311    -0.02063357
  -14.6346346    -0.00891468    -0.00926970
  -14.5945946    -0.00141730    -0.00220982
  -14.5545546     0.00126954     0.00080849
  -14.5145145     0.00102730     0.00136246
  -14.4744745    -0.00165351     0.00058187
  -14.4344344    -0.00894230    -0.00149604
  -14.3943944    -0.02462808    -0.00602936
  -14.3543544    -0.04840052    -0.01361214
  -14.3143143    -0.06954242    -0.02094902
  -14.2742743    -0.07102305    -0.02158659
  -14.2342342    -0.04647740    -0.01379286
  -14.1941942    -0.01340208    -0.00471590
  -14.1541542    -0.00043345    -0.00022625
  -14.1141141    -0.01526149     0.00695837
  -14.0740741    -0.03594477     0.02934749
  -14.0340340    -0.04038525     0.06212678
  -13.9939940    -0.02931827     0.08076204
  -13.9539540    -0.01446822     0.07003534
  -13.9139139     0.00095378     0.04209145
  -13.8738739     0.02206872     0.01786748
  -13.8338338     0.04863676     0.00545072
  -13.7937938     0.06826355     0.00141860
  -13.7537538     0.06741407     0.00103705
  -13.7137137     0.04680578     0.00232523
  -13.6736737     0.01885722     0.00568791
  -13.6336336    -0.00699423     0.01409528
  -13.5935936    -0.02802373     0.03281711
  -13.5535536    -0.04077230     0.06344099
  -13.5135135    -0.03806398     0.09536670
  -13.4734735    -0.01519207     0.11143038
  -13.4334334     0.02025194     0.10760519
  -13.3933934     0.04770350     0.09577205
  -13.3533534     0.05191788     0.08400301
  -13.3133133     0.04089900     0.07153490
  -13.2732733     0.03944450     0.06221042
  -13.2332332     0.06936558     0.06193808
  -13.1931932     0.13224622     0.06447440
  -13.1531532     0.19825446     0.05693563
  -13.1131131     0.22160430     0.03783145
  -13.0730731     0.18529313     0.01862841
  -13.0330330     0.11958031     0.01195116
  -12.9929930     0.06703590     0.02819668
  -12.9529530     0.04916487     0.07870809
  -12.9129129     0.06917335     0.16639987
  -12.8728729     0.11793335     0.26566828
  -12.8328328     0.16704611     0.32652286
  -12.7927928     0.18017952     0.31863986
  -12.7527528     0.14754582     0.26278685
  -12.7127127     0.09581359     0.20370381
  -12.6726727     0.05786085     0.16637666
  -12.6326326     0.04748059     0.14685041
  -12.5925926     0.06091527     0.12957326
  -12.5525526     0.08545231     0.10846640
  -12.5125125     0.11071206     0.09310892
  -12.4724725     0.14287237     0.09243046
  -12.4324324     0.19370156     0.09959483
  -12.3923924     0.24471425     0.10076293
  -12.3523524     0.25030459     0.09508493
  -12.3123123     0.19468411     0.10047554
  -12.2722723     0.11580331     0.13520637
  -12.2322322     0.06098585     0.18847555
  -12.1921922     0.04690880     0.21837817
  -12.1521522     0.06455040     0.19555388
  -12.1121121     0.09909102     0.13919357
  -12.0720721     0.14025373     0.09436380
  -12.0320320     0.18168986     0.08820045
  -11.9919920     0.21632439     0.11837332
  -11.9519520     0.23629212     0.16530668
  -11.9119119     0.23644751     0.20242870
  -11.8718719     0.21658658     0.20764185
  -11.8318318     0.18399889     0.17969181
  -11.7917918     0.15616873     0.13902181
  -11.7517518     0.15401038     0.10833787
  -11.7117117     0.18374238     0.09796115
  -11.6716717     0.23083019     0.10541461
  -11.6316316     0.27758079     0.11926826
  -11.5915916     0.31381978     0.12848072
  -11.5515516     0.32731704     0.13692357
  -11.5115115     0.30618511     0.16243921
  -11.4714715     0.25571542     0.21209474
  -11.4314314     0.19605781     0.26541345
  -11.3913914     0.14465023     0.29437501
  -11.3513514     0.10951283     0.29369387
  -11.3113113     0.09338756     0.27904731
  -11.2712713     0.09793139     0.26330238
  -11.2312312     0.12244541     0.24501801
  -11.1911912     0.15804676     0.21651625
  -11.1511512     0.18760260     0.17924070
  -11.1111111     0.19684768     0.14676140
  -11.0710711     0.18738356     0.12981823
  -11.0310310     0.17767550     0.12634887
  -10.9909910     0.18736511     0.12933364
  -10.9509510     0.21657309     0.13602562
  -10.9109109     0.24218506     0.14636344
  -10.8708709     0.24142419     0.15748276
  -10.8308308     0.21713450     0.16417023
  -10.7907908     0.18942068     0.16574442
  -10.7507508     0.16873268     0.16844352
  -10.7107107     0.15305364     0.17622938
  -10.6706707     0.14429890     0.18230269
  -10.6306306     0.14985682     0.17641724
  -10.5905906     0.16959945     0.16281850
  -10.5505506     0.19035388     0.16378858
  -10.5105105     0.19486117     0.19392180
  -10.4704705     0.17689712     0.23416458
  -10.4304304     0.14747474     0.24719014
  -10.3903904     0.12484528     0.21929101
  -10.3503504     0.11839360     0.17183886
  -10.3103103     0.12163073     0.13173943
  -10.2702703     0.12007619     0.10846065
  -10.2302302     0.10638043     0.10099428
  -10.1901902     0.08786865     0.10857211
  -10.1501502     0.07839548     0.12653075
  -10.1101101     0.08336495     0.14164395
  -10.0700701     0.09482883     0.14350350
  -10.0300300     0.10007732     0.14140328
   -9.9899900     0.09273875     0.15964592
   -9.9499500     0.07765907     0.20987442
   -9.9099099     0.06720055     0.27322085
   -9.8698699     0.07092678     0.31538017
   -9.8298298     0.08663034     0.31752101
   -9.7897898     0.10182224     0.28798825
   -9.7497497     0.10494266     0.24703418
   -9.7097097     0.09470958     0.20976828
   -9.6696697     0.07912464     0.18292861
   -9.6296296     0.06725542     0.16698218
   -9.5895896     0.06311541     0.15679563
   -9.5495496     0.06639464     0.14290931
   -9.5095095     0.07414621     0.11890554
   -9.4694695     0.07952570     0.09203332
   -9.4294294     0.07533769     0.07982563
   -9.3893894     0.06261983     0.09303310
   -9.3493494     0.05031357     0.12801045
   -9.3093093     0.04536692     0.17314663
   -9.2692693     0.04906895     0.21358076
   -9.2292292     0.06094450     0.23173829
   -9.1891892     0.07849499     0.21678047
   -9.1491491     0.09479254     0.17981697
   -9.1091091     0.10217424     0.14906173
   -9.0690691     0.09806988     0.14249984
   -9.0290290     0.08626553     0.15238716
   -8.9889890     0.07396457     0.15915434
   -8.9489490     0.06702549     0.15343874
   -8.9089089     0.06671734     0.14181348
   -8.8688689     0.07115783     0.13473049
   -8.8288288     0.07840410     0.13410021
   -8.7887888     0.08666667     0.13505431
   -8.7487488     0.09412045     0.13312853
   -8.7087087     0.10059010     0.12426072
   -8.6686687     0.10687564     0.10624885
   -8.6286286     0.11152248     0.08453769
   -8.5885886     0.11189856     0.06848073
   -8.5485485     0.10963202     0.06312394
   -8.5085085     0.11134173     0.07132500
   -8.4684685     0.12214825     0.09662784
   -8.4284284     0.13928592     0.13479333
   -8.3883884     0.15157381     0.16752703
   -8.3483484     0.14677984     0.17408967
   -8.3083083     0.12320034     0.15013855
   -8.2682683     0.09246793     0.11096114
   -8.2282282     0.06867566     0.07655166
   -8.1881882     0.05793208     0.05777128
   -8.1481482     0.05796033     0.05545652
   -8.1081081     0.06226142     0.06491133
   -8.0680681     0.06463424     0.07743913
   -8.0280280     0.06252816     0.08282879
   -7.9879880     0.05683692     0.07632018
   -7.9479479     0.05034795     0.06267247
   -7.9079079     0.04671536     0.05116344
   -7.8678679     0.04798134     0.04700204
   -7.8278278     0.05279793     0.04872247
   -7.7877878     0.05961366     0.05318693
   -7.7477478     0.07042905     0.05933575
   -7.7077077     0.08770437     0.06497051
   -7.6676677     0.10835961     0.06556485
   -7.6276276     0.12430663     0.06021164
   -7.5875876     0.12937706     0.05313950
   -7.5475475     0.12374418     0.04742392
   -7.5075075     0.11060142     0.04230427
   -7.4674675     0.09160530     0.03694277
   -7.4274274     0.06902500     0.03336442
   -7.3873874     0.04923339     0.03475988
   -7.3473473     0.03891496     0.04167450
   -7.3073073     0.03849804     0.05095416
   -7.2672673     0.04248648     0.05870542
   -7.2272272     0.04615720     0.06334982
   -7.1871872     0.04960429     0.06490579
   -7.1471472     0.05474271     0.06208329
   -7.1071071     0.06109463     0.05294448
   -7.0670671     0.06677560     0.03936819
   -7.0270270     0.07120453     0.02716457
   -6.9869870     0.07340704     0.01999008
   -6.9469470     0.07038525     0.01667621
   -6.9069069     0.06091228     0.01544974
   -6.8668669     0.04825780     0.01686062
   -6.8268268     0.03787294     0.02159717
   -6.7867868     0.03464578     0.02878729
   -6.7467467     0.03999722     0.03802603
   -6.7067067     0.04871060     0.05110032
   -6.6666667     0.05182935     0.06929439
   -6.6266266     0.04603286     0.08895620
   -6.5865866     0.03754588     0.10232616
   -6.5465466     0.03450782     0.10455405
   -6.5065065     0.03920769     0.09824969
   -6.4664665     0.04963836     0.08955357
   -6.4264264     0.06415711     0.08185696
   -6.3863864     0.08087034     0.07514597
   -6.3463464     0.09407150     0.06934994
   -6.3063063     0.09608514     0.06570032
   -6.2662663     0.08493935     0.06476804
   -6.2262262     0.06778488     0.06491262
   -6.1861862     0.05441743     0.06401541
   -6.1461461     0.04868347     0.06211756
   -6.1061061     0.04788260     0.06123030
   -6.0660661     0.04931328     0.06340604
   -6.0260260     0.05441683     0.06953265
   -5.9859860     0.06511114     0.07828366
   -5.9459459     0.07843197     0.08599659
   -5.9059059     0.08829771     0.08925199
   -5.8658659     0.09227750     0.08735015
   -5.8258258     0.09429608     0.08121167
   -5.7857858     0.10071911     0.07150499
   -5.7457458     0.11420805     0.05989544
   -5.7057057     0.12995389     0.05049116
   -5.6656657     0.13732547     0.04805584
   -5.6256256     0.12811593     0.05512609
   -5.5855856     0.10589666     0.06941491
   -5.5455455     0.08426955     0.08229381
   -5.5055055     0.07310543     0.08350074
   -5.4654655     0.07026660     0.07131159
   -5.4254254     0.06885260     0.05555862
   -5.3853854     0.06760344     0.04837303
   -5.3453453     0.07070782     0.05399115
   -5.3053053     0.07947367     0.06702527
   -5.2652653     0.08775559     0.07723604
   -5.2252252     0.08829354     0.07605726
   -5.1851852     0.08190345     0.06266123
   -5.1451452     0.07631356     0.04613956
   -5.1051051     0.07711037     0.03924983
   -5.0650651     0.08415022     0.04710348
   -5.0250250     0.09713211     0.06245786
   -4.9849850     0.11808750     0.07345018
   -4.9449449     0.14221679     0.07432087
   -4.9049049     0.15342562     0.06672534
   -4.8648649     0.14076581     0.05460434
   -4.8248248     0.11569604     0.04220292
   -4.7847848     0.10319726     0.03471192
   -4.7447447     0.11564590     0.03662923
   -4.7047047     0.13815834     0.04764336
   -4.6646647     0.14357978     0.06023999
   -4.6246246     0.12404797     0.06464834
   -4.5845846     0.09795216     0.05982212
   -4.5445445     0.08372104     0.05726223
   -4.5045045     0.08290403     0.06935219
   -4.4644645     0.08992666     0.09483039
   -4.4244244     0.09952251     0.11949023
   -4.3843844     0.10296312     0.13125492
   -4.3443443     0.09422283     0.13114845
   -4.3043043     0.08358365     0.12929343
   -4.2642643     0.09560797     0.13397440
   -4.2242242     0.14729771     0.14475163
   -4.1841842     0.22136366     0.15370429
   -4.1441441     0.26593739     0.15392714
   -4.1041041     0.24220616     0.14663404
   -4.0640641     0.16980709     0.13768807
   -4.0240240     0.10392038     0.12881117
   -3.9839840     0.07915644     0.11629659
   -3.9439439     0.09374192     0.09981378
   -3.9039039     0.12773178     0.08770212
   -3.8638639     0.15655741     0.08740751
   -3.8238238     0.16334003     0.09588669
   -3.7837838     0.15473857     0.10790114
   -3.7437437     0.15360799     0.12883322
   -3.7037037     0.16703858     0.16901883
   -3.6636637     0.17440996     0.22098850
   -3.6236236     0.15541386     0.25023153
   -3.5835836     0.11657318     0.22842442
   -3.5435435     0.07965237     0.17350302
   -3.5035035     0.05579875     0.13184149
   -3.4634635     0.04149365     0.12404683
   -3.4234234     0.03158875     0.12902717
   -3.3833834     0.02713283     0.11849677
   -3.3433433     0.03310852     0.09202937
   -3.3033033     0.05280526     0.07374955
   -3.2632633     0.08170118     0.08165962
   -3.2232232     0.10631635     0.10675245
   -3.1831832     0.11479030     0.12428865
   -3.1431431     0.10799425     0.12620433
   -3.1031031     0.09513661     0.13456550
   -3.0630631     0.08399077     0.17341262
   -3.0230230     0.08064506     0.23383124
   -2.9829830     0.08915142     0.27903238
   -2.9429429     0.10465907     0.28052066
   -2.9029029     0.11455510     0.24149111
   -2.8628629     0.11374901     0.19015211
   -2.8228228     0.11552597     0.15397842
   -2.7827828     0.14148117     0.13650491
   -2.7427427     0.19972017     0.12062315
   -2.7027027     0.26860018     0.09368337
   -2.6626627     0.30269705     0.06100935
   -2.6226226     0.27262146     0.03481116
   -2.5825826     0.20197519     0.02060634
   -2.5425425     0.14488034     0.01828492
   -2.5025025     0.12723300     0.02816264
   -2.4624625     0.12829216     0.05031963
   -2.4224224     0.11777347     0.08251926
   -2.3823824     0.09135040     0.12343409
   -2.3423423     0.06404123     0.17298314
   -2.3023023     0.04638639     0.22291069
   -2.2622623     0.03989578     0.25147678
   -2.2222222     0.04487918     0.23753032
   -2.1821822     0.05900350     0.18289265
   -2.1421421     0.07146790     0.11514050
   -2.1021021     0.07021051     0.06422994
   -2.0620621     0.05564326     0.04056701
   -2.0220220     0.03874577     0.03625405
   -1.9819820     0.02743299     0.03912919
   -1.9419419     0.02316780     0.04297506
   -1.9019019     0.02781052     0.04913786
   -1.8618619     0.04477597     0.06008939
   -1.8218218     0.07173832     0.07324178
   -1.7817818     0.09823455     0.08476854
   -1.7417417     0.11547768     0.09404158
   -1.7017017     0.12296563     0.09798178
   -1.6616617     0.12034484     0.09077314
   -1.6216216     0.10369223     0.07598975
   -1.5815816     0.07603790     0.06748548
   -1.5415415     0.04912781     0.07323715
   -1.5015015     0.03198229     0.08855145
   -1.4614615     0.02747824     0.10676807
   -1.4214214     0.03721045     0.12435584
   -1.3813814     0.06156341     0.13283854
   -1.3413413     0.09656120     0.12125038
   -1.3013013     0.13236724     0.09453727
   -1.2612613     0.15386999     0.07584174
   -1.2212212     0.14805125     0.08074786
   -1.1811812     0.11611329     0.09754248
   -1.1411411     0.07564818     0.10103220
   -1.1011011     0.04855837     0.08173474
   -1.0610611     0.04708918     0.05364075
   -1.0210210     0.06819054     0.03622127
   -0.9809810     0.09822206     0.03679761
   -0.9409409     0.12424813     0.04796562
   -0.9009009     0.14021155     0.05763141
   -0.8608609     0.14265927     0.06318895
   -0.8208208     0.12875336     0.07276357
   -0.7807808     0.10280194     0.08909839
   -0.7407407     0.07838352     0.10123465
   -0.7007007     0.06891060     0.09949921
   -0.6606607     0.08039768     0.09084003
   -0.6206206     0.11774622     0.08920953
   -0.5805806     0.18356760     0.09402405
   -0.5405405     0.25425243     0.09134801
   -0.5005005     0.27934233     0.07790728
   -0.4604605     0.23342548     0.06804903
   -0.4204204     0.14808781     0.07144133
   -0.3803804     0.07276721     0.07797209
   -0.3403403     0.02877130     0.07192765
   -0.3003003     0.01071914     0.05205372
   -0.2602603     0.00920116     0.03221097
   -0.2202202     0.02313763     0.03056431
   -0.1801802     0.05915125     0.06343372
   -0.1401401     0.12120119     0.13575839
   -0.1001001     0.19648931     0.22090291
   -0.0600601     0.25286227     0.26488935
   -0.0200200     0.25833038     0.23943128
    0.0200200     0.20996655     0.17863215
    0.0600601     0.14015891     0.13878659
    0.1001001     0.08800048     0.13997860
    0.1401401     0.06901002     0.16207468
    0.1801802     0.07335132     0.17540510
    0.2202202     0.08080155     0.16315941
    0.2602603     0.07572845     0.12967659
    0.3003003     0.05872011     0.09760751
    0.3403403     0.04563811     0.09230589
    0.3803804     0.05134052     0.12293030
    0.4204204     0.07530290     0.17289994
    0.4604605     0.10426443     0.20775691
    0.5005005     0.12666986     0.20094622
    0.5405405     0.14294709     0.15552497
    0.5805806     0.16782342     0.09870099
    0.6206206     0.22604527     0.05746596
    0.6606607     0.32738053     0.03981797
    0.7007007     0.43045833     0.03568238
    0.7407407     0.45824108     0.03294445
    0.7807808     0.37956236     0.03226300
    0.8208208     0.24815116     0.05124930
    0.8608609     0.13735227     0.11733903
    0.9009009     0.07324192     0.24027046
    0.9409409     0.04404921     0.37375057
    0.9809810     0.03488384     0.43089569
    1.0210210     0.04001773     0.37258251
    1.0610611     0.06320451     0.25310770
    1.1011011     0.11241720     0.15435951
    1.1411411     0.17912560     0.11218785
    1.1811812     0.22411104     0.11412402
    1.2212212     0.20890258     0.12864893
    1.2612613     0.14184971     0.13027423
    1.3013013     0.06762689     0.11424718
    1.3413413     0.01799250     0.09340136
    1.3813814    -0.00403064     0.08746681
    1.4214214    -0.00563202     0.11316978
    1.4614615     0.00560663     0.16654092
    1.5015015     0.01898689     0.21382626
    1.5415415     0.02453808     0.21878748
    1.5815816     0.02073212     0.17873046
    1.6216216     0.01365111     0.11974341
    1.6616617     0.01131994     0.06643373
    1.7017017     0.02365770     0.03066746
    1.7417417     0.06713762     0.01884533
    1.7817818     0.16075747     0.03466281
    1.8218218     0.30072583     0.07359190
    1.8618619     0.43227089     0.12048230
    1.9019019     0.47345190     0.16007811
    1.9419419     0.39469231     0.19510469
    1.9819820     0.25390571     0.24351623
    2.0220220     0.13326544     0.30077052
    2.0620621     0.06782539     0.32169430
    2.1021021     0.04530367     0.27187029
    2.1421421     0.04630166     0.17815362
    2.1821822     0.06918368     0.09784628
    2.2222222     0.12134923     0.06094867
    2.2622623     0.19149125     0.06183259
    2.3023023     0.24193541     0.08442621
    2.3423423     0.24498364     0.11764442
    2.3823824     0.21621262     0.15143106
    2.4224224     0.18763946     0.17371592
    2.4624625     0.16314673     0.18212814
    2.5025025     0.12723595     0.18751818
    2.5425425     0.08110627     0.19499226
    2.5825826     0.04483869     0.19205951
    2.6226226     0.03401501     0.16565847
    2.6626627     0.04854230     0.12539593
    2.7027027     0.07582803     0.09804738
    2.7427427     0.09743687     0.09701758
    2.7827828     0.10007443     0.10740202
    2.8228228     0.08488220     0.10629968
    2.8628629     0.06341673     0.09005325
    2.9029029     0.04668703     0.07365374
    2.9429429     0.04193683     0.06996908
    2.9829830     0.05483385     0.07871466
    3.0230230     0.08593194     0.09067669
    3.0630631     0.12345297     0.09720944
    3.1031031     0.14623200     0.09654820
    3.1431431     0.14082862     0.09002933
    3.1831832     0.11581612     0.07720753
    3.2232232     0.09507259     0.06031909
    3.2632633     0.09469579     0.04643699
    3.3033033     0.10787905     0.04099740
    3.3433433     0.11524528     0.04502470
    3.3833834     0.10766420     0.05724102
    3.4234234     0.09304832     0.07234759
    3.4634635     0.08236820     0.08125901
    3.5035035     0.07619895     0.08093883
    3.5435435     0.06754435     0.08161016
    3.5835836     0.05336306     0.09615078
    3.6236236     0.03734896     0.12100642
    3.6636637     0.02366964     0.13519907
    3.7037037     0.01403627     0.12328345
    3.7437437     0.00940690     0.09180118
    3.7837838     0.01082967     0.05853580
    3.8238238     0.01897842     0.03601186
    3.8638639     0.03324131     0.02876892
    3.9039039     0.05082131     0.03572909
    3.9439439     0.06775228     0.05075299
    3.9839840     0.08186741     0.06583132
    4.0240240     0.09369577     0.07572791
    4.0640641     0.10266481     0.07842024
    4.1041041     0.10454954     0.07472443
    4.1441441     0.09670884     0.07089645
    4.1841842     0.08470666     0.07565313
    4.2242242     0.08144451     0.08865820
    4.2642643     0.10010662     0.09682489
    4.3043043     0.14182352     0.08930054
    4.3443443     0.18413736     0.07431417
    4.3843844     0.19412171     0.07497010
    4.4244244     0.16510474     0.10594958
    4.4644645     0.12683674     0.15556593
    4.5045045     0.10962000     0.19602077
    4.5445445     0.11413678     0.21233896
    4.5845846     0.12279831     0.21113203
    4.6246246     0.12476147     0.20219045
    4.6646647     0.12168287     0.18649332
    4.7047047     0.11811750     0.16082212
    4.7447447     0.11403620     0.12496073
    4.7847848     0.10560584     0.08687504
    4.8248248     0.09289679     0.06133139
    4.8648649     0.08452549     0.06023567
    4.9049049     0.08808760     0.08406707
    4.9449449     0.09910704     0.11882635
    4.9849850     0.10719028     0.14114376
    5.0250250     0.11091276     0.13679796
    5.0650651     0.12041068     0.11688908
    5.1051051     0.14266025     0.10677254
    5.1451452     0.17109368     0.11780874
    5.1851852     0.20175463     0.13561015
    5.2252252     0.24906524     0.13908765
    5.2652653     0.31819170     0.13150711
    5.3053053     0.37058869     0.14738388
    5.3453453     0.35719937     0.22083710
    5.3853854     0.28394051     0.33960783
    5.4254254     0.20570492     0.43257965
    5.4654655     0.15975801     0.42705856
    5.5055055     0.13765937     0.32571916
    5.5455455     0.11759965     0.20040952
    5.5855856     0.09549830     0.11367314
    5.6256256     0.07867521     0.07656193
    5.6656657     0.06842195     0.07134022
    5.7057057     0.06054101     0.08016720
    5.7457458     0.05469204     0.09011778
    5.7857858     0.05502195     0.09266703
    5.8258258     0.06295749     0.08628470
    5.8658659     0.07217888     0.07378276
    5.9059059     0.07291882     0.05775448
    5.9459459     0.06322619     0.04088902
    5.9859860     0.05403752     0.02726328
    6.0260260     0.06011895     0.02129708
    6.0660661     0.08572608     0.02643147
    6.1061061     0.11884922     0.04526735
    6.1461461     0.14011805     0.07914961
    6.1861862     0.13840682     0.12328067
    6.2262262     0.11743053     0.16126623
    6.2662663     0.09046242     0.17176522
    6.3063063     0.07176880     0.14689536
    6.3463464     0.06929397     0.10108114
    6.3863864     0.08134195     0.05900044
    6.4264264     0.09856450     0.03758753
    6.4664665     0.10918149     0.03854370
    6.5065065     0.10871495     0.05272214
    6.5465466     0.11011496     0.07096684
    6.5865866     0.13685131     0.09312991
    6.6266266     0.19363189     0.12673510
    6.6666667     0.24546031     0.17701924
    6.7067067     0.24463408     0.23427035
    6.7467467     0.18475487     0.26765912
    6.7867868     0.10839120     0.24797060
    6.8268268     0.06031106     0.18640994
    6.8668669     0.05305756     0.12847041
    6.9069069     0.07080065     0.10225645
    6.9469470     0.08747718     0.09569281
    6.9869870     0.08651970     0.08600257
    7.0270270     0.07295040     0.06928397
    7.0670671     0.06513894     0.05718604
    7.1071071     0.07657092     0.06135220
    7.1471472     0.10790346     0.08726680
    7.1871872     0.15037560     0.13085273
    7.2272272     0.19012585     0.17310697
    7.2672673     0.21060814     0.18833603
    7.3073073     0.19914694     0.16708308
    7.3473473     0.15892159     0.12489948
    7.3873874     0.11270103     0.08534546
    7.4274274     0.08636852     0.06224558
    7.4674675     0.08617164     0.05891323
    7.5075075     0.09604402     0.07312069
    7.5475475     0.09945043     0.09731237
    7.5875876     0.09859245     0.12070873
    7.6276276     0.10601555     0.13571113
    7.6676677     0.12424574     0.13980290
    7.7077077     0.14287597     0.13291945
    7.7477478     0.15000613     0.11775001
    7.7877878     0.14029868     0.10059164
    7.8278278     0.11683637     0.08760136
    7.8678679     0.08858184     0.08003235
    7.9079079     0.06419095     0.07350849
    7.9479479     0.04781165     0.06247584
    7.9879880     0.03965661     0.04641211
    8.0280280     0.03711577     0.03080460
    8.0680681     0.03516819     0.02209380
    8.1081081     0.02987895     0.02338698
    8.1481482     0.02233299     0.03383223
    8.1881882     0.01657820     0.04861774
    8.2282282     0.01514853     0.05931120
    8.2682683     0.01894781     0.05846105
    8.3083083     0.02894928     0.04682590
    8.3483484     0.04470680     0.03363820
    8.3883884     0.06189611     0.02727698
    8.4284284     0.07470857     0.02728106
    8.4684685     0.08156248     0.02700232
    8.5085085     0.08453061     0.02257292
    8.5485485     0.08289824     0.01686254
    8.5885886     0.07406641     0.01552512
    8.6286286     0.06133911     0.02284142
    8.6686687     0.05281308     0.04080796
    8.7087087     0.05129431     0.06730135
    8.7487488     0.05181965     0.09408117
    8.7887888     0.04952385     0.10959871
    8.8288288     0.04449705     0.10527776
    8.8688689     0.03862902     0.08146832
    8.9089089     0.03185323     0.04948441
    8.9489490     0.02335143     0.02429523
    8.9889890     0.01485599     0.01307563
    9.0290290     0.01053672     0.01296452
    9.0690691     0.01360659     0.01834637
    9.1091091     0.02318284     0.02735637
    9.1491491     0.03371848     0.04187685
    9.1891892     0.03881580     0.06197066
    9.2292292     0.03687466     0.08052756
    9.2692693     0.03226042     0.08629765
    9.3093093     0.03151046     0.07503094
    9.3493494     0.03927778     0.05471505
    9.3893894     0.05598573     0.03724147
    9.4294294     0.07580399     0.02909958
    9.4694695     0.08704970     0.03098888
    9.5095095     0.08105569     0.03984272
    9.5495496     0.06208967     0.04940835
    9.5895896     0.04231227     0.05428172
    9.6296296     0.02915422     0.05482444
    9.6696697     0.02320972     0.05408010
    9.7097097     0.02334473     0.05139886
    9.7497497     0.02877960     0.04482325
    9.7897898     0.03829187     0.03772639
    9.8298298     0.04913508     0.03722232
    9.8698699     0.05750894     0.04638370
    9.9099099     0.06120287     0.06060999
    9.9499500     0.06123892     0.07064835
    9.9899900     0.05988256     0.06870419
   10.0300300     0.05751899     0.05451735
   10.0700701     0.05299601     0.03646180
   10.1101101     0.04643845     0.02438979
   10.1501502     0.03977044     0.02148545
   10.1901902     0.03584315     0.02426718
   10.2302302     0.03740030     0.02836444
   10.2702703     0.04324725     0.03253853
   10.3103103     0.04701631     0.03828185
   10.3503504     0.04489020     0.04610098
   10.3903904     0.04123534     0.05195788
   10.4304304     0.04122573     0.04972466
   10.4704705     0.04243690     0.03908110
   10.5105105     0.03890998     0.02769487
   10.5505506     0.02986953     0.02288999
   10.5905906     0.02019937     0.02385676
   10.6306306     0.01407927     0.02427663
   10.6706707     0.01145222     0.02051285
   10.7107107     0.01074155     0.01464434
   10.7507508     0.01275349     0.01069300
   10.7907908     0.02112345     0.01071977
   10.8308308     0.03875222     0.01419259
   10.8708709     0.06161780     0.01903209
   10.9109109     0.07731997     0.02363703
   10.9509510     0.07551423     0.02944748
   10.9909910     0.05854088     0.03971579
   11.0310310     0.03628652     0.05328665
   11.0710711     0.01534003     0.06274158
   11.1111111    -0.00147778     0.06092800
   11.1511512    -0.01137115     0.04587621
   11.1911912    -0.01194361     0.02121097
   11.2312312    -0.00256174    -0.00378430
   11.2712713     0.01419443    -0.01883823
   11.3113113     0.03207350    -0.01973114
   11.3513514     0.04529622    -0.00851852
   11.3913914     0.05202669     0.00837729
   11.4314314     0.05172447     0.02123174
   11.4714715     0.04396890     0.02382059
   11.5115115     0.03224000     0.01914639
   11.5515516     0.02287749     0.01414919
   11.5915916     0.01849475     0.01184575
   11.6316316     0.01678421     0.01098799
   11.6716717     0.01576784     0.00978606
   11.7117117     0.01612830     0.00787154
   11.7517518     0.01764174     0.00637135
   11.7917918     0.01717224     0.00730227
   11.8318318     0.01305033     0.01195608
   11.8718719     0.00904367     0.01895211
   11.9119119     0.01053694     0.02510678
   11.9519520     0.01783066     0.02964552
   11.9919920     0.02580801     0.03596262
   12.0320320     0.02934364     0.04705245
   12.0720721     0.02741737     0.05970703
   12.1121121     0.02332884     0.06532795
   12.1521522     0.02217980     0.05831405
   12.1921922     0.02724675     0.04281725
   12.2322322     0.03757121     0.02934177
   12.2722723     0.04781785     0.02590807
   12.3123123     0.05125926     0.03276172
   12.3523524     0.04593350     0.04271885
   12.3923924     0.03794135     0.04653795
   12.4324324     0.03660494     0.04046267
   12.4724725     0.04562531     0.02871166
   12.5125125     0.05833794     0.01807523
   12.5525526     0.06306500     0.01185052
   12.5925926     0.05523532     0.00984962
   12.6326326     0.04171752     0.01128365
   12.6726727     0.03217782     0.01523620
   12.7127127     0.03030689     0.02030304
   12.7527528     0.03346948     0.02621240
   12.7927928     0.03612639     0.03427529
   12.8328328     0.03317475     0.04332928
   12.8728729     0.02365076     0.04706106
   12.9129129     0.01206155     0.04001615
   12.9529530     0.00498939     0.02478234
   12.9929930     0.00665262     0.00861777
   13.0330330     0.01726632    -0.00419046
   13.0730731     0.03514792    -0.01189685
   13.1131131     0.05938844    -0.01096230
   13.1531532     0.08680124     0.00202783
   13.1931932     0.10786271     0.02639287
   13.2332332     0.11278103     0.05951266
   13.2732733     0.10171908     0.09844275
   13.3133133     0.08473039     0.13595672
   13.3533534     0.07138998     0.16156500
   13.3933934     0.06271680     0.16890492
   13.4334334     0.05523624     0.15804355
   13.4734735     0.05083796     0.13299548
   13.5135135     0.05693641     0.10034301
   13.5535536     0.07530569     0.06771795
   13.5935936     0.09588399     0.04195155
   13.6336336     0.10590792     0.02716095
   13.6736737     0.10095849     0.02253949
   13.7137137     0.08400076     0.02329204
   13.7537538     0.06081112     0.02446463
   13.7937938     0.03960493     0.02304181
   13.8338338     0.02877138     0.01840788
   13.8738739     0.03105472     0.01276293
   13.9139139     0.04057309     0.00962047
   13.9539540     0.04782389     0.01104142
   13.9939940     0.04952258     0.01719029
   14.0340340     0.05097921     0.02808828
   14.0740741     0.05707862     0.04362572
   14.1141141     0.06476926     0.06045676
   14.1541542     0.06654931     0.07224431
   14.1941942     0.05983816     0.07772913
   14.2342342     0.05199037     0.08424202
   14.2742743     0.05528982     0.09578454
   14.3143143     0.07657041     0.10263239
   14.3543544     0.11060162     0.09285383
   14.3943944     0.14166874     0.07051776
   14.4344344     0.15410594     0.05199962
   14.4744745     0.14407891     0.04737233
   14.5145145     0.11923822     0.05377363
   14.5545546     0.08880778     0.06316232
   14.5945946     0.05885685     0.06943633
   14.6346346     0.03441718     0.06994225
   14.6746747     0.01964920     0.06649125
   14.7147147     0.01520042     0.06448550
   14.7547548     0.01807539     0.06545035
   14.7947948     0.02449039     0.06342486
   14.8348348     0.03196105     0.05384151
   14.8748749     0.03914995     0.04021929
   14.9149149     0.04572374     0.02862735
   14.9549550     0.05311108     0.02136629
   14.9949950     0.06229938     0.01766810
   15.0350350     0.06887484     0.01690592
   15.0750751     0.06510735     0.01948206
   15.1151151     0.05006484     0.02442812
   15.1551552     0.03252665     0.02767549
   15.1951952     0.02218235     0.02579449
   15.2352352     0.02207205     0.02115332
   15.2752753     0.02911410     0.02045836
   15.3153153     0.03887446     0.02871174
   15.3553554     0.04956396     0.04579494
   15.3953954     0.06217827     0.06597837
   15.4354354     0.07761054     0.08010675
   15.4754755     0.09333555     0.08277921
   15.5155155     0.10242673     0.07739775
   15.5555556     0.09876904     0.07124366
   15.5955956     0.08438920     0.06853810
   15.6356356     0.06833459     0.06937987
   15.6756757     0.05845227     0.07090127
   15.7157157     0.05575242     0.06935806
   15.7557558     0.05515923     0.06425295
   15.7957958     0.05221073     0.05869620
   15.8358358     0.04839906     0.05401996
   15.8758759     0.04662679     0.04775234
   15.9159159     0.04521622     0.03787107
   15.9559560     0.04234410     0.02569138
   15.9959960     0.04181349     0.01468754
   16.0360360     0.04720199     0.00817547
   16.0760761     0.05372552     0.00771464
   16.1161161     0.05356923     0.01290277
   16.1561562     0.04757049     0.02213807
   16.1961962     0.04411783     0.03343124
   16.2362362     0.04683625     0.04456847
   16.2762763     0.05066496     0.05327697
   16.3163163     0.05164830     0.05825774
   16.3563564     0.05342777     0.05865485
   16.3963964     0.05967864     0.05279931
   16.4364364     0.06690671     0.04218935
   16.4764765     0.07139645     0.03610609
   16.5165165     0.07701174     0.04572503
   16.5565566     0.08925803     0.07290606
   16.5965966     0.10630117     0.10720975
   16.6366366     0.11933161     0.13174023
   16.6766767     0.11944918     0.13411239
   16.7167167     0.10615480     0.11774670
   16.7567568     0.09043295     0.09805453
   16.7967968     0.08553551     0.08457920
   16.8368368     0.09707112     0.07551981
   16.8768769     0.12379398     0.06866280
   16.9169169     0.15570425     0.06770755
   16.9569570     0.17143758     0.08003199
   16.9969970     0.15817877     0.11111014
   17.0370370     0.13261561     0.15392108
   17.0770771     0.12317580     0.18601656
   17.1171171     0.13700727     0.18901826
   17.1571572     0.15617737     0.16876810
   17.1971972     0.15867975     0.14486854
   17.2372372     0.13792151     0.12495707
   17.2772773     0.10660748     0.10235449
   17.3173173     0.08589717     0.07596584
   17.3573574     0.09367463     0.05970918
   17.3973974     0.13468437     0.06947006
   17.4374374     0.18816918     0.10445197
   17.4774775     0.21537905     0.14386704
   17.5175175     0.19664508     0.16512941
   17.5575576     0.15069679     0.16365085
   17.5975976     0.10851623     0.14947195
   17.6376376     0.08417086     0.13001792
   17.6776777     0.07426674     0.10593499
   17.7177177     0.06954342     0.07972543
   17.7577578     0.06283142     0.05801063
   17.7977978     0.05212505     0.04573854
   17.8378378     0.03962927     0.04407350
   17.8778779     0.02973697     0.05198653
   17.9179179     0.02726779     0.06541382
   17.9579580     0.03500361     0.07646509
   17.9979980     0.05138893     0.07709168
   18.0380380     0.07124527     0.06524533
   18.0780781     0.09158474     0.04740611
   18.1181181     0.11587422     0.03337286
   18.1581582     0.14542209     0.02840325
   18.1981982     0.16776902     0.03254728
   18.2382382     0.16781957     0.04616958
   18.2782783     0.15004400     0.07116768
   18.3183183     0.13114699     0.10608708
   18.3583584     0.11439368     0.14320323
   18.3983984     0.09166252     0.16939061
   18.4384384     0.06473371     0.17120925
   18.4784785     0.04653707     0.14905999
   18.5185185     0.04585112     0.12378307
   18.5585586     0.06116241     0.11587621
   18.5985986     0.08540603     0.12327971
   18.6386386     0.10960413     0.12882480
   18.6786787     0.12389243     0.12049965
   18.7187187     0.12225991     0.09926406
   18.7587588     0.10818601     0.07564034
   18.7987988     0.09138516     0.06166420
   18.8388388     0.07857698     0.06206027
   18.8788789     0.07050733     0.07226447
   18.9189189     0.06518769     0.08448517
   18.9589590     0.06006411     0.09267193
   18.9989990     0.05494444     0.09208822
   19.0390390     0.05394695     0.08009347
   19.0790791     0.05904452     0.06060875
   19.1191191     0.06419985     0.04426465
   19.1591592     0.06198201     0.04134004
   19.1991992     0.05275949     0.05517208
   19.2392392     0.04411682     0.08007135
   19.2792793     0.04430800     0.10299624
   19.3193193     0.05584127     0.11199056
   19.3593594     0.07248457     0.10613960
   19.3993994     0.08483007     0.09242512
   19.4394394     0.09022493     0.07516183
   19.4794795     0.09330200     0.05669867
   19.5195195     0.09572601     0.04293463
   19.5595596     0.09143193     0.03846660
   19.5995996     0.07667770     0.04072024
   19.6396396     0.05889252     0.04509153
   19.6796797     0.04885748     0.05106203
   19.7197197     0.04932519     0.05844700
   19.7597598     0.05656581     0.06191803
   19.7997998     0.06836883     0.05504870
   19.8398398     0.08354870     0.03900223
   19.8798799     0.09419972     0.02271619
   19.9199199     0.08919761     0.01467879
   19.9599600     0.06960365     0.01790992
   20.0000000     0.05000101     0.03140430
