              -2174.7855670878
          0.000001489      -0.000000000      -0.000000000
         -0.000000000       0.000001489      -0.000000000
          0.000000000       0.000000000       0.000040400
          10
  1    25       0.000000000       0.000000002      -0.000026773  Mn
  1    25       0.000000007      -0.000000016      -0.000144248  Mn
  1    25      -0.000000002      -0.000000012       0.000014912  Mn
  1    25       0.000000005       0.000000008       0.000038238  Mn
  1    25       0.000000018       0.000000000       0.000098022  Mn
  1    25       0.000000001      -0.000000003      -0.000048285  Mn
  1    25      -0.000000005      -0.000000014      -0.000084363  Mn
  1    25      -0.000000001      -0.000000012       0.000020795  Mn
  1    25       0.000000006       0.000000001       0.000020782  Mn
  1    25       0.000000004      -0.000000004       0.000093673  Mn
