#
#   partial DOS for atom species: Ga
#
#   Add data for atom_index =   1,  n,l,m,z=  4  1 -1  1
#   Add data for atom_index =   1,  n,l,m,z=  4  1  0  1
#   Add data for atom_index =   1,  n,l,m,z=  4  1  1  1
#   Add data for atom_index =   1,  n,l,m,z=  4  1 -1  2
#   Add data for atom_index =   1,  n,l,m,z=  4  1  0  2
#   Add data for atom_index =   1,  n,l,m,z=  4  1  1  2
#   Add data for atom_index =   1,  n,l,m,z=  4  1 -1  3
#   Add data for atom_index =   1,  n,l,m,z=  4  1  0  3
#   Add data for atom_index =   1,  n,l,m,z=  4  1  1  3
#   Add data for atom_index =   2,  n,l,m,z=  4  1 -1  1
#   Add data for atom_index =   2,  n,l,m,z=  4  1  0  1
#   Add data for atom_index =   2,  n,l,m,z=  4  1  1  1
#   Add data for atom_index =   2,  n,l,m,z=  4  1 -1  2
#   Add data for atom_index =   2,  n,l,m,z=  4  1  0  2
#   Add data for atom_index =   2,  n,l,m,z=  4  1  1  2
#   Add data for atom_index =   2,  n,l,m,z=  4  1 -1  3
#   Add data for atom_index =   2,  n,l,m,z=  4  1  0  3
#   Add data for atom_index =   2,  n,l,m,z=  4  1  1  3
#
#    Energy          spin 1        spin2
#
  -20.0000000     0.00000000     0.00000000
  -19.9599600     0.00000000     0.00000000
  -19.9199199     0.00000000     0.00000000
  -19.8798799     0.00000000     0.00000000
  -19.8398398     0.00000000     0.00000000
  -19.7997998     0.00000000     0.00000000
  -19.7597598     0.00000000     0.00000000
  -19.7197197     0.00000000     0.00000000
  -19.6796797     0.00000000     0.00000000
  -19.6396396     0.00000000     0.00000000
  -19.5995996     0.00000000     0.00000000
  -19.5595596     0.00000000     0.00000000
  -19.5195195     0.00000000     0.00000000
  -19.4794795     0.00000000     0.00000000
  -19.4394394     0.00000000     0.00000000
  -19.3993994     0.00000000     0.00000000
  -19.3593594     0.00000000     0.00000000
  -19.3193193     0.00000000     0.00000000
  -19.2792793     0.00000000     0.00000000
  -19.2392392     0.00000000     0.00000000
  -19.1991992     0.00000000     0.00000000
  -19.1591592     0.00000000     0.00000000
  -19.1191191     0.00000000     0.00000000
  -19.0790791     0.00000000     0.00000000
  -19.0390390     0.00000000     0.00000000
  -18.9989990     0.00000000     0.00000000
  -18.9589590     0.00000000     0.00000000
  -18.9189189     0.00000000     0.00000000
  -18.8788789     0.00000000     0.00000000
  -18.8388388     0.00000000     0.00000000
  -18.7987988     0.00000000     0.00000000
  -18.7587588    -0.00000000    -0.00000000
  -18.7187187    -0.00000001    -0.00000001
  -18.6786787    -0.00000027    -0.00000027
  -18.6386386    -0.00000374    -0.00000374
  -18.5985986    -0.00003752    -0.00003757
  -18.5585586    -0.00027345    -0.00027374
  -18.5185185    -0.00144611    -0.00144741
  -18.4784785    -0.00554979    -0.00555377
  -18.4384384    -0.01545620    -0.01546445
  -18.3983984    -0.03123913    -0.03125009
  -18.3583584    -0.04583724    -0.04584493
  -18.3183183    -0.04896041    -0.04895981
  -18.2782783    -0.03886626    -0.03885965
  -18.2382382    -0.02635258    -0.02634771
  -18.1981982    -0.02511967    -0.02512266
  -18.1581582    -0.04035056    -0.04036141
  -18.1181181    -0.06325760    -0.06326946
  -18.0780781    -0.07522424    -0.07522777
  -18.0380380    -0.06369392    -0.06368444
  -17.9979980    -0.03327804    -0.03325626
  -17.9579580     0.00309677     0.00312861
  -17.9179179     0.03576955     0.03580467
  -17.8778779     0.05740318     0.05742837
  -17.8378378     0.06537106     0.06538047
  -17.7977978     0.07289261     0.07289962
  -17.7577578     0.10321808     0.10323894
  -17.7177177     0.15835825     0.15838453
  -17.6776777     0.20186999     0.20187249
  -17.6376376     0.19353722     0.19350283
  -17.5975976     0.13892458     0.13887340
  -17.5575576     0.08261022     0.08256789
  -17.5175175     0.05708923     0.05705853
  -17.4774775     0.05724426     0.05721164
  -17.4374374     0.05796307     0.05792097
  -17.3973974     0.04159998     0.04155525
  -17.3573574     0.00699126     0.00695788
  -17.3173173    -0.03827447    -0.03827903
  -17.2772773    -0.08149538    -0.08145106
  -17.2372372    -0.10571811    -0.10562099
  -17.1971972    -0.10500706    -0.10488629
  -17.1571572    -0.09531584    -0.09520705
  -17.1171171    -0.09363045    -0.09353608
  -17.0770771    -0.09398670    -0.09388765
  -17.0370370    -0.08014089    -0.08003810
  -16.9969970    -0.05216771    -0.05208494
  -16.9569570    -0.02499609    -0.02494825
  -16.9169169    -0.00872472    -0.00870511
  -16.8768769    -0.00221218    -0.00220647
  -16.8368368    -0.00040715    -0.00040596
  -16.7967968    -0.00005438    -0.00005421
  -16.7567568    -0.00000530    -0.00000528
  -16.7167167    -0.00000084    -0.00000083
  -16.6766767    -0.00000660    -0.00000661
  -16.6366366    -0.00006761    -0.00006775
  -16.5965966    -0.00050431    -0.00050524
  -16.5565566    -0.00273005    -0.00273412
  -16.5165165    -0.01072481    -0.01073710
  -16.4764765    -0.03057420    -0.03059876
  -16.4364364    -0.06325109    -0.06328021
  -16.3963964    -0.09495714    -0.09496828
  -16.3563564    -0.10344899    -0.10342566
  -16.3163163    -0.08176714    -0.08172071
  -16.2762763    -0.04678741    -0.04674496
  -16.2362362    -0.01889928    -0.01887620
  -16.1961962    -0.00374455    -0.00374002
  -16.1561562     0.00400993     0.00400010
  -16.1161161     0.00924737     0.00922525
  -16.0760761     0.01213237     0.01210255
  -16.0360360     0.01084153     0.01081339
  -15.9959960     0.00441567     0.00439871
  -15.9559560    -0.00904151    -0.00904248
  -15.9159159    -0.03438318    -0.03437001
  -15.8758759    -0.07354695    -0.07353242
  -15.8358358    -0.11757283    -0.11757967
  -15.7957958    -0.15212771    -0.15216681
  -15.7557558    -0.16875156    -0.16879727
  -15.7157157    -0.16017884    -0.16018425
  -15.6756757    -0.11544390    -0.11539192
  -15.6356356    -0.03693977    -0.03686812
  -15.5955956     0.04926616     0.04930124
  -15.5555556     0.11634583     0.11632862
  -15.5155155     0.16003350     0.16000098
  -15.4754755     0.18550734     0.18549978
  -15.4354354     0.18755762     0.18757603
  -15.3953954     0.16120992     0.16122774
  -15.3553554     0.11277044     0.11277027
  -15.3153153     0.05217129     0.05216313
  -15.2752753    -0.00714687    -0.00714677
  -15.2352352    -0.04589169    -0.04589060
  -15.1951952    -0.05358879    -0.05360524
  -15.1551552    -0.04119049    -0.04122518
  -15.1151151    -0.03015075    -0.03019047
  -15.0750751    -0.03211823    -0.03215190
  -15.0350350    -0.04170007    -0.04171820
  -14.9949950    -0.04550729    -0.04550298
  -14.9549550    -0.03701929    -0.03699817
  -14.9149149    -0.02194987    -0.02192724
  -14.8748749    -0.00945125    -0.00943718
  -14.8348348    -0.00295354    -0.00294780
  -14.7947948    -0.00066981    -0.00066820
  -14.7547548    -0.00011023    -0.00010992
  -14.7147147    -0.00001316    -0.00001312
  -14.6746747    -0.00000114    -0.00000114
  -14.6346346    -0.00000007    -0.00000007
  -14.5945946    -0.00000000    -0.00000000
  -14.5545546     0.00000000     0.00000000
  -14.5145145     0.00000001     0.00000001
  -14.4744745     0.00000017     0.00000017
  -14.4344344     0.00000234     0.00000235
  -14.3943944     0.00002315     0.00002324
  -14.3543544     0.00016592     0.00016653
  -14.3143143     0.00086315     0.00086591
  -14.2742743     0.00325847     0.00326746
  -14.2342342     0.00892688     0.00894756
  -14.1941942     0.01774992     0.01778320
  -14.1541542     0.02564239     0.02567924
  -14.1141141     0.02714336     0.02717105
  -14.0740741     0.02246872     0.02248562
  -14.0340340     0.02074632     0.02076815
  -13.9939940     0.03605725     0.03610728
  -13.9539540     0.07905224     0.07913756
  -13.9139139     0.14649471     0.14658641
  -13.8738739     0.22074544     0.22080171
  -13.8338338     0.28530943     0.28532504
  -13.7937938     0.32943343     0.32942996
  -13.7537538     0.33761921     0.33759316
  -13.7137137     0.30668064     0.30662323
  -13.6736737     0.27171733     0.27167080
  -13.6336336     0.27329136     0.27330728
  -13.5935936     0.29870218     0.29875018
  -13.5535536     0.29386318     0.29385529
  -13.5135135     0.23505887     0.23497170
  -13.4734735     0.15793280     0.15784996
  -13.4334334     0.11493524     0.11495474
  -13.3933934     0.12836076     0.12848831
  -13.3533534     0.18264636     0.18279276
  -13.3133133     0.24283056     0.24291025
  -13.2732733     0.27835939     0.27835947
  -13.2332332     0.28074243     0.28069176
  -13.1931932     0.26986255     0.26981013
  -13.1531532     0.28105907     0.28107249
  -13.1131131     0.32610775     0.32618176
  -13.0730731     0.36401526     0.36401624
  -13.0330330     0.33755667     0.33737329
  -12.9929930     0.24329721     0.24299867
  -12.9529530     0.13633605     0.13609106
  -12.9129129     0.06714545     0.06704077
  -12.8728729     0.04234231     0.04234063
  -12.8328328     0.04229336     0.04231825
  -12.7927928     0.05312063     0.05313691
  -12.7527528     0.07863430     0.07865973
  -12.7127127     0.12574321     0.12580430
  -12.6726727     0.18043418     0.18052646
  -12.6326326     0.21173762     0.21183687
  -12.5925926     0.20907182     0.20917283
  -12.5525526     0.20173337     0.20186484
  -12.5125125     0.22840636     0.22858823
  -12.4724725     0.28808129     0.28824947
  -12.4324324     0.32917358     0.32920961
  -12.3923924     0.30510889     0.30500741
  -12.3523524     0.23562691     0.23555208
  -12.3123123     0.18515356     0.18525599
  -12.2722723     0.19181695     0.19206716
  -12.2322322     0.24422270     0.24447304
  -12.1921922     0.30837621     0.30851482
  -12.1521522     0.35499485     0.35499448
  -12.1121121     0.37449988     0.37437883
  -12.0720721     0.37278725     0.37257013
  -12.0320320     0.35056824     0.35027733
  -11.9919920     0.30361286     0.30328984
  -11.9519520     0.24349865     0.24323281
  -11.9119119     0.19710327     0.19704730
  -11.8718719     0.18771115     0.18800306
  -11.8318318     0.22644289     0.22701900
  -11.7917918     0.31039373     0.31094167
  -11.7517518     0.41959861     0.41980497
  -11.7117117     0.52321705     0.52303882
  -11.6716717     0.59006039     0.58969653
  -11.6316316     0.59601049     0.59566169
  -11.5915916     0.54054155     0.54026303
  -11.5515516     0.45481972     0.45458340
  -11.5115115     0.37526134     0.37511163
  -11.4714715     0.31744113     0.31750349
  -11.4314314     0.28244618     0.28274460
  -11.3913914     0.26903329     0.26942168
  -11.3513514     0.27380772     0.27413518
  -11.3113113     0.29226546     0.29249043
  -11.2712713     0.31878165     0.31889297
  -11.2312312     0.33865451     0.33859352
  -11.1911912     0.33002856     0.32976344
  -11.1511512     0.28862430     0.28826770
  -11.1111111     0.24379716     0.24356134
  -11.0710711     0.23567923     0.23568756
  -11.0310310     0.28121219     0.28139468
  -10.9909910     0.36306024     0.36323340
  -10.9509510     0.44064179     0.44067070
  -10.9109109     0.47362218     0.47349662
  -10.8708709     0.44321119     0.44299362
  -10.8308308     0.36504360     0.36483173
  -10.7907908     0.28903831     0.28895264
  -10.7507508     0.26391889     0.26400408
  -10.7107107     0.28793595     0.28809654
  -10.6706707     0.31300777     0.31312519
  -10.6306306     0.30320239     0.30325290
  -10.5905906     0.26925057     0.26924180
  -10.5505506     0.24375766     0.24366591
  -10.5105105     0.24563433     0.24547906
  -10.4704705     0.27072190     0.27059336
  -10.4304304     0.29963391     0.29959540
  -10.3903904     0.31347661     0.31348868
  -10.3503504     0.30768011     0.30764650
  -10.3103103     0.28935000     0.28923064
  -10.2702703     0.26387623     0.26372380
  -10.2302302     0.23370090     0.23359846
  -10.1901902     0.21110825     0.21112791
  -10.1501502     0.21734526     0.21753637
  -10.1101101     0.26018421     0.26049510
  -10.0700701     0.31920372     0.31941626
  -10.0300300     0.35925283     0.35912407
   -9.9899900     0.35934363     0.35885204
   -9.9499500     0.32826766     0.32763990
   -9.9099099     0.29089952     0.29040751
   -9.8698699     0.26274049     0.26251996
   -9.8298298     0.24169903     0.24168568
   -9.7897898     0.21902504     0.21902598
   -9.7497497     0.19316701     0.19305288
   -9.7097097     0.17323711     0.17302712
   -9.6696697     0.16846701     0.16819840
   -9.6296296     0.17904375     0.17867529
   -9.5895896     0.19988912     0.19940360
   -9.5495496     0.22424050     0.22379531
   -9.5095095     0.24151733     0.24140525
   -9.4694695     0.24338733     0.24375278
   -9.4294294     0.23354250     0.23416121
   -9.3893894     0.22128694     0.22174356
   -9.3493494     0.20930608     0.20935427
   -9.3093093     0.19923464     0.19888696
   -9.2692693     0.20042052     0.19982073
   -9.2292292     0.21753059     0.21693495
   -9.1891892     0.23663875     0.23640709
   -9.1491491     0.23858144     0.23890420
   -9.1091091     0.22054299     0.22119271
   -9.0690691     0.19328011     0.19384450
   -9.0290290     0.16610848     0.16641861
   -8.9889890     0.14638558     0.14656771
   -8.9489490     0.14469203     0.14492723
   -8.9089089     0.16828548     0.16866176
   -8.8688689     0.21024379     0.21070644
   -8.8288288     0.24897880     0.24930915
   -8.7887888     0.26352476     0.26349815
   -8.7487488     0.25293157     0.25256101
   -8.7087087     0.23508165     0.23461295
   -8.6686687     0.22423622     0.22389897
   -8.6286286     0.21840019     0.21822464
   -8.5885886     0.21136208     0.21124305
   -8.5485485     0.20665000     0.20652462
   -8.5085085     0.21326898     0.21318129
   -8.4684685     0.23123323     0.23125237
   -8.4284284     0.24495312     0.24505985
   -8.3883884     0.23701580     0.23711037
   -8.3483484     0.20993214     0.20997361
   -8.3083083     0.18356418     0.18360807
   -8.2682683     0.17056025     0.17063010
   -8.2282282     0.16657420     0.16661684
   -8.1881882     0.16282924     0.16281857
   -8.1481482     0.15723515     0.15721998
   -8.1081081     0.15474299     0.15477434
   -8.0680681     0.16080991     0.16088189
   -8.0280280     0.17141953     0.17149689
   -7.9879880     0.17405919     0.17411984
   -7.9479479     0.16454836     0.16458029
   -7.9079079     0.15316637     0.15315805
   -7.8678679     0.14724759     0.14720909
   -7.8278278     0.13928371     0.13925673
   -7.7877878     0.12000768     0.12003179
   -7.7477478     0.09467652     0.09475763
   -7.7077077     0.07859345     0.07870847
   -7.6676677     0.08003087     0.08014045
   -7.6276276     0.09215089     0.09220863
   -7.5875876     0.10048300     0.10045954
   -7.5475475     0.09688684     0.09680021
   -7.5075075     0.08633852     0.08625209
   -7.4674675     0.08010848     0.08007604
   -7.4274274     0.08314740     0.08315798
   -7.3873874     0.08897107     0.08897054
   -7.3473473     0.08714338     0.08710597
   -7.3073073     0.07594843     0.07591255
   -7.2672673     0.06636381     0.06640005
   -7.2272272     0.07109833     0.07121949
   -7.1871872     0.09013006     0.09024109
   -7.1471472     0.11072677     0.11073343
   -7.1071071     0.12128506     0.12122532
   -7.0670671     0.11941248     0.11938206
   -7.0270270     0.10838084     0.10838232
   -6.9869870     0.09528790     0.09526249
   -6.9469470     0.09187670     0.09181862
   -6.9069069     0.10697600     0.10691512
   -6.8668669     0.13610379     0.13604154
   -6.8268268     0.16419090     0.16412427
   -6.7867868     0.17974917     0.17968916
   -6.7467467     0.18322031     0.18316667
   -6.7067067     0.18092752     0.18089750
   -6.6666667     0.17504623     0.17508904
   -6.6266266     0.16316153     0.16327719
   -6.5865866     0.14424723     0.14435874
   -6.5465466     0.12167583     0.12171971
   -6.5065065     0.10247929     0.10246489
   -6.4664665     0.09287958     0.09284915
   -6.4264264     0.09222945     0.09220355
   -6.3863864     0.09442891     0.09441215
   -6.3463464     0.09657459     0.09658573
   -6.3063063     0.10075337     0.10079990
   -6.2662663     0.10681191     0.10685717
   -6.2262262     0.11144305     0.11145501
   -6.1861862     0.11467508     0.11466812
   -6.1461461     0.11847153     0.11845043
   -6.1061061     0.12103821     0.12096760
   -6.0660661     0.12060837     0.12048929
   -6.0260260     0.11985324     0.11976670
   -5.9859860     0.12060317     0.12063370
   -5.9459459     0.12026955     0.12042913
   -5.9059059     0.11736361     0.11761237
   -5.8658659     0.11611429     0.11641068
   -5.8258258     0.12253722     0.12284268
   -5.7857858     0.13680539     0.13707159
   -5.7457458     0.15094495     0.15111667
   -5.7057057     0.15392385     0.15394945
   -5.6656657     0.13954728     0.13941878
   -5.6256256     0.11314343     0.11295086
   -5.5855856     0.09084392     0.09073630
   -5.5455455     0.08722308     0.08727550
   -5.5055055     0.10214364     0.10229088
   -5.4654655     0.12157943     0.12169112
   -5.4254254     0.13098700     0.13098596
   -5.3853854     0.12676099     0.12666776
   -5.3453453     0.11579822     0.11568089
   -5.3053053     0.10692534     0.10681956
   -5.2652653     0.10396245     0.10385451
   -5.2252252     0.10649924     0.10640031
   -5.1851852     0.11609173     0.11610857
   -5.1451452     0.13916308     0.13945059
   -5.1051051     0.18218455     0.18277721
   -5.0650651     0.23959098     0.24025363
   -5.0250250     0.28445315     0.28478570
   -4.9849850     0.28564442     0.28545189
   -4.9449449     0.24447786     0.24397557
   -4.9049049     0.19997078     0.19952956
   -4.8648649     0.18967611     0.18946779
   -4.8248248     0.21632508     0.21629448
   -4.7847848     0.25153556     0.25155624
   -4.7447447     0.25991082     0.25985544
   -4.7047047     0.22646794     0.22627235
   -4.6646647     0.17318239     0.17294130
   -4.6246246     0.14477772     0.14470301
   -4.5845846     0.17337400     0.17360999
   -4.5445445     0.25040897     0.25086004
   -4.5045045     0.32494857     0.32531269
   -4.4644645     0.34697261     0.34706602
   -4.4244244     0.32426209     0.32423474
   -4.3843844     0.30750148     0.30754747
   -4.3443443     0.31493303     0.31496379
   -4.3043043     0.31429287     0.31412153
   -4.2642643     0.27959065     0.27923268
   -4.2242242     0.22171176     0.22132026
   -4.1841842     0.16429685     0.16397828
   -4.1441441     0.12164370     0.12143158
   -4.1041041     0.09572473     0.09561536
   -4.0640641     0.07917825     0.07915450
   -4.0240240     0.06777338     0.06784116
   -3.9839840     0.07123435     0.07143116
   -3.9439439     0.10177851     0.10210649
   -3.9039039     0.15256567     0.15291108
   -3.8638639     0.19681450     0.19698323
   -3.8238238     0.21166129     0.21154036
   -3.7837838     0.19661152     0.19627261
   -3.7437437     0.16602094     0.16564618
   -3.7037037     0.13456637     0.13432856
   -3.6636637     0.11625658     0.11628023
   -3.6236236     0.12654017     0.12687766
   -3.5835836     0.17200400     0.17255793
   -3.5435435     0.23706391     0.23756817
   -3.5035035     0.29512773     0.29535331
   -3.4634635     0.33943989     0.33943401
   -3.4234234     0.38077629     0.38072976
   -3.3833834     0.40879652     0.40871532
   -3.3433433     0.39574983     0.39548922
   -3.3033033     0.35069720     0.35028356
   -3.2632633     0.32809551     0.32781026
   -3.2232232     0.37039451     0.37053516
   -3.1831832     0.46371435     0.46430348
   -3.1431431     0.54357584     0.54424330
   -3.1031031     0.54034407     0.54060128
   -3.0630631     0.44377878     0.44353252
   -3.0230230     0.32087358     0.32051423
   -2.9829830     0.24850133     0.24841523
   -2.9429429     0.24016123     0.24032828
   -2.9029029     0.25161724     0.25172518
   -2.8628629     0.24134723     0.24119653
   -2.8228228     0.21078127     0.21049016
   -2.7827828     0.18499225     0.18476963
   -2.7427427     0.16786576     0.16772307
   -2.7027027     0.13979615     0.13962240
   -2.6626627     0.09473954     0.09452701
   -2.6226226     0.05159719     0.05144212
   -2.5825826     0.03020582     0.03017092
   -2.5425425     0.03665289     0.03672311
   -2.5025025     0.07009331     0.07021814
   -2.4624625     0.12865102     0.12878012
   -2.4224224     0.20314457     0.20323949
   -2.3823824     0.26919528     0.26924150
   -2.3423423     0.29632359     0.29634058
   -2.3023023     0.27327887     0.27329131
   -2.2622623     0.21859569     0.21858891
   -2.2222222     0.16101093     0.16095526
   -2.1821822     0.11688441     0.11679183
   -2.1421421     0.08613705     0.08604180
   -2.1021021     0.06105017     0.06096538
   -2.0620621     0.03812205     0.03805420
   -2.0220220     0.02256452     0.02253260
   -1.9819820     0.02350807     0.02353235
   -1.9419419     0.05048193     0.05057145
   -1.9019019     0.11371337     0.11386483
   -1.8618619     0.22244642     0.22266802
   -1.8218218     0.37853550     0.37888740
   -1.7817818     0.56501666     0.56558335
   -1.7417417     0.73910636     0.73984566
   -1.7017017     0.84412119     0.84473859
   -1.6616617     0.83975412     0.83987165
   -1.6216216     0.73281477     0.73235229
   -1.5815816     0.57263282     0.57188874
   -1.5415415     0.40616846     0.40548728
   -1.5015015     0.25641525     0.25593825
   -1.4614615     0.14241569     0.14212708
   -1.4214214     0.08179908     0.08163801
   -1.3813814     0.07031505     0.07023514
   -1.3413413     0.08277957     0.08277049
   -1.3013013     0.09674965     0.09680819
   -1.2612613     0.10573522     0.10582478
   -1.2212212     0.11182853     0.11190707
   -1.1811812     0.12174530     0.12182770
   -1.1411411     0.14969266     0.14981073
   -1.1011011     0.20020868     0.20029419
   -1.0610611     0.24797337     0.24788777
   -1.0210210     0.26016791     0.25988476
   -0.9809810     0.23777258     0.23742949
   -0.9409409     0.21349829     0.21326578
   -0.9009009     0.21288413     0.21287334
   -0.8608609     0.23635714     0.23660131
   -0.8208208     0.27222731     0.27262593
   -0.7807808     0.30007861     0.30038646
   -0.7407407     0.28978614     0.28980193
   -0.7007007     0.23401237     0.23378854
   -0.6606607     0.17450916     0.17426212
   -0.6206206     0.16800068     0.16786344
   -0.5805806     0.23481375     0.23481012
   -0.5405405     0.35500767     0.35520704
   -0.5005005     0.50497999     0.50548310
   -0.4604605     0.66844011     0.66914685
   -0.4204204     0.79972474     0.80028579
   -0.3803804     0.82772690     0.82785229
   -0.3403403     0.72899609     0.72869491
   -0.3003003     0.55524214     0.55472713
   -0.2602603     0.37818315     0.37768062
   -0.2202202     0.23901402     0.23866407
   -0.1801802     0.14677337     0.14661141
   -0.1401401     0.09962333     0.09961205
   -0.1001001     0.09374918     0.09381094
   -0.0600601     0.11408384     0.11411976
   -0.0200200     0.13140389     0.13133373
    0.0200200     0.12153598     0.12135716
    0.0600601     0.08704800     0.08683869
    0.1001001     0.05207095     0.05191497
    0.1401401     0.03804595     0.03798537
    0.1801802     0.05114082     0.05119918
    0.2202202     0.08513044     0.08531206
    0.2602603     0.12445369     0.12470185
    0.3003003     0.15026089     0.15049337
    0.3403403     0.15791199     0.15812069
    0.3803804     0.16389756     0.16410973
    0.4204204     0.18232753     0.18244943
    0.4604605     0.20807824     0.20793930
    0.5005005     0.23670253     0.23630777
    0.5405405     0.27257942     0.27217902
    0.5805806     0.30126469     0.30114057
    0.6206206     0.29409661     0.29437496
    0.6606607     0.25669113     0.25733567
    0.7007007     0.22996906     0.23076398
    0.7407407     0.23373284     0.23421342
    0.7807808     0.25012625     0.24983434
    0.8208208     0.26457827     0.26361801
    0.8608609     0.28336437     0.28242946
    0.9009009     0.30676291     0.30640070
    0.9409409     0.31581466     0.31594689
    0.9809810     0.29347777     0.29374801
    1.0210210     0.24765818     0.24789555
    1.0610611     0.20714954     0.20737406
    1.1011011     0.18847547     0.18870450
    1.1411411     0.17552488     0.17571439
    1.1811812     0.14709076     0.14719710
    1.2212212     0.11157629     0.11163159
    1.2612613     0.10459415     0.10475715
    1.3013013     0.16813761     0.16859591
    1.3413413     0.32300975     0.32367958
    1.3813814     0.52690236     0.52732471
    1.4214214     0.66966369     0.66944505
    1.4614615     0.66202565     0.66130109
    1.5015015     0.53255055     0.53178926
    1.5415415     0.39274331     0.39224589
    1.5815816     0.31488771     0.31468529
    1.6216216     0.28815197     0.28821688
    1.6616617     0.28337644     0.28367250
    1.7017017     0.31632382     0.31669328
    1.7417417     0.42127147     0.42145551
    1.7817818     0.56778092     0.56762857
    1.8218218     0.65032845     0.64994880
    1.8618619     0.59612887     0.59576784
    1.9019019     0.44698789     0.44677811
    1.9419419     0.30109550     0.30100151
    1.9819820     0.21808238     0.21804584
    2.0220220     0.20332960     0.20337145
    2.0620621     0.23025550     0.23042569
    2.1021021     0.25597713     0.25623887
    2.1421421     0.25106829     0.25126604
    2.1821822     0.22356116     0.22356224
    2.2222222     0.20287329     0.20274730
    2.2622623     0.20882878     0.20879062
    2.3023023     0.24042170     0.24057030
    2.3423423     0.28071344     0.28092056
    2.3823824     0.30366546     0.30374561
    2.4224224     0.28772164     0.28762516
    2.4624625     0.23504562     0.23485356
    2.5025025     0.17177488     0.17157694
    2.5425425     0.12910499     0.12895401
    2.5825826     0.13102677     0.13097482
    2.6226226     0.18315518     0.18321776
    2.6626627     0.25295001     0.25303090
    2.7027027     0.28103494     0.28100023
    2.7427427     0.23922470     0.23905903
    2.7827828     0.16144600     0.16124850
    2.8228228     0.10288947     0.10274484
    2.8628629     0.09126261     0.09119646
    2.9029029     0.12001098     0.12002580
    2.9429429     0.16164847     0.16173536
    2.9829830     0.18779110     0.18793644
    3.0230230     0.19412505     0.19432958
    3.0630631     0.19961720     0.19985532
    3.1031031     0.21205461     0.21220895
    3.1431431     0.21242113     0.21236152
    3.1831832     0.18789636     0.18765475
    3.2232232     0.15994426     0.15970640
    3.2632633     0.16060778     0.16051496
    3.3033033     0.19590319     0.19593396
    3.3433433     0.24371132     0.24373414
    3.3833834     0.27606435     0.27597771
    3.4234234     0.27997454     0.27983546
    3.4634635     0.26361281     0.26361732
    3.5035035     0.24535426     0.24564372
    3.5435435     0.23499988     0.23547227
    3.5835836     0.22299561     0.22333494
    3.6236236     0.19330044     0.19325922
    3.6636637     0.14910931     0.14873889
    3.7037037     0.11359117     0.11312290
    3.7437437     0.10507804     0.10468287
    3.7837838     0.12617180     0.12591430
    3.8238238     0.16935655     0.16924213
    3.8638639     0.21460137     0.21460459
    3.9039039     0.23406927     0.23416518
    3.9439439     0.22337970     0.22347004
    3.9839840     0.22037549     0.22020157
    4.0240240     0.26873919     0.26813923
    4.0640641     0.36117244     0.36052144
    4.1041041     0.43924845     0.43932952
    4.1441441     0.45657173     0.45770487
    4.1841842     0.41824887     0.41973392
    4.2242242     0.35705985     0.35786246
    4.2642643     0.30810386     0.30795342
    4.3043043     0.30183030     0.30126068
    4.3443443     0.33893357     0.33845659
    4.3843844     0.37643857     0.37614206
    4.4244244     0.36816975     0.36798141
    4.4644645     0.30999294     0.30991059
    4.5045045     0.23449781     0.23454053
    4.5445445     0.17767910     0.17780268
    4.5845846     0.15110946     0.15120865
    4.6246246     0.13641733     0.13640368
    4.6646647     0.11265813     0.11255852
    4.7047047     0.08722562     0.08718485
    4.7447447     0.08944426     0.08959950
    4.7847848     0.13601095     0.13634118
    4.8248248     0.20714806     0.20744002
    4.8648649     0.25889479     0.25892195
    4.9049049     0.26326024     0.26301632
    4.9449449     0.23022202     0.22989456
    4.9849850     0.18771109     0.18746894
    5.0250250     0.15602581     0.15594882
    5.0650651     0.14382243     0.14393070
    5.1051051     0.14840134     0.14860944
    5.1451452     0.15457380     0.15471957
    5.1851852     0.14784166     0.14785506
    5.2252252     0.13077383     0.13072765
    5.2652653     0.11803235     0.11801531
    5.3053053     0.11927579     0.11930667
    5.3453453     0.13194998     0.13199470
    5.3853854     0.14478527     0.14478855
    5.4254254     0.14813294     0.14806744
    5.4654655     0.14890458     0.14884159
    5.5055055     0.16923974     0.16931602
    5.5455455     0.21692018     0.21716939
    5.5855856     0.26715456     0.26743527
    5.6256256     0.29191272     0.29208477
    5.6656657     0.29479568     0.29487229
    5.7057057     0.29464359     0.29467163
    5.7457458     0.28984543     0.28978406
    5.7857858     0.26604370     0.26584346
    5.8258258     0.22515747     0.22480109
    5.8658659     0.18353978     0.18301168
    5.9059059     0.15486724     0.15426025
    5.9459459     0.14829988     0.14789009
    5.9859860     0.17193905     0.17194909
    6.0260260     0.22675775     0.22708990
    6.0660661     0.29330851     0.29366149
    6.1061061     0.33360891     0.33378365
    6.1461461     0.32319979     0.32320097
    6.1861862     0.27584895     0.27578285
    6.2262262     0.22536429     0.22531670
    6.2662663     0.19704039     0.19702843
    6.3063063     0.20274188     0.20274975
    6.3463464     0.23834160     0.23837549
    6.3863864     0.27335785     0.27343152
    6.4264264     0.26897089     0.26905195
    6.4664665     0.22177378     0.22180633
    6.5065065     0.16898155     0.16896465
    6.5465466     0.14264577     0.14263037
    6.5865866     0.13861195     0.13862206
    6.6266266     0.13654271     0.13655585
    6.6666667     0.13391067     0.13390973
    6.7067067     0.14514469     0.14513345
    6.7467467     0.16988905     0.16986159
    6.7867868     0.18200372     0.18194872
    6.8268268     0.16071789     0.16064951
    6.8668669     0.11654235     0.11649298
    6.9069069     0.07522084     0.07520974
    6.9469470     0.05235471     0.05238304
    6.9869870     0.05289902     0.05297076
    7.0270270     0.07901381     0.07914424
    7.0670671     0.12639168     0.12657235
    7.1071071     0.17849277     0.17864542
    7.1471472     0.21275944     0.21278386
    7.1871872     0.21728864     0.21719115
    7.2272272     0.20071249     0.20060769
    7.2672673     0.18135204     0.18130926
    7.3073073     0.16874397     0.16872576
    7.3473473     0.15941663     0.15937033
    7.3873874     0.14567893     0.14560155
    7.4274274     0.12486350     0.12479060
    7.4674675     0.10465490     0.10464759
    7.5075075     0.10177405     0.10189485
    7.5475475     0.12995374     0.13019523
    7.5875876     0.18119400     0.18143067
    7.6276276     0.22151216     0.22158692
    7.6676677     0.21952270     0.21941020
    7.7077077     0.18040338     0.18024311
    7.7477478     0.14006276     0.14001325
    7.7877878     0.12772897     0.12781243
    7.8278278     0.14109870     0.14118777
    7.8678679     0.15524119     0.15519781
    7.9079079     0.15415205     0.15397711
    7.9479479     0.15181318     0.15163993
    7.9879880     0.17590493     0.17586403
    8.0280280     0.23168677     0.23180582
    8.0680681     0.29039109     0.29059499
    8.1081081     0.31495699     0.31512228
    8.1481482     0.28946749     0.28949514
    8.1881882     0.22571736     0.22561038
    8.2282282     0.15495485     0.15482349
    8.2682683     0.10970298     0.10965257
    8.3083083     0.10017360     0.10020238
    8.3483484     0.11082703     0.11086123
    8.3883884     0.12148578     0.12147982
    8.4284284     0.12272775     0.12268780
    8.4684685     0.11448520     0.11443183
    8.5085085     0.10362613     0.10358324
    8.5485485     0.09947682     0.09945806
    8.5885886     0.10159158     0.10156956
    8.6286286     0.09857309     0.09850882
    8.6686687     0.08341508     0.08331932
    8.7087087     0.06103912     0.06096034
    8.7487488     0.04075324     0.04072024
    8.7887888     0.02923696     0.02924693
    8.8288288     0.02871877     0.02876601
    8.8688689     0.03706724     0.03715637
    8.9089089     0.05134835     0.05147115
    8.9489490     0.07114776     0.07125653
    8.9889890     0.09529248     0.09533060
    9.0290290     0.11719199     0.11716076
    9.0690691     0.12729231     0.12724657
    9.1091091     0.12190739     0.12188508
    9.1491491     0.10850524     0.10850226
    9.1891892     0.09761643     0.09761308
    9.2292292     0.09134473     0.09132557
    9.2692693     0.08725221     0.08722738
    9.3093093     0.08946676     0.08948620
    9.3493494     0.10391159     0.10400959
    9.3893894     0.12301442     0.12313221
    9.4294294     0.12893726     0.12897084
    9.4694695     0.11655192     0.11648238
    9.5095095     0.09977710     0.09967749
    9.5495496     0.08954510     0.08947129
    9.5895896     0.08022501     0.08017396
    9.6296296     0.06384625     0.06380197
    9.6696697     0.04461203     0.04457416
    9.7097097     0.03330097     0.03327502
    9.7497497     0.03491223     0.03490336
    9.7897898     0.04675069     0.04676944
    9.8298298     0.06639169     0.06645089
    9.8698699     0.09485747     0.09495126
    9.9099099     0.12755234     0.12764010
    9.9499500     0.15042071     0.15045288
    9.9899900     0.15385379     0.15381983
   10.0300300     0.14212180     0.14205047
   10.0700701     0.12399689     0.12391382
   10.1101101     0.10549465     0.10541039
   10.1501502     0.09197935     0.09191044
   10.1901902     0.08534782     0.08531725
   10.2302302     0.08188782     0.08189979
   10.2702703     0.07812748     0.07815468
   10.3103103     0.07233839     0.07234470
   10.3503504     0.06253939     0.06251759
   10.3903904     0.05126335     0.05124006
   10.4304304     0.04740109     0.04740049
   10.4704705     0.05790137     0.05792155
   10.5105105     0.08189746     0.08193108
   10.5505506     0.11221817     0.11226992
   10.5905906     0.13638333     0.13644462
   10.6306306     0.14060968     0.14064702
   10.6706707     0.12207937     0.12207718
   10.7107107     0.09418942     0.09417158
   10.7507508     0.07299811     0.07298269
   10.7907908     0.06187543     0.06184515
   10.8308308     0.05468544     0.05462993
   10.8708709     0.04940703     0.04936036
   10.9109109     0.05044233     0.05044368
   10.9509510     0.05954063     0.05957679
   10.9909910     0.07173994     0.07175598
   11.0310310     0.07983031     0.07979561
   11.0710711     0.08036121     0.08030953
   11.1111111     0.07751444     0.07750907
   11.1511512     0.08077175     0.08083845
   11.1911912     0.09489242     0.09499260
   11.2312312     0.11349675     0.11355945
   11.2712713     0.12744692     0.12743043
   11.3113113     0.13588170     0.13581148
   11.3513514     0.14067529     0.14061028
   11.3913914     0.13570743     0.13567431
   11.4314314     0.11382716     0.11381145
   11.4714715     0.07987985     0.07986555
   11.5115115     0.04733236     0.04732410
   11.5515516     0.02668387     0.02670272
   11.5915916     0.02127513     0.02133918
   11.6316316     0.02776209     0.02785275
   11.6716717     0.03672780     0.03678325
   11.7117117     0.03816264     0.03813727
   11.7517518     0.03108969     0.03101210
   11.7917918     0.02578678     0.02572716
   11.8318318     0.03496526     0.03495689
   11.8718719     0.06277082     0.06278217
   11.9119119     0.09898275     0.09895595
   11.9519520     0.12401857     0.12392972
   11.9919920     0.12457776     0.12446113
   12.0320320     0.10427013     0.10418732
   12.0720721     0.07849890     0.07849445
   12.1121121     0.06408204     0.06416318
   12.1521522     0.07187536     0.07201715
   12.1921922     0.09896248     0.09911864
   12.2322322     0.12647432     0.12658165
   12.2722723     0.13317713     0.13317783
   12.3123123     0.11370580     0.11360100
   12.3523524     0.08321609     0.08308453
   12.3923924     0.06788337     0.06780973
   12.4324324     0.08575587     0.08574931
   12.4724725     0.12587349     0.12587886
   12.5125125     0.15227643     0.15224972
   12.5525526     0.14080805     0.14075772
   12.5925926     0.10273417     0.10269327
   12.6326326     0.06432460     0.06431022
   12.6726727     0.04007670     0.04008898
   12.7127127     0.03274181     0.03278284
   12.7527528     0.04133196     0.04140477
   12.7927928     0.05909580     0.05918544
   12.8328328     0.07332763     0.07340644
   12.8728729     0.07631155     0.07637275
   12.9129129     0.07279316     0.07284573
   12.9529530     0.07152788     0.07155302
   12.9929930     0.07683555     0.07680463
   13.0330330     0.09437770     0.09431146
   13.0730731     0.13244073     0.13238918
   13.1131131     0.18549233     0.18546945
   13.1531532     0.22613126     0.22611668
   13.1931932     0.22761321     0.22759483
   13.2332332     0.19134212     0.19132501
   13.2732733     0.14152594     0.14151605
   13.3133133     0.09740171     0.09739789
   13.3533534     0.06248017     0.06247788
   13.3933934     0.03529674     0.03529428
   13.4334334     0.01720773     0.01720869
   13.4734735     0.01044887     0.01046119
   13.5135135     0.01664107     0.01667322
   13.5535536     0.03717623     0.03722553
   13.5935936     0.06966455     0.06970828
   13.6336336     0.10403136     0.10404783
   13.6736737     0.12779147     0.12779004
   13.7137137     0.13559652     0.13559680
   13.7537538     0.12845075     0.12844080
   13.7937938     0.10762318     0.10757840
   13.8338338     0.07772255     0.07764900
   13.8738739     0.04961608     0.04954472
   13.9139139     0.03161686     0.03157692
   13.9539540     0.02265509     0.02266246
   13.9939940     0.01844328     0.01848925
   14.0340340     0.01974308     0.01978681
   14.0740741     0.03279326     0.03278776
   14.1141141     0.06588636     0.06583602
   14.1541542     0.12404833     0.12401583
   14.1941942     0.19781667     0.19783342
   14.2342342     0.25790043     0.25792708
   14.2742743     0.27597774     0.27599925
   14.3143143     0.25361629     0.25367587
   14.3543544     0.21533398     0.21542583
   14.3943944     0.17513661     0.17517613
   14.4344344     0.13105592     0.13099495
   14.4744745     0.08822288     0.08810924
   14.5145145     0.06139992     0.06130710
   14.5545546     0.05431347     0.05427258
   14.5945946     0.05441738     0.05442115
   14.6346346     0.04953784     0.04956878
   14.6746747     0.03953393     0.03957164
   14.7147147     0.03008983     0.03010648
   14.7547548     0.02360081     0.02357523
   14.7947948     0.02023114     0.02016759
   14.8348348     0.02156526     0.02148498
   14.8748749     0.02874280     0.02867190
   14.9149149     0.04031369     0.04028873
   14.9549550     0.05439042     0.05444724
   14.9949950     0.07078295     0.07092291
   15.0350350     0.08990049     0.09008033
   15.0750751     0.11116093     0.11131562
   15.1151151     0.13155259     0.13162533
   15.1551552     0.14408224     0.14405379
   15.1951952     0.14136278     0.14125728
   15.2352352     0.12559154     0.12543810
   15.2752753     0.11234591     0.11215647
   15.3153153     0.11573616     0.11555176
   15.3553554     0.13144466     0.13136109
   15.3953954     0.14935839     0.14943768
   15.4354354     0.17931308     0.17949254
   15.4754755     0.23521759     0.23536530
   15.5155155     0.29149975     0.29154155
   15.5555556     0.29545007     0.29541423
   15.5955956     0.23524705     0.23520899
   15.6356356     0.15810398     0.15810759
   15.6756757     0.11205681     0.11208863
   15.7157157     0.10309916     0.10313126
   15.7557558     0.11110375     0.11113950
   15.7957958     0.11895042     0.11901675
   15.8358358     0.12094791     0.12106644
   15.8758759     0.11959525     0.11976442
   15.9159159     0.12169462     0.12185411
   15.9559560     0.12995045     0.12998239
   15.9959960     0.13588712     0.13574541
   16.0360360     0.13033604     0.13014353
   16.0760761     0.12008952     0.12000495
   16.1161161     0.12174720     0.12177664
   16.1561562     0.13983194     0.13984632
   16.1961962     0.16303985     0.16293987
   16.2362362     0.17992195     0.17973941
   16.2762763     0.18827408     0.18813135
   16.3163163     0.19528384     0.19528432
   16.3563564     0.21398776     0.21413481
   16.3963964     0.24974543     0.24993852
   16.4364364     0.29153447     0.29165667
   16.4764765     0.32426830     0.32429325
   16.5165165     0.33837826     0.33835442
   16.5565566     0.32235646     0.32229811
   16.5965966     0.26668994     0.26656884
   16.6366366     0.18420915     0.18404400
   16.6766767     0.10763055     0.10749355
   16.7167167     0.06166511     0.06160080
   16.7567568     0.05131569     0.05129828
   16.7967968     0.06999679     0.06995682
   16.8368368     0.10135177     0.10125331
   16.8768769     0.12208609     0.12199593
   16.9169169     0.12156091     0.12158782
   16.9569570     0.11308206     0.11323188
   16.9969970     0.11317520     0.11333635
   17.0370370     0.12085732     0.12093388
   17.0770771     0.12949593     0.12950110
   17.1171171     0.14144639     0.14145511
   17.1571572     0.15483540     0.15487301
   17.1971972     0.15308569     0.15310260
   17.2372372     0.12540242     0.12536039
   17.2772773     0.08723751     0.08716860
   17.3173173     0.06732933     0.06729573
   17.3573574     0.07975455     0.07979652
   17.3973974     0.11427668     0.11440307
   17.4374374     0.14898661     0.14916539
   17.4774775     0.16897726     0.16912604
   17.5175175     0.17491773     0.17494578
   17.5575576     0.17672759     0.17660622
   17.5975976     0.18261283     0.18239141
   17.6376376     0.19579571     0.19555524
   17.6776777     0.21620340     0.21601992
   17.7177177     0.23564673     0.23558511
   17.7577578     0.23437614     0.23445118
   17.7977978     0.19880168     0.19893566
   17.8378378     0.14196995     0.14205458
   17.8778779     0.09268418     0.09267731
   17.9179179     0.06928701     0.06921437
   17.9579580     0.07007290     0.06998889
   17.9979980     0.07996870     0.07994710
   18.0380380     0.08572824     0.08583591
   18.0780781     0.08962148     0.08985734
   18.1181181     0.10278430     0.10305275
   18.1581582     0.12572808     0.12590068
   18.1981982     0.14560369     0.14561968
   18.2382382     0.15127000     0.15116473
   18.2782783     0.14368397     0.14352816
   18.3183183     0.13435812     0.13420059
   18.3583584     0.13661348     0.13647864
   18.3983984     0.15433769     0.15425610
   18.4384384     0.17950675     0.17952963
   18.4784785     0.20127556     0.20142128
   18.5185185     0.21142878     0.21161844
   18.5585586     0.20348364     0.20359163
   18.5985986     0.17745768     0.17743514
   18.6386386     0.14469078     0.14461329
   18.6786787     0.12019382     0.12019044
   18.7187187     0.11170710     0.11181740
   18.7587588     0.11804283     0.11813891
   18.7987988     0.13348606     0.13342416
   18.8388388     0.15301439     0.15285229
   18.8788789     0.17212947     0.17203320
   18.9189189     0.18107777     0.18104790
   18.9589590     0.17075468     0.17064453
   18.9989990     0.14932678     0.14908082
   19.0390390     0.13871597     0.13842287
   19.0790791     0.14711660     0.14691543
   19.1191191     0.15731599     0.15736391
   19.1591592     0.15199208     0.15238008
   19.1991992     0.13892632     0.13949887
   19.2392392     0.13655915     0.13693522
   19.2792793     0.14382002     0.14374202
   19.3193193     0.14061952     0.14021845
   19.3593594     0.11496982     0.11457413
   19.3993994     0.07716188     0.07694713
   19.4394394     0.04661408     0.04654508
   19.4794795     0.03296846     0.03296696
   19.5195195     0.03173545     0.03177917
   19.5595596     0.03377136     0.03386452
   19.5995996     0.03579473     0.03593028
   19.6396396     0.04150012     0.04167994
   19.6796797     0.05521652     0.05548381
   19.7197197     0.07677728     0.07718846
   19.7597598     0.10026939     0.10077021
   19.7997998     0.11448538     0.11481169
   19.8398398     0.10825364     0.10812295
   19.8798799     0.08251644     0.08198485
   19.9199199     0.05448358     0.05391233
   19.9599600     0.04397591     0.04360816
   20.0000000     0.05814828     0.05788778
