              -1422.5547855265
          0.000041247      -0.000000000      -0.000000000
          0.000000000       0.000041247      -0.000000000
         -0.000000000      -0.000000000      -0.000015614
           6
  1    28       0.000000021      -0.000000015      -0.000943214  Ni
  2    25       0.000000048      -0.000000024       0.000398095  Mn
  2    25      -0.000000031      -0.000000008      -0.001516921  Mn
  2    25       0.000000034      -0.000000010      -0.001308240  Mn
  2    25       0.000000084       0.000000036       0.001889809  Mn
  2    25      -0.000000033      -0.000000016       0.001070646  Mn
