#
#   partial DOS for atom species: Mn
#
#   Add data for atom_index =   6,  n,l,m,z=  4  0  0  1
#   Add data for atom_index =   6,  n,l,m,z=  4  0  0  2
#   Add data for atom_index =   6,  n,l,m,z=  4  0  0  3
#   Add data for atom_index =   7,  n,l,m,z=  4  0  0  1
#   Add data for atom_index =   7,  n,l,m,z=  4  0  0  2
#   Add data for atom_index =   7,  n,l,m,z=  4  0  0  3
#   Add data for atom_index =   8,  n,l,m,z=  4  0  0  1
#   Add data for atom_index =   8,  n,l,m,z=  4  0  0  2
#   Add data for atom_index =   8,  n,l,m,z=  4  0  0  3
#
#    Energy          spin 1        spin2
#
  -20.0000000     0.00000000     0.00000000
  -19.9599600     0.00000000     0.00000000
  -19.9199199     0.00000000     0.00000000
  -19.8798799     0.00000000     0.00000000
  -19.8398398     0.00000000     0.00000000
  -19.7997998     0.00000000     0.00000000
  -19.7597598     0.00000000     0.00000000
  -19.7197197     0.00000000     0.00000000
  -19.6796797     0.00000000     0.00000000
  -19.6396396     0.00000000     0.00000000
  -19.5995996     0.00000000     0.00000000
  -19.5595596     0.00000000     0.00000000
  -19.5195195     0.00000000     0.00000000
  -19.4794795     0.00000000     0.00000000
  -19.4394394     0.00000000     0.00000000
  -19.3993994     0.00000000     0.00000000
  -19.3593594     0.00000000     0.00000000
  -19.3193193     0.00000000     0.00000000
  -19.2792793     0.00000000     0.00000000
  -19.2392392     0.00000000     0.00000000
  -19.1991992     0.00000000     0.00000000
  -19.1591592     0.00000000     0.00000000
  -19.1191191     0.00000000     0.00000000
  -19.0790791     0.00000000     0.00000000
  -19.0390390     0.00000000     0.00000000
  -18.9989990     0.00000000     0.00000000
  -18.9589590     0.00000000     0.00000000
  -18.9189189     0.00000000     0.00000000
  -18.8788789     0.00000000     0.00000000
  -18.8388388     0.00000000     0.00000000
  -18.7987988     0.00000000     0.00000000
  -18.7587588     0.00000000     0.00000000
  -18.7187187     0.00000000     0.00000000
  -18.6786787     0.00000000     0.00000000
  -18.6386386     0.00000001     0.00000002
  -18.5985986     0.00000010     0.00000028
  -18.5585586     0.00000131     0.00000351
  -18.5185185     0.00001270     0.00003189
  -18.4784785     0.00008946     0.00021048
  -18.4384384     0.00045743     0.00100795
  -18.3983984     0.00169733     0.00350289
  -18.3583584     0.00457039     0.00883409
  -18.3183183     0.00893084     0.01616786
  -18.2782783     0.01266536     0.02147664
  -18.2382382     0.01304421     0.02073345
  -18.1981982     0.00981090     0.01470919
  -18.1581582     0.00563579     0.00837056
  -18.1181181     0.00327085     0.00593675
  -18.0780781     0.00346161     0.00811670
  -18.0380380     0.00511522     0.01241726
  -17.9979980     0.00632162     0.01481352
  -17.9579580     0.00577685     0.01293862
  -17.9179179     0.00384006     0.00821237
  -17.8778779     0.00185697     0.00381028
  -17.8378378     0.00067480     0.00146811
  -17.7977978     0.00025111     0.00130798
  -17.7577578     0.00008395     0.00354286
  -17.7177177    -0.00090955     0.00858439
  -17.6776777    -0.00479126     0.01463967
  -17.6376376    -0.01297004     0.01674075
  -17.5975976    -0.02272259     0.01149437
  -17.5575576    -0.02840329     0.00159033
  -17.5175175    -0.02953190    -0.00881589
  -17.4774775    -0.03357764    -0.02011848
  -17.4374374    -0.04542951    -0.03270087
  -17.3973974    -0.05753286    -0.04034035
  -17.3573574    -0.05717678    -0.03607210
  -17.3173173    -0.04226555    -0.02257012
  -17.2772773    -0.02301152    -0.00946160
  -17.2372372    -0.00923972    -0.00238017
  -17.1971972    -0.00271015    -0.00010527
  -17.1571572    -0.00028774     0.00077438
  -17.1171171     0.00163923     0.00354578
  -17.0770771     0.00676297     0.01297649
  -17.0370370     0.01912803     0.03479599
  -16.9969970     0.03917781     0.06773169
  -16.9569570     0.05812639     0.09556019
  -16.9169169     0.06197058     0.09715484
  -16.8768769     0.04526421     0.06880546
  -16.8368368     0.01538353     0.02653107
  -16.7967968    -0.01745906    -0.01306089
  -16.7567568    -0.04503029    -0.04118713
  -16.7167167    -0.05819657    -0.05149301
  -16.6766767    -0.05224773    -0.04226236
  -16.6366366    -0.03467960    -0.02229903
  -16.5965966    -0.01926023    -0.00538927
  -16.5565566    -0.01595276    -0.00136424
  -16.5165165    -0.03195996    -0.01647121
  -16.4764765    -0.07309523    -0.05568663
  -16.4364364    -0.13001168    -0.11258372
  -16.3963964    -0.16784569    -0.15667651
  -16.3563564    -0.15238264    -0.15126142
  -16.3163163    -0.09055807    -0.09508633
  -16.2762763    -0.02510300    -0.02815102
  -16.2362362     0.01079542     0.01140052
  -16.1961962     0.01694289     0.01902153
  -16.1561562     0.01044953     0.01197790
  -16.1161161     0.00404023     0.00467738
  -16.0760761     0.00049947     0.00059009
  -16.0360360    -0.00307364    -0.00331325
  -15.9959960    -0.01240905    -0.01261499
  -15.9559560    -0.03448265    -0.03283979
  -15.9159159    -0.07160659    -0.06381622
  -15.8758759    -0.11634362    -0.09772014
  -15.8358358    -0.15958144    -0.13018441
  -15.7957958    -0.19870856    -0.16593763
  -15.7557558    -0.22326276    -0.19774984
  -15.7157157    -0.20837059    -0.19588925
  -15.6756757    -0.14765304    -0.14497239
  -15.6356356    -0.07379262    -0.07382784
  -15.5955956    -0.02560289    -0.02489440
  -15.5555556    -0.01175475    -0.01045627
  -15.5155155    -0.01526657    -0.01332559
  -15.4754755    -0.01865427    -0.01605196
  -15.4354354    -0.01844528    -0.01696924
  -15.3953954    -0.02093839    -0.02219024
  -15.3553554    -0.02913680    -0.03146824
  -15.3153153    -0.03664073    -0.03646131
  -15.2752753    -0.03511078    -0.03126247
  -15.2352352    -0.02459635    -0.01947148
  -15.1951952    -0.01251012    -0.00877646
  -15.1551552    -0.00463731    -0.00275226
  -15.1151151    -0.00140736    -0.00004653
  -15.0750751    -0.00116551     0.00212231
  -15.0350350    -0.00364546     0.00546931
  -14.9949950    -0.01028222     0.00902305
  -14.9549550    -0.02151829     0.00879580
  -14.9149149    -0.03389068     0.00109875
  -14.8748749    -0.04252665    -0.01369952
  -14.8348348    -0.04765193    -0.03215557
  -14.7947948    -0.05364196    -0.04965023
  -14.7547548    -0.06001004    -0.05996071
  -14.7147147    -0.06034712    -0.05853388
  -14.6746747    -0.05261336    -0.04804106
  -14.6346346    -0.04380525    -0.03648785
  -14.5945946    -0.04242458    -0.03085259
  -14.5545546    -0.04999257    -0.03435079
  -14.5145145    -0.05872370    -0.04413715
  -14.4744745    -0.05736514    -0.05053388
  -14.4344344    -0.04321441    -0.04648981
  -14.3943944    -0.02656214    -0.03990791
  -14.3543544    -0.02323188    -0.05218213
  -14.3143143    -0.04881175    -0.10087156
  -14.2742743    -0.11277427    -0.17543376
  -14.2342342    -0.19910481    -0.23035635
  -14.1941942    -0.25906712    -0.22442378
  -14.1541542    -0.25576204    -0.17150379
  -14.1141141    -0.21497160    -0.12894180
  -14.0740741    -0.19595781    -0.13563993
  -14.0340340    -0.21444936    -0.17819042
  -13.9939940    -0.23114830    -0.21374599
  -13.9539540    -0.21875580    -0.21859559
  -13.9139139    -0.20384474    -0.21183363
  -13.8738739    -0.22329109    -0.22535877
  -13.8338338    -0.26430030    -0.25524232
  -13.7937938    -0.27601964    -0.26122540
  -13.7537538    -0.23301734    -0.21872368
  -13.7137137    -0.15984726    -0.14767868
  -13.6736737    -0.09313774    -0.08253342
  -13.6336336    -0.04797624    -0.03939764
  -13.5935936    -0.02383127    -0.01797479
  -13.5535536    -0.02080105    -0.01616338
  -13.5135135    -0.04491315    -0.03740238
  -13.4734735    -0.10035080    -0.08629335
  -13.4334334    -0.17086176    -0.15277753
  -13.3933934    -0.21690002    -0.20446203
  -13.3533534    -0.21004866    -0.20919447
  -13.3133133    -0.16274090    -0.16712038
  -13.2732733    -0.10935486    -0.11065391
  -13.2332332    -0.07364297    -0.07360962
  -13.1931932    -0.06177455    -0.06533019
  -13.1531532    -0.06631128    -0.07070596
  -13.1131131    -0.07084119    -0.06943997
  -13.0730731    -0.06258125    -0.05432936
  -13.0330330    -0.04285429    -0.03271076
  -12.9929930    -0.02187233    -0.01443096
  -12.9529530    -0.00634923    -0.00242283
  -12.9129129     0.00451641     0.00622010
  -12.8728729     0.01346139     0.01367835
  -12.8328328     0.01933902     0.01747651
  -12.7927928     0.01842993     0.01357947
  -12.7527528     0.01063611     0.00263709
  -12.7127127     0.00122013    -0.00950990
  -12.6726727    -0.00460557    -0.01741925
  -12.6326326    -0.00633460    -0.01946939
  -12.5925926    -0.00660383    -0.01664193
  -12.5525526    -0.00701054    -0.01084159
  -12.5125125    -0.00675538    -0.00439894
  -12.4724725    -0.00488868    -0.00103879
  -12.4324324    -0.00374132    -0.00979674
  -12.3923924    -0.01196496    -0.04526884
  -12.3523524    -0.04347038    -0.11082575
  -12.3123123    -0.10366094    -0.17781038
  -12.2722723    -0.16988266    -0.20319172
  -12.2322322    -0.20107923    -0.17815093
  -12.1921922    -0.18251742    -0.13492768
  -12.1521522    -0.14367689    -0.10287006
  -12.1121121    -0.11926727    -0.08838568
  -12.0720721    -0.11767039    -0.09473405
  -12.0320320    -0.13448675    -0.12616735
  -11.9919920    -0.16279234    -0.16822225
  -11.9519520    -0.18260864    -0.19151796
  -11.9119119    -0.17428775    -0.18451548
  -11.8718719    -0.14844741    -0.16386192
  -11.8318318    -0.13447353    -0.14697495
  -11.7917918    -0.13938873    -0.13054773
  -11.7517518    -0.14224573    -0.10135548
  -11.7117117    -0.12541738    -0.05910490
  -11.6716717    -0.09097621    -0.02022037
  -11.6316316    -0.05170776     0.00095418
  -11.5915916    -0.02062730     0.00597838
  -11.5515516    -0.00426259     0.00501354
  -11.5115115     0.00018556     0.00433580
  -11.4714715    -0.00031697     0.00390830
  -11.4314314    -0.00116820     0.00087967
  -11.3913914    -0.00137912    -0.00877101
  -11.3513514    -0.00225253    -0.02974527
  -11.3113113    -0.00751735    -0.06265219
  -11.2712713    -0.02459630    -0.09763723
  -11.2312312    -0.06146550    -0.11869135
  -11.1911912    -0.11485924    -0.11788622
  -11.1511512    -0.16185940    -0.10162603
  -11.1111111    -0.17448030    -0.08330873
  -11.0710711    -0.14677013    -0.07293525
  -11.0310310    -0.10003003    -0.07131165
  -10.9909910    -0.06116180    -0.07220860
  -10.9509510    -0.04212989    -0.07033789
  -10.9109109    -0.03843404    -0.06547570
  -10.8708709    -0.04051071    -0.05833022
  -10.8308308    -0.04390163    -0.04728731
  -10.7907908    -0.04941769    -0.03271836
  -10.7507508    -0.05620246    -0.02018944
  -10.7107107    -0.05939243    -0.01684217
  -10.6706707    -0.05619852    -0.02724642
  -10.6306306    -0.04972697    -0.05065279
  -10.5905906    -0.04522508    -0.07878079
  -10.5505506    -0.04597135    -0.09880233
  -10.5105105    -0.05157527    -0.10162156
  -10.4704705    -0.05877525    -0.08814882
  -10.4304304    -0.06716899    -0.06754938
  -10.3903904    -0.08044967    -0.04864263
  -10.3503504    -0.09592929    -0.03399480
  -10.3103103    -0.10087539    -0.02270557
  -10.2702703    -0.08724040    -0.01455397
  -10.2302302    -0.06187816    -0.00942254
  -10.1901902    -0.03727868    -0.00649799
  -10.1501502    -0.02064571    -0.00585538
  -10.1101101    -0.01385773    -0.00911962
  -10.0700701    -0.01643464    -0.01750584
  -10.0300300    -0.02600501    -0.02932573
   -9.9899900    -0.03808469    -0.04065112
   -9.9499500    -0.04632615    -0.04912377
   -9.9099099    -0.04495822    -0.05463400
   -9.8698699    -0.03401361    -0.05514279
   -9.8298298    -0.02052194    -0.04595619
   -9.7897898    -0.01130600    -0.02593974
   -9.7497497    -0.00708408    -0.00216985
   -9.7097097    -0.00628960     0.01441253
   -9.6696697    -0.01011095     0.01829307
   -9.6296296    -0.01933133     0.01294722
   -9.5895896    -0.02991775     0.00509592
   -9.5495496    -0.03603143    -0.00245413
   -9.5095095    -0.03540040    -0.01129801
   -9.4694695    -0.03009400    -0.02229565
   -9.4294294    -0.02404792    -0.03205030
   -9.3893894    -0.02037323    -0.03533636
   -9.3493494    -0.01948089    -0.03023273
   -9.3093093    -0.01906840    -0.02017107
   -9.2692693    -0.01651554    -0.01115197
   -9.2292292    -0.01225549    -0.00703756
   -9.1891892    -0.01030428    -0.00761069
   -9.1491491    -0.01375068    -0.01096859
   -9.1091091    -0.02028485    -0.01600059
   -9.0690691    -0.02449171    -0.02052000
   -9.0290290    -0.02393922    -0.01918588
   -8.9889890    -0.02056674    -0.00898525
   -8.9489490    -0.01701890     0.00399776
   -8.9089089    -0.01404976     0.01024323
   -8.8688689    -0.01101615     0.00831517
   -8.8288288    -0.00790999     0.00452541
   -8.7887888    -0.00689177     0.00326408
   -8.7487488    -0.01076045     0.00295832
   -8.7087087    -0.01940977    -0.00021347
   -8.6686687    -0.02915460    -0.00805860
   -8.6286286    -0.03635401    -0.01821857
   -8.5885886    -0.04022821    -0.02458275
   -8.5485485    -0.04098528    -0.02221711
   -8.5085085    -0.03784844    -0.01304925
   -8.4684685    -0.03151435    -0.00411818
   -8.4284284    -0.02562033    -0.00000955
   -8.3883884    -0.02252783     0.00020583
   -8.3483484    -0.02018668    -0.00083854
   -8.3083083    -0.01594149    -0.00228165
   -8.2682683    -0.01122635    -0.00409056
   -8.2282282    -0.01004525    -0.00505288
   -8.1881882    -0.01384876    -0.00368147
   -8.1481482    -0.01960888    -0.00035696
   -8.1081081    -0.02300440     0.00316679
   -8.0680681    -0.02238757     0.00579295
   -8.0280280    -0.01908946     0.00712801
   -7.9879880    -0.01496001     0.00629408
   -7.9479479    -0.01078692     0.00246938
   -7.9079079    -0.00683027    -0.00344379
   -7.8678679    -0.00376612    -0.00884285
   -7.8278278    -0.00255092    -0.01118225
   -7.7877878    -0.00366000    -0.00953903
   -7.7477478    -0.00635449    -0.00529419
   -7.7077077    -0.00858677    -0.00149234
   -7.6676677    -0.00857725    -0.00054043
   -7.6276276    -0.00659292    -0.00233470
   -7.5875876    -0.00400628    -0.00500879
   -7.5475475    -0.00107042    -0.00676636
   -7.5075075     0.00261856    -0.00652929
   -7.4674675     0.00563695    -0.00403076
   -7.4274274     0.00477735    -0.00009882
   -7.3873874    -0.00126800     0.00391674
   -7.3473473    -0.00932978     0.00729336
   -7.3073073    -0.01438682     0.00989880
   -7.2672673    -0.01438870     0.01137626
   -7.2272272    -0.01123866     0.01135402
   -7.1871872    -0.00770265     0.01046952
   -7.1471472    -0.00518144     0.01038195
   -7.1071071    -0.00412577     0.01207387
   -7.0670671    -0.00432511     0.01431845
   -7.0270270    -0.00457021     0.01468986
   -6.9869870    -0.00386879     0.01220683
   -6.9469470    -0.00290564     0.00827009
   -6.9069069    -0.00308579     0.00491459
   -6.8668669    -0.00459495     0.00276229
   -6.8268268    -0.00596886     0.00089374
   -6.7867868    -0.00525186    -0.00167100
   -6.7467467    -0.00187151    -0.00461176
   -6.7067067     0.00209373    -0.00649821
   -6.6666667     0.00312795    -0.00663929
   -6.6266266    -0.00011240    -0.00660854
   -6.5865866    -0.00480668    -0.00928422
   -6.5465466    -0.00696912    -0.01604471
   -6.5065065    -0.00579425    -0.02500800
   -6.4664665    -0.00344855    -0.03231820
   -6.4264264    -0.00174883    -0.03487733
   -6.3863864    -0.00095341    -0.03158777
   -6.3463464    -0.00077905    -0.02338970
   -6.3063063    -0.00096837    -0.01311620
   -6.2662663    -0.00132350    -0.00447847
   -6.2262262    -0.00198595    -0.00045012
   -6.1861862    -0.00320744    -0.00183096
   -6.1461461    -0.00429933    -0.00627929
   -6.1061061    -0.00342429    -0.00954414
   -6.0660661     0.00078441    -0.00935221
   -6.0260260     0.00751325    -0.00732005
   -5.9859860     0.01388021    -0.00600500
   -5.9459459     0.01681417    -0.00569179
   -5.9059059     0.01536385    -0.00522586
   -5.8658659     0.01133632    -0.00441639
   -5.8258258     0.00743278    -0.00402362
   -5.7857858     0.00502266    -0.00406578
   -5.7457458     0.00382151    -0.00349021
   -5.7057057     0.00320303    -0.00149960
   -5.6656657     0.00310334     0.00152109
   -5.6256256     0.00316283     0.00452485
   -5.5855856     0.00202018     0.00676976
   -5.5455455    -0.00074351     0.00793339
   -5.5055055    -0.00254888     0.00764983
   -5.4654655     0.00038962     0.00553349
   -5.4254254     0.00888271     0.00157747
   -5.3853854     0.01892409    -0.00398664
   -5.3453453     0.02513060    -0.01102861
   -5.3053053     0.02610696    -0.01876700
   -5.2652653     0.02422175    -0.02463531
   -5.2252252     0.02071342    -0.02564701
   -5.1851852     0.01434659    -0.02251186
   -5.1451452     0.00437124    -0.02105960
   -5.1051051    -0.00725751    -0.02641343
   -5.0650651    -0.01626167    -0.03580027
   -5.0250250    -0.01929054    -0.04057647
   -4.9849850    -0.01799198    -0.03597450
   -4.9449449    -0.01781371    -0.02548320
   -4.9049049    -0.02104962    -0.01527805
   -4.8648649    -0.02351198    -0.00821330
   -4.8248248    -0.01995957    -0.00389137
   -4.7847848    -0.01052802    -0.00145081
   -4.7447447     0.00007922    -0.00122450
   -4.7047047     0.00736040    -0.00449284
   -4.6646647     0.00907236    -0.01130665
   -4.6246246     0.00571613    -0.01858035
   -4.5845846     0.00126533    -0.02215435
   -4.5445445     0.00013454    -0.02151306
   -4.5045045     0.00143258    -0.02042668
   -4.4644645    -0.00109489    -0.02218074
   -4.4244244    -0.01233495    -0.02656135
   -4.3843844    -0.03050082    -0.03125574
   -4.3443443    -0.04832553    -0.03315236
   -4.3043043    -0.05875526    -0.02934364
   -4.2642643    -0.05949311    -0.02001876
   -4.2242242    -0.05231166    -0.00946740
   -4.1841842    -0.04024157    -0.00229677
   -4.1441441    -0.02703031     0.00040762
   -4.1041041    -0.01673361     0.00057527
   -4.0640641    -0.01133124     0.00019761
   -4.0240240    -0.00935811    -0.00048891
   -3.9839840    -0.00789505    -0.00266136
   -3.9439439    -0.00576051    -0.00733902
   -3.9039039    -0.00408797    -0.01443675
   -3.8638639    -0.00397877    -0.02376554
   -3.8238238    -0.00477099    -0.03537163
   -3.7837838    -0.00506697    -0.04641802
   -3.7437437    -0.00469213    -0.05037945
   -3.7037037    -0.00496300    -0.04354874
   -3.6636637    -0.00757315    -0.02957865
   -3.6236236    -0.01372999    -0.01514315
   -3.5835836    -0.02303147    -0.00510267
   -3.5435435    -0.03217531    -0.00194150
   -3.5035035    -0.03670675    -0.00530120
   -3.4634635    -0.03538208    -0.01183050
   -3.4234234    -0.03098849    -0.01722151
   -3.3833834    -0.02671575    -0.01843592
   -3.3433433    -0.02376276    -0.01497708
   -3.3033033    -0.02172413    -0.00915147
   -3.2632633    -0.01978331    -0.00473926
   -3.2232232    -0.01805296    -0.00483257
   -3.1831832    -0.01790652    -0.01018853
   -3.1431431    -0.02066745    -0.01850265
   -3.1031031    -0.02599718    -0.02500479
   -3.0630631    -0.03122770    -0.02542130
   -3.0230230    -0.03238916    -0.01970761
   -2.9829830    -0.02724288    -0.01183529
   -2.9429429    -0.01788515    -0.00552483
   -2.9029029    -0.00919919    -0.00165076
   -2.8628629    -0.00449622     0.00046453
   -2.8228228    -0.00340745     0.00130967
   -2.7827828    -0.00338399     0.00105705
   -2.7427427    -0.00242603    -0.00011118
   -2.7027027    -0.00057439    -0.00191637
   -2.6626627     0.00079020    -0.00405503
   -2.6226226     0.00047368    -0.00664809
   -2.5825826    -0.00177173    -0.01027213
   -2.5425425    -0.00528972    -0.01492392
   -2.5025025    -0.00909048    -0.01985979
   -2.4624625    -0.01230773    -0.02501488
   -2.4224224    -0.01391296    -0.03038963
   -2.3823824    -0.01301536    -0.03333540
   -2.3423423    -0.01038583    -0.03007213
   -2.3023023    -0.00849955    -0.02104807
   -2.2622623    -0.00919514    -0.01136840
   -2.2222222    -0.01255284    -0.00551273
   -2.1821822    -0.01843498    -0.00411834
   -2.1421421    -0.02672259    -0.00507578
   -2.1021021    -0.03471450    -0.00565290
   -2.0620621    -0.03736837    -0.00433033
   -2.0220220    -0.03243481    -0.00179389
   -1.9819820    -0.02292406     0.00016978
   -1.9419419    -0.01360825     0.00059904
   -1.9019019    -0.00738205    -0.00055678
   -1.8618619    -0.00464611    -0.00389156
   -1.8218218    -0.00427658    -0.01085959
   -1.7817818    -0.00522619    -0.02183993
   -1.7417417    -0.00784250    -0.03459761
   -1.7017017    -0.01393642    -0.04592725
   -1.6616617    -0.02553614    -0.05329657
   -1.6216216    -0.04178503    -0.05364522
   -1.5815816    -0.05577618    -0.04471936
   -1.5415415    -0.05819641    -0.02966253
   -1.5015015    -0.04761383    -0.01605794
   -1.4614615    -0.03361073    -0.00918334
   -1.4214214    -0.02650601    -0.00853508
   -1.3813814    -0.02724232    -0.01031988
   -1.3413413    -0.03018484    -0.01184207
   -1.3013013    -0.03273608    -0.01364946
   -1.2612613    -0.03715395    -0.01772843
   -1.2212212    -0.04379749    -0.02445606
   -1.1811812    -0.04826336    -0.03236185
   -1.1411411    -0.04591461    -0.03975053
   -1.1011011    -0.03668808    -0.04407799
   -1.0610611    -0.02613401    -0.04118133
   -1.0210210    -0.02141191    -0.02963778
   -0.9809810    -0.02424542    -0.01410265
   -0.9409409    -0.02887246     0.00030973
   -0.9009009    -0.02837245     0.01312703
   -0.8608609    -0.02108172     0.02367551
   -0.8208208    -0.00980471     0.02700188
   -0.7807808     0.00211107     0.02014787
   -0.7407407     0.01215356     0.00771857
   -0.7007007     0.01791062    -0.00334856
   -0.6606607     0.01724802    -0.01025344
   -0.6206206     0.01104072    -0.01253668
   -0.5805806     0.00400279    -0.00916933
   -0.5405405    -0.00039547    -0.00184170
   -0.5005005    -0.00414925     0.00273480
   -0.4604605    -0.01106241    -0.00115026
   -0.4204204    -0.01992753    -0.01077947
   -0.3803804    -0.02454576    -0.01748447
   -0.3403403    -0.02160954    -0.01811289
   -0.3003003    -0.01495225    -0.02049633
   -0.2602603    -0.01054526    -0.03304724
   -0.2202202    -0.01144390    -0.05062932
   -0.1801802    -0.01758301    -0.05734488
   -0.1401401    -0.02650078    -0.04546035
   -0.1001001    -0.03548426    -0.02471516
   -0.0600601    -0.04363491    -0.00977499
   -0.0200200    -0.04867505    -0.00586397
    0.0200200    -0.04586803    -0.00868927
    0.0600601    -0.03512221    -0.01158666
    0.1001001    -0.02287138    -0.01116893
    0.1401401    -0.01370330    -0.00903663
    0.1801802    -0.00740999    -0.00819850
    0.2202202    -0.00569654    -0.00833524
    0.2602603    -0.01448412    -0.00549098
    0.3003003    -0.03529608     0.00519753
    0.3403403    -0.05700718     0.02571953
    0.3803804    -0.06230691     0.05042389
    0.4204204    -0.04406680     0.06682246
    0.4604605    -0.01076747     0.06711340
    0.5005005     0.02320696     0.05707685
    0.5405405     0.04697827     0.04759799
    0.5805806     0.05589015     0.04132105
    0.6206206     0.05148414     0.03395760
    0.6606607     0.04017026     0.02405344
    0.7007007     0.02905411     0.01504157
    0.7407407     0.02033077     0.01028410
    0.7807808     0.01258949     0.00994756
    0.8208208     0.00789768     0.01151792
    0.8608609     0.01016181     0.01195097
    0.9009009     0.01638608     0.00952298
    0.9409409     0.01742891     0.00426774
    0.9809810     0.00825228    -0.00162897
    1.0210210    -0.00664137    -0.00435924
    1.0610611    -0.01777975    -0.00250606
    1.1011011    -0.01920061     0.00062019
    1.1411411    -0.01281317     0.00091010
    1.1811812    -0.00475616    -0.00288903
    1.2212212     0.00104290    -0.00941756
    1.2612613     0.00453561    -0.01413077
    1.3013013     0.00708432    -0.00871130
    1.3413413     0.00860023     0.01466041
    1.3813814     0.00560232     0.05662106
    1.4214214    -0.00647592     0.10623691
    1.4614615    -0.02527795     0.14377540
    1.5015015    -0.03758826     0.15641383
    1.5415415    -0.02951868     0.15090422
    1.5815816    -0.00114847     0.14098945
    1.6216216     0.03436265     0.13061527
    1.6616617     0.06707782     0.12098470
    1.7017017     0.09743017     0.12244630
    1.7417417     0.12368982     0.14500124
    1.7817818     0.13647086     0.17758427
    1.8218218     0.13565957     0.18904675
    1.8618619     0.14052962     0.15983363
    1.9019019     0.16853070     0.10407145
    1.9419419     0.20497896     0.05194262
    1.9819820     0.21006043     0.02095344
    2.0220220     0.16541664     0.01076533
    2.0620621     0.09676996     0.01529768
    2.1021021     0.04101803     0.03128892
    2.1421421     0.01046833     0.05743023
    2.1821822    -0.00435350     0.08752388
    2.2222222    -0.01445590     0.10576164
    2.2622623    -0.02125755     0.09782423
    2.3023023    -0.01704278     0.07110850
    2.3423423     0.00753691     0.05275571
    2.3823824     0.05360144     0.06249053
    2.4224224     0.10860987     0.09272426
    2.4624625     0.15243868     0.11589228
    2.5025025     0.17165649     0.11108202
    2.5425425     0.16405645     0.08096219
    2.5825826     0.13194765     0.04184915
    2.6226226     0.08281667     0.00934936
    2.6626627     0.03296664    -0.00379579
    2.7027027    -0.00071310     0.01054267
    2.7427427    -0.01216353     0.05254283
    2.7827828    -0.00714782     0.11364766
    2.8228228     0.00542142     0.17326676
    2.8628629     0.02241479     0.20117989
    2.9029029     0.04931625     0.18000181
    2.9429429     0.09388572     0.12605076
    2.9829830     0.14935989     0.07354564
    3.0230230     0.18588584     0.04121811
    3.0630631     0.17578415     0.02519953
    3.1031031     0.12820505     0.01562438
    3.1431431     0.08050837     0.00844902
    3.1831832     0.05701466     0.00463356
    3.2232232     0.05216079     0.00582021
    3.2632633     0.04936037     0.01212364
    3.3033033     0.04086732     0.02099871
    3.3433433     0.02902144     0.02776562
    3.3833834     0.01919010     0.02954297
    3.4234234     0.01619587     0.02933476
    3.4634635     0.02279232     0.03535963
    3.5035035     0.03669865     0.05446946
    3.5435435     0.05009933     0.08393723
    3.5835836     0.05739335     0.11044401
    3.6236236     0.06373656     0.11843433
    3.6636637     0.07617322     0.10074963
    3.7037037     0.08543325     0.06532833
    3.7437437     0.07352518     0.03064911
    3.7837838     0.04140073     0.01089177
    3.8238238     0.01046823     0.00833727
    3.8638639    -0.00289315     0.01853719
    3.9039039     0.00092568     0.03484770
    3.9439439     0.01457390     0.04861622
    3.9839840     0.03202854     0.05244906
    4.0240240     0.04773979     0.04524848
    4.0640641     0.05567336     0.03197269
    4.1041041     0.05203162     0.01964340
    4.1441441     0.03828994     0.01563256
    4.1841842     0.02092534     0.02875001
    4.2242242     0.00732819     0.06676539
    4.2642643     0.00226901     0.12437860
    4.3043043     0.00791084     0.17489688
    4.3443443     0.02393942     0.18967248
    4.3843844     0.04657918     0.16868601
    4.4244244     0.07277863     0.13606902
    4.4644645     0.10763964     0.10838701
    4.5045045     0.15645155     0.08572869
    4.5445445     0.20301006     0.06767769
    4.5845846     0.21393185     0.05779366
    4.6246246     0.17649913     0.05437148
    4.6646647     0.11478726     0.05109175
    4.7047047     0.06053287     0.04589850
    4.7447447     0.02616476     0.04084758
    4.7847848     0.00978069     0.03586129
    4.8248248     0.00786496     0.02879825
    4.8648649     0.01599045     0.01969173
    4.9049049     0.02642011     0.01160221
    4.9449449     0.03121026     0.00860539
    4.9849850     0.02728111     0.01439738
    5.0250250     0.01805123     0.03031503
    5.0650651     0.00989740     0.05059402
    5.1051051     0.00714538     0.06178523
    5.1451452     0.01017637     0.05451658
    5.1851852     0.01567588     0.03619821
    5.2252252     0.01809153     0.02552439
    5.2652653     0.01473906     0.03355081
    5.3053053     0.01059766     0.05368490
    5.3453453     0.01428064     0.07024446
    5.3853854     0.02873550     0.07362410
    5.4254254     0.04788692     0.06527532
    5.4654655     0.06088536     0.05130878
    5.5055055     0.05963715     0.03638898
    5.5455455     0.04500678     0.02340100
    5.5855856     0.02526512     0.01444155
    5.6256256     0.00793207     0.00965549
    5.6656657    -0.00449594     0.00615399
    5.7057057    -0.01100353     0.00019878
    5.7457458    -0.00841473    -0.00884578
    5.7857858     0.00511632    -0.01745357
    5.8258258     0.02335171    -0.02132909
    5.8658659     0.03379128    -0.01936500
    5.9059059     0.02958531    -0.01345743
    5.9459459     0.01608469    -0.00583261
    5.9859860     0.00400374     0.00169131
    6.0260260     0.00018208     0.00817145
    6.0660661     0.00494119     0.01427639
    6.1061061     0.01442968     0.01958776
    6.1461461     0.02399018     0.02106981
    6.1861862     0.02915431     0.01727129
    6.2262262     0.02620010     0.01074054
    6.2662663     0.01582500     0.00556080
    6.3063063     0.00385187     0.00496032
    6.3463464    -0.00461962     0.00956288
    6.3863864    -0.00813839     0.01750635
    6.4264264    -0.00541789     0.02717571
    6.4664665     0.00515477     0.03685920
    6.5065065     0.02066493     0.04221676
    6.5465466     0.03282197     0.03912489
    6.5865866     0.03490290     0.02879119
    6.6266266     0.02825099     0.01657993
    6.6666667     0.02003350     0.00679373
    6.7067067     0.01529639     0.00112631
    6.7467467     0.01313467     0.00090673
    6.7867868     0.01009320     0.00738784
    6.8268268     0.00464794     0.01845149
    6.8668669    -0.00192628     0.02772359
    6.9069069    -0.00644987     0.03046825
    6.9469470    -0.00535444     0.02860989
    6.9869870     0.00215934     0.02668060
    7.0270270     0.01296787     0.02591105
    7.0670671     0.02447052     0.02521333
    7.1071071     0.03765302     0.02450948
    7.1471472     0.05147629     0.02459504
    7.1871872     0.05871289     0.02525953
    7.2272272     0.05469476     0.02516291
    7.2672673     0.04575514     0.02393955
    7.3073073     0.04159316     0.02334427
    7.3473473     0.04360870     0.02480990
    7.3873874     0.04593419     0.02650863
    7.4274274     0.04346396     0.02516412
    7.4674675     0.03548316     0.02062854
    7.5075075     0.02503055     0.01576247
    7.5475475     0.01659769     0.01214560
    7.5875876     0.01256757     0.00916387
    7.6276276     0.01147275     0.00672995
    7.6676677     0.01026638     0.00597199
    7.7077077     0.00779543     0.00718597
    7.7477478     0.00554362     0.00860087
    7.7877878     0.00548199     0.00782654
    7.8278278     0.00778734     0.00452442
    7.8678679     0.01034999     0.00124339
    7.9079079     0.01043256     0.00147344
    7.9479479     0.00718019     0.00680655
    7.9879880     0.00221524     0.01515333
    8.0280280    -0.00223790     0.02147991
    8.0680681    -0.00495969     0.02161779
    8.1081081    -0.00543281     0.01602751
    8.1481482    -0.00321254     0.00894034
    8.1881882     0.00132365     0.00398443
    8.2282282     0.00604056     0.00183084
    8.2682683     0.00813836     0.00146989
    8.3083083     0.00649582     0.00234478
    8.3483484     0.00228369     0.00562721
    8.3883884    -0.00249146     0.01427081
    8.4284284    -0.00593943     0.03029429
    8.4684685    -0.00611919     0.04983483
    8.5085085    -0.00131354     0.06286287
    8.5485485     0.00945762     0.06153200
    8.5885886     0.02644471     0.04765368
    8.6286286     0.04783169     0.02972496
    8.6686687     0.06647310     0.01499234
    8.7087087     0.07124353     0.00620360
    8.7487488     0.05735612     0.00338986
    8.7887888     0.03337000     0.00527465
    8.8288288     0.01298547     0.00878647
    8.8688689     0.00293111     0.01019547
    8.9089089     0.00135474     0.00802394
    8.9489490     0.00256769     0.00315944
    8.9889890     0.00033447    -0.00346480
    9.0290290    -0.00827592    -0.01044169
    9.0690691    -0.01811510    -0.01412613
    9.1091091    -0.01931360    -0.01127676
    9.1491491    -0.00904666    -0.00287868
    9.1891892     0.00455125     0.00715940
    9.2292292     0.01218855     0.01496145
    9.2692693     0.01232929     0.01756943
    9.3093093     0.00913666     0.01455895
    9.3493494     0.00608222     0.00944255
    9.3893894     0.00419223     0.00763913
    9.4294294     0.00444697     0.01322338
    9.4694695     0.00944989     0.02672224
    9.5095095     0.02205329     0.04368848
    9.5495496     0.04135245     0.05596994
    9.5895896     0.06037728     0.05671046
    9.6296296     0.07056481     0.04539679
    9.6696697     0.06857799     0.02843708
    9.7097097     0.05685100     0.01398465
    9.7497497     0.04008062     0.00540982
    9.7897898     0.02323402     0.00017825
    9.8298298     0.00939696    -0.00515118
    9.8698699    -0.00194962    -0.00968272
    9.9099099    -0.01204121    -0.00867887
    9.9499500    -0.01885925     0.00027477
    9.9899900    -0.01918302     0.01267298
   10.0300300    -0.01374920     0.02031532
   10.0700701    -0.00691741     0.01928727
   10.1101101    -0.00154778     0.01324658
   10.1501502     0.00338257     0.00837350
   10.1901902     0.01022320     0.00735272
   10.2302302     0.01865968     0.00939803
   10.2702703     0.02511266     0.01404690
   10.3103103     0.02753477     0.02268502
   10.3503504     0.02919774     0.03558627
   10.3903904     0.03439797     0.04819176
   10.4304304     0.04233216     0.05338471
   10.4704705     0.04882217     0.04993864
   10.5105105     0.05153692     0.04519870
   10.5505506     0.05050117     0.04522091
   10.5905906     0.04697837     0.04669284
   10.6306306     0.04362497     0.04408796
   10.6706707     0.04184929     0.03952674
   10.7107107     0.03984748     0.03802302
   10.7507508     0.03643019     0.03735882
   10.7907908     0.03292888     0.03097678
   10.8308308     0.02926206     0.01863006
   10.8708709     0.02356565     0.00812440
   10.9109109     0.01686315     0.00751764
   10.9509510     0.01357768     0.01729424
   10.9909910     0.01726152     0.02879948
   11.0310310     0.02713405     0.03188152
   11.0710711     0.03692863     0.02503117
   11.1111111     0.03849957     0.01495319
   11.1511512     0.02975886     0.00764061
   11.1911912     0.01675203     0.00444987
   11.2312312     0.00665995     0.00476926
   11.2712713     0.00221743     0.00784604
   11.3113113     0.00246028     0.01241977
   11.3513514     0.00534029     0.01759811
   11.3913914     0.00965198     0.02454827
   11.4314314     0.01594370     0.03441821
   11.4714715     0.02530684     0.04360811
   11.5115115     0.03647927     0.04533263
   11.5515516     0.04434539     0.03811123
   11.5915916     0.04322613     0.02875506
   11.6316316     0.03349406     0.02600776
   11.6716717     0.02336207     0.03475544
   11.7117117     0.02215344     0.05421906
   11.7517518     0.03239238     0.07780221
   11.7917918     0.04851567     0.09676233
   11.8318318     0.06281545     0.10438809
   11.8718719     0.07132541     0.09643852
   11.9119119     0.07259158     0.07424866
   11.9519520     0.06570162     0.04824247
   11.9919920     0.05382637     0.03093896
   12.0320320     0.04413067     0.02621029
   12.0720721     0.04097700     0.02825625
   12.1121121     0.04412716     0.02927367
   12.1521522     0.05324707     0.02749891
   12.1921922     0.06685046     0.02858435
   12.2322322     0.07671220     0.03764400
   12.2722723     0.07224893     0.04960985
   12.3123123     0.05282769     0.05168874
   12.3523524     0.02907961     0.03876511
   12.3923924     0.01209752     0.02185159
   12.4324324     0.00671458     0.01581727
   12.4724725     0.01198431     0.02215003
   12.5125125     0.02239711     0.02964890
   12.5525526     0.03196314     0.03029254
   12.5925926     0.04151528     0.02812564
   12.6326326     0.05726463     0.03287181
   12.6726727     0.07772075     0.05040518
   12.7127127     0.08922869     0.07755973
   12.7527528     0.08171942     0.10087211
   12.7927928     0.06190820     0.10548458
   12.8328328     0.04380524     0.09051036
   12.8728729     0.03379031     0.06854521
   12.9129129     0.03063200     0.04930271
   12.9529530     0.03205509     0.03385214
   12.9929930     0.03517213     0.02256803
   13.0330330     0.03555094     0.01865507
   13.0730731     0.03171541     0.02498584
   13.1131131     0.02935498     0.04199225
   13.1531532     0.03755045     0.06744157
   13.1931932     0.05910523     0.09615916
   13.2332332     0.08474777     0.12075600
   13.2732733     0.10096898     0.13610574
   13.3133133     0.10515675     0.14199139
   13.3533534     0.10598412     0.13711965
   13.3933934     0.10826850     0.11782126
   13.4334334     0.10748863     0.08896776
   13.4734735     0.09839589     0.06432379
   13.5135135     0.07962478     0.04988350
   13.5535536     0.05266726     0.03840590
   13.5935936     0.02346094     0.02375356
   13.6336336     0.00218179     0.00967754
   13.6736737    -0.00324457     0.00183266
   13.7137137     0.00707919     0.00044904
   13.7537538     0.02550267     0.00371782
   13.7937938     0.04098107     0.01208592
   13.8338338     0.04574377     0.02631454
   13.8738739     0.04221137     0.04394304
   13.9139139     0.04107844     0.05896832
   13.9539540     0.04996747     0.06442105
   13.9939940     0.06531387     0.05733259
   14.0340340     0.07532858     0.04250225
   14.0740741     0.07072491     0.02924930
   14.1141141     0.05401639     0.02505144
   14.1541542     0.03718198     0.03328544
   14.1941942     0.02924384     0.05221718
   14.2342342     0.02911574     0.07231062
   14.2742743     0.03142926     0.07980720
   14.3143143     0.03435712     0.06928518
   14.3543544     0.03834473     0.04936945
   14.3943944     0.04244303     0.03304414
   14.4344344     0.04743389     0.02743558
   14.4744745     0.05721661     0.03283824
   14.5145145     0.07181938     0.04487985
   14.5545546     0.08494419     0.05654845
   14.5945946     0.09056352     0.06100002
   14.6346346     0.08555916     0.05490344
   14.6746747     0.06892808     0.04191980
   14.7147147     0.04555691     0.03213700
   14.7547548     0.02595656     0.03424617
   14.7947948     0.01747954     0.04757638
   14.8348348     0.01923935     0.06369478
   14.8748749     0.02678647     0.07560447
   14.9149149     0.03857237     0.08252036
   14.9549550     0.05440987     0.08607512
   14.9949950     0.06830978     0.08702369
   15.0350350     0.07054384     0.08601957
   15.0750751     0.06060893     0.08227071
   15.1151151     0.05143000     0.07272312
   15.1551552     0.05676812     0.05822898
   15.1951952     0.07737555     0.04656559
   15.2352352     0.09988799     0.04362700
   15.2752753     0.10853401     0.04616645
   15.3153153     0.09830586     0.04702767
   15.3553554     0.07628734     0.04365307
   15.3953954     0.05291462     0.03891490
   15.4354354     0.03500194     0.03634397
   15.4754755     0.02458246     0.03788785
   15.5155155     0.02112231     0.04610978
   15.5555556     0.02463356     0.06359585
   15.5955956     0.03645164     0.08581851
   15.6356356     0.05538902     0.09977541
   15.6756757     0.07324603     0.09737419
   15.7157157     0.07868270     0.08509472
   15.7557558     0.06887448     0.07377150
   15.7957958     0.05461045     0.06725591
   15.8358358     0.05122027     0.06728665
   15.8758759     0.06472256     0.07807929
   15.9159159     0.08718662     0.09708878
   15.9559560     0.10522585     0.11007896
   15.9959960     0.11075100     0.10452759
   16.0360360     0.10317076     0.08243396
   16.0760761     0.08591442     0.05512697
   16.1161161     0.06378543     0.03126605
   16.1561562     0.04145718     0.01258528
   16.1961962     0.02154456    -0.00124085
   16.2362362     0.00463422    -0.00426942
   16.2762763    -0.00617354     0.01406914
   16.3163163    -0.00250041     0.05109702
   16.3563564     0.02131506     0.08201251
   16.3963964     0.05649947     0.08336279
   16.4364364     0.08285864     0.05940059
   16.4764765     0.08648099     0.03358608
   16.5165165     0.07067019     0.02396890
   16.5565566     0.04965080     0.03517094
   16.5965966     0.03598815     0.06053582
   16.6366366     0.03379911     0.08274808
   16.6766767     0.04081468     0.08371919
   16.7167167     0.05257395     0.06180095
   16.7567568     0.06134201     0.03248844
   16.7967968     0.05782445     0.01144707
   16.8368368     0.04128957     0.00376976
   16.8768769     0.02235123     0.00658443
   16.9169169     0.01185261     0.01400712
   16.9569570     0.01202415     0.02026918
   16.9969970     0.01815543     0.02332124
   17.0370370     0.02434148     0.02598121
   17.0770771     0.02793329     0.03074840
   17.1171171     0.02943136     0.03352638
   17.1571572     0.02751950     0.02539918
   17.1971972     0.01652055     0.00250862
   17.2372372    -0.00680011    -0.02602639
   17.2772773    -0.03317171    -0.04153565
   17.3173173    -0.04432137    -0.03048159
   17.3573574    -0.03182913     0.00225504
   17.3973974    -0.00549920     0.03617439
   17.4374374     0.02111151     0.05198409
   17.4774775     0.04237364     0.04644747
   17.5175175     0.05466258     0.03186164
   17.5575576     0.05301738     0.02199548
   17.5975976     0.03917960     0.02091600
   17.6376376     0.02298030     0.02426746
   17.6776777     0.01283207     0.02682055
   17.7177177     0.01118050     0.02833822
   17.7577578     0.01854059     0.03323859
   17.7977978     0.03504527     0.04358411
   17.8378378     0.05596263     0.05448391
   17.8778779     0.07075322     0.05954889
   17.9179179     0.07208198     0.05732853
   17.9579580     0.06376668     0.04952123
   17.9979980     0.05432380     0.03856772
   18.0380380     0.04575901     0.02852437
   18.0780781     0.03542560     0.02225110
   18.1181181     0.02478690     0.01842750
   18.1581582     0.01893885     0.01596612
   18.1981982     0.02026586     0.01895827
   18.2382382     0.02744617     0.03388884
   18.2782783     0.03982328     0.06353917
   18.3183183     0.06023558     0.10323319
   18.3583584     0.08927340     0.14058402
   18.3983984     0.11645129     0.16164961
   18.4384384     0.12804401     0.15957334
   18.4784785     0.12495740     0.13590345
   18.5185185     0.11755900     0.09833862
   18.5585586     0.10676548     0.05990203
   18.5985986     0.08832164     0.03238506
   18.6386386     0.06715021     0.01773770
   18.6786787     0.05120528     0.00941368
   18.7187187     0.03981363     0.00000847
   18.7587588     0.02756574    -0.01357320
   18.7987988     0.01192042    -0.02728624
   18.8388388    -0.00665000    -0.03170950
   18.8788789    -0.02464902    -0.02191968
   18.9189189    -0.03439372    -0.00480943
   18.9589590    -0.02980558     0.00787239
   18.9989990    -0.01435955     0.01155391
   19.0390390     0.00227912     0.01077422
   19.0790791     0.01522052     0.01191007
   19.1191191     0.02726874     0.01743767
   19.1591592     0.04085904     0.02690248
   19.1991992     0.05112408     0.03909918
   19.2392392     0.05128314     0.04991313
   19.2792793     0.04279565     0.05204225
   19.3193193     0.03305288     0.04229727
   19.3593594     0.02525399     0.02678738
   19.3993994     0.01786985     0.01536852
   19.4394394     0.01101998     0.01365131
   19.4794795     0.00749617     0.02151439
   19.5195195     0.00962450     0.03507717
   19.5595596     0.01785773     0.04825584
   19.5995996     0.03006438     0.05666093
   19.6396396     0.04041360     0.06410234
   19.6796797     0.04223265     0.08100803
   19.7197197     0.03556573     0.10960749
   19.7597598     0.03094454     0.13588563
   19.7997998     0.04390805     0.14341125
   19.8398398     0.08247472     0.12811114
   19.8798799     0.13341249     0.09701938
   19.9199199     0.16556267     0.06314982
   19.9599600     0.15956736     0.04091953
   20.0000000     0.12804719     0.03723869
