#
#   partial DOS for atom species: Mn
#
#   Add data for atom_index =   8,  n,l,m,z=  3  2 -2  1
#   Add data for atom_index =   8,  n,l,m,z=  3  2 -1  1
#   Add data for atom_index =   8,  n,l,m,z=  3  2  0  1
#   Add data for atom_index =   8,  n,l,m,z=  3  2  1  1
#   Add data for atom_index =   8,  n,l,m,z=  3  2  2  1
#   Add data for atom_index =   8,  n,l,m,z=  3  2 -2  2
#   Add data for atom_index =   8,  n,l,m,z=  3  2 -1  2
#   Add data for atom_index =   8,  n,l,m,z=  3  2  0  2
#   Add data for atom_index =   8,  n,l,m,z=  3  2  1  2
#   Add data for atom_index =   8,  n,l,m,z=  3  2  2  2
#   Add data for atom_index =   8,  n,l,m,z=  3  2 -2  3
#   Add data for atom_index =   8,  n,l,m,z=  3  2 -1  3
#   Add data for atom_index =   8,  n,l,m,z=  3  2  0  3
#   Add data for atom_index =   8,  n,l,m,z=  3  2  1  3
#   Add data for atom_index =   8,  n,l,m,z=  3  2  2  3
#
#    Energy          spin 1        spin2
#
  -20.0000000     0.00000000     0.00000000
  -19.9599600     0.00000000     0.00000000
  -19.9199199     0.00000000     0.00000000
  -19.8798799     0.00000000     0.00000000
  -19.8398398     0.00000000     0.00000000
  -19.7997998     0.00000000     0.00000000
  -19.7597598     0.00000000     0.00000000
  -19.7197197     0.00000000     0.00000000
  -19.6796797     0.00000000     0.00000000
  -19.6396396     0.00000000     0.00000000
  -19.5995996     0.00000000     0.00000000
  -19.5595596     0.00000000     0.00000000
  -19.5195195     0.00000000     0.00000000
  -19.4794795     0.00000000     0.00000000
  -19.4394394     0.00000000     0.00000000
  -19.3993994     0.00000000     0.00000000
  -19.3593594     0.00000000     0.00000000
  -19.3193193     0.00000000     0.00000000
  -19.2792793     0.00000000     0.00000000
  -19.2392392     0.00000000     0.00000000
  -19.1991992     0.00000000     0.00000000
  -19.1591592     0.00000000     0.00000000
  -19.1191191     0.00000000     0.00000000
  -19.0790791     0.00000000     0.00000000
  -19.0390390     0.00000000     0.00000000
  -18.9989990     0.00000000     0.00000000
  -18.9589590     0.00000000     0.00000000
  -18.9189189     0.00000000     0.00000000
  -18.8788789     0.00000000     0.00000000
  -18.8388388     0.00000000     0.00000000
  -18.7987988     0.00000000     0.00000000
  -18.7587588     0.00000000     0.00000000
  -18.7187187     0.00000000     0.00000000
  -18.6786787     0.00000000     0.00000000
  -18.6386386     0.00000000     0.00000000
  -18.5985986     0.00000000     0.00000000
  -18.5585586     0.00000000     0.00000000
  -18.5185185     0.00000000     0.00000000
  -18.4784785     0.00000000     0.00000000
  -18.4384384     0.00000000     0.00000000
  -18.3983984     0.00000000     0.00000000
  -18.3583584     0.00000000     0.00000000
  -18.3183183     0.00000000     0.00000000
  -18.2782783     0.00000000     0.00000000
  -18.2382382     0.00000000     0.00000000
  -18.1981982     0.00000000     0.00000000
  -18.1581582     0.00000000     0.00000000
  -18.1181181     0.00000000     0.00000000
  -18.0780781     0.00000000     0.00000000
  -18.0380380     0.00000000     0.00000000
  -17.9979980     0.00000000     0.00000000
  -17.9579580     0.00000000     0.00000000
  -17.9179179     0.00000000     0.00000000
  -17.8778779     0.00000000     0.00000000
  -17.8378378     0.00000000     0.00000000
  -17.7977978     0.00000000     0.00000000
  -17.7577578     0.00000000     0.00000000
  -17.7177177     0.00000000     0.00000000
  -17.6776777     0.00000000     0.00000000
  -17.6376376     0.00000000     0.00000000
  -17.5975976     0.00000000     0.00000000
  -17.5575576     0.00000000     0.00000000
  -17.5175175     0.00000000     0.00000000
  -17.4774775     0.00000000     0.00000000
  -17.4374374     0.00000000     0.00000000
  -17.3973974     0.00000000     0.00000000
  -17.3573574     0.00000000     0.00000000
  -17.3173173     0.00000000     0.00000000
  -17.2772773     0.00000000     0.00000000
  -17.2372372     0.00000000     0.00000000
  -17.1971972     0.00000000     0.00000000
  -17.1571572     0.00000000     0.00000000
  -17.1171171     0.00000000     0.00000000
  -17.0770771     0.00000000     0.00000000
  -17.0370370     0.00000000     0.00000000
  -16.9969970     0.00000000     0.00000000
  -16.9569570     0.00000000     0.00000000
  -16.9169169     0.00000000     0.00000000
  -16.8768769     0.00000000     0.00000000
  -16.8368368     0.00000000     0.00000000
  -16.7967968     0.00000000     0.00000000
  -16.7567568     0.00000000     0.00000000
  -16.7167167     0.00000000     0.00000000
  -16.6766767     0.00000000     0.00000000
  -16.6366366     0.00000000     0.00000000
  -16.5965966     0.00000000     0.00000000
  -16.5565566     0.00000000     0.00000000
  -16.5165165     0.00000000     0.00000000
  -16.4764765     0.00000000     0.00000000
  -16.4364364     0.00000000     0.00000000
  -16.3963964     0.00000000     0.00000000
  -16.3563564     0.00000000     0.00000000
  -16.3163163     0.00000000     0.00000000
  -16.2762763     0.00000000     0.00000000
  -16.2362362     0.00000000     0.00000000
  -16.1961962     0.00000000     0.00000000
  -16.1561562     0.00000000     0.00000000
  -16.1161161     0.00000005     0.00000002
  -16.0760761     0.00000035     0.00000013
  -16.0360360     0.00000189     0.00000080
  -15.9959960     0.00000737     0.00000352
  -15.9559560     0.00002085     0.00001121
  -15.9159159     0.00004281     0.00002596
  -15.8758759     0.00006379     0.00004361
  -15.8358358     0.00006897     0.00005316
  -15.7957958     0.00005412     0.00004703
  -15.7557558     0.00003082     0.00003019
  -15.7157157     0.00001273     0.00001406
  -15.6756757     0.00000382     0.00000475
  -15.6356356     0.00000083     0.00000117
  -15.5955956     0.00000013     0.00000021
  -15.5555556     0.00000002     0.00000003
  -15.5155155     0.00000000     0.00000000
  -15.4754755    -0.00000000    -0.00000000
  -15.4354354    -0.00000003    -0.00000002
  -15.3953954    -0.00000028    -0.00000018
  -15.3553554    -0.00000206    -0.00000152
  -15.3153153    -0.00001118    -0.00000926
  -15.2752753    -0.00004399    -0.00004102
  -15.2352352    -0.00012556    -0.00013187
  -15.1951952    -0.00026024    -0.00030762
  -15.1551552    -0.00039233    -0.00052076
  -15.1151151    -0.00043396    -0.00063977
  -15.0750751    -0.00036599    -0.00057047
  -15.0350350    -0.00027120    -0.00036985
  -14.9949950    -0.00023295    -0.00017725
  -14.9549550    -0.00024159    -0.00007249
  -14.9149149    -0.00023027    -0.00004739
  -14.8748749    -0.00016989    -0.00006053
  -14.8348348    -0.00009230    -0.00007456
  -14.7947948    -0.00003650    -0.00006905
  -14.7547548    -0.00001055    -0.00004659
  -14.7147147    -0.00000281    -0.00002287
  -14.6746747    -0.00000457    -0.00000830
  -14.6346346    -0.00001889    -0.00000078
  -14.5945946    -0.00004790     0.00002075
  -14.5545546    -0.00001900     0.00013583
  -14.5145145     0.00033471     0.00053314
  -14.4744745     0.00135453     0.00139763
  -14.4344344     0.00288018     0.00253468
  -14.3943944     0.00398657     0.00323536
  -14.3543544     0.00390394     0.00293818
  -14.3143143     0.00295332     0.00192659
  -14.2742743     0.00197312     0.00097617
  -14.2342342     0.00130047     0.00053604
  -14.1941942     0.00080889     0.00052633
  -14.1541542     0.00041791     0.00063790
  -14.1141141     0.00016491     0.00062562
  -14.0740741     0.00004827     0.00045208
  -14.0340340     0.00001309     0.00023872
  -13.9939940     0.00002525     0.00010226
  -13.9539540     0.00014079     0.00010125
  -13.9139139     0.00060615     0.00036380
  -13.8738739     0.00189544     0.00122653
  -13.8338338     0.00429651     0.00303933
  -13.7937938     0.00704026     0.00546839
  -13.7537538     0.00825758     0.00713953
  -13.7137137     0.00668175     0.00676058
  -13.6736737     0.00314755     0.00462382
  -13.6336336    -0.00024939     0.00220388
  -13.5935936    -0.00203345     0.00048530
  -13.5535536    -0.00212576    -0.00055936
  -13.5135135    -0.00136746    -0.00120149
  -13.4734735    -0.00061374    -0.00143268
  -13.4334334    -0.00020045    -0.00120776
  -13.3933934    -0.00006409    -0.00074346
  -13.3533534    -0.00008816    -0.00037322
  -13.3133133    -0.00026030    -0.00031253
  -13.2732733    -0.00060727    -0.00067803
  -13.2332332    -0.00103160    -0.00149339
  -13.1931932    -0.00127185    -0.00246252
  -13.1531532    -0.00113774    -0.00295362
  -13.1131131    -0.00073661    -0.00257130
  -13.0730731    -0.00032994    -0.00162444
  -13.0330330    -0.00000836    -0.00074473
  -12.9929930     0.00048123    -0.00024754
  -12.9529530     0.00182674    -0.00005687
  -12.9129129     0.00524023     0.00001648
  -12.8728729     0.01213425     0.00017741
  -12.8328328     0.02264218     0.00085852
  -12.7927928     0.03352326     0.00298503
  -12.7527528     0.03913083     0.00749687
  -12.7127127     0.03710708     0.01356191
  -12.6726727     0.03132328     0.01758385
  -12.6326326     0.02637621     0.01620640
  -12.5925926     0.02248139     0.01051452
  -12.5525526     0.01872312     0.00498700
  -12.5125125     0.01721284     0.00284456
  -12.4724725     0.02030804     0.00451402
  -12.4324324     0.02645375     0.00914311
  -12.3923924     0.03249162     0.01506073
  -12.3523524     0.03883287     0.01928408
  -12.3123123     0.04913095     0.01913417
  -12.2722723     0.06428470     0.01566729
  -12.2322322     0.07769229     0.01426996
  -12.1921922     0.07978042     0.02015599
  -12.1521522     0.06964884     0.03227312
  -12.1121121     0.05610237     0.04194679
  -12.0720721     0.04542443     0.04048727
  -12.0320320     0.03756363     0.02877419
  -11.9919920     0.03342232     0.01593651
  -11.9519520     0.03513158     0.00972364
  -11.9119119     0.04184885     0.01180157
  -11.8718719     0.05619400     0.01950253
  -11.8318318     0.09244295     0.02765996
  -11.7917918     0.16535696     0.03042861
  -11.7517518     0.26580017     0.02536652
  -11.7117117     0.35349440     0.01582889
  -11.6716717     0.38126925     0.00747418
  -11.6316316     0.33233575     0.00340338
  -11.5915916     0.23611464     0.00383689
  -11.5515516     0.14539963     0.00856073
  -11.5115115     0.10046399     0.01832153
  -11.4714715     0.11571611     0.03438272
  -11.4314314     0.18685667     0.05508465
  -11.3913914     0.29989959     0.07166565
  -11.3513514     0.44583163     0.07364427
  -11.3113113     0.63261557     0.06215006
  -11.2712713     0.84299733     0.04986598
  -11.2312312     0.97461961     0.04532143
  -11.1911912     0.91297633     0.04617527
  -11.1511512     0.68372768     0.04743899
  -11.1111111     0.43769107     0.04824263
  -11.0710711     0.29324214     0.05242820
  -11.0310310     0.27013428     0.06710469
  -10.9909910     0.33679506     0.09917356
  -10.9509510     0.45225799     0.15155137
  -10.9109109     0.57764669     0.21727181
  -10.8708709     0.68102423     0.27302374
  -10.8308308     0.74061293     0.29047503
  -10.7907908     0.75031522     0.26247208
  -10.7507508     0.71923490     0.20783265
  -10.7107107     0.65331797     0.15077784
  -10.6706707     0.54716480     0.10849442
  -10.6306306     0.41884224     0.09476885
  -10.5905906     0.34055735     0.12336792
  -10.5505506     0.39939975     0.20051918
  -10.5105105     0.62037265     0.30523616
  -10.4704705     0.92222923     0.38463736
  -10.4304304     1.14414309     0.39519910
  -10.3903904     1.16005597     0.34994767
  -10.3503504     1.00105731     0.30433357
  -10.3103103     0.82596181     0.29880346
  -10.2702703     0.74476761     0.32692047
  -10.2302302     0.71856028     0.35144645
  -10.1901902     0.65649071     0.34299356
  -10.1501502     0.54553106     0.30251050
  -10.1101101     0.44267636     0.24888459
  -10.0700701     0.38879090     0.19718309
  -10.0300300     0.36969030     0.15733134
   -9.9899900     0.34882885     0.14331762
   -9.9499500     0.32398691     0.17058280
   -9.9099099     0.34049202     0.24036234
   -9.8698699     0.43859561     0.32831576
   -9.8298298     0.60250082     0.39612380
   -9.7897898     0.78019863     0.41918525
   -9.7497497     0.92547281     0.40114282
   -9.7097097     0.98503916     0.36154399
   -9.6696697     0.89880388     0.31678844
   -9.6296296     0.67648119     0.27950752
   -9.5895896     0.42607893     0.26701480
   -9.5495496     0.26154985     0.30006880
   -9.5095095     0.21978033     0.39164505
   -9.4694695     0.27543389     0.52029805
   -9.4294294     0.38900075     0.61487086
   -9.3893894     0.52672206     0.60622437
   -9.3493494     0.66298308     0.50076461
   -9.3093093     0.77675991     0.37120765
   -9.2692693     0.84672047     0.28542277
   -9.2292292     0.86307452     0.26604790
   -9.1891892     0.83879083     0.29914342
   -9.1491491     0.79437078     0.35989609
   -9.1091091     0.75232616     0.42330063
   -9.0690691     0.75323967     0.45773079
   -9.0290290     0.82612755     0.44026358
   -8.9889890     0.92293696     0.38795313
   -8.9489490     0.93659159     0.34135020
   -8.9089089     0.81685148     0.31330175
   -8.8688689     0.64031118     0.28901147
   -8.8288288     0.54537744     0.27233543
   -8.7887888     0.61049305     0.29006156
   -8.7487488     0.79769439     0.34724508
   -8.7087087     0.99947175     0.41051597
   -8.6686687     1.13360032     0.44311244
   -8.6286286     1.18360688     0.44220306
   -8.5885886     1.15792621     0.43459966
   -8.5485485     1.06728798     0.43905819
   -8.5085085     0.95684294     0.44456485
   -8.4684685     0.90074663     0.42960967
   -8.4284284     0.93809682     0.39444932
   -8.3883884     1.03211525     0.36775852
   -8.3483484     1.09418647     0.37603989
   -8.3083083     1.04548618     0.41029728
   -8.2682683     0.87152394     0.43374816
   -8.2282282     0.64235549     0.41769425
   -8.1881882     0.48021910     0.36308997
   -8.1481482     0.47106618     0.29801662
   -8.1081081     0.58658989     0.26011376
   -8.0680681     0.71042180     0.26982902
   -8.0280280     0.75441822     0.31812353
   -7.9879880     0.72995211     0.38801177
   -7.9479479     0.69603469     0.47075823
   -7.9079079     0.67842742     0.54042007
   -7.8678679     0.66633621     0.54864679
   -7.8278278     0.65632290     0.48618185
   -7.7877878     0.66435838     0.41322021
   -7.7477478     0.69155939     0.38723909
   -7.7077077     0.70287629     0.39578423
   -7.6676677     0.66559146     0.39379494
   -7.6276276     0.59488836     0.37215017
   -7.5875876     0.53632430     0.35599129
   -7.5475475     0.51033054     0.35707221
   -7.5075075     0.49706417     0.35583682
   -7.4674675     0.48549537     0.32889304
   -7.4274274     0.51471690     0.28137477
   -7.3873874     0.63148507     0.24903731
   -7.3473473     0.80603954     0.27732607
   -7.3073073     0.93010195     0.39448300
   -7.2672673     0.92455226     0.57462071
   -7.2272272     0.82161233     0.72375767
   -7.1871872     0.71898364     0.75448888
   -7.1471472     0.68429956     0.68824977
   -7.1071071     0.72120017     0.63509649
   -7.0670671     0.80435250     0.67181116
   -7.0270270     0.92855022     0.77594699
   -6.9869870     1.10341926     0.85902551
   -6.9469470     1.29441034     0.83922522
   -6.9069069     1.42571702     0.72016642
   -6.8668669     1.49050642     0.60271772
   -6.8268268     1.60234971     0.56700753
   -6.7867868     1.84625715     0.56920088
   -6.7467467     2.11700782     0.51370498
   -6.7067067     2.22153949     0.38525904
   -6.6666667     2.11931913     0.25328081
   -6.6266266     1.95145288     0.18293287
   -6.5865866     1.84050169     0.18473121
   -6.5465466     1.77748465     0.22771777
   -6.5065065     1.73716846     0.27960155
   -6.4664665     1.76527769     0.34779813
   -6.4264264     1.87520316     0.48416272
   -6.3863864     1.96004967     0.73273226
   -6.3463464     1.87211532     1.06605986
   -6.3063063     1.57717641     1.36662956
   -6.2662663     1.20313219     1.47825564
   -6.2262262     0.90309363     1.33374003
   -6.1861862     0.70344910     1.04682987
   -6.1461461     0.53031832     0.80724021
   -6.1061061     0.34210674     0.68633252
   -6.0660661     0.17341334     0.61189817
   -6.0260260     0.06631666     0.51282629
   -5.9859860     0.01951333     0.42473367
   -5.9459459     0.00808893     0.44143810
   -5.9059059     0.01602324     0.58539170
   -5.8658659     0.04111887     0.75975399
   -5.8258258     0.07956942     0.85023537
   -5.7857858     0.11242574     0.83722288
   -5.7457458     0.11589855     0.77478179
   -5.7057057     0.08732804     0.71899278
   -5.6656657     0.04847079     0.71271489
   -5.6256256     0.02097896     0.77826060
   -5.5855856     0.01150733     0.88668891
   -5.5455455     0.02183504     0.95459719
   -5.5055055     0.06259447     0.89544287
   -5.4654655     0.14660176     0.69820621
   -5.4254254     0.25989685     0.45550775
   -5.3853854     0.34951650     0.28494962
   -5.3453453     0.36824092     0.22803367
   -5.3053053     0.32613322     0.25553968
   -5.2652653     0.26566385     0.35308524
   -5.2252252     0.20462966     0.54756434
   -5.1851852     0.14101452     0.83203398
   -5.1451452     0.08677572     1.09826174
   -5.1051051     0.06034766     1.19243434
   -5.0650651     0.06310837     1.07491006
   -5.0250250     0.08186491     0.90309617
   -4.9849850     0.10230973     0.90111207
   -4.9449449     0.11223507     1.15677077
   -4.9049049     0.10395102     1.56521862
   -4.8648649     0.08086537     1.93413145
   -4.8248248     0.05453441     2.12413637
   -4.7847848     0.03432474     2.13226893
   -4.7447447     0.02386034     2.07507152
   -4.7047047     0.02269236     2.03564120
   -4.6646647     0.02805931     1.94870352
   -4.6246246     0.04010412     1.76013875
   -4.5845846     0.06571758     1.59817717
   -4.5445445     0.10810559     1.61165859
   -4.5045045     0.15258215     1.77421688
   -4.4644645     0.17844389     1.98014945
   -4.4244244     0.18595669     2.15423418
   -4.3843844     0.19152633     2.17803817
   -4.3443443     0.19791550     1.91918449
   -4.3043043     0.19313887     1.41907119
   -4.2642643     0.17971528     0.90228750
   -4.2242242     0.18047346     0.57486093
   -4.1841842     0.20275503     0.50279436
   -4.1441441     0.21828819     0.62730719
   -4.1041041     0.20017355     0.78591835
   -4.0640641     0.15966797     0.79070990
   -4.0240240     0.12406428     0.59493624
   -3.9839840     0.09903070     0.32847796
   -3.9439439     0.07336061     0.13460895
   -3.9039039     0.04435486     0.05069629
   -3.8638639     0.02042475     0.04658992
   -3.8238238     0.00714047     0.09122427
   -3.7837838     0.00294035     0.15999566
   -3.7437437     0.00559652     0.22231095
   -3.7037037     0.01675172     0.25202374
   -3.6636637     0.03845508     0.24583905
   -3.6236236     0.06450695     0.22772308
   -3.5835836     0.07959800     0.23254964
   -3.5435435     0.07503870     0.26687878
   -3.5035035     0.06203015     0.29417682
   -3.4634635     0.05905109     0.28945215
   -3.4234234     0.06831681     0.28358444
   -3.3833834     0.07423414     0.30950754
   -3.3433433     0.06527200     0.33834358
   -3.3033033     0.04850247     0.32255947
   -3.2632633     0.03859078     0.27035632
   -3.2232232     0.03987913     0.22253148
   -3.1831832     0.04481131     0.18676104
   -3.1431431     0.04471023     0.14772557
   -3.1031031     0.03723266     0.11785764
   -3.0630631     0.02666893     0.13456681
   -3.0230230     0.02059930     0.21245789
   -2.9829830     0.02408328     0.31353625
   -2.9429429     0.03406588     0.36910543
   -2.9029029     0.04046809     0.34133661
   -2.8628629     0.03588390     0.26427811
   -2.8228228     0.02320607     0.21386898
   -2.7827828     0.01090027     0.24067118
   -2.7427427     0.00371873     0.33868158
   -2.7027027     0.00095045     0.46430660
   -2.6626627     0.00041996     0.56265457
   -2.6226226     0.00153737     0.57983283
   -2.5825826     0.00654427     0.48827710
   -2.5425425     0.02049185     0.32273564
   -2.5025025     0.04658198     0.16230084
   -2.4624625     0.07685306     0.06086688
   -2.4224224     0.09205019     0.01685849
   -2.3823824     0.08019829     0.00373509
   -2.3423423     0.05155721     0.00264729
   -2.3023023     0.02689798     0.01013249
   -2.2622623     0.01699794     0.03437186
   -2.2222222     0.01843036     0.08504926
   -2.1821822     0.02191857     0.15277385
   -2.1421421     0.02124963     0.19947734
   -2.1021021     0.01728209     0.19101197
   -2.0620621     0.01432497     0.14164591
   -2.0220220     0.01361326     0.10513149
   -1.9819820     0.01257363     0.12162144
   -1.9419419     0.00939817     0.18212162
   -1.9019019     0.00528205     0.23774461
   -1.8618619     0.00218895     0.24487830
   -1.8218218     0.00066693     0.20413878
   -1.7817818     0.00014980     0.14775525
   -1.7417417     0.00002501     0.10036783
   -1.7017017     0.00000386     0.06664096
   -1.6616617     0.00000849     0.04266822
   -1.6216216     0.00006536     0.02492150
   -1.5815816     0.00037937     0.01233040
   -1.5415415     0.00160790     0.00484779
   -1.5015015     0.00500337     0.00145447
   -1.4614615     0.01156465     0.00032620
   -1.4214214     0.02030628     0.00005421
   -1.3813814     0.02813468     0.00000666
   -1.3413413     0.03227917     0.00000061
   -1.3013013     0.03168024     0.00000022
   -1.2612613     0.02631854     0.00000257
   -1.2212212     0.01771670     0.00002715
   -1.1811812     0.00926158     0.00020906
   -1.1411411     0.00380823     0.00117411
   -1.1011011     0.00198089     0.00482328
   -1.0610611     0.00350873     0.01456301
   -1.0210210     0.00842746     0.03255530
   -0.9809810     0.01561543     0.05450110
   -0.9409409     0.02138645     0.06965209
   -0.9009009     0.02245453     0.07061231
   -0.8608609     0.02036212     0.06175408
   -0.8208208     0.01949283     0.05336361
   -0.7807808     0.02050807     0.04867216
   -0.7407407     0.01963822     0.04226991
   -0.7007007     0.01474249     0.03158669
   -0.6606607     0.00820904     0.02347560
   -0.6206206     0.00333775     0.02725968
   -0.5805806     0.00098713     0.04407388
   -0.5405405     0.00021531     0.06330454
   -0.5005005     0.00006534     0.07163341
   -0.4604605     0.00022960     0.06741878
   -0.4204204     0.00114730     0.05976812
   -0.3803804     0.00423134     0.05294726
   -0.3403403     0.01136480     0.04267934
   -0.3003003     0.02239427     0.02769456
   -0.2602603     0.03317566     0.01354244
   -0.2202202     0.03959103     0.00486610
   -0.1801802     0.04365159     0.00127403
   -0.1401401     0.04953968     0.00024320
   -0.1001001     0.05384895     0.00004400
   -0.0600601     0.04877878     0.00009863
   -0.0200200     0.03542171     0.00062633
    0.0200200     0.02582958     0.00298739
    0.0600601     0.03272566     0.01035029
    0.1001001     0.06127567     0.02603955
    0.1401401     0.10462001     0.04757498
    0.1801802     0.14182266     0.06316275
    0.2202202     0.14965716     0.06118825
    0.2602603     0.12775330     0.04441713
    0.3003003     0.10466415     0.02803597
    0.3403403     0.10707510     0.02378801
    0.3803804     0.12954146     0.03034317
    0.4204204     0.14467153     0.03696121
    0.4604605     0.13680953     0.03477592
    0.5005005     0.11456835     0.02587475
    0.5405405     0.09387268     0.02169517
    0.5805806     0.08138176     0.03448411
    0.6206206     0.07517540     0.06891586
    0.6606607     0.07092352     0.11412200
    0.7007007     0.06506300     0.14516918
    0.7407407     0.05731091     0.14553630
    0.7807808     0.04936460     0.12932646
    0.8208208     0.04125135     0.12766412
    0.8608609     0.03311737     0.15064929
    0.9009009     0.02743063     0.17486200
    0.9409409     0.02480055     0.17345047
    0.9809810     0.02171694     0.14686914
    1.0210210     0.01568533     0.11427484
    1.0610611     0.00875316     0.08771120
    1.1011011     0.00446118     0.06821910
    1.1411411     0.00476102     0.05532196
    1.1811812     0.01016649     0.04816837
    1.2212212     0.01916657     0.04373561
    1.2612613     0.02669570     0.03911254
    1.3013013     0.02702244     0.03376573
    1.3413413     0.01985730     0.02957171
    1.3813814     0.01063117     0.02778654
    1.4214214     0.00437611     0.02589870
    1.4614615     0.00236280     0.02071434
    1.5015015     0.00408036     0.01374854
    1.5415415     0.00902860     0.01034991
    1.5815816     0.01554766     0.01460882
    1.6216216     0.01989308     0.02548695
    1.6616617     0.01896291     0.03577494
    1.7017017     0.01404168     0.03696330
    1.7417417     0.01049570     0.02791676
    1.7817818     0.01410308     0.01604556
    1.8218218     0.02714089     0.00928182
    1.8618619     0.04495230     0.01025511
    1.9019019     0.05773037     0.01661605
    1.9419419     0.06109788     0.02292836
    1.9819820     0.06208276     0.02381689
    2.0220220     0.06900281     0.01838186
    2.0620621     0.08267829     0.01071663
    2.1021021     0.10316689     0.00546950
    2.1421421     0.13314072     0.00454871
    2.1821822     0.16752131     0.00771327
    2.2222222     0.18935558     0.01391560
    2.2622623     0.18312687     0.02208335
    2.3023023     0.15342356     0.03274769
    2.3423423     0.12563865     0.04763779
    2.3823824     0.11901474     0.06351529
    2.4224224     0.12720290     0.06977678
    2.4624625     0.13695764     0.06082659
    2.5025025     0.14753540     0.04881672
    2.5425425     0.15562342     0.05661657
    2.5825826     0.14694854     0.09643524
    2.6226226     0.12349450     0.15174351
    2.6626627     0.11536079     0.18243826
    2.7027027     0.14699134     0.16168903
    2.7427427     0.20567560     0.10541936
    2.7827828     0.25258697     0.05329340
    2.8228228     0.25523261     0.03336412
    2.8628629     0.20798834     0.05765333
    2.9029029     0.13423998     0.12977733
    2.9429429     0.06995748     0.22929859
    2.9829830     0.03813670     0.29997663
    3.0230230     0.03912845     0.29171527
    3.0630631     0.06073360     0.22010796
    3.1031031     0.09213888     0.15707038
    3.1431431     0.13178510     0.16070963
    3.1831832     0.18352586     0.22676237
    3.2232232     0.24655623     0.29804877
    3.2632633     0.30940855     0.31503930
    3.3033033     0.34659681     0.26605994
    3.3433433     0.33175639     0.18843707
    3.3833834     0.27008154     0.12264277
    3.4234234     0.19872677     0.08007407
    3.4634635     0.14815702     0.05603919
    3.5035035     0.13029573     0.05624955
    3.5435435     0.15823583     0.10381460
    3.5835836     0.23821479     0.21674978
    3.6236236     0.33514737     0.36319337
    3.6636637     0.38143399     0.45231327
    3.7037037     0.34253895     0.41444470
    3.7437437     0.25035384     0.28390714
    3.7837838     0.15893332     0.15973029
    3.8238238     0.09542688     0.10306701
    3.8638639     0.05863059     0.10550818
    3.9039039     0.03769433     0.12946919
    3.9439439     0.02377577     0.15218046
    3.9839840     0.01332004     0.18235324
    4.0240240     0.00622279     0.23844198
    4.0640641     0.00284747     0.30502541
    4.1041041     0.00361920     0.33193030
    4.1441441     0.01060769     0.29234390
    4.1841842     0.02662568     0.21341354
    4.2242242     0.04909412     0.13674786
    4.2642643     0.06601279     0.07975940
    4.3043043     0.06588467     0.04143041
    4.3443443     0.05375496     0.01857748
    4.3843844     0.04970209     0.00905132
    4.4244244     0.06766903     0.01105414
    4.4644645     0.09774990     0.02370491
    4.5045045     0.11293699     0.04449106
    4.5445445     0.09796671     0.06512800
    4.5845846     0.06705005     0.07422579
    4.6246246     0.04692188     0.06743932
    4.6646647     0.04929332     0.05169876
    4.7047047     0.06455321     0.03628216
    4.7447447     0.07695764     0.02418587
    4.7847848     0.08231492     0.01446309
    4.8248248     0.08843092     0.00710633
    4.8648649     0.09776446     0.00279003
    4.9049049     0.09832219     0.00141459
    4.9449449     0.07946755     0.00318683
    4.9849850     0.04849682     0.01035313
    5.0250250     0.02180423     0.02618020
    5.0650651     0.00715600     0.05042333
    5.1051051     0.00170943     0.07710105
    5.1451452     0.00030991     0.09994171
    5.1851852     0.00015595     0.11734817
    5.2252252     0.00075422     0.12943460
    5.2652653     0.00347514     0.13502257
    5.3053053     0.01179851     0.13077922
    5.3453453     0.02949945     0.11134126
    5.3853854     0.05456196     0.07773266
    5.4254254     0.07503634     0.04332097
    5.4654655     0.07712297     0.02337142
    5.5055055     0.05954001     0.02319358
    5.5455455     0.03497326     0.03716158
    5.5855856     0.01753370     0.05202522
    5.6256256     0.01463514     0.05458466
    5.6656657     0.02982260     0.04347578
    5.7057057     0.06448888     0.03010570
    5.7457458     0.11152518     0.02478902
    5.7857858     0.15191161     0.02626847
    5.8258258     0.16593447     0.02643388
    5.8658659     0.15072984     0.02177283
    5.9059059     0.12489451     0.01777128
    5.9459459     0.11344171     0.02399550
    5.9859860     0.12595035     0.04725957
    6.0260260     0.14929466     0.08614938
    6.0660661     0.16302684     0.12796810
    6.1061061     0.15710817     0.15462554
    6.1461461     0.13203354     0.15722613
    6.1861862     0.09431040     0.14512397
    6.2262262     0.05800736     0.13909833
    6.2662663     0.03939243     0.15256587
    6.3063063     0.04520645     0.17526739
    6.3463464     0.06971604     0.17921889
    6.3863864     0.10294693     0.14790588
    6.4264264     0.13770855     0.09517651
    6.4664665     0.16610340     0.04927679
    6.5065065     0.18110078     0.02655541
    6.5465466     0.19287321     0.02662041
    6.5865866     0.22459495     0.04275666
    6.6266266     0.27658992     0.06791622
    6.6666667     0.31477024     0.09582368
    6.7067067     0.30887650     0.12395784
    6.7467467     0.27269138     0.15007929
    6.7867868     0.25518544     0.16201753
    6.8268268     0.28263478     0.14646179
    6.8668669     0.32073719     0.11386014
    6.9069069     0.32156311     0.10023434
    6.9469470     0.29182841     0.14251298
    6.9869870     0.27245536     0.25142670
    7.0270270     0.27081501     0.39360632
    7.0670671     0.26254078     0.50275657
    7.1071071     0.24052237     0.52323685
    7.1471472     0.21738829     0.44542973
    7.1871872     0.19583042     0.30878619
    7.2272272     0.16574705     0.18077335
    7.2672673     0.12239662     0.12054732
    7.3073073     0.07666818     0.14776257
    7.3473473     0.04760956     0.23207835
    7.3873874     0.04519692     0.30718585
    7.4274274     0.06046084     0.31855018
    7.4674675     0.07201747     0.27076004
    7.5075075     0.06541683     0.21180231
    7.5475475     0.04727108     0.17430771
    7.5875876     0.03711533     0.15237891
    7.6276276     0.04706914     0.12663017
    7.6676677     0.07058461     0.09032464
    7.7077077     0.08973087     0.05248886
    7.7477478     0.09704404     0.02657954
    7.7877878     0.10601782     0.02039490
    7.8278278     0.12918940     0.03440121
    7.8678679     0.15557988     0.06133729
    7.9079079     0.16896858     0.08594631
    7.9479479     0.17927896     0.09551621
    7.9879880     0.21339217     0.09212745
    8.0280280     0.27865170     0.08554406
    8.0680681     0.35049018     0.08003561
    8.1081081     0.39442666     0.07787824
    8.1481482     0.39078043     0.08491697
    8.1881882     0.34027909     0.10485620
    8.2282282     0.26519637     0.13894768
    8.2682683     0.20969671     0.19191311
    8.3083083     0.21304441     0.26075795
    8.3483484     0.26956760     0.31835505
    8.3883884     0.32927734     0.33302895
    8.4284284     0.34437671     0.30405156
    8.4684685     0.30736437     0.25658023
    8.5085085     0.24373461     0.21831301
    8.5485485     0.17921730     0.22138345
    8.5885886     0.12373272     0.29212309
    8.6286286     0.08138625     0.40788310
    8.6686687     0.05888927     0.49329777
    8.7087087     0.06244088     0.48991591
    8.7487488     0.09956795     0.41035214
    8.7887888     0.17907451     0.30708098
    8.8288288     0.29138999     0.21466717
    8.8688689     0.39791725     0.14044626
    8.9089089     0.46109825     0.08602765
    8.9489490     0.47086434     0.05282124
    8.9889890     0.42873502     0.03712725
    9.0290290     0.33739813     0.03867414
    9.0690691     0.21871344     0.07222633
    9.1091091     0.11216643     0.15694599
    9.1491491     0.04426834     0.28389049
    9.1891892     0.01325739     0.40411210
    9.2292292     0.00343919     0.46974447
    9.2692693     0.00341576     0.47190728
    9.3093093     0.01274551     0.41960953
    9.3493494     0.04105918     0.31963794
    9.3893894     0.09937776     0.19712089
    9.4294294     0.17962995     0.09424973
    9.4694695     0.24176303     0.03489709
    9.5095095     0.24156669     0.01356716
    9.5495496     0.17935179     0.01663328
    9.5895896     0.10233437     0.03895689
    9.6296296     0.05723400     0.08297787
    9.6696697     0.05749463     0.14872534
    9.7097097     0.08611432     0.21936313
    9.7497497     0.11054812     0.25773653
    9.7897898     0.10530285     0.23833064
    9.8298298     0.07298781     0.18363573
    9.8698699     0.03673403     0.14037080
    9.9099099     0.01351522     0.12251520
    9.9499500     0.00430433     0.10670833
    9.9899900     0.00456522     0.07631008
   10.0300300     0.01475811     0.04113401
   10.0700701     0.04053822     0.01683589
   10.1101101     0.08224319     0.00748551
   10.1501502     0.12384459     0.00965405
   10.1901902     0.14347376     0.01946996
   10.2302302     0.14182706     0.03150551
   10.2702703     0.14291669     0.03794308
   10.3103103     0.15556835     0.03551904
   10.3503504     0.15641741     0.03202057
   10.3903904     0.12628660     0.04068176
   10.4304304     0.08152853     0.06577758
   10.4704705     0.05457396     0.09571935
   10.5105105     0.06043734     0.11683987
   10.5505506     0.08913052     0.13256525
   10.5905906     0.11688160     0.15370730
   10.6306306     0.12201578     0.17280541
   10.6706707     0.10012903     0.17289593
   10.7107107     0.06817767     0.15666478
   10.7507508     0.05238487     0.13947917
   10.7907908     0.07394843     0.12223300
   10.8308308     0.14409905     0.09545104
   10.8708709     0.25631492     0.06173044
   10.9109109     0.37087001     0.03822986
   10.9509510     0.42489139     0.04467477
   10.9909910     0.38454291     0.09516555
   11.0310310     0.28078156     0.18608932
   11.0710711     0.17622785     0.28452886
   11.1111111     0.11274451     0.34976873
   11.1511512     0.10500111     0.37124453
   11.1911912     0.15412458     0.36039879
   11.2312312     0.23781832     0.31792469
   11.2712713     0.30533310     0.24516279
   11.3113113     0.31409358     0.16794576
   11.3513514     0.26808858     0.11966738
   11.3913914     0.20326577     0.11635691
   11.4314314     0.14854429     0.15078824
   11.4714715     0.11774844     0.19415423
   11.5115115     0.12298356     0.21582120
   11.5515516     0.17166198     0.21468567
   11.5915916     0.24395766     0.21704861
   11.6316316     0.28871602     0.23714847
   11.6716717     0.26584039     0.25296547
   11.7117117     0.18798504     0.23324651
   11.7517518     0.10245838     0.18574813
   11.7917918     0.04386644     0.16074221
   11.8318318     0.01815890     0.19585762
   11.8718719     0.01923300     0.26433908
   11.9119119     0.04455548     0.29364118
   11.9519520     0.09364076     0.24399508
   11.9919920     0.16388770     0.14996839
   12.0320320     0.26239049     0.07405367
   12.0720721     0.40527495     0.04820039
   12.1121121     0.56693167     0.06787974
   12.1521522     0.65224224     0.10991827
   12.1921922     0.58746772     0.14964493
   12.2322322     0.42477702     0.18678804
   12.2722723     0.29229315     0.25475975
   12.3123123     0.25799898     0.37965068
   12.3523524     0.28630033     0.52601544
   12.3923924     0.30199075     0.60341818
   12.4324324     0.26210214     0.54771636
   12.4724725     0.17886944     0.39251722
   12.5125125     0.09516770     0.24152641
   12.5525526     0.04441122     0.17872566
   12.5925926     0.03473424     0.21260093
   12.6326326     0.05992667     0.28143687
   12.6726727     0.10781643     0.30736279
   12.7127127     0.15737823     0.26536282
   12.7527528     0.18132980     0.19434481
   12.7927928     0.16299191     0.13846048
   12.8328328     0.11242384     0.10626140
   12.8728729     0.05857557     0.09123370
   12.9129129     0.02322216     0.09450563
   12.9529530     0.00899441     0.11030701
   12.9929930     0.00961887     0.11563649
   13.0330330     0.02123177     0.09449578
   13.0730731     0.04228950     0.05819967
   13.1131131     0.06699080     0.02935925
   13.1531532     0.08252148     0.01795326
   13.1931932     0.07786827     0.02030359
   13.2332332     0.05731707     0.03118373
   13.2732733     0.04051949     0.04847652
   13.3133133     0.04839168     0.06649443
   13.3533534     0.08979703     0.07286776
   13.3933934     0.15331188     0.06070894
   13.4334334     0.20796114     0.03986299
   13.4734735     0.22348233     0.03005676
   13.5135135     0.19713621     0.04845333
   13.5535536     0.15359408     0.10223836
   13.5935936     0.11549663     0.17784803
   13.6336336     0.08470233     0.23636421
   13.6736737     0.05545905     0.23900403
   13.7137137     0.03028125     0.18536611
   13.7537538     0.01500828     0.11542708
   13.7937938     0.00915006     0.07106028
   13.8338338     0.00739880     0.06301394
   13.8738739     0.00592576     0.07183426
   13.9139139     0.00428190     0.07229503
   13.9539540     0.00275751     0.05621088
   13.9939940     0.00012907     0.03337717
   14.0340340    -0.00422796     0.01522032
   14.0740741    -0.00503949     0.00407588
   14.1141141     0.01142472    -0.00325734
   14.1541542     0.06410907    -0.00775203
   14.1941942     0.17022336    -0.00687886
   14.2342342     0.33264399     0.00049408
   14.2742743     0.52134297     0.01393590
   14.3143143     0.67107527     0.03865698
   14.3543544     0.71816494     0.08443173
   14.3943944     0.64543634     0.14907029
   14.4344344     0.48706195     0.21047681
   14.4744745     0.30337182     0.25095713
   14.5145145     0.15175475     0.28775421
   14.5545546     0.05996791     0.36400187
   14.5945946     0.02070372     0.50210723
   14.6346346     0.01209409     0.65890525
   14.6746747     0.01681831     0.73415030
   14.7147147     0.02576505     0.65576804
   14.7547548     0.03639902     0.45767233
   14.7947948     0.05045242     0.24660153
   14.8348348     0.06818092     0.10315735
   14.8748749     0.08765968     0.03773899
   14.9149149     0.11150691     0.02090418
   14.9549550     0.14055579     0.02233251
   14.9949950     0.15802734     0.02423757
   15.0350350     0.14231718     0.02218324
   15.0750751     0.09907393     0.02379661
   15.1151151     0.05853923     0.04311273
   15.1551552     0.04119173     0.08837410
   15.1951952     0.04144380     0.14650516
   15.2352352     0.04180739     0.18322313
   15.2752753     0.03301630     0.17419287
   15.3153153     0.01918588     0.13289397
   15.3553554     0.00811017     0.09124952
   15.3953954     0.00248889     0.06276868
   15.4354354     0.00055430     0.04150470
   15.4754755     0.00008929     0.02310000
   15.5155155     0.00000728     0.00988035
   15.5555556    -0.00002419     0.00312661
   15.5955956    -0.00014136     0.00072176
   15.6356356    -0.00057850     0.00011427
   15.6756757    -0.00171735    -0.00003472
   15.7157157    -0.00369949    -0.00024854
   15.7557558    -0.00578054    -0.00091456
   15.7957958    -0.00652727    -0.00242980
   15.8358358    -0.00514798    -0.00468421
   15.8758759    -0.00187124    -0.00655314
   15.9159159     0.00385292    -0.00665288
   15.9559560     0.01434982    -0.00490131
   15.9959960     0.03036785    -0.00261967
   16.0360360     0.04696367    -0.00100912
   16.0760761     0.05864203    -0.00022992
   16.1161161     0.07155181     0.00026775
   16.1561562     0.10113203     0.00152016
   16.1961962     0.15068177     0.00601158
   16.2362362     0.20351826     0.01997551
   16.2762763     0.24228909     0.05470136
   16.3163163     0.25940880     0.11974320
   16.3563564     0.24994928     0.20628447
   16.3963964     0.21888527     0.28058240
   16.4364364     0.18448348     0.30600611
   16.4764765     0.15393991     0.27183630
   16.5165165     0.11711026     0.19757554
   16.5565566     0.07272971     0.11638927
   16.5965966     0.03565927     0.05545075
   16.6366366     0.01787997     0.02563686
   16.6766767     0.02049075     0.02671155
   16.7167167     0.04166824     0.05611792
   16.7567568     0.08121327     0.10373413
   16.7967968     0.13412839     0.14337632
   16.8368368     0.18166900     0.14991396
   16.8768769     0.19823614     0.12912235
   16.9169169     0.17552823     0.11263960
   16.9569570     0.13563242     0.12062285
   16.9969970     0.11844041     0.14170882
   17.0370370     0.15637540     0.14956101
   17.0770771     0.24786884     0.13356652
   17.1171171     0.35066699     0.10956056
   17.1571572     0.41399132     0.10010132
   17.1971972     0.41449908     0.11775539
   17.2372372     0.35755026     0.17315156
   17.2772773     0.26623776     0.27192552
   17.3173173     0.17328658     0.38339734
   17.3573574     0.10376290     0.44152211
   17.3973974     0.06353412     0.40678377
   17.4374374     0.04552446     0.30633268
   17.4774775     0.03929833     0.19865136
   17.5175175     0.03604579     0.12466682
   17.5575576     0.03185602     0.09402251
   17.5975976     0.03009991     0.09079244
   17.6376376     0.03989994     0.08912583
   17.6776777     0.06817988     0.07446996
   17.7177177     0.11187958     0.05158960
   17.7577578     0.16000247     0.03534297
   17.7977978     0.20025053     0.03882518
   17.8378378     0.22021079     0.06499365
   17.8778779     0.20994420     0.10132400
   17.9179179     0.17198430     0.12833900
   17.9579580     0.12778962     0.14218313
   17.9979980     0.10890101     0.15774156
   18.0380380     0.13536683     0.17937495
   18.0780781     0.20131120     0.18620921
   18.1181181     0.28334532     0.16199633
   18.1581582     0.35607856     0.12625111
   18.1981982     0.39148653     0.11853819
   18.2382382     0.36424213     0.15266685
   18.2782783     0.28643764     0.19697799
   18.3183183     0.21517247     0.21145157
   18.3583584     0.19309063     0.20307615
   18.3983984     0.20083971     0.22370182
   18.4384384     0.19120021     0.30336914
   18.4784785     0.14978075     0.40242262
   18.5185185     0.10224467     0.44712629
   18.5585586     0.08036453     0.40655094
   18.5985986     0.09725835     0.31352278
   18.6386386     0.13909629     0.21723224
   18.6786787     0.17197788     0.14521748
   18.7187187     0.17236601     0.10784887
   18.7587588     0.15358421     0.10700274
   18.7987988     0.14963117     0.12981430
   18.8388388     0.17294605     0.15147751
   18.8788789     0.19776912     0.15464981
   18.9189189     0.18886774     0.14037723
   18.9589590     0.14170830     0.12149245
   18.9989990     0.08755840     0.11180910
   19.0390390     0.06575749     0.11561053
   19.0790791     0.10026390     0.12600696
   19.1191191     0.18618531     0.13948913
   19.1591592     0.27898042     0.16005145
   19.1991992     0.31644813     0.18218923
   19.2392392     0.27475075     0.19593737
   19.2792793     0.18738835     0.21580431
   19.3193193     0.10347836     0.26561913
   19.3593594     0.04958504     0.32438467
   19.3993994     0.03039920     0.33226679
   19.4394394     0.04344336     0.26568625
   19.4794795     0.08173424     0.16928448
   19.5195195     0.12478279     0.10456304
   19.5595596     0.14195340     0.09371432
   19.5995996     0.11890025     0.11281514
   19.6396396     0.07345901     0.12229731
   19.6796797     0.03555779     0.10493205
   19.7197197     0.02207491     0.07528578
   19.7597598     0.03630776     0.05255469
   19.7997998     0.07380982     0.03875373
   19.8398398     0.11643542     0.02806631
   19.8798799     0.13555957     0.02275566
   19.9199199     0.11897254     0.03325945
   19.9599600     0.08555783     0.06665848
   20.0000000     0.06109109     0.11257755
