#
#   partial DOS for atom species: Mn
#
#   Add data for atom_index =   3,  n,l,m,z=  4  0  0  1
#   Add data for atom_index =   3,  n,l,m,z=  4  0  0  2
#   Add data for atom_index =   3,  n,l,m,z=  4  0  0  3
#   Add data for atom_index =   4,  n,l,m,z=  4  0  0  1
#   Add data for atom_index =   4,  n,l,m,z=  4  0  0  2
#   Add data for atom_index =   4,  n,l,m,z=  4  0  0  3
#   Add data for atom_index =   5,  n,l,m,z=  4  0  0  1
#   Add data for atom_index =   5,  n,l,m,z=  4  0  0  2
#   Add data for atom_index =   5,  n,l,m,z=  4  0  0  3
#   Add data for atom_index =   6,  n,l,m,z=  4  0  0  1
#   Add data for atom_index =   6,  n,l,m,z=  4  0  0  2
#   Add data for atom_index =   6,  n,l,m,z=  4  0  0  3
#   Add data for atom_index =   7,  n,l,m,z=  4  0  0  1
#   Add data for atom_index =   7,  n,l,m,z=  4  0  0  2
#   Add data for atom_index =   7,  n,l,m,z=  4  0  0  3
#   Add data for atom_index =   8,  n,l,m,z=  4  0  0  1
#   Add data for atom_index =   8,  n,l,m,z=  4  0  0  2
#   Add data for atom_index =   8,  n,l,m,z=  4  0  0  3
#
#    Energy          spin 1        spin2
#
  -20.0000000     0.00000000     0.00000000
  -19.9599600     0.00000000     0.00000000
  -19.9199199     0.00000000     0.00000000
  -19.8798799     0.00000000     0.00000000
  -19.8398398     0.00000000     0.00000000
  -19.7997998     0.00000000     0.00000000
  -19.7597598     0.00000000     0.00000000
  -19.7197197     0.00000000     0.00000000
  -19.6796797     0.00000000     0.00000000
  -19.6396396     0.00000000     0.00000000
  -19.5995996     0.00000000     0.00000000
  -19.5595596     0.00000000     0.00000000
  -19.5195195     0.00000000     0.00000000
  -19.4794795     0.00000000     0.00000000
  -19.4394394     0.00000000     0.00000000
  -19.3993994     0.00000000     0.00000000
  -19.3593594     0.00000000     0.00000000
  -19.3193193     0.00000000     0.00000000
  -19.2792793     0.00000000     0.00000000
  -19.2392392     0.00000000     0.00000000
  -19.1991992     0.00000000     0.00000000
  -19.1591592     0.00000000     0.00000000
  -19.1191191     0.00000000     0.00000000
  -19.0790791     0.00000000     0.00000000
  -19.0390390     0.00000000     0.00000000
  -18.9989990     0.00000000     0.00000000
  -18.9589590     0.00000000     0.00000000
  -18.9189189     0.00000000     0.00000000
  -18.8788789     0.00000000     0.00000000
  -18.8388388     0.00000000     0.00000000
  -18.7987988     0.00000000     0.00000000
  -18.7587588     0.00000000     0.00000000
  -18.7187187     0.00000000     0.00000000
  -18.6786787     0.00000000     0.00000000
  -18.6386386     0.00000000     0.00000000
  -18.5985986     0.00000000     0.00000000
  -18.5585586     0.00000000     0.00000000
  -18.5185185     0.00000000     0.00000000
  -18.4784785     0.00000000     0.00000000
  -18.4384384     0.00000000     0.00000000
  -18.3983984     0.00000000     0.00000000
  -18.3583584     0.00000000     0.00000000
  -18.3183183     0.00000000     0.00000000
  -18.2782783     0.00000000     0.00000000
  -18.2382382     0.00000000     0.00000000
  -18.1981982     0.00000000     0.00000000
  -18.1581582     0.00000000     0.00000000
  -18.1181181     0.00000000     0.00000000
  -18.0780781     0.00000000     0.00000000
  -18.0380380     0.00000000     0.00000000
  -17.9979980     0.00000000     0.00000000
  -17.9579580     0.00000000     0.00000000
  -17.9179179     0.00000000     0.00000000
  -17.8778779     0.00000000     0.00000000
  -17.8378378     0.00000000     0.00000000
  -17.7977978     0.00000000     0.00000000
  -17.7577578     0.00000000     0.00000000
  -17.7177177     0.00000000     0.00000000
  -17.6776777     0.00000000     0.00000000
  -17.6376376     0.00000000     0.00000000
  -17.5975976     0.00000000     0.00000000
  -17.5575576     0.00000000     0.00000000
  -17.5175175     0.00000000     0.00000000
  -17.4774775     0.00000000     0.00000000
  -17.4374374     0.00000000     0.00000000
  -17.3973974     0.00000000     0.00000000
  -17.3573574     0.00000000     0.00000000
  -17.3173173     0.00000000     0.00000000
  -17.2772773     0.00000000     0.00000000
  -17.2372372     0.00000000     0.00000000
  -17.1971972     0.00000000     0.00000000
  -17.1571572     0.00000000     0.00000000
  -17.1171171     0.00000000     0.00000000
  -17.0770771     0.00000000     0.00000000
  -17.0370370     0.00000000     0.00000000
  -16.9969970     0.00000000     0.00000000
  -16.9569570     0.00000000     0.00000000
  -16.9169169     0.00000000     0.00000000
  -16.8768769     0.00000000     0.00000000
  -16.8368368     0.00000000     0.00000000
  -16.7967968     0.00000000     0.00000000
  -16.7567568     0.00000000     0.00000000
  -16.7167167     0.00000000     0.00000000
  -16.6766767     0.00000001     0.00000000
  -16.6366366     0.00000027     0.00000001
  -16.5965966     0.00000376     0.00000013
  -16.5565566     0.00003856     0.00000216
  -16.5165165     0.00028718     0.00002526
  -16.4764765     0.00155233     0.00021477
  -16.4364364     0.00608915     0.00132524
  -16.3963964     0.01733307     0.00593425
  -16.3563564     0.03580485     0.01928351
  -16.3163163     0.05367297     0.04547298
  -16.2762763     0.05838709     0.07781588
  -16.2362362     0.04609198     0.09663412
  -16.1961962     0.02640471     0.08708435
  -16.1561562     0.01097703     0.05695045
  -16.1161161     0.00331158     0.02702723
  -16.0760761     0.00072498     0.00930794
  -16.0360360     0.00011499     0.00232623
  -15.9959960     0.00001080     0.00042186
  -15.9559560    -0.00002173     0.00005498
  -15.9159159    -0.00015247    -0.00000157
  -15.8758759    -0.00073641    -0.00006211
  -15.8358358    -0.00254617    -0.00041097
  -15.7957958    -0.00608287    -0.00194994
  -15.7557558    -0.00851430    -0.00658869
  -15.7157157     0.00164030    -0.01520345
  -15.6756757     0.04660860    -0.02009641
  -15.6356356     0.14525186     0.00400752
  -15.5955956     0.27775569     0.09237377
  -15.5555556     0.37028505     0.24982230
  -15.5155155     0.35434300     0.40806204
  -15.4754755     0.24531860     0.46025783
  -15.4354354     0.12314420     0.37090235
  -15.3953954     0.04486771     0.21580649
  -15.3553554     0.01204385     0.09103623
  -15.3153153     0.00353961     0.02836841
  -15.2752753     0.00646994     0.00918456
  -15.2352352     0.02237939     0.01278527
  -15.1951952     0.06173906     0.03377272
  -15.1551552     0.13243875     0.07099720
  -15.1151151     0.22460515     0.11441276
  -15.0750751     0.30386375     0.15234279
  -15.0350350     0.32998652     0.18861103
  -14.9949950     0.30010294     0.23057133
  -14.9549550     0.26688371     0.26497439
  -14.9149149     0.28136224     0.28167929
  -14.8748749     0.32032787     0.30605324
  -14.8348348     0.31160157     0.35458782
  -14.7947948     0.23041476     0.38054143
  -14.7547548     0.12509420     0.32673781
  -14.7147147     0.04944513     0.20999809
  -14.6746747     0.01441690     0.09887653
  -14.6346346     0.00486971     0.03423323
  -14.5945946     0.01177175     0.01101399
  -14.5545546     0.04884515     0.01424974
  -14.5145145     0.15331071     0.04654422
  -14.4744745     0.35121391     0.12745953
  -14.4344344     0.58665771     0.27085026
  -14.3943944     0.71441692     0.45584330
  -14.3543544     0.63417011     0.61657689
  -14.3143143     0.41026637     0.66768297
  -14.2742743     0.19339241     0.56742520
  -14.2342342     0.06640865     0.36917220
  -14.1941942     0.01660786     0.18010685
  -14.1541542     0.00302410     0.06497068
  -14.1141141     0.00040094     0.01718392
  -14.0740741     0.00004070     0.00331680
  -14.0340340     0.00002850     0.00047126
  -13.9939940     0.00023707     0.00010810
  -13.9539540     0.00158099     0.00049539
  -13.9139139     0.00766806     0.00290029
  -13.8738739     0.02710025     0.01241030
  -13.8338338     0.07021555     0.03855780
  -13.7937938     0.13532083     0.08710509
  -13.7537538     0.20025685     0.14391407
  -13.7137137     0.24112125     0.17782464
  -13.6736737     0.25368103     0.17744097
  -13.6336336     0.24311077     0.17186475
  -13.5935936     0.21669717     0.19002177
  -13.5535536     0.20128523     0.21668910
  -13.5135135     0.22776446     0.22105524
  -13.4734735     0.28086230     0.21317884
  -13.4334334     0.30371206     0.23327587
  -13.3933934     0.26707246     0.28690698
  -13.3533534     0.20089866     0.32231444
  -13.3133133     0.15333878     0.28760352
  -13.2732733     0.15468360     0.19519220
  -13.2332332     0.21741296     0.10920638
  -13.1931932     0.32171913     0.08698772
  -13.1531532     0.39671128     0.15199405
  -13.1131131     0.37407871     0.28545171
  -13.0730731     0.27557935     0.41325781
  -13.0330330     0.20398816     0.44740817
  -12.9929930     0.24296377     0.37980507
  -12.9529530     0.37750932     0.29441897
  -12.9129129     0.49708909     0.26991704
  -12.8728729     0.49591911     0.31726006
  -12.8328328     0.38483294     0.39864768
  -12.7927928     0.26192749     0.44907184
  -12.7527528     0.18472817     0.40920840
  -12.7127127     0.13513732     0.28876223
  -12.6726727     0.08809901     0.16472756
  -12.6326326     0.04921897     0.09710106
  -12.5925926     0.03208068     0.08033282
  -12.5525526     0.03855795     0.07570910
  -12.5125125     0.06252970     0.06114705
  -12.4724725     0.09642803     0.04580925
  -12.4324324     0.13151360     0.05253141
  -12.3923924     0.15534587     0.09583055
  -12.3523524     0.15413408     0.16755237
  -12.3123123     0.12599140     0.23207402
  -12.2722723     0.08867166     0.24442027
  -12.2322322     0.06209043     0.18946758
  -12.1921922     0.04892072     0.09986785
  -12.1521522     0.04320941     0.02313210
  -12.1121121     0.04656101    -0.01999242
  -12.0720721     0.06139496    -0.03505318
  -12.0320320     0.07620761    -0.03223984
  -11.9919920     0.07357513    -0.02036223
  -11.9519520     0.05132782    -0.00762410
  -11.9119119     0.02215593     0.00329072
  -11.8718719    -0.00628734     0.01584124
  -11.8318318    -0.03558907     0.03248072
  -11.7917918    -0.06076087     0.05002776
  -11.7517518    -0.06674992     0.06209436
  -11.7117117    -0.04840047     0.06222324
  -11.6716717    -0.02278558     0.04586366
  -11.6316316    -0.01136361     0.01513866
  -11.5915916    -0.01728994    -0.01819062
  -11.5515516    -0.02860929    -0.03933266
  -11.5115115    -0.03618858    -0.04243954
  -11.4714715    -0.04038027    -0.03388627
  -11.4314314    -0.04354635    -0.02308036
  -11.3913914    -0.04306258    -0.01503253
  -11.3513514    -0.03531298    -0.01235368
  -11.3113113    -0.02327416    -0.01699774
  -11.2712713    -0.01404253    -0.02641008
  -11.2312312    -0.01025535    -0.03252298
  -11.1911912    -0.00882378    -0.02981139
  -11.1511512    -0.00629041    -0.02235644
  -11.1111111    -0.00190630    -0.01788970
  -11.0710711     0.00250423    -0.01782121
  -11.0310310     0.00354762    -0.01774369
  -10.9909910    -0.00092406    -0.01412069
  -10.9509510    -0.00883163    -0.00737351
  -10.9109109    -0.01521020    -0.00021131
  -10.8708709    -0.01680879     0.00598348
  -10.8308308    -0.01402296     0.01176636
  -10.7907908    -0.00896180     0.01632374
  -10.7507508    -0.00375896     0.01715675
  -10.7107107    -0.00009820     0.01394967
  -10.6706707     0.00165098     0.00919530
  -10.6306306     0.00246374     0.00500995
  -10.5905906     0.00323849     0.00218288
  -10.5505506     0.00380631     0.00124071
  -10.5105105     0.00284604     0.00207730
  -10.4704705    -0.00127971     0.00351960
  -10.4304304    -0.00792470     0.00467541
  -10.3903904    -0.01262446     0.00579480
  -10.3503504    -0.01052129     0.00682280
  -10.3103103    -0.00110882     0.00640428
  -10.2702703     0.01122786     0.00398963
  -10.2302302     0.01998253     0.00170087
  -10.1901902     0.02055392     0.00201354
  -10.1501502     0.01333753     0.00465166
  -10.1101101     0.00245554     0.00753466
  -10.0700701    -0.00723622     0.00982382
  -10.0300300    -0.01054548     0.01253281
   -9.9899900    -0.00387424     0.01649783
   -9.9499500     0.00934525     0.02079586
   -9.9099099     0.01924173     0.02330065
   -9.8698699     0.01926115     0.02283000
   -9.8298298     0.01218394     0.02061579
   -9.7897898     0.00553063     0.01902563
   -9.7497497     0.00507334     0.01962418
   -9.7097097     0.01181216     0.02331856
   -9.6696697     0.02008554     0.03044473
   -9.6296296     0.02051432     0.03869660
   -9.5895896     0.01010672     0.04264892
   -9.5495496    -0.00353594     0.03839124
   -9.5095095    -0.01174090     0.02808692
   -9.4694695    -0.01365472     0.01736208
   -9.4294294    -0.01307580     0.00904884
   -9.3893894    -0.01112481     0.00163325
   -9.3493494    -0.00526642    -0.00744163
   -9.3093093     0.00538340    -0.01834008
   -9.2692693     0.01584249    -0.02733471
   -9.2292292     0.01849183    -0.02902734
   -9.1891892     0.01051399    -0.02186467
   -9.1491491    -0.00405856    -0.01078281
   -9.1091091    -0.01818035    -0.00397865
   -9.0690691    -0.02546870    -0.00718550
   -9.0290290    -0.02375094    -0.01875685
   -8.9889890    -0.01751677    -0.03002971
   -8.9489490    -0.01380028    -0.03344905
   -8.9089089    -0.01444499    -0.03029264
   -8.8688689    -0.01509990    -0.02819217
   -8.8288288    -0.01249585    -0.03194459
   -8.7887888    -0.00951171    -0.03866232
   -8.7487488    -0.01067858    -0.04105113
   -8.7087087    -0.01505027    -0.03431293
   -8.6686687    -0.01728606    -0.02055442
   -8.6286286    -0.01487351    -0.00665730
   -8.5885886    -0.01054653     0.00201875
   -8.5485485    -0.00813425     0.00496913
   -8.5085085    -0.00881870     0.00473312
   -8.4684685    -0.01067279     0.00373149
   -8.4284284    -0.01070813     0.00289806
   -8.3883884    -0.00792945     0.00220205
   -8.3483484    -0.00406792     0.00121806
   -8.3083083    -0.00126630    -0.00086137
   -8.2682683    -0.00002634    -0.00447601
   -8.2282282     0.00045070    -0.00895667
   -8.1881882     0.00097748    -0.01288341
   -8.1481482     0.00204683    -0.01441038
   -8.1081081     0.00387548    -0.01210995
   -8.0680681     0.00585229    -0.00676407
   -8.0280280     0.00653124    -0.00121237
   -7.9879880     0.00513478     0.00226294
   -7.9479479     0.00266463     0.00336025
   -7.9079079     0.00074437     0.00265947
   -7.8678679    -0.00016287     0.00067379
   -7.8278278    -0.00078772    -0.00161399
   -7.7877878    -0.00162955    -0.00257070
   -7.7477478    -0.00203408    -0.00113562
   -7.7077077    -0.00107401     0.00190724
   -7.6676677     0.00088096     0.00395094
   -7.6276276     0.00248451     0.00244856
   -7.5875876     0.00373003    -0.00201520
   -7.5475475     0.00635980    -0.00533987
   -7.5075075     0.01008544    -0.00454315
   -7.4674675     0.01029608    -0.00149167
   -7.4274274     0.00313739     0.00000672
   -7.3873874    -0.00816120    -0.00126739
   -7.3473473    -0.01536720    -0.00413903
   -7.3073073    -0.01361400    -0.00727493
   -7.2672673    -0.00593755    -0.00947146
   -7.2272272     0.00078830    -0.00958845
   -7.1871872     0.00283889    -0.00749828
   -7.1471472     0.00148043    -0.00413287
   -7.1071071    -0.00005993    -0.00053301
   -7.0670671     0.00116045     0.00242106
   -7.0270270     0.00710702     0.00403523
   -6.9869870     0.01681657     0.00418922
   -6.9469470     0.02565724     0.00330704
   -6.9069069     0.02970696     0.00209649
   -6.8668669     0.02963041     0.00155816
   -6.8268268     0.02754220     0.00239609
   -6.7867868     0.02361671     0.00388377
   -6.7467467     0.01883689     0.00377094
   -6.7067067     0.01611370    -0.00026254
   -6.6666667     0.01602054    -0.00836774
   -6.6266266     0.01613582    -0.01712342
   -6.5865866     0.01548222    -0.02113337
   -6.5465466     0.01527200    -0.01716427
   -6.5065065     0.01535765    -0.00688093
   -6.4664665     0.01446594     0.00435679
   -6.4264264     0.01492742     0.01132199
   -6.3863864     0.02270535     0.01259748
   -6.3463464     0.03870309     0.01098408
   -6.3063063     0.05254073     0.01000709
   -6.2662663     0.05185675     0.01079606
   -6.2262262     0.03722226     0.01248886
   -6.1861862     0.02053597     0.01390973
   -6.1461461     0.01089263     0.01447816
   -6.1061061     0.00880890     0.01493435
   -6.0660661     0.01043332     0.01675333
   -6.0260260     0.01157092     0.01984911
   -5.9859860     0.00981705     0.02258956
   -5.9459459     0.00578877     0.02513714
   -5.9059059     0.00192570     0.02986410
   -5.8658659     0.00004275     0.03605477
   -5.8258258     0.00020048     0.03753421
   -5.7857858     0.00120606     0.02969072
   -5.7457458     0.00200357     0.01579389
   -5.7057057     0.00274300     0.00262765
   -5.6656657     0.00418877    -0.00611311
   -5.6256256     0.00620653    -0.00945392
   -5.5855856     0.00757949    -0.00739818
   -5.5455455     0.00727912    -0.00235888
   -5.5055055     0.00538317     0.00159748
   -5.4654655     0.00290045     0.00262289
   -5.4254254     0.00098976     0.00193778
   -5.3853854     0.00037508     0.00118262
   -5.3453453     0.00137049     0.00078729
   -5.3053053     0.00390436     0.00037668
   -5.2652653     0.00704687    -0.00033571
   -5.2252252     0.00906927    -0.00071091
   -5.1851852     0.00899907     0.00107690
   -5.1451452     0.00809932     0.00620551
   -5.1051051     0.00931060     0.01235306
   -5.0650651     0.01493439     0.01488552
   -5.0250250     0.02359334     0.01219710
   -4.9849850     0.02943608     0.00747286
   -4.9449449     0.02721738     0.00457795
   -4.9049049     0.01832126     0.00465904
   -4.8648649     0.00879405     0.00694987
   -4.8248248     0.00261094     0.01100079
   -4.7847848    -0.00026925     0.01677235
   -4.7447447    -0.00094208     0.02227875
   -4.7047047     0.00087329     0.02343463
   -4.6646647     0.00714696     0.01857302
   -4.6246246     0.02015958     0.01116281
   -4.5845846     0.03883431     0.00635980
   -4.5445445     0.05590616     0.00708136
   -4.5045045     0.06226520     0.01356615
   -4.4644645     0.05524841     0.02389275
   -4.4244244     0.04002177     0.03537594
   -4.3843844     0.02396489     0.04749164
   -4.3443443     0.01235806     0.06097528
   -4.3043043     0.00757209     0.07207791
   -4.2642643     0.00929458     0.07242302
   -4.2242242     0.01452718     0.05828414
   -4.1841842     0.01877634     0.03645701
   -4.1441441     0.02014894     0.01774887
   -4.1041041     0.02176893     0.00756803
   -4.0640641     0.02672183     0.00470525
   -4.0240240     0.03200486     0.00572543
   -3.9839840     0.03234821     0.00830618
   -3.9439439     0.02879376     0.01207792
   -3.9039039     0.02750748     0.01759638
   -3.8638639     0.03031400     0.02448045
   -3.8238238     0.03259066     0.03052874
   -3.7837838     0.03120622     0.03256057
   -3.7437437     0.02808735     0.02878732
   -3.7037037     0.02433188     0.02086908
   -3.6636637     0.01716277     0.01256674
   -3.6236236     0.00487338     0.00641635
   -3.5835836    -0.00927091     0.00273558
   -3.5435435    -0.01901777     0.00086759
   -3.5035035    -0.02006292     0.00009574
   -3.4634635    -0.01366219    -0.00024284
   -3.4234234    -0.00479902    -0.00087220
   -3.3833834     0.00304016    -0.00264017
   -3.3433433     0.00928179    -0.00596005
   -3.3033033     0.01333512    -0.00956068
   -3.2632633     0.01358616    -0.01063528
   -3.2232232     0.00982292    -0.00761636
   -3.1831832     0.00377327    -0.00178207
   -3.1431431    -0.00378701     0.00470248
   -3.1031031    -0.01383051     0.01003589
   -3.0630631    -0.02518960     0.01204253
   -3.0230230    -0.03219431     0.00917603
   -2.9829830    -0.02993071     0.00181831
   -2.9429429    -0.02111796    -0.00888743
   -2.9029029    -0.01452232    -0.02096452
   -2.8628629    -0.01716328    -0.02953679
   -2.8228228    -0.02854364    -0.02935619
   -2.7827828    -0.04033523    -0.02107186
   -2.7427427    -0.04281710    -0.01137544
   -2.7027027    -0.03381165    -0.00705795
   -2.6626627    -0.01987362    -0.01170294
   -2.6226226    -0.00854371    -0.02463017
   -2.5825826    -0.00209658    -0.03858443
   -2.5425425     0.00146549    -0.04287620
   -2.5025025     0.00436212    -0.03392143
   -2.4624625     0.00676810    -0.01875783
   -2.4224224     0.00745009    -0.00581967
   -2.3823824     0.00594219     0.00249074
   -2.3423423     0.00344024     0.00731701
   -2.3023023     0.00144593     0.00913049
   -2.2622623     0.00044119     0.00803767
   -2.2222222     0.00009774     0.00533272
   -2.1821822     0.00001599     0.00276649
   -2.1421421     0.00000504     0.00116214
   -2.1021021     0.00002691     0.00040303
   -2.0620621     0.00015860     0.00011427
   -2.0220220     0.00065495     0.00002620
   -1.9819820     0.00179851     0.00000991
   -1.9419419     0.00285330     0.00004085
   -1.9019019     0.00073873     0.00021778
   -1.8618619    -0.00792065     0.00086081
   -1.8218218    -0.02067062     0.00244259
   -1.7817818    -0.02845116     0.00475093
   -1.7417417    -0.02540998     0.00541672
   -1.7017017    -0.01562543     0.00024873
   -1.6616617    -0.00678206    -0.01237902
   -1.6216216    -0.00210297    -0.02702049
   -1.5815816    -0.00046573    -0.03420871
   -1.5415415    -0.00006304    -0.02977145
   -1.5015015     0.00002024    -0.01865145
   -1.4614615     0.00004640    -0.00854528
   -1.4214214     0.00005469    -0.00287880
   -1.3813814     0.00004582    -0.00070730
   -1.3413413     0.00002775    -0.00010639
   -1.3013013     0.00001218     0.00002310
   -1.2612613     0.00000387     0.00004140
   -1.2212212     0.00000089     0.00003129
   -1.1811812     0.00000015     0.00001624
   -1.1411411     0.00000002     0.00000604
   -1.1011011     0.00000000     0.00000162
   -1.0610611    -0.00000000     0.00000032
   -1.0210210    -0.00000000     0.00000004
   -0.9809810    -0.00000003    -0.00000000
   -0.9409409    -0.00000019    -0.00000006
   -0.9009009    -0.00000093    -0.00000051
   -0.8608609    -0.00000338    -0.00000313
   -0.8208208    -0.00000905    -0.00001397
   -0.7807808    -0.00001572    -0.00004519
   -0.7407407     0.00000700    -0.00010605
   -0.7007007     0.00023356    -0.00018059
   -0.6606607     0.00135342    -0.00022270
   -0.6206206     0.00517993    -0.00019597
   -0.5805806     0.01440372    -0.00010701
   -0.5405405     0.02950811     0.00003310
   -0.5005005     0.04449781     0.00028303
   -0.4604605     0.04922341     0.00086941
   -0.4204204     0.03981528     0.00254069
   -0.3803804     0.02349178     0.00717934
   -0.3403403     0.01009310     0.01712652
   -0.3003003     0.00315405     0.03137590
   -0.2602603     0.00071644     0.04248549
   -0.2202202     0.00011993     0.04198454
   -0.1801802     0.00003380     0.03015998
   -0.1401401     0.00016039     0.01573059
   -0.1001001     0.00093585     0.00595490
   -0.0600601     0.00399269     0.00163600
   -0.0200200     0.01236268     0.00032697
    0.0200200     0.02778017     0.00005713
    0.0600601     0.04531901     0.00009292
    0.1001001     0.05379249     0.00056494
    0.1401401     0.04713508     0.00262961
    0.1801802     0.03324819     0.00888891
    0.2202202     0.02665689     0.02181400
    0.2602603     0.03425060     0.03892519
    0.3003003     0.04923876     0.05088612
    0.3403403     0.05726361     0.05045421
    0.3803804     0.04997886     0.04342514
    0.4204204     0.03245403     0.04333713
    0.4604605     0.01571075     0.05389416
    0.5005005     0.00568531     0.06298944
    0.5405405     0.00154014     0.05745513
    0.5805806     0.00031224     0.03878429
    0.6206206     0.00004766     0.01915444
    0.6606607     0.00000937     0.00690643
    0.7007007     0.00003016     0.00181770
    0.7407407     0.00015911     0.00034926
    0.7807808     0.00062674     0.00004910
    0.8208208     0.00185618     0.00000633
    0.8608609     0.00432858     0.00001221
    0.9009009     0.00857777     0.00007781
    0.9409409     0.01543275     0.00037507
    0.9809810     0.02493634     0.00134450
    1.0210210     0.03384565     0.00368587
    1.0610611     0.03770762     0.00811347
    1.1011011     0.03997334     0.01518933
    1.1411411     0.05635646     0.02481316
    1.1811812     0.10400447     0.03431350
    1.2212212     0.18537909     0.03830729
    1.2612613     0.28398467     0.03532505
    1.3013013     0.36905063     0.03591211
    1.3413413     0.40168131     0.06073711
    1.3813814     0.36071574     0.12533333
    1.4214214     0.27641524     0.22026432
    1.4614615     0.20968727     0.30980337
    1.5015015     0.18532198     0.35795240
    1.5415415     0.17228103     0.34974594
    1.5815816     0.13653215     0.29290925
    1.6216216     0.08570035     0.21832240
    1.6616617     0.05239775     0.16740059
    1.7017017     0.05694762     0.15820108
    1.7417417     0.09220664     0.16801201
    1.7817818     0.12756942     0.15932824
    1.8218218     0.13082667     0.12397369
    1.8618619     0.09798773     0.09158068
    1.9019019     0.05389746     0.09070280
    1.9419419     0.02214805     0.11326043
    1.9819820     0.00744444     0.12452211
    2.0220220     0.00488165     0.10359596
    2.0620621     0.01468910     0.06346181
    2.1021021     0.04798062     0.02927844
    2.1421421     0.11725251     0.01203053
    2.1821822     0.21015436     0.01007204
    2.2222222     0.27807755     0.02548085
    2.2622623     0.27950104     0.06983787
    2.3023023     0.23640796     0.14742158
    2.3423423     0.21467462     0.22984347
    2.3823824     0.24192719     0.26869703
    2.4224224     0.27315939     0.25506342
    2.4624625     0.25367617     0.24008849
    2.5025025     0.19314259     0.26489418
    2.5425425     0.14641187     0.29703422
    2.5825826     0.13703275     0.27409762
    2.6226226     0.13618201     0.18978188
    2.6626627     0.11218969     0.09674022
    2.7027027     0.06929819     0.04092962
    2.7427427     0.03128450     0.03080766
    2.7827828     0.01026414     0.05499169
    2.8228228     0.00244448     0.09392566
    2.8628629     0.00042249     0.11921759
    2.9029029     0.00005299     0.10997069
    2.9429429     0.00000486     0.07361706
    2.9829830     0.00000084     0.03576215
    3.0230230     0.00000527     0.01260710
    3.0630631     0.00003885     0.00322519
    3.1031031     0.00020895     0.00059899
    3.1431431     0.00081981     0.00008346
    3.1831832     0.00235747     0.00003095
    3.2232232     0.00501862     0.00013929
    3.2632633     0.00809878     0.00060968
    3.3033033     0.01051383     0.00196553
    3.3433433     0.01256850     0.00468774
    3.3833834     0.01670093     0.00843723
    3.4234234     0.02551213     0.01206656
    3.4634635     0.03794524     0.01547557
    3.5035035     0.04728046     0.02111888
    3.5435435     0.04648179     0.03152358
    3.5835836     0.03825994     0.04406477
    3.6236236     0.03700294     0.05066398
    3.6636637     0.05888487     0.04615544
    3.7037037     0.10817081     0.03538962
    3.7437437     0.16810212     0.03062447
    3.7837838     0.21054177     0.04646532
    3.8238238     0.22181848     0.09386660
    3.8638639     0.20805966     0.16370396
    3.9039039     0.17704944     0.21680339
    3.9439439     0.13724462     0.21384378
    3.9839840     0.10533504     0.16072938
    4.0240240     0.09024073     0.10295827
    4.0640641     0.08047548     0.07395598
    4.1041041     0.06385784     0.06878241
    4.1441441     0.05008938     0.06757623
    4.1841842     0.06581853     0.06488572
    4.2242242     0.13059278     0.06710977
    4.2642643     0.23039914     0.07500676
    4.3043043     0.31463908     0.08667105
    4.3443443     0.33847877     0.11116003
    4.3843844     0.30295670     0.15896462
    4.4244244     0.23823220     0.22187511
    4.4644645     0.17485974     0.27676356
    4.5045045     0.14368057     0.30063888
    4.5445445     0.16284726     0.27792736
    4.5845846     0.20733282     0.21416016
    4.6246246     0.22122621     0.14097613
    4.6646647     0.17735244     0.09046519
    4.7047047     0.10422392     0.07577023
    4.7447447     0.04527034     0.09990579
    4.7847848     0.01615318     0.15537736
    4.8248248     0.00767902     0.20776618
    4.8648649     0.00685924     0.21164597
    4.9049049     0.00646270     0.15872634
    4.9449449     0.00469331     0.08680562
    4.9849850     0.00249301     0.03453159
    5.0250250     0.00096212     0.01007215
    5.0650651     0.00026958     0.00255702
    5.1051051     0.00005608     0.00183553
    5.1451452     0.00002745     0.00361673
    5.1851852     0.00021179     0.00614299
    5.2252252     0.00167061     0.00764464
    5.2652653     0.00962722     0.00691613
    5.3053053     0.04044436     0.00461799
    5.3453453     0.12432535     0.00291694
    5.3853854     0.28177004     0.00570218
    5.4254254     0.47771662     0.02385366
    5.4654655     0.62131393     0.08290038
    5.5055055     0.64245821     0.21434517
    5.5455455     0.54678752     0.41471071
    5.5855856     0.38787542     0.61162523
    5.6256256     0.22707098     0.70408798
    5.6656657     0.11410238     0.64636093
    5.7057057     0.06724457     0.47714009
    5.7457458     0.06884887     0.28071274
    5.7857858     0.08451703     0.13016723
    5.8258258     0.08718746     0.05079011
    5.8658659     0.07232167     0.02573613
    5.9059059     0.05436266     0.02662687
    5.9459459     0.04661108     0.03383807
    5.9859860     0.04641843     0.03960122
    6.0260260     0.04177706     0.04232350
    6.0660661     0.02759641     0.04006762
    6.1061061     0.00995224     0.03133128
    6.1461461    -0.00193561     0.01920268
    6.1861862    -0.00007928     0.00905738
    6.2262262     0.02620580     0.00356471
    6.2662663     0.09009492     0.00369316
    6.3063063     0.18760423     0.01530257
    6.3463464     0.27410173     0.05349273
    6.3863864     0.28872867     0.13100950
    6.4264264     0.22068422     0.22988712
    6.4664665     0.12366750     0.29678246
    6.5065065     0.05541837     0.29109805
    6.5465466     0.03288851     0.22619060
    6.5865866     0.04276880     0.14528437
    6.6266266     0.06296239     0.07930416
    6.6666667     0.07341149     0.03875396
    6.7067067     0.06747914     0.02201808
    6.7467467     0.05648671     0.02034905
    6.7867868     0.05551640     0.02346106
    6.8268268     0.06806804     0.02595871
    6.8668669     0.09482905     0.02833849
    6.9069069     0.15462396     0.03270959
    6.9469470     0.27083779     0.04085399
    6.9869870     0.41723295     0.05655924
    7.0270270     0.50593908     0.08808609
    7.0670671     0.47218273     0.14584384
    7.1071071     0.35375086     0.22594658
    7.1471472     0.24771269     0.29331608
    7.1871872     0.20605063     0.30749810
    7.2272272     0.20485727     0.27670414
    7.2672673     0.20012587     0.25579564
    7.3073073     0.17897616     0.27888183
    7.3473473     0.15572527     0.32369913
    7.3873874     0.14704814     0.35096960
    7.4274274     0.15912670     0.35379670
    7.4674675     0.19010600     0.36513388
    7.5075075     0.24398566     0.42029573
    7.5475475     0.32367784     0.49497523
    7.5875876     0.39599194     0.50463537
    7.6276276     0.39975313     0.40602315
    7.6676677     0.31599926     0.26006341
    7.7077077     0.19750230     0.15466385
    7.7477478     0.11013817     0.11179724
    7.7877878     0.07270761     0.09920693
    7.8278278     0.06195751     0.08978567
    7.8678679     0.05232179     0.07848274
    7.9079079     0.03787504     0.06433959
    7.9479479     0.02566931     0.04525466
    7.9879880     0.02460489     0.02521268
    8.0280280     0.04428349     0.01169365
    8.0680681     0.09136054     0.00943840
    8.1081081     0.15634302     0.02283515
    8.1481482     0.21102094     0.05823477
    8.1881882     0.22979530     0.11329406
    8.2282282     0.20988756     0.16325106
    8.2682683     0.16856992     0.17396998
    8.3083083     0.12925817     0.13973033
    8.3483484     0.10788131     0.09383828
    8.3883884     0.10334333     0.07251841
    8.4284284     0.10274639     0.08168244
    8.4684685     0.10246996     0.10387861
    8.5085085     0.12353426     0.12596866
    8.5485485     0.19276639     0.15117061
    8.5885886     0.29569041     0.18558836
    8.6286286     0.36416391     0.22395155
    8.6686687     0.34000731     0.25869348
    8.7087087     0.23959607     0.29247662
    8.7487488     0.12944775     0.32003302
    8.7887888     0.05716302     0.31178607
    8.8288288     0.02721227     0.24855604
    8.8688689     0.02190487     0.15627522
    8.9089089     0.02446471     0.07822360
    8.9489490     0.02907052     0.03250315
    8.9889890     0.03901947     0.01172770
    9.0290290     0.05512595     0.00376943
    9.0690691     0.06775807     0.00158558
    9.1091091     0.06579448     0.00326359
    9.1491491     0.05079777     0.01095816
    9.1891892     0.03639404     0.02838352
    9.2292292     0.03641335     0.05394887
    9.2692693     0.05495507     0.07592414
    9.3093093     0.08132808     0.08169312
    9.3493494     0.09515954     0.07336758
    9.3893894     0.08471702     0.06602972
    9.4294294     0.05948153     0.07025330
    9.4694695     0.03942102     0.08220792
    9.5095095     0.03485376     0.08829218
    9.5495496     0.03988870     0.07779698
    9.5895896     0.04356589     0.05478922
    9.6296296     0.04662053     0.03732626
    9.6696697     0.06643514     0.04574890
    9.7097097     0.12113918     0.09024749
    9.7497497     0.20174255     0.15663038
    9.7897898     0.26171811     0.20350194
    9.8298298     0.25376949     0.19658243
    9.8698699     0.18295894     0.14923520
    9.9099099     0.10263019     0.10772171
    9.9499500     0.05925916     0.10167345
    9.9899900     0.06257323     0.12915486
   10.0300300     0.09955229     0.17707211
   10.0700701     0.15140003     0.22653734
   10.1101101     0.19348443     0.24429479
   10.1501502     0.19960650     0.20611979
   10.1901902     0.16816364     0.13103749
   10.2302302     0.13508503     0.06469394
   10.2702703     0.13698812     0.03699557
   10.3103103     0.16508298     0.05309471
   10.3503504     0.17476388     0.10280526
   10.3903904     0.14098609     0.15703507
   10.4304304     0.08524965     0.17537255
   10.4704705     0.04605415     0.14221703
   10.5105105     0.04578503     0.08370754
   10.5505506     0.08653077     0.03583573
   10.5905906     0.14955172     0.01162159
   10.6306306     0.19491355     0.00491106
   10.6706707     0.18878053     0.00848985
   10.7107107     0.13875843     0.02056654
   10.7507508     0.08674949     0.04043689
   10.7907908     0.06890831     0.06404791
   10.8308308     0.09068428     0.08601718
   10.8708709     0.12901275     0.10612119
   10.9109109     0.15079038     0.13288362
   10.9509510     0.13798627     0.17470895
   10.9909910     0.09966001     0.21860986
   11.0310310     0.05916159     0.22868421
   11.0710711     0.03405288     0.18521915
   11.1111111     0.02962365     0.11253367
   11.1511512     0.04439876     0.05106703
   11.1911912     0.07865350     0.01938431
   11.2312312     0.14048201     0.01593499
   11.2712713     0.23287118     0.04218544
   11.3113113     0.32266548     0.10828772
   11.3513514     0.34775707     0.20869472
   11.3913914     0.28294125     0.29724860
   11.4314314     0.17382491     0.31516431
   11.4714715     0.08535796     0.25620542
   11.5115115     0.04343966     0.17408930
   11.5515516     0.03454572     0.11925629
   11.5915916     0.03629338     0.09891299
   11.6316316     0.03976570     0.09412632
   11.6716717     0.05178144     0.08828096
   11.7117117     0.07885826     0.08046031
   11.7517518     0.11047180     0.08182754
   11.7917918     0.12505863     0.09759367
   11.8318318     0.11440056     0.11431387
   11.8718719     0.09380225     0.11195241
   11.9119119     0.08548314     0.08794242
   11.9519520     0.09909812     0.06240091
   11.9919920     0.12838063     0.05807588
   12.0320320     0.15796665     0.07862137
   12.0720721     0.17046681     0.10677889
   12.1121121     0.15554979     0.12297182
   12.1521522     0.12126362     0.12382281
   12.1921922     0.08978372     0.11986368
   12.2322322     0.07392418     0.12039453
   12.2722723     0.06602356     0.12493852
   12.3123123     0.05451939     0.12422902
   12.3523524     0.04105171     0.10838382
   12.3923924     0.03499711     0.07795502
   12.4324324     0.03794251     0.04523442
   12.4724725     0.04069338     0.02330563
   12.5125125     0.03486161     0.01716359
   12.5525526     0.02223093     0.02379350
   12.5925926     0.01045703     0.03451102
   12.6326326     0.00408227     0.03870060
   12.6726727     0.00312592     0.03179991
   12.7127127     0.00748724     0.01901811
   12.7527528     0.02110804     0.00848290
   12.7927928     0.05415657     0.00420281
   12.8328328     0.11687051     0.00824242
   12.8728729     0.19809888     0.02702787
   12.9129129     0.25321023     0.07082287
   12.9529530     0.24051854     0.14008059
   12.9929930     0.17301989     0.20982160
   13.0330330     0.10789713     0.23961938
   13.0730731     0.08846480     0.21218624
   13.1131131     0.11638850     0.15553855
   13.1531532     0.16624733     0.11538354
   13.1931932     0.20411529     0.11311887
   13.2332332     0.20119239     0.14020548
   13.2732733     0.15357990     0.17739551
   13.3133133     0.08853451     0.20076757
   13.3533534     0.03817137     0.18650569
   13.3933934     0.01297374     0.13441081
   13.4334334     0.00537595     0.07363520
   13.4734735     0.00576127     0.03179266
   13.5135135     0.00845389     0.01264683
   13.5535536     0.00999539     0.00593553
   13.5935936     0.00863877     0.00326477
   13.6336336     0.00561001     0.00169904
   13.6736737     0.00487817     0.00074923
   13.7137137     0.01132710     0.00028218
   13.7537538     0.02764597     0.00025142
   13.7937938     0.04971159     0.00120952
   13.8338338     0.06584592     0.00503922
   13.8738739     0.06573191     0.01443520
   13.9139139     0.05114468     0.02945890
   13.9539540     0.03471940     0.04472391
   13.9939940     0.02827549     0.05410738
   14.0340340     0.03414719     0.05862403
   14.0740741     0.04611439     0.06509913
   14.1141141     0.05607131     0.07730202
   14.1541542     0.05943243     0.09016487
   14.1941942     0.05580357     0.09195299
   14.2342342     0.04685276     0.07550178
   14.2742743     0.03499584     0.04771978
   14.3143143     0.02405772     0.02284708
   14.3543544     0.01847761     0.00885326
   14.3943944     0.01931939     0.00494003
   14.4344344     0.02279156     0.00760081
   14.4744745     0.02469371     0.01392648
   14.5145145     0.02420928     0.02117584
   14.5545546     0.02184308     0.02688243
   14.5945946     0.01722354     0.02920302
   14.6346346     0.01099074     0.02665396
   14.6746747     0.00563911     0.01953303
   14.7147147     0.00339902     0.01116474
   14.7547548     0.00561347     0.00527081
   14.7947948     0.01413169     0.00280941
   14.8348348     0.03046649     0.00248495
   14.8748749     0.05183663     0.00336111
   14.9149149     0.07003296     0.00667962
   14.9549550     0.07666556     0.01520949
   14.9949950     0.06872550     0.02936326
   15.0350350     0.04985297     0.04395009
   15.0750751     0.02844689     0.05270353
   15.1151151     0.01239685     0.05618638
   15.1551552     0.00403645     0.05842863
   15.1951952     0.00096879     0.05700793
   15.2352352     0.00017011     0.04640329
   15.2752753     0.00002182     0.02911825
   15.3153153     0.00000285     0.01423365
   15.3553554     0.00000962     0.00788268
   15.3953954     0.00007932     0.01078525
   15.4354354     0.00048147     0.02039249
   15.4754755     0.00212112     0.03061194
   15.5155155     0.00678115     0.03361983
   15.5555556     0.01573221     0.02681336
   15.5955956     0.02648643     0.01551960
   15.6356356     0.03235970     0.00651867
   15.6756757     0.02869016     0.00198694
   15.7157157     0.01845903     0.00043950
   15.7557558     0.00861860     0.00007055
   15.7957958     0.00292149     0.00000822
   15.8358358     0.00073311     0.00000074
   15.8758759     0.00026092     0.00000056
   15.9159159     0.00093356     0.00000504
   15.9559560     0.00490075     0.00003942
   15.9959960     0.01989716     0.00025566
   16.0360360     0.06050367     0.00137329
   16.0760761     0.13627954     0.00595392
   16.1161161     0.22580719     0.02026587
   16.1561562     0.27408670     0.05343382
   16.1961962     0.24311511     0.10956715
   16.2362362     0.15735514     0.17753278
   16.2762763     0.07425386     0.23100403
   16.3163163     0.02553923     0.24209350
   16.3563564     0.00646575     0.20136238
   16.3963964     0.00162948     0.12973988
   16.4364364     0.00231363     0.06346019
   16.4764765     0.00727542     0.02423319
   16.5165165     0.01766851     0.01111318
   16.5565566     0.03115384     0.01484381
   16.5965966     0.03989585     0.02714648
   16.6366366     0.03740619     0.03865997
   16.6766767     0.02670832     0.04012411
   16.7167167     0.01733333     0.03016855
   16.7567568     0.01609117     0.01644946
   16.7967968     0.02551803     0.00702764
   16.8368368     0.04876474     0.00516078
   16.8768769     0.08761039     0.01294351
   16.9169169     0.13098272     0.03454184
   16.9569570     0.15302307     0.06974434
   16.9969970     0.13541333     0.10374277
   17.0370370     0.08931647     0.11391443
   17.0770771     0.04353622     0.09414785
   17.1171171     0.01566223     0.06238575
   17.1571572     0.00423707     0.03970498
   17.1971972     0.00094822     0.03271625
   17.2372372     0.00024086     0.03522398
   17.2772773     0.00017498     0.03673969
   17.3173173     0.00062170     0.03114922
   17.3573574     0.00252837     0.02176071
   17.3973974     0.00784333     0.01654400
   17.4374374     0.01843634     0.01882271
   17.4774775     0.03446947     0.02429611
   17.5175175     0.05575441     0.02686229
   17.5575576     0.08500170     0.02660106
   17.5975976     0.12523577     0.03023364
   17.6376376     0.17259529     0.04393243
   17.6776777     0.21388878     0.07002450
   17.7177177     0.22997463     0.11113048
   17.7577578     0.20609126     0.16804346
   17.7977978     0.14792233     0.22475199
   17.8378378     0.08267569     0.24588655
   17.8778779     0.03709811     0.20901840
   17.9179179     0.02100724     0.13451806
   17.9579580     0.03351243     0.06567701
   17.9979980     0.07127629     0.02892414
   18.0380380     0.12345875     0.02731901
   18.0780781     0.17004015     0.05712117
   18.1181181     0.19567123     0.11031009
   18.1581582     0.19820202     0.16491382
   18.1981982     0.18110131     0.19299513
   18.2382382     0.15188214     0.18813239
   18.2782783     0.12961137     0.17558740
   18.3183183     0.13581233     0.18572571
   18.3583584     0.16691111     0.21934610
   18.3983984     0.18660721     0.24320844
   18.4384384     0.16302481     0.22244818
   18.4784785     0.10640835     0.15796360
   18.5185185     0.05369954     0.08484152
   18.5585586     0.02890495     0.03498039
   18.5985986     0.03493206     0.01433355
   18.6386386     0.07226070     0.01289930
   18.6786787     0.14679024     0.02023322
   18.7187187     0.24815605     0.03228397
   18.7587588     0.32702942     0.05731994
   18.7987988     0.32838573     0.11693411
   18.8388388     0.25915397     0.22564802
   18.8788789     0.18821000     0.35821606
   18.9189189     0.16843915     0.45025320
   18.9589590     0.18424629     0.44993345
   18.9989990     0.18268768     0.36261054
   19.0390390     0.13940970     0.23743246
   19.0790791     0.07709002     0.12529239
   19.1191191     0.02602794     0.05214459
   19.1591592    -0.00773831     0.01624570
   19.1991992    -0.03246568     0.00125006
   19.2392392    -0.04934380    -0.00966691
   19.2792793    -0.05164008    -0.02721805
   19.3193193    -0.03880311    -0.05154909
   19.3593594    -0.02026562    -0.07016372
   19.3993994    -0.00317525    -0.06892225
   19.4394394     0.01815490    -0.04861190
   19.4794795     0.05854020    -0.02266633
   19.5195195     0.12307459     0.00222066
   19.5595596     0.18645518     0.03592290
   19.5995996     0.20495111     0.09194740
   19.6396396     0.16361583     0.16119418
   19.6796797     0.09509363     0.20415601
   19.7197197     0.04097459     0.18762630
   19.7597598     0.01533142     0.12539858
   19.7997998     0.01046681     0.06182775
   19.8398398     0.01743187     0.02501585
   19.8798799     0.03468445     0.01401426
   19.9199199     0.06398891     0.01854040
   19.9599600     0.09821378     0.03500369
   20.0000000     0.11646631     0.06448323
