#
#   partial DOS for atom species: Ga
#
#   Add data for atom_index =   1,  n,l,m,z=  4  1 -1  1
#   Add data for atom_index =   1,  n,l,m,z=  4  1  0  1
#   Add data for atom_index =   1,  n,l,m,z=  4  1  1  1
#   Add data for atom_index =   1,  n,l,m,z=  4  1 -1  2
#   Add data for atom_index =   1,  n,l,m,z=  4  1  0  2
#   Add data for atom_index =   1,  n,l,m,z=  4  1  1  2
#   Add data for atom_index =   1,  n,l,m,z=  4  1 -1  3
#   Add data for atom_index =   1,  n,l,m,z=  4  1  0  3
#   Add data for atom_index =   1,  n,l,m,z=  4  1  1  3
#   Add data for atom_index =   2,  n,l,m,z=  4  1 -1  1
#   Add data for atom_index =   2,  n,l,m,z=  4  1  0  1
#   Add data for atom_index =   2,  n,l,m,z=  4  1  1  1
#   Add data for atom_index =   2,  n,l,m,z=  4  1 -1  2
#   Add data for atom_index =   2,  n,l,m,z=  4  1  0  2
#   Add data for atom_index =   2,  n,l,m,z=  4  1  1  2
#   Add data for atom_index =   2,  n,l,m,z=  4  1 -1  3
#   Add data for atom_index =   2,  n,l,m,z=  4  1  0  3
#   Add data for atom_index =   2,  n,l,m,z=  4  1  1  3
#   Add data for atom_index =   3,  n,l,m,z=  4  1 -1  1
#   Add data for atom_index =   3,  n,l,m,z=  4  1  0  1
#   Add data for atom_index =   3,  n,l,m,z=  4  1  1  1
#   Add data for atom_index =   3,  n,l,m,z=  4  1 -1  2
#   Add data for atom_index =   3,  n,l,m,z=  4  1  0  2
#   Add data for atom_index =   3,  n,l,m,z=  4  1  1  2
#   Add data for atom_index =   3,  n,l,m,z=  4  1 -1  3
#   Add data for atom_index =   3,  n,l,m,z=  4  1  0  3
#   Add data for atom_index =   3,  n,l,m,z=  4  1  1  3
#
#    Energy          spin 1        spin2
#
  -20.0000000     0.00000000     0.00000000
  -19.9599600     0.00000000     0.00000000
  -19.9199199     0.00000000     0.00000000
  -19.8798799     0.00000000     0.00000000
  -19.8398398     0.00000000     0.00000000
  -19.7997998     0.00000000     0.00000000
  -19.7597598     0.00000000     0.00000000
  -19.7197197     0.00000000     0.00000000
  -19.6796797     0.00000000     0.00000000
  -19.6396396     0.00000000     0.00000000
  -19.5995996     0.00000000     0.00000000
  -19.5595596     0.00000000     0.00000000
  -19.5195195     0.00000000     0.00000000
  -19.4794795     0.00000000     0.00000000
  -19.4394394     0.00000000     0.00000000
  -19.3993994     0.00000000     0.00000000
  -19.3593594     0.00000000     0.00000000
  -19.3193193     0.00000000     0.00000000
  -19.2792793     0.00000000     0.00000000
  -19.2392392     0.00000000     0.00000000
  -19.1991992     0.00000000     0.00000000
  -19.1591592     0.00000001     0.00000000
  -19.1191191     0.00000017     0.00000005
  -19.0790791     0.00000165     0.00000060
  -19.0390390     0.00001169     0.00000496
  -18.9989990     0.00006004     0.00002964
  -18.9589590     0.00022441     0.00012876
  -18.9189189     0.00061523     0.00040810
  -18.8788789     0.00127303     0.00095710
  -18.8388388     0.00217646     0.00174542
  -18.7987988     0.00369938     0.00283301
  -18.7587588     0.00696437     0.00492756
  -18.7187187     0.01257162     0.00908128
  -18.6786787     0.01831895     0.01467539
  -18.6386386     0.01998651     0.01832168
  -18.5985986     0.01595760     0.01689264
  -18.5585586     0.00926618     0.01135534
  -18.5185185     0.00390687     0.00554601
  -18.4784785     0.00119542     0.00196626
  -18.4384384     0.00026343     0.00050536
  -18.3983984     0.00002033     0.00008719
  -18.3583584    -0.00017253    -0.00005365
  -18.3183183    -0.00102977    -0.00044323
  -18.2782783    -0.00444006    -0.00220013
  -18.2382382    -0.01451096    -0.00820519
  -18.1981982    -0.03714896    -0.02374041
  -18.1581582    -0.07748443    -0.05537537
  -18.1181181    -0.13560150    -0.10761358
  -18.0780781    -0.20027911    -0.17598236
  -18.0380380    -0.24869462    -0.24019521
  -17.9979980    -0.26542442    -0.27496704
  -17.9579580    -0.26026594    -0.27720405
  -17.9179179    -0.24867246    -0.26583339
  -17.8778779    -0.22325994    -0.24651142
  -17.8378378    -0.17019248    -0.20373257
  -17.7977978    -0.10156229    -0.13615448
  -17.7577578    -0.04548174    -0.06935006
  -17.7177177    -0.01499856    -0.02618837
  -17.6776777    -0.00359425    -0.00723885
  -17.6376376    -0.00048716    -0.00140076
  -17.5975976     0.00066276     0.00017242
  -17.5575576     0.00245840     0.00168223
  -17.5175175     0.00454712     0.00490419
  -17.4774775     0.00029052     0.00781108
  -17.4374374    -0.02319821     0.00022827
  -17.3973974    -0.07055112    -0.03104478
  -17.3573574    -0.12545505    -0.08401167
  -17.3173173    -0.17050983    -0.14023059
  -17.2772773    -0.21015437    -0.19124790
  -17.2372372    -0.24511339    -0.23912694
  -17.1971972    -0.24657828    -0.26349896
  -17.1571572    -0.19411868    -0.23283176
  -17.1171171    -0.11392199    -0.15525883
  -17.0770771    -0.04894593    -0.07615454
  -17.0370370    -0.01530443    -0.02722759
  -16.9969970    -0.00348977    -0.00707515
  -16.9569570    -0.00069120    -0.00134177
  -16.9169169    -0.00077176    -0.00022800
  -16.8768769    -0.00311239    -0.00022620
  -16.8368368    -0.01034639    -0.00075338
  -16.7967968    -0.02643061    -0.00232822
  -16.7567568    -0.05265759    -0.00644230
  -16.7167167    -0.08258063    -0.01517641
  -16.6766767    -0.10166123    -0.02802788
  -16.6366366    -0.09693890    -0.03842008
  -16.5965966    -0.07035103    -0.03817618
  -16.5565566    -0.03823975    -0.02729779
  -16.5165165    -0.01538301    -0.01403605
  -16.4764765    -0.00454372    -0.00519694
  -16.4364364    -0.00098131    -0.00138818
  -16.3963964    -0.00016418    -0.00026964
  -16.3563564    -0.00011972    -0.00005961
  -16.3163163    -0.00077347    -0.00021008
  -16.2762763    -0.00435396    -0.00142201
  -16.2362362    -0.01847162    -0.00731547
  -16.1961962    -0.05963272    -0.02834159
  -16.1561562    -0.14856674    -0.08357971
  -16.1161161    -0.28984810    -0.19009519
  -16.0760761    -0.44794735    -0.33810847
  -16.0360360    -0.55159383    -0.47608955
  -15.9959960    -0.54304760    -0.53577312
  -15.9559560    -0.43293216    -0.48624763
  -15.9159159    -0.29099866    -0.36159167
  -15.8758759    -0.17924897    -0.22879434
  -15.8358358    -0.11271742    -0.13444356
  -15.7957958    -0.07581458    -0.08379603
  -15.7557558    -0.05044978    -0.05710687
  -15.7157157    -0.02934854    -0.03678422
  -15.6756757    -0.01473727    -0.01959197
  -15.6356356    -0.01136395    -0.00983892
  -15.5955956    -0.02440344    -0.01176500
  -15.5555556    -0.05777078    -0.02986951
  -15.5155155    -0.10236934    -0.06516778
  -15.4754755    -0.12730255    -0.10173174
  -15.4354354    -0.09998511    -0.10453215
  -15.3953954    -0.02299942    -0.04866063
  -15.3553554     0.05800196     0.04438833
  -15.3153153     0.09302578     0.11342906
  -15.2752753     0.07891768     0.11758825
  -15.2352352     0.05863480     0.08227557
  -15.1951952     0.05991194     0.05896408
  -15.1551552     0.06507499     0.05668411
  -15.1151151     0.05269571     0.05081398
  -15.0750751     0.02948955     0.03284252
  -15.0350350     0.01146743     0.01467403
  -14.9949950     0.00314474     0.00457305
  -14.9549550     0.00065592     0.00103009
  -14.9149149     0.00042225     0.00036891
  -14.8748749     0.00190537     0.00131722
  -14.8348348     0.00788149     0.00585669
  -14.7947948     0.02430774     0.01942021
  -14.7547548     0.05606557     0.04761113
  -14.7147147     0.09732144     0.08659075
  -14.6746747     0.12701816     0.11687481
  -14.6346346     0.12127601     0.11593440
  -14.5945946     0.07409300     0.08067412
  -14.5545546     0.00357269     0.02975745
  -14.5145145    -0.06339929    -0.01766858
  -14.4744745    -0.10793707    -0.05470314
  -14.4344344    -0.12050371    -0.07696359
  -14.3943944    -0.10056634    -0.07685109
  -14.3543544    -0.06178934    -0.05522552
  -14.3143143    -0.02376756    -0.02557094
  -14.2742743     0.00646653     0.00033897
  -14.2342342     0.03787452     0.02417642
  -14.1941942     0.08128895     0.05813505
  -14.1541542     0.13573336     0.11244464
  -14.1141141     0.18780656     0.18115044
  -14.0740741     0.22205922     0.24076034
  -14.0340340     0.23306662     0.26965658
  -13.9939940     0.22696618     0.26599554
  -13.9539540     0.20686048     0.23894028
  -13.9139139     0.16768720     0.19260072
  -13.8738739     0.11765121     0.13344523
  -13.8338338     0.08834448     0.08288100
  -13.7937938     0.10719596     0.06803635
  -13.7537538     0.16389167     0.10184396
  -13.7137137     0.21285612     0.16794673
  -13.6736737     0.21557169     0.22319318
  -13.6336336     0.17506314     0.23010590
  -13.5935936     0.12275453     0.19007759
  -13.5535536     0.08386379     0.13529186
  -13.5135135     0.06344835     0.09424184
  -13.4734735     0.05598166     0.07356653
  -13.4334334     0.05665136     0.06570417
  -13.3933934     0.06285586     0.06273470
  -13.3533534     0.07570898     0.06293158
  -13.3133133     0.10193164     0.06984193
  -13.2732733     0.14170358     0.08359085
  -13.2332332     0.17638621     0.09508928
  -13.1931932     0.18400252     0.09966408
  -13.1531532     0.16445398     0.11302067
  -13.1131131     0.13756222     0.15656069
  -13.0730731     0.12525587     0.22416819
  -13.0330330     0.14407103     0.27740755
  -12.9929930     0.19562727     0.28210007
  -12.9529530     0.25377930     0.24391111
  -12.9129129     0.27994030     0.19814706
  -12.8728729     0.25674989     0.16748245
  -12.8328328     0.19741922     0.14535450
  -12.7927928     0.13207933     0.11988601
  -12.7527528     0.09498642     0.09615018
  -12.7127127     0.11346745     0.09515870
  -12.6726727     0.19254074     0.13722844
  -12.6326326     0.30165480     0.21506218
  -12.5925926     0.38346780     0.28397050
  -12.5525526     0.39132776     0.30165180
  -12.5125125     0.32434973     0.27687761
  -12.4724725     0.22632301     0.25206051
  -12.4324324     0.14993697     0.24415508
  -12.3923924     0.11614143     0.23481257
  -12.3523524     0.10685599     0.21040077
  -12.3123123     0.10026052     0.17905725
  -12.2722723     0.10456415     0.15709124
  -12.2322322     0.14384993     0.16235266
  -12.1921922     0.21578274     0.20559878
  -12.1521522     0.28709611     0.27649360
  -12.1121121     0.34352113     0.35577328
  -12.0720721     0.41927432     0.43585902
  -12.0320320     0.54645735     0.51390883
  -11.9919920     0.68525065     0.58276160
  -11.9519520     0.73769703     0.62956503
  -11.9119119     0.64628441     0.62179905
  -11.8718719     0.45846341     0.52475387
  -11.8318318     0.27264757     0.35826226
  -11.7917918     0.14585823     0.19626264
  -11.7517518     0.07768749     0.09873351
  -11.7117117     0.05231904     0.07372839
  -11.6716717     0.06200026     0.09518111
  -11.6316316     0.10140266     0.13197303
  -11.5915916     0.16648166     0.16869970
  -11.5515516     0.26177113     0.21032741
  -11.5115115     0.38495586     0.26493554
  -11.4714715     0.50214394     0.33530095
  -11.4314314     0.57636680     0.43424321
  -11.3913914     0.61291197     0.57168514
  -11.3513514     0.62372483     0.70474246
  -11.3113113     0.57959720     0.74401968
  -11.2712713     0.46386000     0.64722301
  -11.2312312     0.33412194     0.47718323
  -11.1911912     0.27591240     0.33750858
  -11.1511512     0.31961571     0.28192281
  -11.1111111     0.42503260     0.30827946
  -11.0710711     0.52464459     0.39635185
  -11.0310310     0.56821414     0.50732627
  -10.9909910     0.55245326     0.57760624
  -10.9509510     0.53334122     0.57532865
  -10.9109109     0.58462729     0.55271681
  -10.8708709     0.71566463     0.58433547
  -10.8308308     0.84812547     0.66862178
  -10.7907908     0.89151866     0.74664645
  -10.7507508     0.82891428     0.78620965
  -10.7107107     0.71475998     0.78644831
  -10.6706707     0.60763867     0.73970140
  -10.6306306     0.53518605     0.65053810
  -10.5905906     0.50282757     0.55723000
  -10.5505506     0.50176133     0.49471272
  -10.5105105     0.51695754     0.47347134
  -10.4704705     0.53353045     0.49946258
  -10.4304304     0.54124787     0.56946052
  -10.3903904     0.56285688     0.66384142
  -10.3503504     0.65559075     0.77123218
  -10.3103103     0.81979195     0.88060475
  -10.2702703     0.93520329     0.94155005
  -10.2302302     0.87442163     0.89325425
  -10.1901902     0.66152798     0.74970695
  -10.1501502     0.45052932     0.60234592
  -10.1101101     0.37269378     0.51982612
  -10.0700701     0.44671040     0.48804913
  -10.0300300     0.59772882     0.45695661
   -9.9899900     0.72263340     0.40590807
   -9.9499500     0.75357171     0.35180237
   -9.9099099     0.68603405     0.31910671
   -9.8698699     0.56256572     0.31773408
   -9.8298298     0.43781631     0.33968697
   -9.7897898     0.34708150     0.36234792
   -9.7497497     0.29261684     0.36278685
   -9.7097097     0.25803249     0.34461881
   -9.6696697     0.23204459     0.33701972
   -9.6296296     0.21453267     0.35296598
   -9.5895896     0.21105939     0.37339507
   -9.5495496     0.22876896     0.38625728
   -9.5095095     0.26814918     0.40934798
   -9.4694695     0.31454793     0.45589637
   -9.4294294     0.34451507     0.50387523
   -9.3893894     0.34377096     0.51969754
   -9.3493494     0.31700709     0.49717260
   -9.3093093     0.28191940     0.45896276
   -9.2692693     0.25435873     0.42961759
   -9.2292292     0.23618487     0.41713923
   -9.1891892     0.22145730     0.41287618
   -9.1491491     0.21436504     0.40181274
   -9.1091091     0.22681775     0.37718280
   -9.0690691     0.25479502     0.34669224
   -9.0290290     0.27443507     0.32124269
   -8.9889890     0.27201312     0.30177023
   -8.9489490     0.26403646     0.28561995
   -8.9089089     0.27257792     0.27932530
   -8.8688689     0.29448888     0.28944114
   -8.8288288     0.31341948     0.30457111
   -8.7887888     0.32503834     0.30359987
   -8.7487488     0.33348762     0.28216042
   -8.7087087     0.34315562     0.26086303
   -8.6686687     0.36313949     0.26699879
   -8.6286286     0.40002369     0.30857566
   -8.5885886     0.44318318     0.36460406
   -8.5485485     0.46961942     0.40577703
   -8.5085085     0.46633769     0.42503182
   -8.4684685     0.44659142     0.43967483
   -8.4284284     0.43722493     0.46320502
   -8.3883884     0.44406257     0.48277304
   -8.3483484     0.44293685     0.46811375
   -8.3083083     0.41271579     0.40364603
   -8.2682683     0.35993001     0.31025281
   -8.2282282     0.30408904     0.22959672
   -8.1881882     0.25583977     0.18739024
   -8.1481482     0.22038543     0.18060831
   -8.1081081     0.20879521     0.19595379
   -8.0680681     0.22563192     0.22075522
   -8.0280280     0.25108459     0.23662790
   -7.9879880     0.25675552     0.22892766
   -7.9479479     0.23844701     0.20801959
   -7.9079079     0.21861050     0.19908285
   -7.8678679     0.21989938     0.20776073
   -7.8278278     0.24834346     0.21560797
   -7.7877878     0.29398341     0.21278583
   -7.7477478     0.33185408     0.21825903
   -7.7077077     0.33335359     0.25688208
   -7.6676677     0.29769564     0.31979283
   -7.6276276     0.26018683     0.36054413
   -7.5875876     0.24982704     0.34507012
   -7.5475475     0.25585284     0.29400557
   -7.5075075     0.25290306     0.25322161
   -7.4674675     0.23421060     0.23866358
   -7.4274274     0.20262939     0.23256856
   -7.3873874     0.15700511     0.21810530
   -7.3473473     0.10316082     0.19837216
   -7.3073073     0.05676993     0.18575921
   -7.2672673     0.02852201     0.18332088
   -7.2272272     0.01918551     0.18135949
   -7.1871872     0.02884484     0.17274130
   -7.1471472     0.06190570     0.16359746
   -7.1071071     0.11903233     0.16080008
   -7.0670671     0.18653918     0.15831669
   -7.0270270     0.24159760     0.14585836
   -6.9869870     0.27211483     0.12396436
   -6.9469470     0.28727133     0.10328136
   -6.9069069     0.30399766     0.09067636
   -6.8668669     0.32312215     0.08263364
   -6.8268268     0.32758711     0.07605024
   -6.7867868     0.31154068     0.07812402
   -6.7467467     0.29662695     0.09761504
   -6.7067067     0.30504852     0.12886442
   -6.6666667     0.32930402     0.15209752
   -6.6266266     0.34242322     0.15451041
   -6.5865866     0.33099657     0.14680483
   -6.5465466     0.30578683     0.15243992
   -6.5065065     0.27949136     0.18431934
   -6.4664665     0.24776607     0.23485488
   -6.4264264     0.20161505     0.28226622
   -6.3863864     0.14752020     0.30329224
   -6.3463464     0.10452423     0.28827043
   -6.3063063     0.08927951     0.25519276
   -6.2662663     0.10878832     0.24304435
   -6.2262262     0.15888532     0.27651599
   -6.1861862     0.22533776     0.33941078
   -6.1461461     0.28731581     0.38943526
   -6.1061061     0.32087555     0.39510896
   -6.0660661     0.31011078     0.35843374
   -6.0260260     0.26583051     0.30969006
   -5.9859860     0.22491123     0.28020729
   -5.9459459     0.21873226     0.27457716
   -5.9059059     0.24399856     0.27226163
   -5.8658659     0.26985723     0.25748718
   -5.8258258     0.27304634     0.23609832
   -5.7857858     0.26023682     0.22023522
   -5.7457458     0.25071503     0.21284283
   -5.7057057     0.24900882     0.21297691
   -5.6656657     0.24866138     0.22211254
   -5.6256256     0.24826217     0.24123576
   -5.5855856     0.24769764     0.26798422
   -5.5455455     0.24144038     0.29335627
   -5.5055055     0.22488101     0.30301686
   -5.4654655     0.19801670     0.28957182
   -5.4254254     0.16375323     0.25692625
   -5.3853854     0.13097392     0.21247999
   -5.3453453     0.11531723     0.16770640
   -5.3053053     0.12950031     0.13957226
   -5.2652653     0.16962128     0.13801753
   -5.2252252     0.21151695     0.15713673
   -5.1851852     0.22735787     0.18371199
   -5.1451452     0.21111695     0.20738773
   -5.1051051     0.18776248     0.22193458
   -5.0650651     0.19468036     0.22946845
   -5.0250250     0.25036834     0.24329231
   -4.9849850     0.34139674     0.27106077
   -4.9449449     0.43778458     0.30096446
   -4.9049049     0.51149827     0.32049447
   -4.8648649     0.54042560     0.34052622
   -4.8248248     0.51490671     0.38445868
   -4.7847848     0.44925874     0.45058440
   -4.7447447     0.37062635     0.50051409
   -4.7047047     0.29557494     0.50163543
   -4.6646647     0.23028258     0.46477074
   -4.6246246     0.18000552     0.41791847
   -4.5845846     0.14518777     0.36485936
   -4.5445445     0.12735279     0.29563674
   -4.5045045     0.14547114     0.21739703
   -4.4644645     0.21943089     0.15203632
   -4.4244244     0.32517842     0.11803698
   -4.3843844     0.39622459     0.12771508
   -4.3443443     0.39630584     0.18876729
   -4.3043043     0.36248755     0.28863396
   -4.2642643     0.34637691     0.37623793
   -4.2242242     0.34846291     0.39084143
   -4.1841842     0.34067159     0.33143180
   -4.1441441     0.31516516     0.27029880
   -4.1041041     0.28473575     0.27614584
   -4.0640641     0.26819037     0.34351881
   -4.0240240     0.29113027     0.40937292
   -3.9839840     0.36830764     0.42416609
   -3.9439439     0.46723327     0.39827146
   -3.9039039     0.51705425     0.38237873
   -3.8638639     0.47955159     0.40619734
   -3.8238238     0.39318090     0.44694582
   -3.7837838     0.32382830     0.46185281
   -3.7437437     0.29772697     0.43267591
   -3.7037037     0.30457992     0.37082213
   -3.6636637     0.32777743     0.29855056
   -3.6236236     0.35017674     0.24137848
   -3.5835836     0.36402424     0.23522739
   -3.5435435     0.37615483     0.31210417
   -3.5035035     0.38002658     0.44656527
   -3.4634635     0.35148016     0.53935111
   -3.4234234     0.29519720     0.50775614
   -3.3833834     0.25551003     0.38036451
   -3.3433433     0.25846626     0.25697399
   -3.3033033     0.27631883     0.19728567
   -3.2632633     0.26593997     0.18883786
   -3.2232232     0.21861289     0.19596697
   -3.1831832     0.16285568     0.19661201
   -3.1431431     0.13470529     0.18752026
   -3.1031031     0.15134346     0.19178927
   -3.0630631     0.20901022     0.25007306
   -3.0230230     0.30165531     0.37394359
   -2.9829830     0.42690776     0.52081249
   -2.9429429     0.56375152     0.63714564
   -2.9029029     0.66800621     0.69923017
   -2.8628629     0.71065888     0.68969552
   -2.8228228     0.69752122     0.59152692
   -2.7827828     0.64664650     0.44289219
   -2.7427427     0.57529398     0.33413657
   -2.7027027     0.50136476     0.31666322
   -2.6626627     0.44179426     0.36266459
   -2.6226226     0.41578582     0.42672578
   -2.5825826     0.44247877     0.50082805
   -2.5425425     0.52457306     0.58580035
   -2.5025025     0.63022886     0.64766119
   -2.4624625     0.70227865     0.65027749
   -2.4224224     0.70519134     0.60896015
   -2.3823824     0.64618807     0.56250122
   -2.3423423     0.54198311     0.51308482
   -2.3023023     0.40412898     0.43411318
   -2.2622623     0.25896034     0.32243995
   -2.2222222     0.14576303     0.21577771
   -2.1821822     0.09439255     0.15860681
   -2.1421421     0.11305092     0.16133941
   -2.1021021     0.18252132     0.19991902
   -2.0620621     0.26000587     0.25685485
   -2.0220220     0.31550842     0.34362028
   -1.9819820     0.36853724     0.45875000
   -1.9419419     0.45570623     0.55343292
   -1.9019019     0.56870528     0.58555950
   -1.8618619     0.66786469     0.57658164
   -1.8218218     0.73250021     0.57251563
   -1.7817818     0.74930598     0.58465117
   -1.7417417     0.69578921     0.59269385
   -1.7017017     0.58059580     0.57329372
   -1.6616617     0.45666332     0.51626965
   -1.6216216     0.37532327     0.43366947
   -1.5815816     0.36086304     0.35449456
   -1.5415415     0.41960950     0.30411095
   -1.5015015     0.53399799     0.29493755
   -1.4614615     0.64552962     0.33362729
   -1.4214214     0.67450921     0.41403782
   -1.3813814     0.58451858     0.50031089
   -1.3413413     0.42755035     0.54291423
   -1.3013013     0.30258894     0.51750811
   -1.2612613     0.25900363     0.44045688
   -1.2212212     0.25814410     0.35712819
   -1.1811812     0.23991281     0.31586357
   -1.1411411     0.19938246     0.33092828
   -1.1011011     0.17646000     0.36778113
   -1.0610611     0.20417381     0.38789155
   -1.0210210     0.29357913     0.40272168
   -0.9809810     0.42905475     0.44671937
   -0.9409409     0.54957079     0.50545305
   -0.9009009     0.57377297     0.51842795
   -0.8608609     0.48029455     0.45145211
   -0.8208208     0.34981001     0.33253138
   -0.7807808     0.30553448     0.22489167
   -0.7407407     0.40819675     0.19148134
   -0.7007007     0.59946998     0.27091030
   -0.6606607     0.74211469     0.44319129
   -0.6206206     0.73514254     0.61124611
   -0.5805806     0.59741028     0.66365527
   -0.5405405     0.43435523     0.58295741
   -0.5005005     0.33879705     0.46240980
   -0.4604605     0.32478879     0.40215743
   -0.4204204     0.33536971     0.41975433
   -0.3803804     0.31036611     0.46839401
   -0.3403403     0.25428272     0.50383267
   -0.3003003     0.23113635     0.51240059
   -0.2602603     0.28640237     0.49443889
   -0.2202202     0.39019721     0.45037423
   -0.1801802     0.47916614     0.38861817
   -0.1401401     0.53831788     0.33088270
   -0.1001001     0.59606870     0.30429136
   -0.0600601     0.65121338     0.33005629
   -0.0200200     0.66746039     0.41302750
    0.0200200     0.63175569     0.53154992
    0.0600601     0.55887662     0.63024080
    0.1001001     0.45410742     0.64517339
    0.1401401     0.32439693     0.56704567
    0.1801802     0.20625802     0.45665273
    0.2202202     0.14240048     0.37034554
    0.2602603     0.14240621     0.30712747
    0.3003003     0.18119558     0.24882353
    0.3403403     0.22885663     0.20275788
    0.3803804     0.27466158     0.18572983
    0.4204204     0.31710534     0.19834073
    0.4604605     0.33957687     0.22174962
    0.5005005     0.32094701     0.23346886
    0.5405405     0.27286720     0.23065755
    0.5805806     0.23971338     0.22894347
    0.6206206     0.25598693     0.23891409
    0.6606607     0.32168438     0.26020104
    0.7007007     0.41298587     0.29497668
    0.7407407     0.50150699     0.35237163
    0.7807808     0.56786669     0.43484555
    0.8208208     0.59885733     0.51914438
    0.8608609     0.58298243     0.56334808
    0.9009009     0.53349071     0.55548646
    0.9409409     0.49408405     0.53736741
    0.9809810     0.48567286     0.54514220
    1.0210210     0.47545886     0.55502639
    1.0610611     0.42960208     0.52801128
    1.1011011     0.36895257     0.47382364
    1.1411411     0.34785872     0.43175975
    1.1811812     0.38786319     0.41320079
    1.2212212     0.45094094     0.39491283
    1.2612613     0.48642213     0.36475983
    1.3013013     0.48605454     0.34632844
    1.3413413     0.47728226     0.36216383
    1.3813814     0.49024691     0.40690499
    1.4214214     0.55364811     0.48613777
    1.4614615     0.68090233     0.63044286
    1.5015015     0.82615423     0.82072227
    1.5415415     0.90172784     0.95544689
    1.5815816     0.86828400     0.96057798
    1.6216216     0.76430005     0.88124467
    1.6616617     0.64728005     0.80563217
    1.7017017     0.54941149     0.76068313
    1.7417417     0.48020929     0.72295316
    1.7817818     0.44202431     0.66849515
    1.8218218     0.43683136     0.58752007
    1.8618619     0.45156229     0.48732199
    1.9019019     0.45393499     0.39491545
    1.9419419     0.44105238     0.35078236
    1.9819820     0.46787150     0.38619326
    2.0220220     0.57763359     0.48826539
    2.0620621     0.72322900     0.59522506
    2.1021021     0.79106159     0.64291205
    2.1421421     0.70492651     0.60531979
    2.1821822     0.50082309     0.49384755
    2.2222222     0.28605159     0.34885106
    2.2622623     0.13780068     0.22434473
    2.3023023     0.06739992     0.15247254
    2.3423423     0.05419961     0.12599443
    2.3823824     0.07223065     0.11919750
    2.4224224     0.09384532     0.11544393
    2.4624625     0.10107716     0.11348085
    2.5025025     0.10247630     0.11754737
    2.5425425     0.12262107     0.12918107
    2.5825826     0.16748844     0.14830950
    2.6226226     0.21095003     0.17628160
    2.6626627     0.22072635     0.20760089
    2.7027027     0.18992221     0.22155073
    2.7427427     0.14103458     0.20252546
    2.7827828     0.10774035     0.17133523
    2.8228228     0.11559405     0.17443266
    2.8628629     0.17016977     0.23202041
    2.9029029     0.24876753     0.30600978
    2.9429429     0.30325803     0.33104352
    2.9829830     0.29505217     0.28102023
    3.0230230     0.24130588     0.19547001
    3.0630631     0.20688577     0.13713118
    3.1031031     0.23682494     0.13820555
    3.1431431     0.30940222     0.19000489
    3.1831832     0.36483673     0.26252552
    3.2232232     0.37255822     0.32224864
    3.2632633     0.35338181     0.34922051
    3.3033033     0.33335814     0.35145067
    3.3433433     0.30553325     0.35147535
    3.3833834     0.25436656     0.35360970
    3.4234234     0.19354774     0.33575053
    3.4634635     0.15864283     0.27861242
    3.5035035     0.17105775     0.19717423
    3.5435435     0.22205574     0.13468048
    3.5835836     0.28822593     0.13083492
    3.6236236     0.35219406     0.20468790
    3.6636637     0.40873163     0.34888976
    3.7037037     0.45667998     0.51551422
    3.7437437     0.48911273     0.62130533
    3.7837838     0.50149294     0.60666318
    3.8238238     0.50754722     0.50477916
    3.8638639     0.52202408     0.42500039
    3.9039039     0.52759951     0.44359675
    3.9439439     0.49169746     0.52431151
    3.9839840     0.41396915     0.56432633
    4.0240240     0.32948699     0.50485099
    4.0640641     0.27669273     0.37426681
    4.1041041     0.27415148     0.24057449
    4.1441441     0.30745423     0.15640313
    4.1841842     0.33374269     0.14171629
    4.2242242     0.31644783     0.18806214
    4.2642643     0.26440784     0.26949562
    4.3043043     0.22816510     0.35526679
    4.3443443     0.24852547     0.41967445
    4.3843844     0.31916449     0.45236924
    4.4244244     0.40693925     0.47043918
    4.4644645     0.48802747     0.50821009
    4.5045045     0.55023307     0.57475676
    4.5445445     0.58029540     0.63286483
    4.5845846     0.56382811     0.63452365
    4.6246246     0.49800140     0.56370482
    4.6646647     0.40705741     0.44403434
    4.7047047     0.32880752     0.32485502
    4.7447447     0.28029568     0.25510456
    4.7847848     0.25975228     0.24705529
    4.8248248     0.27230669     0.26583494
    4.8648649     0.32083082     0.26907615
    4.9049049     0.37948862     0.25264734
    4.9449449     0.40553644     0.24580150
    4.9849850     0.37575895     0.26463288
    5.0250250     0.30015750     0.28442722
    5.0650651     0.21113019     0.26671167
    5.1051051     0.14526899     0.20422076
    5.1451452     0.12535427     0.12680184
    5.1851852     0.15365717     0.07144159
    5.2252252     0.21438516     0.06008604
    5.2652653     0.27869961     0.10078759
    5.3053053     0.32088850     0.19051718
    5.3453453     0.33527105     0.30319223
    5.3853854     0.33157791     0.38700333
    5.4254254     0.31905637     0.40228487
    5.4654655     0.30093071     0.36247229
    5.5055055     0.28076529     0.31524338
    5.5455455     0.26992157     0.29221730
    5.5855856     0.28064092     0.29516732
    5.6256256     0.30827785     0.31013063
    5.6656657     0.33530455     0.31503284
    5.7057057     0.35185877     0.29281779
    5.7457458     0.35252037     0.25077775
    5.7857858     0.32944161     0.21439127
    5.8258258     0.28945609     0.19976991
    5.8658659     0.25344735     0.20334566
    5.9059059     0.22969204     0.21636103
    5.9459459     0.21266061     0.23507594
    5.9859860     0.20672681     0.25636003
    6.0260260     0.22923575     0.28028856
    6.0660661     0.29314013     0.31924938
    6.1061061     0.40009779     0.38301694
    6.1461461     0.53604579     0.45099347
    6.1861862     0.65733182     0.48628659
    6.2262262     0.70597108     0.48717892
    6.2662663     0.66343496     0.49265399
    6.3063063     0.57304582     0.51758013
    6.3463464     0.49648726     0.52215036
    6.3863864     0.46349747     0.48118019
    6.4264264     0.46724715     0.44805361
    6.4664665     0.48881904     0.50064145
    6.5065065     0.50684670     0.63207685
    6.5465466     0.49142654     0.73290405
    6.5865866     0.42648320     0.70091383
    6.6266266     0.34264342     0.55278553
    6.6666667     0.28943749     0.39320161
    6.7067067     0.27551167     0.29009489
    6.7467467     0.26955923     0.23371390
    6.7867868     0.25107461     0.20048374
    6.8268268     0.22573377     0.18885332
    6.8668669     0.19678005     0.19250078
    6.9069069     0.15652676     0.19119546
    6.9469470     0.11008369     0.17707033
    6.9869870     0.08266550     0.16324643
    7.0270270     0.09802369     0.16430645
    7.0670671     0.15939174     0.18206332
    7.1071071     0.24435224     0.20653240
    7.1471472     0.30850533     0.21925307
    7.1871872     0.30855816     0.20456978
    7.2272272     0.23955913     0.17020427
    7.2672673     0.14238514     0.14229148
    7.3073073     0.06615692     0.13108052
    7.3473473     0.03325207     0.12254300
    7.3873874     0.03891390     0.10933046
    7.4274274     0.06387851     0.10614808
    7.4674675     0.08576201     0.12719259
    7.5075075     0.09627255     0.16278724
    7.5475475     0.10771065     0.18435391
    7.5875876     0.13253458     0.17086767
    7.6276276     0.16576956     0.12905875
    7.6676677     0.19675848     0.08842854
    7.7077077     0.22633099     0.08338164
    7.7477478     0.26192308     0.13624239
    7.7877878     0.29757209     0.23407854
    7.8278278     0.30740261     0.31709720
    7.8678679     0.27214279     0.32262795
    7.9079079     0.20590664     0.25261796
    7.9479479     0.14026985     0.16653555
    7.9879880     0.09448498     0.10817922
    8.0280280     0.07325455     0.07584562
    8.0680681     0.07353848     0.05653351
    8.1081081     0.08257833     0.05037261
    8.1481482     0.08401250     0.05898622
    8.1881882     0.07300190     0.07414406
    8.2282282     0.05853527     0.08502652
    8.2682683     0.05024362     0.08704244
    8.3083083     0.04894920     0.08196505
    8.3483484     0.05060647     0.07616772
    8.3883884     0.05494711     0.07767380
    8.4284284     0.06838892     0.09209910
    8.4684685     0.09820423     0.12229073
    8.5085085     0.14005512     0.16501915
    8.5485485     0.17580407     0.20434134
    8.5885886     0.19753128     0.22095603
    8.6286286     0.22343187     0.21553290
    8.6686687     0.26550063     0.21351655
    8.7087087     0.29578954     0.23952592
    8.7487488     0.27535728     0.28604690
    8.7887888     0.20671867     0.31147981
    8.8288288     0.13407400     0.28105798
    8.8688689     0.09947135     0.20738397
    8.9089089     0.11056371     0.13420184
    8.9489490     0.14106686     0.08919408
    8.9889890     0.15443209     0.07052563
    9.0290290     0.13292913     0.06470244
    9.0690691     0.08892883     0.06101308
    9.1091091     0.04940732     0.05883979
    9.1491491     0.03460003     0.07007907
    9.1891892     0.05466037     0.11107191
    9.2292292     0.11567531     0.18612219
    9.2692693     0.21139385     0.27131512
    9.3093093     0.31101696     0.31921244
    9.3493494     0.37469427     0.30133010
    9.3893894     0.38195930     0.24638094
    9.4294294     0.33612619     0.21011406
    9.4694695     0.25760202     0.21033705
    9.5095095     0.18007432     0.21617856
    9.5495496     0.13263917     0.19424746
    9.5895896     0.12189343     0.14617895
    9.6296296     0.13734950     0.10165036
    9.6696697     0.16384570     0.08439899
    9.7097097     0.18613075     0.09269580
    9.7497497     0.19261371     0.11076912
    9.7897898     0.17836342     0.12511614
    9.8298298     0.14750358     0.12464759
    9.8698699     0.11439744     0.10147203
    9.9099099     0.09223663     0.06248987
    9.9499500     0.08019156     0.02982644
    9.9899900     0.07194600     0.02432868
   10.0300300     0.06999500     0.05248069
   10.0700701     0.08117930     0.10250210
   10.1101101     0.10521221     0.14819355
   10.1501502     0.13298095     0.16940419
   10.1901902     0.15171867     0.17298248
   10.2302302     0.15401641     0.17821659
   10.2702703     0.14398467     0.18326507
   10.3103103     0.12925904     0.16689033
   10.3503504     0.11159723     0.12246175
   10.3903904     0.09194440     0.07065161
   10.4304304     0.07590028     0.03771943
   10.4704705     0.07051820     0.03591498
   10.5105105     0.08046677     0.06266176
   10.5505506     0.10282785     0.10271475
   10.5905906     0.12474411     0.13242240
   10.6306306     0.13406774     0.13757230
   10.6706707     0.13172101     0.12767127
   10.7107107     0.12930186     0.12308864
   10.7507508     0.13692351     0.13092779
   10.7907908     0.15374203     0.13952846
   10.8308308     0.17017376     0.13556642
   10.8708709     0.17988504     0.12254887
   10.9109109     0.18103072     0.11645147
   10.9509510     0.16482216     0.12362044
   10.9909910     0.12102529     0.13068967
   11.0310310     0.06199565     0.12150188
   11.0710711     0.02451679     0.10177558
   11.1111111     0.03445487     0.09632277
   11.1511512     0.07945651     0.11804447
   11.1911912     0.13040276     0.15126826
   11.2312312     0.17704559     0.17351870
   11.2712713     0.22505107     0.18415164
   11.3113113     0.27020754     0.19963529
   11.3513514     0.29166177     0.22505146
   11.3913914     0.27301638     0.24271017
   11.4314314     0.22789846     0.23459232
   11.4714715     0.19045687     0.20663168
   11.5115115     0.17743232     0.17756125
   11.5515516     0.18092478     0.15687044
   11.5915916     0.19573232     0.14836682
   11.6316316     0.22318521     0.15461930
   11.6716717     0.24772650     0.16685269
   11.7117117     0.24018231     0.17271870
   11.7517518     0.19310600     0.17458060
   11.7917918     0.13432101     0.17926486
   11.8318318     0.09942782     0.18031653
   11.8718719     0.10296092     0.16991083
   11.9119119     0.13632832     0.15554266
   11.9519520     0.17943222     0.15211253
   11.9919920     0.20868859     0.16631393
   12.0320320     0.20639646     0.19058824
   12.0720721     0.17434580     0.20689674
   12.1121121     0.13348760     0.20135774
   12.1521522     0.10694171     0.17574999
   12.1921922     0.10816243     0.14047534
   12.2322322     0.13870485     0.10517154
   12.2722723     0.18470758     0.08137445
   12.3123123     0.21877778     0.08347179
   12.3523524     0.21761982     0.11885003
   12.3923924     0.18130745     0.17606775
   12.4324324     0.13289539     0.22463982
   12.4724725     0.09788518     0.23703650
   12.5125125     0.08293280     0.21535781
   12.5525526     0.07779120     0.18267881
   12.5925926     0.07999010     0.15106762
   12.6326326     0.10680041     0.12192099
   12.6726727     0.17372739     0.10914172
   12.7127127     0.26687419     0.13239752
   12.7527528     0.34264024     0.18961734
   12.7927928     0.35504183     0.24890384
   12.8328328     0.29072354     0.26795275
   12.8728729     0.18510815     0.23000632
   12.9129129     0.09774901     0.16473147
   12.9529530     0.06783515     0.12275517
   12.9929930     0.09669970     0.13031853
   13.0330330     0.16158532     0.17431580
   13.0730731     0.23211332     0.22219478
   13.1131131     0.27945113     0.24722130
   13.1531532     0.28488678     0.23825278
   13.1931932     0.24756511     0.19851351
   13.2332332     0.18469927     0.14695366
   13.2732733     0.12323464     0.11499742
   13.3133133     0.08570107     0.12401193
   13.3533534     0.07723603     0.16047084
   13.3933934     0.08851110     0.18556488
   13.4334334     0.11297372     0.17939450
   13.4734735     0.15043610     0.16797529
   13.5135135     0.19227818     0.19645464
   13.5535536     0.22585369     0.27583817
   13.5935936     0.26143806     0.36010376
   13.6336336     0.32640049     0.38966256
   13.6736737     0.41823158     0.36187446
   13.7137137     0.48930858     0.33214584
   13.7537538     0.49364328     0.33834935
   13.7937938     0.43079027     0.35635669
   13.8338338     0.33726679     0.34166254
   13.8738739     0.25305480     0.28950943
   13.9139139     0.20288667     0.23599298
   13.9539540     0.19170846     0.21199686
   13.9939940     0.20396152     0.21332144
   14.0340340     0.21361311     0.21417811
   14.0740741     0.20092674     0.19676218
   14.1141141     0.16282306     0.16151894
   14.1541542     0.11640944     0.11945441
   14.1941942     0.09058642     0.08748130
   14.2342342     0.10276529     0.08473213
   14.2742743     0.14165013     0.11725669
   14.3143143     0.17509747     0.16273409
   14.3543544     0.17429846     0.18161513
   14.3943944     0.13447513     0.15303740
   14.4344344     0.07853551     0.09439014
   14.4744745     0.03920617     0.04074523
   14.5145145     0.03492950     0.01527300
   14.5545546     0.06071957     0.02194705
   14.5945946     0.09407302     0.05044881
   14.6346346     0.11102566     0.08033277
   14.6746747     0.10995372     0.09142954
   14.7147147     0.11840158     0.07994216
   14.7547548     0.16094724     0.06388026
   14.7947948     0.21983060     0.06999947
   14.8348348     0.24658510     0.11238869
   14.8748749     0.21937878     0.17720917
   14.9149149     0.16570349     0.22717445
   14.9549550     0.12021654     0.23089078
   14.9949950     0.08868632     0.19201095
   15.0350350     0.06197803     0.14255480
   15.0750751     0.03873845     0.10832930
   15.1151151     0.02371650     0.08971637
   15.1551552     0.01982710     0.07518595
   15.1951952     0.03044703     0.06357672
   15.2352352     0.06118803     0.06623152
   15.2752753     0.11082306     0.08865839
   15.3153153     0.16209782     0.11881546
   15.3553554     0.19061254     0.13879098
   15.3953954     0.18735650     0.14263245
   15.4354354     0.16774472     0.13906545
   15.4754755     0.15742259     0.14363671
   15.5155155     0.17358784     0.17078563
   15.5555556     0.21299123     0.22214951
   15.5955956     0.24887659     0.27287245
   15.6356356     0.25100991     0.28255212
   15.6756757     0.21995742     0.23957526
   15.7157157     0.19043863     0.18324192
   15.7557558     0.19230370     0.16251254
   15.7957958     0.21967872     0.18449843
   15.8358358     0.24493810     0.21599696
   15.8758759     0.25077831     0.22474980
   15.9159159     0.24216105     0.20998521
   15.9559560     0.23324954     0.19613618
   15.9959960     0.22515960     0.20316877
   16.0360360     0.20229781     0.22618445
   16.0760761     0.15818167     0.24118803
   16.1161161     0.11329462     0.23009630
   16.1561562     0.09481557     0.20035163
   16.1961962     0.10738377     0.17208880
   16.2362362     0.13377544     0.15085247
   16.2762763     0.15828425     0.12862120
   16.3163163     0.17568902     0.10464406
   16.3563564     0.17815811     0.08938289
   16.3963964     0.15500397     0.08984372
   16.4364364     0.11327158     0.10043566
   16.4764765     0.07945634     0.11138044
   16.5165165     0.07201870     0.11912431
   16.5565566     0.08393413     0.12305553
   16.5965966     0.09629193     0.11990768
   16.6366366     0.09982359     0.10655798
   16.6766767     0.09838924     0.08492078
   16.7167167     0.09753946     0.06349421
   16.7567568     0.09608539     0.05183301
   16.7967968     0.08870362     0.05024353
   16.8368368     0.07409060     0.04918796
   16.8768769     0.05961474     0.04323806
   16.9169169     0.05918317     0.04213589
   16.9569570     0.08318300     0.06500095
   16.9969970     0.12315903     0.12520938
   17.0370370     0.15244485     0.21750953
   17.0770771     0.15672550     0.31195122
   17.1171171     0.15606110     0.36270528
   17.1571572     0.17692835     0.33980701
   17.1971972     0.21156264     0.26199056
   17.2372372     0.22667407     0.18569802
   17.2772773     0.20552952     0.15158745
   17.3173173     0.16156140     0.14923997
   17.3573574     0.11631381     0.14034215
   17.3973974     0.08361510     0.10786946
   17.4374374     0.07408799     0.06964590
   17.4774775     0.09632922     0.05029099
   17.5175175     0.14346866     0.05889111
   17.5575576     0.18846048     0.09029855
   17.5975976     0.20710533     0.12923364
   17.6376376     0.20210451     0.15508353
   17.6776777     0.19328019     0.15815494
   17.7177177     0.19129489     0.15053193
   17.7577578     0.19169285     0.15125391
   17.7977978     0.18760997     0.16135797
   17.8378378     0.17966552     0.16258228
   17.8778779     0.17424728     0.14401260
   17.9179179     0.17540245     0.11889585
   17.9579580     0.18073534     0.11009416
   17.9979980     0.18338233     0.12962884
   18.0380380     0.17725589     0.17207661
   18.0780781     0.16258122     0.21628108
   18.1181181     0.14428849     0.23565783
   18.1581582     0.12730692     0.21972169
   18.1981982     0.11867174     0.18713977
   18.2382382     0.12956750     0.16905640
   18.2782783     0.16895322     0.18381571
   18.3183183     0.23088446     0.23115586
   18.3583584     0.28859577     0.29047671
   18.3983984     0.31574324     0.32393271
   18.4384384     0.31622565     0.31243349
   18.4784785     0.31427710     0.28539797
   18.5185185     0.31597274     0.28263685
   18.5585586     0.30079045     0.29438262
   18.5985986     0.25595201     0.27547050
   18.6386386     0.20119737     0.21564953
   18.6786787     0.16553657     0.15546699
   18.7187187     0.15405647     0.13057046
   18.7587588     0.14904007     0.13514363
   18.7987988     0.13213971     0.14187795
   18.8388388     0.10235318     0.13494650
   18.8788789     0.07776572     0.12175151
   18.9189189     0.07851560     0.12270394
   18.9589590     0.10913637     0.15166224
   18.9989990     0.15776070     0.20122982
   19.0390390     0.20323458     0.24121875
   19.0790791     0.22061725     0.23840843
   19.1191191     0.19614050     0.19065628
   19.1591592     0.14661533     0.13663234
   19.1991992     0.11250695     0.12106944
   19.2392392     0.12293351     0.15403396
   19.2792793     0.17185486     0.21027423
   19.3193193     0.23280826     0.26335904
   19.3593594     0.28805609     0.30525269
   19.3993994     0.32729169     0.32740621
   19.4394394     0.33212854     0.30983929
   19.4794795     0.29765666     0.25223360
   19.5195195     0.26134695     0.19622121
   19.5595596     0.27437037     0.19473611
   19.5995996     0.34221062     0.26366719
   19.6396396     0.41406441     0.36301125
   19.6796797     0.43267479     0.42186131
   19.7197197     0.38107701     0.39657922
   19.7597598     0.28512423     0.31012064
   19.7997998     0.19072441     0.22218479
   19.8398398     0.14065096     0.17150954
   19.8798799     0.15359860     0.16429721
   19.9199199     0.20969601     0.19231778
   19.9599600     0.26069657     0.23484382
   20.0000000     0.26520737     0.25982708
