    48
     1   -0.453674    0.000000    0.000000       0.013889
     2   -0.226837    0.000000    0.000000       0.013889
     3    0.000000    0.000000    0.000000       0.013889
     4    0.226837   -0.000000   -0.000000       0.013889
     5    0.453674   -0.000000   -0.000000       0.013889
     6    0.680511   -0.000000   -0.000000       0.013889
     7   -0.453674    0.226837   -0.000000       0.027778
     8   -0.226837    0.226837   -0.000000       0.027778
     9   -0.000000    0.226837   -0.000000       0.027778
    10    0.226837    0.226837   -0.000000       0.027778
    11    0.453674    0.226837   -0.000000       0.027778
    12    0.680511    0.226837   -0.000000       0.027778
    13   -0.453674    0.453674   -0.000000       0.027778
    14   -0.226837    0.453674   -0.000000       0.027778
    15   -0.000000    0.453674   -0.000000       0.027778
    16    0.226837    0.453674   -0.000000       0.027778
    17    0.453674    0.453674   -0.000000       0.027778
    18    0.680511    0.453674   -0.000000       0.027778
    19   -0.453674    0.680511   -0.000000       0.013889
    20   -0.226837    0.680511   -0.000000       0.013889
    21   -0.000000    0.680511   -0.000000       0.013889
    22    0.226837    0.680511   -0.000000       0.013889
    23    0.453674    0.680511   -0.000000       0.013889
    24    0.680511    0.680511   -0.000000       0.013889
    25   -0.453674    0.000000    0.158114       0.013889
    26   -0.226837    0.000000    0.158114       0.013889
    27   -0.000000   -0.000000    0.158114       0.013889
    28    0.226837   -0.000000    0.158114       0.013889
    29    0.453674   -0.000000    0.158114       0.013889
    30    0.680511   -0.000000    0.158114       0.013889
    31   -0.453674    0.226837    0.158114       0.027778
    32   -0.226837    0.226837    0.158114       0.027778
    33   -0.000000    0.226837    0.158114       0.027778
    34    0.226837    0.226837    0.158114       0.027778
    35    0.453674    0.226837    0.158114       0.027778
    36    0.680511    0.226837    0.158114       0.027778
    37   -0.453674    0.453674    0.158114       0.027778
    38   -0.226837    0.453674    0.158114       0.027778
    39   -0.000000    0.453674    0.158114       0.027778
    40    0.226837    0.453674    0.158114       0.027778
    41    0.453674    0.453674    0.158114       0.027778
    42    0.680511    0.453674    0.158114       0.027778
    43   -0.453674    0.680511    0.158114       0.013889
    44   -0.226837    0.680511    0.158114       0.013889
    45   -0.000000    0.680511    0.158114       0.013889
    46    0.226837    0.680511    0.158114       0.013889
    47    0.453674    0.680511    0.158114       0.013889
    48    0.680511    0.680511    0.158114       0.013889
