    24
     1   -0.193047    0.000000   -0.000000       0.027778
     2    0.000000    0.000000    0.000000       0.027778
     3    0.193047   -0.000000    0.000000       0.027778
     4   -0.193047    0.193042   -0.000000       0.055556
     5   -0.000000    0.193042   -0.000000       0.055556
     6    0.193047    0.193042    0.000000       0.055556
     7   -0.193047    0.386085   -0.000000       0.055556
     8   -0.000000    0.386085   -0.000000       0.055556
     9    0.193047    0.386085    0.000000       0.055556
    10   -0.193047    0.579127   -0.000000       0.027778
    11   -0.000000    0.579127   -0.000000       0.027778
    12    0.193047    0.579127    0.000000       0.027778
    13   -0.193047    0.000000    0.206971       0.027778
    14    0.000000   -0.000000    0.206971       0.027778
    15    0.193047   -0.000000    0.206971       0.027778
    16   -0.193047    0.193042    0.206971       0.055556
    17    0.000000    0.193042    0.206971       0.055556
    18    0.193047    0.193042    0.206971       0.055556
    19   -0.193047    0.386085    0.206971       0.055556
    20    0.000000    0.386085    0.206971       0.055556
    21    0.193047    0.386085    0.206971       0.055556
    22   -0.193047    0.579127    0.206971       0.027778
    23    0.000000    0.579127    0.206971       0.027778
    24    0.193047    0.579127    0.206971       0.027778
