#
#   partial DOS for atom species: Mn
#
#   Add data for atom_index =   3,  n,l,m,z=  3  2 -2  1
#   Add data for atom_index =   3,  n,l,m,z=  3  2 -1  1
#   Add data for atom_index =   3,  n,l,m,z=  3  2  0  1
#   Add data for atom_index =   3,  n,l,m,z=  3  2  1  1
#   Add data for atom_index =   3,  n,l,m,z=  3  2  2  1
#   Add data for atom_index =   3,  n,l,m,z=  3  2 -2  2
#   Add data for atom_index =   3,  n,l,m,z=  3  2 -1  2
#   Add data for atom_index =   3,  n,l,m,z=  3  2  0  2
#   Add data for atom_index =   3,  n,l,m,z=  3  2  1  2
#   Add data for atom_index =   3,  n,l,m,z=  3  2  2  2
#   Add data for atom_index =   3,  n,l,m,z=  3  2 -2  3
#   Add data for atom_index =   3,  n,l,m,z=  3  2 -1  3
#   Add data for atom_index =   3,  n,l,m,z=  3  2  0  3
#   Add data for atom_index =   3,  n,l,m,z=  3  2  1  3
#   Add data for atom_index =   3,  n,l,m,z=  3  2  2  3
#   Add data for atom_index =   4,  n,l,m,z=  3  2 -2  1
#   Add data for atom_index =   4,  n,l,m,z=  3  2 -1  1
#   Add data for atom_index =   4,  n,l,m,z=  3  2  0  1
#   Add data for atom_index =   4,  n,l,m,z=  3  2  1  1
#   Add data for atom_index =   4,  n,l,m,z=  3  2  2  1
#   Add data for atom_index =   4,  n,l,m,z=  3  2 -2  2
#   Add data for atom_index =   4,  n,l,m,z=  3  2 -1  2
#   Add data for atom_index =   4,  n,l,m,z=  3  2  0  2
#   Add data for atom_index =   4,  n,l,m,z=  3  2  1  2
#   Add data for atom_index =   4,  n,l,m,z=  3  2  2  2
#   Add data for atom_index =   4,  n,l,m,z=  3  2 -2  3
#   Add data for atom_index =   4,  n,l,m,z=  3  2 -1  3
#   Add data for atom_index =   4,  n,l,m,z=  3  2  0  3
#   Add data for atom_index =   4,  n,l,m,z=  3  2  1  3
#   Add data for atom_index =   4,  n,l,m,z=  3  2  2  3
#   Add data for atom_index =   5,  n,l,m,z=  3  2 -2  1
#   Add data for atom_index =   5,  n,l,m,z=  3  2 -1  1
#   Add data for atom_index =   5,  n,l,m,z=  3  2  0  1
#   Add data for atom_index =   5,  n,l,m,z=  3  2  1  1
#   Add data for atom_index =   5,  n,l,m,z=  3  2  2  1
#   Add data for atom_index =   5,  n,l,m,z=  3  2 -2  2
#   Add data for atom_index =   5,  n,l,m,z=  3  2 -1  2
#   Add data for atom_index =   5,  n,l,m,z=  3  2  0  2
#   Add data for atom_index =   5,  n,l,m,z=  3  2  1  2
#   Add data for atom_index =   5,  n,l,m,z=  3  2  2  2
#   Add data for atom_index =   5,  n,l,m,z=  3  2 -2  3
#   Add data for atom_index =   5,  n,l,m,z=  3  2 -1  3
#   Add data for atom_index =   5,  n,l,m,z=  3  2  0  3
#   Add data for atom_index =   5,  n,l,m,z=  3  2  1  3
#   Add data for atom_index =   5,  n,l,m,z=  3  2  2  3
#   Add data for atom_index =   6,  n,l,m,z=  3  2 -2  1
#   Add data for atom_index =   6,  n,l,m,z=  3  2 -1  1
#   Add data for atom_index =   6,  n,l,m,z=  3  2  0  1
#   Add data for atom_index =   6,  n,l,m,z=  3  2  1  1
#   Add data for atom_index =   6,  n,l,m,z=  3  2  2  1
#   Add data for atom_index =   6,  n,l,m,z=  3  2 -2  2
#   Add data for atom_index =   6,  n,l,m,z=  3  2 -1  2
#   Add data for atom_index =   6,  n,l,m,z=  3  2  0  2
#   Add data for atom_index =   6,  n,l,m,z=  3  2  1  2
#   Add data for atom_index =   6,  n,l,m,z=  3  2  2  2
#   Add data for atom_index =   6,  n,l,m,z=  3  2 -2  3
#   Add data for atom_index =   6,  n,l,m,z=  3  2 -1  3
#   Add data for atom_index =   6,  n,l,m,z=  3  2  0  3
#   Add data for atom_index =   6,  n,l,m,z=  3  2  1  3
#   Add data for atom_index =   6,  n,l,m,z=  3  2  2  3
#   Add data for atom_index =   7,  n,l,m,z=  3  2 -2  1
#   Add data for atom_index =   7,  n,l,m,z=  3  2 -1  1
#   Add data for atom_index =   7,  n,l,m,z=  3  2  0  1
#   Add data for atom_index =   7,  n,l,m,z=  3  2  1  1
#   Add data for atom_index =   7,  n,l,m,z=  3  2  2  1
#   Add data for atom_index =   7,  n,l,m,z=  3  2 -2  2
#   Add data for atom_index =   7,  n,l,m,z=  3  2 -1  2
#   Add data for atom_index =   7,  n,l,m,z=  3  2  0  2
#   Add data for atom_index =   7,  n,l,m,z=  3  2  1  2
#   Add data for atom_index =   7,  n,l,m,z=  3  2  2  2
#   Add data for atom_index =   7,  n,l,m,z=  3  2 -2  3
#   Add data for atom_index =   7,  n,l,m,z=  3  2 -1  3
#   Add data for atom_index =   7,  n,l,m,z=  3  2  0  3
#   Add data for atom_index =   7,  n,l,m,z=  3  2  1  3
#   Add data for atom_index =   7,  n,l,m,z=  3  2  2  3
#   Add data for atom_index =   8,  n,l,m,z=  3  2 -2  1
#   Add data for atom_index =   8,  n,l,m,z=  3  2 -1  1
#   Add data for atom_index =   8,  n,l,m,z=  3  2  0  1
#   Add data for atom_index =   8,  n,l,m,z=  3  2  1  1
#   Add data for atom_index =   8,  n,l,m,z=  3  2  2  1
#   Add data for atom_index =   8,  n,l,m,z=  3  2 -2  2
#   Add data for atom_index =   8,  n,l,m,z=  3  2 -1  2
#   Add data for atom_index =   8,  n,l,m,z=  3  2  0  2
#   Add data for atom_index =   8,  n,l,m,z=  3  2  1  2
#   Add data for atom_index =   8,  n,l,m,z=  3  2  2  2
#   Add data for atom_index =   8,  n,l,m,z=  3  2 -2  3
#   Add data for atom_index =   8,  n,l,m,z=  3  2 -1  3
#   Add data for atom_index =   8,  n,l,m,z=  3  2  0  3
#   Add data for atom_index =   8,  n,l,m,z=  3  2  1  3
#   Add data for atom_index =   8,  n,l,m,z=  3  2  2  3
#
#    Energy          spin 1        spin2
#
  -20.0000000     0.00000000     0.00000000
  -19.9599600     0.00000000     0.00000000
  -19.9199199     0.00000000     0.00000000
  -19.8798799     0.00000000     0.00000000
  -19.8398398     0.00000000     0.00000000
  -19.7997998     0.00000000     0.00000000
  -19.7597598     0.00000000     0.00000000
  -19.7197197     0.00000000     0.00000000
  -19.6796797     0.00000000     0.00000000
  -19.6396396     0.00000000     0.00000000
  -19.5995996     0.00000000     0.00000000
  -19.5595596     0.00000000     0.00000000
  -19.5195195     0.00000000     0.00000000
  -19.4794795     0.00000000     0.00000000
  -19.4394394     0.00000000     0.00000000
  -19.3993994     0.00000000     0.00000000
  -19.3593594     0.00000000     0.00000000
  -19.3193193     0.00000000     0.00000000
  -19.2792793     0.00000000     0.00000000
  -19.2392392     0.00000000     0.00000000
  -19.1991992     0.00000000     0.00000000
  -19.1591592     0.00000000     0.00000000
  -19.1191191     0.00000000     0.00000000
  -19.0790791     0.00000000     0.00000000
  -19.0390390     0.00000000     0.00000000
  -18.9989990     0.00000000     0.00000000
  -18.9589590     0.00000000     0.00000000
  -18.9189189     0.00000000     0.00000000
  -18.8788789     0.00000000     0.00000000
  -18.8388388     0.00000000     0.00000000
  -18.7987988     0.00000000     0.00000000
  -18.7587588     0.00000000     0.00000000
  -18.7187187     0.00000000     0.00000000
  -18.6786787     0.00000000     0.00000000
  -18.6386386     0.00000000     0.00000000
  -18.5985986     0.00000000     0.00000000
  -18.5585586     0.00000000     0.00000000
  -18.5185185     0.00000000     0.00000000
  -18.4784785     0.00000000     0.00000000
  -18.4384384     0.00000000     0.00000000
  -18.3983984     0.00000000     0.00000000
  -18.3583584     0.00000000     0.00000000
  -18.3183183     0.00000000     0.00000000
  -18.2782783     0.00000000     0.00000000
  -18.2382382     0.00000000     0.00000000
  -18.1981982     0.00000000     0.00000000
  -18.1581582     0.00000000     0.00000000
  -18.1181181     0.00000000     0.00000000
  -18.0780781     0.00000000     0.00000000
  -18.0380380     0.00000000     0.00000000
  -17.9979980     0.00000000     0.00000000
  -17.9579580     0.00000000     0.00000000
  -17.9179179     0.00000000     0.00000000
  -17.8778779     0.00000000     0.00000000
  -17.8378378     0.00000000     0.00000000
  -17.7977978     0.00000000     0.00000000
  -17.7577578     0.00000000     0.00000000
  -17.7177177     0.00000000     0.00000000
  -17.6776777     0.00000000     0.00000000
  -17.6376376     0.00000000     0.00000000
  -17.5975976     0.00000000     0.00000000
  -17.5575576     0.00000000     0.00000000
  -17.5175175     0.00000000     0.00000000
  -17.4774775     0.00000000     0.00000000
  -17.4374374     0.00000000     0.00000000
  -17.3973974     0.00000000     0.00000000
  -17.3573574     0.00000000     0.00000000
  -17.3173173     0.00000000     0.00000000
  -17.2772773     0.00000000     0.00000000
  -17.2372372     0.00000000     0.00000000
  -17.1971972     0.00000000     0.00000000
  -17.1571572     0.00000000     0.00000000
  -17.1171171     0.00000000     0.00000000
  -17.0770771     0.00000000     0.00000000
  -17.0370370     0.00000000     0.00000000
  -16.9969970     0.00000000     0.00000000
  -16.9569570     0.00000000     0.00000000
  -16.9169169     0.00000000     0.00000000
  -16.8768769     0.00000000     0.00000000
  -16.8368368     0.00000000     0.00000000
  -16.7967968     0.00000000     0.00000000
  -16.7567568     0.00000000     0.00000000
  -16.7167167     0.00000000     0.00000000
  -16.6766767     0.00000000     0.00000000
  -16.6366366     0.00000000     0.00000000
  -16.5965966     0.00000004     0.00000002
  -16.5565566     0.00000026     0.00000017
  -16.5165165     0.00000130     0.00000091
  -16.4764765     0.00000470     0.00000343
  -16.4364364     0.00001230     0.00000943
  -16.3963964     0.00002336     0.00001880
  -16.3563564     0.00003220     0.00002719
  -16.3163163     0.00003220     0.00002853
  -16.2762763     0.00002337     0.00002173
  -16.2362362     0.00001231     0.00001201
  -16.1961962     0.00000471     0.00000482
  -16.1561562     0.00000131     0.00000140
  -16.1161161     0.00000026     0.00000030
  -16.0760761     0.00000004     0.00000005
  -16.0360360     0.00000000     0.00000001
  -15.9959960     0.00000000     0.00000000
  -15.9559560     0.00000000     0.00000000
  -15.9159159     0.00000001     0.00000001
  -15.8758759     0.00000008     0.00000008
  -15.8358358     0.00000064     0.00000067
  -15.7957958     0.00000354     0.00000403
  -15.7557558     0.00001275     0.00001673
  -15.7157157     0.00002303     0.00004323
  -15.6756757    -0.00002892     0.00004140
  -15.6356356    -0.00033100    -0.00015891
  -15.5955956    -0.00111287    -0.00081893
  -15.5555556    -0.00228274    -0.00194846
  -15.5155155    -0.00319331    -0.00297839
  -15.4754755    -0.00315827    -0.00315146
  -15.4354354    -0.00224055    -0.00237054
  -15.3953954    -0.00114736    -0.00128185
  -15.3553554    -0.00042533    -0.00050080
  -15.3153153    -0.00011429    -0.00014169
  -15.2752753    -0.00002228    -0.00002906
  -15.2352352    -0.00000324    -0.00000438
  -15.1951952    -0.00000148    -0.00000127
  -15.1551552    -0.00001061    -0.00000775
  -15.1151151    -0.00006936    -0.00005325
  -15.0750751    -0.00032002    -0.00025974
  -15.0350350    -0.00100565    -0.00086988
  -14.9949950    -0.00195658    -0.00184961
  -14.9549550    -0.00143008    -0.00176977
  -14.9149149     0.00373248     0.00246385
  -14.8748749     0.01416275     0.01224213
  -14.8348348     0.02421129     0.02288963
  -14.7947948     0.02632141     0.02655267
  -14.7547548     0.01968673     0.02103011
  -14.7147147     0.01043161     0.01176530
  -14.6746747     0.00396781     0.00471917
  -14.6346346     0.00109032     0.00136693
  -14.5945946     0.00021715     0.00028695
  -14.5545546     0.00003141     0.00004375
  -14.5145145     0.00000356     0.00000501
  -14.4744745     0.00000375     0.00000274
  -14.4344344     0.00003373     0.00002385
  -14.3943944     0.00023559     0.00017519
  -14.3543544     0.00119452     0.00093488
  -14.3143143     0.00439515     0.00362037
  -14.2742743     0.01173544     0.01017413
  -14.2342342     0.02273909     0.02074859
  -14.1941942     0.03197378     0.03070630
  -14.1541542     0.03262589     0.03297719
  -14.1141141     0.02415895     0.02570084
  -14.0740741     0.01298199     0.01453545
  -14.0340340     0.00506235     0.00596564
  -13.9939940     0.00143263     0.00177681
  -13.9539540     0.00029528     0.00038448
  -13.9139139     0.00005474     0.00006536
  -13.8738739     0.00008363     0.00004810
  -13.8338338     0.00041456     0.00024136
  -13.7937938     0.00157812     0.00102028
  -13.7537538     0.00436397     0.00313726
  -13.7137137     0.00876398     0.00700465
  -13.6736737     0.01282327     0.01138186
  -13.6336336     0.01390647     0.01362034
  -13.5935936     0.01216045     0.01272299
  -13.5535536     0.01143446     0.01157105
  -13.5135135     0.01563012     0.01448459
  -13.4734735     0.02479196     0.02273162
  -13.4334334     0.03526010     0.03330771
  -13.3933934     0.04307299     0.04187034
  -13.3533534     0.04693168     0.04616674
  -13.3133133     0.05029580     0.04816464
  -13.2732733     0.06388972     0.05647972
  -13.2332332     0.10408874     0.08649403
  -13.1931932     0.18218335     0.15256081
  -13.1531532     0.28855122     0.25314904
  -13.1131131     0.38506569     0.35831354
  -13.0730731     0.42521763     0.41952516
  -13.0330330     0.39442925     0.40872131
  -12.9929930     0.31867400     0.34196241
  -12.9529530     0.23123011     0.25428096
  -12.9129129     0.15532262     0.17272483
  -12.8728729     0.11100137     0.11889032
  -12.8328328     0.10555800     0.10440207
  -12.7927928     0.12214129     0.11636799
  -12.7527528     0.14440919     0.13322199
  -12.7127127     0.19281910     0.16316842
  -12.6726727     0.31565418     0.25047152
  -12.6326326     0.52900214     0.42887335
  -12.5925926     0.76791026     0.66101336
  -12.5525526     0.92907514     0.84076786
  -12.5125125     0.98442913     0.90233110
  -12.4724725     1.00259010     0.90814176
  -12.4324324     1.03778157     0.95756482
  -12.3923924     1.07238016     1.05047275
  -12.3523524     1.08208164     1.11607485
  -12.3123123     1.09734345     1.13069233
  -12.2722723     1.16998056     1.14824354
  -12.2322322     1.27208371     1.20977067
  -12.1921922     1.29406550     1.25604427
  -12.1521522     1.21331013     1.20747094
  -12.1121121     1.17206091     1.11785291
  -12.0720721     1.30717876     1.13786563
  -12.0320320     1.59355605     1.33906006
  -11.9919920     1.91055511     1.66517122
  -11.9519520     2.18224832     2.02354729
  -11.9119119     2.39042424     2.33948409
  -11.8718719     2.53238599     2.54829839
  -11.8318318     2.67563825     2.65151056
  -11.7917918     2.96559370     2.79103340
  -11.7517518     3.44862958     3.13052237
  -11.7117117     3.94784411     3.63257942
  -11.6716717     4.16212338     4.04075486
  -11.6316316     3.87035871     4.06634428
  -11.5915916     3.13382834     3.58873085
  -11.5515516     2.33734426     2.78532592
  -11.5115115     1.94554035     2.08768426
  -11.4714715     2.16382178     1.91236504
  -11.4314314     2.76340505     2.32911588
  -11.3913914     3.24560364     2.95613670
  -11.3513514     3.29495886     3.29235155
  -11.3113113     2.99984099     3.18705129
  -11.2712713     2.56308600     2.83093854
  -11.2312312     2.07569739     2.38175310
  -11.1911912     1.71029610     1.92083453
  -11.1511512     1.81145854     1.69723833
  -11.1111111     2.58885900     2.05319712
  -11.0710711     3.81383438     3.04565871
  -11.0310310     4.87275792     4.25403243
  -10.9909910     5.18992580     5.02811394
  -10.9509510     4.69275938     5.00034080
  -10.9109109     3.83022408     4.34885389
  -10.8708709     3.14146180     3.55479883
  -10.8308308     2.86492837     3.01014930
  -10.7907908     2.85571953     2.82440533
  -10.7507508     2.77970658     2.81046619
  -10.7107107     2.48876305     2.67369466
  -10.6706707     2.20887185     2.36280796
  -10.6306306     2.26500591     2.15423028
  -10.5905906     2.68865961     2.31866487
  -10.5505506     3.15271640     2.79464621
  -10.5105105     3.28789401     3.21515341
  -10.4704705     3.04243926     3.26354534
  -10.4304304     2.63848349     2.96362254
  -10.3903904     2.26477863     2.54208439
  -10.3503504     2.00386104     2.16094146
  -10.3103103     1.96271026     1.93032748
  -10.2702703     2.27112325     2.00854764
  -10.2302302     2.92679191     2.50593819
  -10.1901902     3.70668826     3.31447155
  -10.1501502     4.27410091     4.10083139
  -10.1101101     4.39081096     4.50053903
  -10.0700701     4.04100461     4.34932303
  -10.0300300     3.39733630     3.75589473
   -9.9899900     2.71379500     2.99971019
   -9.9499500     2.19692667     2.36481611
   -9.9099099     1.91834575     1.99450562
   -9.8698699     1.84648798     1.86738809
   -9.8298298     1.90568151     1.88961776
   -9.7897898     1.99943794     1.96305530
   -9.7497497     2.09204834     2.02247751
   -9.7097097     2.28809840     2.10982191
   -9.6696697     2.70073101     2.36700384
   -9.6296296     3.22858119     2.83911474
   -9.5895896     3.62670896     3.34688267
   -9.5495496     3.83174960     3.68842480
   -9.5095095     4.06132493     3.91258962
   -9.4694695     4.47317096     4.23928497
   -9.4294294     4.82878532     4.66532397
   -9.3893894     4.74604949     4.83866652
   -9.3493494     4.23139883     4.51095019
   -9.3093093     3.65118949     3.90146249
   -9.2692693     3.26039398     3.39751753
   -9.2292292     3.08917388     3.14398909
   -9.1891892     3.19386884     3.12553429
   -9.1491491     3.67293708     3.40112308
   -9.1091091     4.44569475     4.01514077
   -9.0690691     5.24418085     4.81412571
   -9.0290290     5.79496169     5.52446671
   -8.9889890     5.89474923     5.90066824
   -8.9489490     5.48339197     5.76280329
   -8.9089089     4.79830312     5.13408472
   -8.8688689     4.26307954     4.37391203
   -8.8288288     4.10221003     3.92429407
   -8.7887888     4.21124019     3.91812354
   -8.7487488     4.39658442     4.17397407
   -8.7087087     4.57569973     4.46595045
   -8.6686687     4.75426700     4.68258403
   -8.6286286     4.93898565     4.82493305
   -8.5885886     5.09247183     4.94300049
   -8.5485485     5.11161825     5.04464477
   -8.5085085     4.89791725     5.04144110
   -8.4684685     4.52739610     4.83840516
   -8.4284284     4.27457224     4.51254860
   -8.3883884     4.38387122     4.32695022
   -8.3483484     4.82597128     4.49433052
   -8.3083083     5.30504140     4.93619720
   -8.2682683     5.52891406     5.33626599
   -8.2282282     5.40773680     5.45456429
   -8.1881882     4.96151986     5.26958129
   -8.1481482     4.27217337     4.80931930
   -8.1081081     3.62412846     4.13067307
   -8.0680681     3.40421730     3.49962832
   -8.0280280     3.75366320     3.27684789
   -7.9879880     4.44736463     3.58948335
   -7.9479479     5.09008788     4.25334048
   -7.9079079     5.38018742     4.93422001
   -7.8678679     5.22486933     5.32341289
   -7.8278278     4.68867307     5.25782087
   -7.7877878     3.97672626     4.76934669
   -7.7477478     3.42673476     4.08401253
   -7.7077077     3.27878906     3.54090470
   -7.6676677     3.43160569     3.34869637
   -7.6276276     3.58819931     3.38922559
   -7.5875876     3.61137317     3.41309960
   -7.5475475     3.56147070     3.38721836
   -7.5075075     3.46104722     3.41670826
   -7.4674675     3.27780423     3.43142819
   -7.4274274     3.10465709     3.27056941
   -7.3873874     3.12270770     2.98956162
   -7.3473473     3.33647438     2.83741700
   -7.3073073     3.49307797     2.97441532
   -7.2672673     3.38792172     3.29683841
   -7.2272272     3.13713099     3.53929425
   -7.1871872     3.02205218     3.55846832
   -7.1471472     3.20915172     3.47754426
   -7.1071071     3.70370001     3.53303924
   -7.0670671     4.40590449     3.86156593
   -7.0270270     5.09162754     4.43656926
   -6.9869870     5.46244525     5.05420067
   -6.9469470     5.43077094     5.38490876
   -6.9069069     5.31079154     5.28611378
   -6.8668669     5.47242907     5.07752483
   -6.8268268     5.88142488     5.21614813
   -6.7867868     6.29046020     5.71253145
   -6.7467467     6.71089703     6.22831768
   -6.7067067     7.26989871     6.68738743
   -6.6666667     7.80863276     7.28041730
   -6.6266266     8.04982639     7.90662730
   -6.5865866     7.88945545     8.19059635
   -6.5465466     7.26109392     7.97313968
   -6.5065065     6.12101396     7.30026666
   -6.4664665     4.71091008     6.18831191
   -6.4264264     3.52438013     4.79016649
   -6.3863864     2.97617989     3.51343411
   -6.3463464     3.16657150     2.75467539
   -6.3063063     3.87049817     2.68031090
   -6.2662663     4.73626028     3.26391624
   -6.2262262     5.51379412     4.33591193
   -6.1861862     6.04174642     5.55318213
   -6.1461461     6.12262182     6.45489307
   -6.1061061     5.65876736     6.67335224
   -6.0660661     4.90907110     6.15940188
   -6.0260260     4.39978595     5.25963775
   -5.9859860     4.52226447     4.55027387
   -5.9459459     5.26947550     4.48410697
   -5.9059059     6.30325292     5.12398494
   -5.8658659     7.15747897     6.15901318
   -5.8258258     7.41277168     7.10202705
   -5.7857858     6.91097231     7.49036423
   -5.7457458     5.95303566     7.10405726
   -5.7057057     5.17880235     6.19884291
   -5.6656657     5.05993227     5.43348290
   -5.6256256     5.41104280     5.31277937
   -5.5855856     5.52627240     5.62776089
   -5.5455455     4.94977681     5.63397995
   -5.5055055     3.93572917     4.90047859
   -5.4654655     3.02352585     3.75634922
   -5.4254254     2.43006961     2.80309144
   -5.3853854     2.00716972     2.27088593
   -5.3453453     1.56515389     1.96131006
   -5.3053053     1.07409787     1.60455821
   -5.2652653     0.64429310     1.13733012
   -5.2252252     0.41482717     0.70168727
   -5.1851852     0.44022659     0.47477678
   -5.1451452     0.62392387     0.50679840
   -5.1051051     0.75736096     0.66899085
   -5.0650651     0.68771138     0.74890932
   -5.0250250     0.45621411     0.63557356
   -4.9849850     0.22025930     0.40187430
   -4.9449449     0.07746606     0.18944435
   -4.9049049     0.02101343     0.06695553
   -4.8648649     0.01194349     0.01935184
   -4.8248248     0.03967452     0.01421256
   -4.7847848     0.13570207     0.04902460
   -4.7447447     0.34488978     0.16064575
   -4.7047047     0.64800644     0.39080861
   -4.6646647     0.91307490     0.70411794
   -4.6246246     1.00539685     0.95421164
   -4.5845846     0.97355706     1.01721818
   -4.5445445     1.03503404     0.97010061
   -4.5045045     1.32273469     1.04099332
   -4.4644645     1.69727669     1.34443088
   -4.4244244     1.86496142     1.72164731
   -4.3843844     1.66722420     1.87934302
   -4.3443443     1.21379478     1.66713722
   -4.3043043     0.75011864     1.20155423
   -4.2642643     0.44713395     0.73675400
   -4.2242242     0.31390927     0.44335687
   -4.1841842     0.26187601     0.31454407
   -4.1441441     0.22608639     0.25220172
   -4.1041041     0.22336621     0.20345069
   -4.0640641     0.30300238     0.20120092
   -4.0240240     0.46312783     0.29664293
   -3.9839840     0.63829024     0.48099360
   -3.9439439     0.77214973     0.68286854
   -3.9039039     0.86481015     0.83900871
   -3.8638639     0.92708616     0.93878550
   -3.8238238     0.94246210     0.98802200
   -3.7837838     0.90743849     0.98163232
   -3.7437437     0.85821706     0.93439018
   -3.7037037     0.81303107     0.88055498
   -3.6636637     0.72447718     0.81188106
   -3.6236236     0.55266685     0.67586966
   -3.5835836     0.35179019     0.47329792
   -3.5435435     0.21243442     0.28763411
   -3.5035035     0.15615544     0.18420147
   -3.4634635     0.14622989     0.14770128
   -3.4234234     0.17232185     0.14240591
   -3.3833834     0.27106415     0.18287925
   -3.3433433     0.44976041     0.31051214
   -3.3033033     0.61910497     0.50459757
   -3.2632633     0.65497237     0.65096900
   -3.2232232     0.53551025     0.64308500
   -3.1831832     0.36228897     0.50059660
   -3.1431431     0.23597785     0.33595546
   -3.1031031     0.16730081     0.22308776
   -3.0630631     0.11753332     0.15299247
   -3.0230230     0.06903540     0.09599662
   -2.9829830     0.03169861     0.04853734
   -2.9429429     0.01521110     0.01967852
   -2.9029029     0.02237501     0.01194785
   -2.8628629     0.05788582     0.02646965
   -2.8228228     0.12376014     0.07016406
   -2.7827828     0.20334851     0.14469014
   -2.7427427     0.26242223     0.22867873
   -2.7027027     0.27346656     0.28254409
   -2.6626627     0.23622410     0.27867410
   -2.6226226     0.18051789     0.22639939
   -2.5825826     0.14983640     0.16912749
   -2.5425425     0.16545218     0.15180185
   -2.5025025     0.20605593     0.18124660
   -2.4624625     0.23655123     0.22435054
   -2.4224224     0.24637968     0.24972083
   -2.3823824     0.24515435     0.25459171
   -2.3423423     0.24310248     0.25043819
   -2.3023023     0.25238897     0.24971051
   -2.2622623     0.28774184     0.26812425
   -2.2222222     0.35302843     0.31889088
   -2.1821822     0.42612276     0.39660430
   -2.1421421     0.46243092     0.46453070
   -2.1021021     0.43198806     0.47332879
   -2.0620621     0.35027480     0.40952190
   -2.0220220     0.25809733     0.30949042
   -1.9819820     0.18155239     0.21722136
   -1.9419419     0.12373709     0.14787747
   -1.9019019     0.08805970     0.09830539
   -1.8618619     0.09703718     0.07675411
   -1.8218218     0.17988864     0.11166581
   -1.7817818     0.32866578     0.22628298
   -1.7417417     0.46462413     0.38948385
   -1.7017017     0.48612425     0.50068298
   -1.6616617     0.37394841     0.47149600
   -1.6216216     0.21124333     0.32439722
   -1.5815816     0.08758296     0.16299439
   -1.5415415     0.02667894     0.05981890
   -1.5015015     0.00631204     0.01621517
   -1.4614615     0.00303792     0.00434226
   -1.4214214     0.00835531     0.00575655
   -1.3813814     0.02392782     0.01708554
   -1.3413413     0.05063611     0.04009847
   -1.3013013     0.07818649     0.06921368
   -1.2612613     0.08805135     0.08765681
   -1.2212212     0.07231560     0.08143410
   -1.1811812     0.04330751     0.05547378
   -1.1411411     0.01890843     0.02769374
   -1.1011011     0.00601754     0.01012454
   -1.0610611     0.00139557     0.00270840
   -1.0210210     0.00023585     0.00052970
   -0.9809810     0.00002986     0.00007592
   -0.9409409     0.00001383     0.00001178
   -0.9009009     0.00010901     0.00004373
   -0.8608609     0.00076773     0.00034755
   -0.8208208     0.00394841     0.00203729
   -0.7807808     0.01485623     0.00871202
   -0.7407407     0.04114355     0.02730597
   -0.7007007     0.08483133     0.06332552
   -0.6606607     0.13304108     0.11068219
   -0.6206206     0.16483433     0.15080362
   -0.5805806     0.17058447     0.16889555
   -0.5405405     0.15597221     0.16520291
   -0.5005005     0.13035277     0.14688665
   -0.4604605     0.10475907     0.12189345
   -0.4204204     0.09399617     0.10328482
   -0.3803804     0.10492477     0.10364663
   -0.3403403     0.12736829     0.12107285
   -0.3003003     0.14396491     0.14053366
   -0.2602603     0.14190649     0.14701087
   -0.2202202     0.11724964     0.13182336
   -0.1801802     0.08063146     0.09736553
   -0.1401401     0.05549587     0.06138419
   -0.1001001     0.06080952     0.04709442
   -0.0600601     0.09305146     0.06526669
   -0.0200200     0.12413009     0.10319093
    0.0200200     0.12387995     0.12918348
    0.0600601     0.09012109     0.11880720
    0.1001001     0.04760846     0.07942141
    0.1401401     0.01825339     0.03853683
    0.1801802     0.00508687     0.01357195
    0.2202202     0.00111869     0.00349593
    0.2602603     0.00090798     0.00091161
    0.3003003     0.00453683     0.00195271
    0.3403403     0.01984735     0.00955553
    0.3803804     0.06419408     0.03603187
    0.4204204     0.15327553     0.10051833
    0.4604605     0.27110653     0.20787013
    0.5005005     0.35824407     0.32045797
    0.5405405     0.36106427     0.37317862
    0.5805806     0.29022037     0.33817449
    0.6206206     0.19975822     0.25197745
    0.6606607     0.12477324     0.16495233
    0.7007007     0.07001451     0.09722470
    0.7407407     0.03538548     0.04997730
    0.7807808     0.02564917     0.02485386
    0.8208208     0.04743436     0.02596879
    0.8608609     0.10446797     0.05928267
    0.9009009     0.18604593     0.12696039
    0.9409409     0.26423120     0.21370574
    0.9809810     0.31748276     0.28958262
    1.0210210     0.35204827     0.33897071
    1.0610611     0.38280156     0.37421555
    1.1011011     0.40420591     0.40733570
    1.1411411     0.40622752     0.42931467
    1.1811812     0.39704575     0.43106394
    1.2212212     0.37788341     0.41244714
    1.2612613     0.33284566     0.36703196
    1.3013013     0.26820528     0.29730448
    1.3413413     0.21579169     0.23132149
    1.3813814     0.18961869     0.19273938
    1.4214214     0.17948710     0.17725497
    1.4614615     0.18687804     0.17639249
    1.5015015     0.23935572     0.20545150
    1.5415415     0.36265232     0.29435106
    1.5815816     0.53966566     0.45046282
    1.6216216     0.70315364     0.62818732
    1.6616617     0.80316738     0.75765810
    1.7017017     0.87107715     0.83138286
    1.7417417     0.93630658     0.90123370
    1.7817818     0.92132851     0.94512828
    1.8218218     0.74982216     0.85841806
    1.8618619     0.49549752     0.63115683
    1.9019019     0.29765063     0.39157201
    1.9419419     0.20415813     0.24376797
    1.9819820     0.18516553     0.18533285
    2.0220220     0.23195046     0.18769956
    2.0620621     0.36839419     0.26358606
    2.1021021     0.57261600     0.43153921
    2.1421421     0.72806378     0.63662817
    2.1821822     0.71048644     0.74318874
    2.2222222     0.53223673     0.66160509
    2.2622623     0.33227133     0.46058884
    2.3023023     0.22566619     0.28838438
    2.3423423     0.22900662     0.22425818
    2.3823824     0.29860214     0.25463926
    2.4224224     0.37638777     0.32931894
    2.4624625     0.43466331     0.40365273
    2.5025025     0.51250214     0.47784184
    2.5425425     0.66043557     0.59879141
    2.5825826     0.84264523     0.77644521
    2.6226226     0.96209061     0.93438096
    2.6626627     0.96584596     0.98984822
    2.7027027     0.86709772     0.92699620
    2.7427427     0.72458003     0.78696836
    2.7827828     0.63224231     0.65679254
    2.8228228     0.63820542     0.62107593
    2.8628629     0.67612275     0.66283081
    2.9029029     0.65056983     0.67829115
    2.9429429     0.54932027     0.60756826
    2.9829830     0.43272590     0.48636299
    3.0230230     0.37219897     0.39181267
    3.0630631     0.41091638     0.38531802
    3.1031031     0.55097938     0.48314895
    3.1431431     0.78067638     0.67198815
    3.1831832     1.07268090     0.93732255
    3.2232232     1.31372458     1.21439101
    3.2632633     1.32972012     1.34495345
    3.3033033     1.07166306     1.20290280
    3.3433433     0.70969382     0.86283103
    3.3833834     0.47033259     0.55072695
    3.4234234     0.42177368     0.42142468
    3.4634635     0.46019502     0.43758337
    3.5035035     0.47805672     0.46955535
    3.5435435     0.48548631     0.46920738
    3.5835836     0.53163346     0.49122206
    3.6236236     0.57559141     0.55187533
    3.6636637     0.53880427     0.57204272
    3.7037037     0.44573482     0.50709219
    3.7437437     0.39668505     0.43001855
    3.7837838     0.42048222     0.41847214
    3.8238238     0.45806320     0.44841790
    3.8638639     0.48300876     0.46869731
    3.9039039     0.53224427     0.49816750
    3.9439439     0.60136962     0.56424271
    3.9839840     0.61554318     0.61311995
    4.0240240     0.54818366     0.57824086
    4.0640641     0.49418621     0.50202409
    4.1041041     0.57949451     0.51553988
    4.1441441     0.81924430     0.70012846
    4.1841842     1.07965088     0.98661048
    4.2242242     1.19193347     1.19594667
    4.2642643     1.11255375     1.20262465
    4.3043043     0.94425857     1.04872016
    4.3443443     0.80071541     0.86455298
    4.3843844     0.71091786     0.72575826
    4.4244244     0.65234134     0.63905271
    4.4644645     0.59829202     0.59099871
    4.5045045     0.53273905     0.55449349
    4.5445445     0.46231027     0.50522301
    4.5845846     0.39494764     0.44152271
    4.6246246     0.31766680     0.36251331
    4.6646647     0.23064554     0.26787963
    4.7047047     0.16668430     0.18315624
    4.7447447     0.15626881     0.14176327
    4.7847848     0.21018556     0.15838948
    4.8248248     0.33111358     0.24137893
    4.8648649     0.50510625     0.39716187
    4.9049049     0.69050975     0.60297735
    4.9449449     0.83912411     0.79946067
    4.9849850     0.91662817     0.92275810
    5.0250250     0.91176700     0.94181005
    5.0650651     0.86423044     0.88749380
    5.1051051     0.84349221     0.84214332
    5.1451452     0.84599698     0.84552374
    5.1851852     0.78384382     0.82759465
    5.2252252     0.62327077     0.70733522
    5.2652653     0.44843071     0.52094954
    5.3053053     0.35420508     0.37873335
    5.3453453     0.33937208     0.33331498
    5.3853854     0.32565994     0.33610915
    5.4254254     0.25662265     0.30537346
    5.4654655     0.15276502     0.21690622
    5.5055055     0.06690563     0.11457154
    5.5455455     0.02173680     0.04440301
    5.5855856     0.00780121     0.01353769
    5.6256256     0.01552043     0.00913079
    5.6656657     0.05497249     0.02940323
    5.7057057     0.14885553     0.09291405
    5.7457458     0.29362528     0.21599130
    5.7857858     0.42361994     0.36643251
    5.8258258     0.45687403     0.45936259
    5.8658659     0.39903306     0.44511378
    5.9059059     0.35065151     0.38285537
    5.9459459     0.39126924     0.37591038
    5.9859860     0.50649065     0.45933419
    6.0260260     0.63660846     0.59095747
    6.0660661     0.73684231     0.71381990
    6.1061061     0.76628309     0.77765150
    6.1461461     0.68323248     0.73341380
    6.1861862     0.50127937     0.57432683
    6.2262262     0.30472313     0.36912682
    6.2662663     0.17739576     0.20963139
    6.3063063     0.15202741     0.14416496
    6.3463464     0.23287988     0.18283966
    6.3863864     0.41589322     0.32834414
    6.4264264     0.65919067     0.55770523
    6.4664665     0.87369772     0.79128001
    6.5065065     0.99436668     0.94178707
    6.5465466     1.03943753     1.00475171
    6.5865866     1.06498111     1.04532352
    6.6266266     1.10678182     1.10600119
    6.6666667     1.17527302     1.18377319
    6.7067067     1.22967697     1.24726027
    6.7467467     1.17319058     1.22423474
    6.7867868     0.96455618     1.05393311
    6.8268268     0.71421078     0.79503631
    6.8668669     0.59659651     0.61196355
    6.9069069     0.66343434     0.61585052
    6.9469470     0.78655871     0.74082494
    6.9869870     0.83132505     0.82683644
    7.0270270     0.85911296     0.84676913
    7.0670671     1.06762103     0.97166725
    7.1071071     1.53591025     1.35400060
    7.1471472     2.08965039     1.90905362
    7.1871872     2.39910515     2.33757571
    7.2272272     2.22421129     2.34161496
    7.2672673     1.64096153     1.87487024
    7.3073073     0.99988426     1.21022177
    7.3473473     0.62332431     0.70893800
    7.3873874     0.60944287     0.55510453
    7.4274274     0.88434345     0.73420810
    7.4674675     1.27365010     1.11612305
    7.5075075     1.53357246     1.47151242
    7.5475475     1.50292821     1.56634149
    7.5875876     1.27836311     1.38321190
    7.6276276     1.11139991     1.15576015
    7.6676677     1.12677506     1.09634639
    7.7077077     1.25399921     1.19952641
    7.7477478     1.36546332     1.33615295
    7.7877878     1.36020720     1.38829879
    7.8278278     1.18991883     1.28470146
    7.8678679     0.89283264     1.02783223
    7.9079079     0.57394479     0.70174800
    7.9479479     0.33723637     0.41878458
    7.9879880     0.24600544     0.26394628
    8.0280280     0.31808799     0.27722119
    8.0680681     0.51778771     0.44533420
    8.1081081     0.74287918     0.68241427
    8.1481482     0.85935427     0.84447429
    8.1881882     0.80935416     0.83236347
    8.2282282     0.68257499     0.70112824
    8.2682683     0.63683224     0.61636200
    8.3083083     0.75428381     0.69405582
    8.3483484     0.98247692     0.90921647
    8.3883884     1.20059940     1.14245893
    8.4284284     1.34127009     1.30456534
    8.4684685     1.39787784     1.38813765
    8.5085085     1.32400492     1.36967483
    8.5485485     1.07925940     1.18154265
    8.5885886     0.78120950     0.86952680
    8.6286286     0.64341660     0.63837710
    8.6686687     0.74619311     0.64932896
    8.7087087     0.96882678     0.85752543
    8.7487488     1.14127341     1.08617299
    8.7887888     1.19653686     1.20464573
    8.8288288     1.18043477     1.21252464
    8.8688689     1.15004598     1.18067873
    8.9089089     1.07303447     1.12559256
    8.9489490     0.87467891     0.97627600
    8.9889890     0.59358489     0.71032938
    9.0290290     0.39950266     0.45519350
    9.0690691     0.44348625     0.39033288
    9.1091091     0.72745374     0.59063448
    9.1491491     1.07630049     0.95011493
    9.1891892     1.25209891     1.22815517
    9.2292292     1.17567165     1.25119840
    9.2692693     0.99755904     1.08763980
    9.3093093     0.90287561     0.94314507
    9.3493494     0.92887523     0.92124041
    9.3893894     1.01469888     0.98188021
    9.4294294     1.12427911     1.07631295
    9.4694695     1.23687768     1.19133514
    9.5095095     1.31552631     1.29391876
    9.5495496     1.38217843     1.37303272
    9.5895896     1.49593671     1.47810191
    9.6296296     1.59581896     1.58843794
    9.6696697     1.53999325     1.57254780
    9.7097097     1.31207555     1.37637874
    9.7497497     1.02256910     1.09716220
    9.7897898     0.75161623     0.83245384
    9.8298298     0.51594344     0.59905957
    9.8698699     0.32409541     0.39409744
    9.9099099     0.18399014     0.23017492
    9.9499500     0.09239698     0.11674268
    9.9899900     0.04369573     0.05211034
   10.0300300     0.04192857     0.03372879
   10.0700701     0.11411944     0.07616542
   10.1101101     0.30449831     0.22042600
   10.1501502     0.60434472     0.48864784
   10.1901902     0.87228496     0.79075268
   10.2302302     0.91414956     0.93106236
   10.2702703     0.69559850     0.79749598
   10.3103103     0.38498903     0.49723880
   10.3503504     0.15970707     0.22814183
   10.3903904     0.07429794     0.09121697
   10.4304304     0.12414917     0.09093088
   10.4704705     0.33304285     0.23793902
   10.5105105     0.71167399     0.56093037
   10.5505506     1.13722226     0.99607748
   10.5905906     1.36580247     1.32538647
   10.6306306     1.25532433     1.33776748
   10.6706707     0.92546265     1.05771025
   10.7107107     0.63056072     0.72302505
   10.7507508     0.53113186     0.54991377
   10.7907908     0.61499818     0.58140288
   10.8308308     0.77335099     0.72275654
   10.8708709     0.91931592     0.86685050
   10.9109109     1.04132375     0.98480917
   10.9509510     1.13799438     1.09230348
   10.9909910     1.13518053     1.14312588
   11.0310310     0.95159891     1.03618527
   11.0710711     0.63904587     0.76209208
   11.1111111     0.35417052     0.45350939
   11.1511512     0.19608603     0.24551927
   11.1911912     0.15465169     0.16514351
   11.2312312     0.18743802     0.17517367
   11.2712713     0.26692872     0.24157849
   11.3113113     0.37235797     0.33885046
   11.3513514     0.49827921     0.45411803
   11.3913914     0.66185437     0.60127535
   11.4314314     0.87656546     0.79826527
   11.4714715     1.14554430     1.04985696
   11.5115115     1.45376246     1.35364578
   11.5515516     1.70381458     1.64490915
   11.5915916     1.74475357     1.76511709
   11.6316316     1.56976291     1.62733219
   11.6716717     1.39356199     1.38998328
   11.7117117     1.44677084     1.33519458
   11.7517518     1.76665942     1.59115363
   11.7917918     2.21621974     2.05011239
   11.8318318     2.58613102     2.49619052
   11.8718719     2.64521922     2.70130261
   11.9119119     2.26851570     2.48875089
   11.9519520     1.59553894     1.88705168
   11.9919920     0.95146861     1.17941180
   12.0320320     0.58417070     0.68561660
   12.0720721     0.50506679     0.51391074
   12.1121121     0.53712026     0.52987282
   12.1521522     0.49662612     0.52300299
   12.1921922     0.34980653     0.40218797
   12.2322322     0.19783230     0.23845514
   12.2722723     0.16478365     0.15963700
   12.3123123     0.36417895     0.28325771
   12.3523524     0.88953456     0.71658390
   12.3923924     1.66325320     1.44660918
   12.4324324     2.31229189     2.17002698
   12.4724725     2.44005451     2.44773052
   12.5125125     2.07578202     2.17417194
   12.5525526     1.63503711     1.70601626
   12.5925926     1.43414299     1.43638955
   12.6326326     1.42893109     1.41926439
   12.6726727     1.39057640     1.43772487
   12.7127127     1.17750741     1.29003579
   12.7527528     0.83017250     0.96193762
   12.7927928     0.50076522     0.59682500
   12.8328328     0.32431422     0.35829859
   12.8728729     0.32167727     0.30796618
   12.9129129     0.39652343     0.37570368
   12.9529530     0.42287072     0.42846490
   12.9929930     0.35403520     0.38541172
   13.0330330     0.25844294     0.28550971
   13.0730731     0.25634395     0.24710329
   13.1131131     0.42052199     0.36594918
   13.1531532     0.69788013     0.62384171
   13.1931932     0.91900681     0.87007606
   13.2332332     0.95010006     0.94637517
   13.2732733     0.83107175     0.85275961
   13.3133133     0.69991291     0.72159815
   13.3533534     0.63206100     0.64811268
   13.3933934     0.61744164     0.63053614
   13.4334334     0.63400364     0.64045099
   13.4734735     0.68944627     0.67886492
   13.5135135     0.80713533     0.77137158
   13.5535536     0.97942531     0.92639475
   13.5935936     1.14198521     1.09708940
   13.6336336     1.21479466     1.20207017
   13.6736737     1.15166143     1.18095706
   13.7137137     0.95029854     1.01746713
   13.7537538     0.66385044     0.74848358
   13.7937938     0.38762065     0.46141404
   13.8338338     0.19116210     0.23862214
   13.8738739     0.08085499     0.10471683
   13.9139139     0.02906584     0.03889693
   13.9539540     0.00858842     0.01190573
   13.9939940     0.00238188     0.00307293
   14.0340340     0.00326470     0.00208799
   14.0740741     0.01571044     0.00922430
   14.1141141     0.06480426     0.04153293
   14.1541542     0.20728873     0.14585022
   14.1941942     0.51257142     0.39543138
   14.2342342     0.98076242     0.82592261
   14.2742743     1.46374397     1.33487308
   14.3143143     1.73947469     1.69755893
   14.3543544     1.71023473     1.75733593
   14.3943944     1.48033908     1.56616053
   14.4344344     1.25117482     1.31583449
   14.4744745     1.20214900     1.20349176
   14.5145145     1.42210064     1.34780871
   14.5545546     1.86031588     1.73278180
   14.5945946     2.31437876     2.19146444
   14.6346346     2.49993829     2.46109602
   14.6746747     2.23108693     2.32432650
   14.7147147     1.59617398     1.78617778
   14.7547548     0.89934053     1.09536804
   14.7947948     0.39753849     0.53274640
   14.8348348     0.14685166     0.21153965
   14.8748749     0.07588802     0.09099456
   14.9149149     0.10677177     0.09374822
   14.9549550     0.18852442     0.16270394
   14.9949950     0.28487603     0.25589235
   15.0350350     0.38222234     0.35079244
   15.0750751     0.48554828     0.45125116
   15.1151151     0.57077602     0.54749987
   15.1551552     0.57581970     0.58369205
   15.1951952     0.47752596     0.51465152
   15.2352352     0.34080703     0.37920208
   15.2752753     0.25439215     0.27014157
   15.3153153     0.24534293     0.24019520
   15.3553554     0.27838143     0.26849577
   15.3953954     0.30777443     0.30457835
   15.4354354     0.30930793     0.31549020
   15.4754755     0.28226492     0.29685634
   15.5155155     0.24011480     0.26072662
   15.5555556     0.20320310     0.22437878
   15.5955956     0.18727541     0.20289449
   15.6356356     0.18324483     0.19253015
   15.6756757     0.16455806     0.17056833
   15.7157157     0.13175297     0.13336508
   15.7557558     0.13553677     0.12422487
   15.7957958     0.24480354     0.21092106
   15.8358358     0.47682887     0.42410902
   15.8758759     0.73745109     0.69099640
   15.9159159     0.87179930     0.85805662
   15.9559560     0.81759829     0.83673894
   15.9959960     0.65117628     0.68403030
   16.0360360     0.47279402     0.50431341
   16.0760761     0.33374850     0.35596708
   16.1161161     0.25687306     0.26533669
   16.1561562     0.25098709     0.24591703
   16.1961962     0.32370203     0.30388167
   16.2362362     0.49295297     0.45329501
   16.2762763     0.74874370     0.68992041
   16.3163163     1.03400139     0.95982634
   16.3563564     1.31193460     1.21758055
   16.3963964     1.58464893     1.47664144
   16.4364364     1.79972144     1.72161544
   16.4764765     1.86193749     1.85447737
   16.5165165     1.77485801     1.82375320
   16.5565566     1.60968000     1.68132606
   16.5965966     1.35220044     1.44476268
   16.6366366     0.96777185     1.08144444
   16.6766767     0.54884219     0.65394694
   16.7167167     0.23981805     0.30670550
   16.7567568     0.09239240     0.11790676
   16.7967968     0.07743803     0.07086477
   16.8368368     0.16461669     0.13207874
   16.8768769     0.32475994     0.27735511
   16.9169169     0.48718377     0.44918555
   16.9569570     0.57357519     0.56261913
   16.9969970     0.59122078     0.59655067
   17.0370370     0.61676612     0.61788698
   17.0770771     0.67243564     0.66841446
   17.1171171     0.70661675     0.70623770
   17.1571572     0.70184605     0.70011169
   17.1971972     0.71111472     0.69523872
   17.2372372     0.76830645     0.74116677
   17.2772773     0.81533600     0.80171235
   17.3173173     0.76236255     0.78174154
   17.3573574     0.62099298     0.65623256
   17.3973974     0.51472102     0.52715260
   17.4374374     0.53219434     0.50741664
   17.4774775     0.63006368     0.59151372
   17.5175175     0.70012785     0.67822685
   17.5575576     0.69662777     0.69419689
   17.5975976     0.67912804     0.67380614
   17.6376376     0.72852338     0.70757014
   17.6776777     0.84394153     0.82042264
   17.7177177     0.94474678     0.93849910
   17.7577578     0.95602976     0.97274515
   17.7977978     0.89317452     0.91395226
   17.8378378     0.87831712     0.86657044
   17.8778779     1.02772730     0.96985579
   17.9179179     1.28923473     1.22764399
   17.9579580     1.44958551     1.44682109
   17.9979980     1.36022162     1.42515428
   18.0380380     1.13612670     1.20333699
   18.0780781     1.07344347     1.06601020
   18.1181181     1.32603897     1.24052960
   18.1581582     1.68479493     1.60479861
   18.1981982     1.77827498     1.78356697
   18.2382382     1.50243011     1.57981789
   18.2782783     1.09937230     1.17780196
   18.3183183     0.81624637     0.85764453
   18.3583584     0.68981901     0.70131572
   18.3983984     0.65374546     0.64948318
   18.4384384     0.66700346     0.65696825
   18.4784785     0.72470107     0.71430289
   18.5185185     0.82868772     0.81297482
   18.5585586     0.95891565     0.93167769
   18.5985986     1.06810203     1.03867702
   18.6386386     1.09167729     1.08746506
   18.6786787     0.97415410     1.01633091
   18.7187187     0.74398788     0.81439204
   18.7587588     0.54105216     0.58977645
   18.7987988     0.50443830     0.49810768
   18.8388388     0.65279636     0.60209936
   18.8788789     0.90286073     0.84202112
   18.9189189     1.15364860     1.11189983
   18.9589590     1.30482770     1.30269568
   18.9989990     1.26536167     1.31013376
   19.0390390     1.04102937     1.11082002
   19.0790791     0.76867050     0.82399183
   19.1191191     0.59229331     0.61296383
   19.1591592     0.53660581     0.53460922
   19.1991992     0.52637441     0.52517461
   19.2392392     0.48592224     0.49930227
   19.2792793     0.39428363     0.42186713
   19.3193193     0.27520955     0.30743271
   19.3593594     0.16681409     0.19253835
   19.3993994     0.09722534     0.11069481
   19.4394394     0.07016333     0.07341901
   19.4794795     0.06747005     0.06620638
   19.5195195     0.07234291     0.06779515
   19.5595596     0.09165904     0.07715776
   19.5995996     0.14703721     0.11622832
   19.6396396     0.24134087     0.20054980
   19.6796797     0.34521385     0.31212314
   19.7197197     0.42449491     0.41116468
   19.7597598     0.46962882     0.47165028
   19.7997998     0.49434864     0.49639188
   19.8398398     0.52918840     0.51403867
   19.8798799     0.61090412     0.57096666
   19.9199199     0.73665775     0.68771991
   19.9599600     0.83917598     0.81282419
   20.0000000     0.84898027     0.86244461
