    24
     1   -0.227575    0.000000   -0.235655       0.027778
     2    0.000000    0.000000   -0.235655       0.027778
     3    0.227575   -0.000000   -0.235655       0.027778
     4   -0.227575    0.230724   -0.235655       0.055556
     5   -0.000000    0.230724   -0.235655       0.055556
     6    0.227575    0.230724   -0.235655       0.055556
     7   -0.227575    0.000000    0.000000       0.027778
     8    0.000000    0.000000    0.000000       0.027778
     9    0.227575   -0.000000   -0.000000       0.027778
    10   -0.227575    0.230724   -0.000000       0.055556
    11   -0.000000    0.230724   -0.000000       0.055556
    12    0.227575    0.230724   -0.000000       0.055556
    13   -0.227575    0.000000    0.235655       0.027778
    14   -0.000000   -0.000000    0.235655       0.027778
    15    0.227575   -0.000000    0.235655       0.027778
    16   -0.227575    0.230724    0.235655       0.055556
    17   -0.000000    0.230724    0.235655       0.055556
    18    0.227575    0.230724    0.235655       0.055556
    19   -0.227575    0.000000    0.471309       0.027778
    20   -0.000000   -0.000000    0.471309       0.027778
    21    0.227575   -0.000000    0.471309       0.027778
    22   -0.227575    0.230724    0.471309       0.055556
    23   -0.000000    0.230724    0.471309       0.055556
    24    0.227575    0.230724    0.471309       0.055556
