    24
     1   -0.220111    0.000000   -0.002765       0.027778
     2    0.000000    0.000000    0.000000       0.027778
     3    0.220111   -0.000000    0.002765       0.027778
     4   -0.220111    0.213665   -0.002765       0.055556
     5   -0.000000    0.213665   -0.000000       0.055556
     6    0.220111    0.213665    0.002765       0.055556
     7   -0.220111    0.427331   -0.002765       0.055556
     8   -0.000000    0.427331   -0.000000       0.055556
     9    0.220111    0.427331    0.002765       0.055556
    10   -0.220111    0.640996   -0.002765       0.027778
    11   -0.000000    0.640996   -0.000000       0.027778
    12    0.220111    0.640996    0.002765       0.027778
    13   -0.217179   -0.000000    0.236275       0.027778
    14    0.002933   -0.000000    0.239040       0.027778
    15    0.223044   -0.000000    0.241805       0.027778
    16   -0.217179    0.213665    0.236275       0.055556
    17    0.002933    0.213665    0.239040       0.055556
    18    0.223044    0.213665    0.241805       0.055556
    19   -0.217179    0.427331    0.236275       0.055556
    20    0.002933    0.427331    0.239040       0.055556
    21    0.223044    0.427331    0.241805       0.055556
    22   -0.217179    0.640996    0.236275       0.027778
    23    0.002933    0.640996    0.239040       0.027778
    24    0.223044    0.640996    0.241805       0.027778
