#
#   partial DOS for atom species: Mn
#
#   Add data for atom_index =   2,  n,l,m,z=  3  2 -2  1
#   Add data for atom_index =   2,  n,l,m,z=  3  2 -1  1
#   Add data for atom_index =   2,  n,l,m,z=  3  2  0  1
#   Add data for atom_index =   2,  n,l,m,z=  3  2  1  1
#   Add data for atom_index =   2,  n,l,m,z=  3  2  2  1
#   Add data for atom_index =   2,  n,l,m,z=  3  2 -2  2
#   Add data for atom_index =   2,  n,l,m,z=  3  2 -1  2
#   Add data for atom_index =   2,  n,l,m,z=  3  2  0  2
#   Add data for atom_index =   2,  n,l,m,z=  3  2  1  2
#   Add data for atom_index =   2,  n,l,m,z=  3  2  2  2
#   Add data for atom_index =   2,  n,l,m,z=  3  2 -2  3
#   Add data for atom_index =   2,  n,l,m,z=  3  2 -1  3
#   Add data for atom_index =   2,  n,l,m,z=  3  2  0  3
#   Add data for atom_index =   2,  n,l,m,z=  3  2  1  3
#   Add data for atom_index =   2,  n,l,m,z=  3  2  2  3
#   Add data for atom_index =   3,  n,l,m,z=  3  2 -2  1
#   Add data for atom_index =   3,  n,l,m,z=  3  2 -1  1
#   Add data for atom_index =   3,  n,l,m,z=  3  2  0  1
#   Add data for atom_index =   3,  n,l,m,z=  3  2  1  1
#   Add data for atom_index =   3,  n,l,m,z=  3  2  2  1
#   Add data for atom_index =   3,  n,l,m,z=  3  2 -2  2
#   Add data for atom_index =   3,  n,l,m,z=  3  2 -1  2
#   Add data for atom_index =   3,  n,l,m,z=  3  2  0  2
#   Add data for atom_index =   3,  n,l,m,z=  3  2  1  2
#   Add data for atom_index =   3,  n,l,m,z=  3  2  2  2
#   Add data for atom_index =   3,  n,l,m,z=  3  2 -2  3
#   Add data for atom_index =   3,  n,l,m,z=  3  2 -1  3
#   Add data for atom_index =   3,  n,l,m,z=  3  2  0  3
#   Add data for atom_index =   3,  n,l,m,z=  3  2  1  3
#   Add data for atom_index =   3,  n,l,m,z=  3  2  2  3
#   Add data for atom_index =   4,  n,l,m,z=  3  2 -2  1
#   Add data for atom_index =   4,  n,l,m,z=  3  2 -1  1
#   Add data for atom_index =   4,  n,l,m,z=  3  2  0  1
#   Add data for atom_index =   4,  n,l,m,z=  3  2  1  1
#   Add data for atom_index =   4,  n,l,m,z=  3  2  2  1
#   Add data for atom_index =   4,  n,l,m,z=  3  2 -2  2
#   Add data for atom_index =   4,  n,l,m,z=  3  2 -1  2
#   Add data for atom_index =   4,  n,l,m,z=  3  2  0  2
#   Add data for atom_index =   4,  n,l,m,z=  3  2  1  2
#   Add data for atom_index =   4,  n,l,m,z=  3  2  2  2
#   Add data for atom_index =   4,  n,l,m,z=  3  2 -2  3
#   Add data for atom_index =   4,  n,l,m,z=  3  2 -1  3
#   Add data for atom_index =   4,  n,l,m,z=  3  2  0  3
#   Add data for atom_index =   4,  n,l,m,z=  3  2  1  3
#   Add data for atom_index =   4,  n,l,m,z=  3  2  2  3
#   Add data for atom_index =   5,  n,l,m,z=  3  2 -2  1
#   Add data for atom_index =   5,  n,l,m,z=  3  2 -1  1
#   Add data for atom_index =   5,  n,l,m,z=  3  2  0  1
#   Add data for atom_index =   5,  n,l,m,z=  3  2  1  1
#   Add data for atom_index =   5,  n,l,m,z=  3  2  2  1
#   Add data for atom_index =   5,  n,l,m,z=  3  2 -2  2
#   Add data for atom_index =   5,  n,l,m,z=  3  2 -1  2
#   Add data for atom_index =   5,  n,l,m,z=  3  2  0  2
#   Add data for atom_index =   5,  n,l,m,z=  3  2  1  2
#   Add data for atom_index =   5,  n,l,m,z=  3  2  2  2
#   Add data for atom_index =   5,  n,l,m,z=  3  2 -2  3
#   Add data for atom_index =   5,  n,l,m,z=  3  2 -1  3
#   Add data for atom_index =   5,  n,l,m,z=  3  2  0  3
#   Add data for atom_index =   5,  n,l,m,z=  3  2  1  3
#   Add data for atom_index =   5,  n,l,m,z=  3  2  2  3
#   Add data for atom_index =   6,  n,l,m,z=  3  2 -2  1
#   Add data for atom_index =   6,  n,l,m,z=  3  2 -1  1
#   Add data for atom_index =   6,  n,l,m,z=  3  2  0  1
#   Add data for atom_index =   6,  n,l,m,z=  3  2  1  1
#   Add data for atom_index =   6,  n,l,m,z=  3  2  2  1
#   Add data for atom_index =   6,  n,l,m,z=  3  2 -2  2
#   Add data for atom_index =   6,  n,l,m,z=  3  2 -1  2
#   Add data for atom_index =   6,  n,l,m,z=  3  2  0  2
#   Add data for atom_index =   6,  n,l,m,z=  3  2  1  2
#   Add data for atom_index =   6,  n,l,m,z=  3  2  2  2
#   Add data for atom_index =   6,  n,l,m,z=  3  2 -2  3
#   Add data for atom_index =   6,  n,l,m,z=  3  2 -1  3
#   Add data for atom_index =   6,  n,l,m,z=  3  2  0  3
#   Add data for atom_index =   6,  n,l,m,z=  3  2  1  3
#   Add data for atom_index =   6,  n,l,m,z=  3  2  2  3
#   Add data for atom_index =   7,  n,l,m,z=  3  2 -2  1
#   Add data for atom_index =   7,  n,l,m,z=  3  2 -1  1
#   Add data for atom_index =   7,  n,l,m,z=  3  2  0  1
#   Add data for atom_index =   7,  n,l,m,z=  3  2  1  1
#   Add data for atom_index =   7,  n,l,m,z=  3  2  2  1
#   Add data for atom_index =   7,  n,l,m,z=  3  2 -2  2
#   Add data for atom_index =   7,  n,l,m,z=  3  2 -1  2
#   Add data for atom_index =   7,  n,l,m,z=  3  2  0  2
#   Add data for atom_index =   7,  n,l,m,z=  3  2  1  2
#   Add data for atom_index =   7,  n,l,m,z=  3  2  2  2
#   Add data for atom_index =   7,  n,l,m,z=  3  2 -2  3
#   Add data for atom_index =   7,  n,l,m,z=  3  2 -1  3
#   Add data for atom_index =   7,  n,l,m,z=  3  2  0  3
#   Add data for atom_index =   7,  n,l,m,z=  3  2  1  3
#   Add data for atom_index =   7,  n,l,m,z=  3  2  2  3
#   Add data for atom_index =   8,  n,l,m,z=  3  2 -2  1
#   Add data for atom_index =   8,  n,l,m,z=  3  2 -1  1
#   Add data for atom_index =   8,  n,l,m,z=  3  2  0  1
#   Add data for atom_index =   8,  n,l,m,z=  3  2  1  1
#   Add data for atom_index =   8,  n,l,m,z=  3  2  2  1
#   Add data for atom_index =   8,  n,l,m,z=  3  2 -2  2
#   Add data for atom_index =   8,  n,l,m,z=  3  2 -1  2
#   Add data for atom_index =   8,  n,l,m,z=  3  2  0  2
#   Add data for atom_index =   8,  n,l,m,z=  3  2  1  2
#   Add data for atom_index =   8,  n,l,m,z=  3  2  2  2
#   Add data for atom_index =   8,  n,l,m,z=  3  2 -2  3
#   Add data for atom_index =   8,  n,l,m,z=  3  2 -1  3
#   Add data for atom_index =   8,  n,l,m,z=  3  2  0  3
#   Add data for atom_index =   8,  n,l,m,z=  3  2  1  3
#   Add data for atom_index =   8,  n,l,m,z=  3  2  2  3
#
#    Energy          spin 1        spin2
#
  -20.0000000     0.00000000     0.00000000
  -19.9599600     0.00000000     0.00000000
  -19.9199199     0.00000000     0.00000000
  -19.8798799     0.00000000     0.00000000
  -19.8398398     0.00000000     0.00000000
  -19.7997998     0.00000000     0.00000000
  -19.7597598     0.00000000     0.00000000
  -19.7197197     0.00000000     0.00000000
  -19.6796797     0.00000000     0.00000000
  -19.6396396     0.00000000     0.00000000
  -19.5995996     0.00000000     0.00000000
  -19.5595596     0.00000000     0.00000000
  -19.5195195     0.00000000     0.00000000
  -19.4794795     0.00000000     0.00000000
  -19.4394394     0.00000000     0.00000000
  -19.3993994     0.00000000     0.00000000
  -19.3593594     0.00000000     0.00000000
  -19.3193193     0.00000000     0.00000000
  -19.2792793     0.00000000     0.00000000
  -19.2392392     0.00000000     0.00000000
  -19.1991992     0.00000000     0.00000000
  -19.1591592     0.00000000     0.00000000
  -19.1191191     0.00000000     0.00000000
  -19.0790791     0.00000000     0.00000000
  -19.0390390     0.00000000     0.00000000
  -18.9989990     0.00000000     0.00000000
  -18.9589590     0.00000000     0.00000000
  -18.9189189     0.00000000     0.00000000
  -18.8788789     0.00000000     0.00000000
  -18.8388388     0.00000000     0.00000000
  -18.7987988     0.00000000     0.00000000
  -18.7587588     0.00000000     0.00000000
  -18.7187187     0.00000000     0.00000000
  -18.6786787     0.00000000     0.00000000
  -18.6386386     0.00000000     0.00000000
  -18.5985986     0.00000000     0.00000000
  -18.5585586     0.00000000     0.00000000
  -18.5185185     0.00000000     0.00000000
  -18.4784785     0.00000000     0.00000000
  -18.4384384     0.00000001     0.00000000
  -18.3983984     0.00000008     0.00000000
  -18.3583584     0.00000079     0.00000001
  -18.3183183     0.00000533     0.00000013
  -18.2782783     0.00002638     0.00000110
  -18.2382382     0.00009538     0.00000691
  -18.1981982     0.00025182     0.00003175
  -18.1581582     0.00048524     0.00010667
  -18.1181181     0.00068223     0.00026186
  -18.0780781     0.00069957     0.00046967
  -18.0380380     0.00052298     0.00061522
  -17.9979980     0.00028491     0.00058831
  -17.9579580     0.00011307     0.00041050
  -17.9179179     0.00003267     0.00020890
  -17.8778779     0.00000687     0.00007750
  -17.8378378     0.00000106     0.00002095
  -17.7977978     0.00000024     0.00000412
  -17.7577578     0.00000156     0.00000060
  -17.7177177     0.00001457     0.00000025
  -17.6776777     0.00009975     0.00000232
  -17.6376376     0.00049929     0.00002077
  -17.5975976     0.00183125     0.00013604
  -17.5575576     0.00493422     0.00065255
  -17.5175175     0.00980005     0.00229699
  -17.4774775     0.01440756     0.00594773
  -17.4374374     0.01575479     0.01136195
  -17.3973974     0.01288008     0.01606428
  -17.3573574     0.00790935     0.01686625
  -17.3173173     0.00366039     0.01319029
  -17.2772773     0.00127819     0.00770185
  -17.2372372     0.00033635     0.00336188
  -17.1971972     0.00006648     0.00109690
  -17.1571572     0.00001007     0.00026713
  -17.1171171     0.00000459     0.00004845
  -17.0770771     0.00003577     0.00000695
  -17.0370370     0.00026317     0.00000639
  -16.9969970     0.00141059     0.00005465
  -16.9569570     0.00549454     0.00037733
  -16.9169169     0.01555380     0.00189560
  -16.8768769     0.03199794     0.00692329
  -16.8368368     0.04784013     0.01838364
  -16.7967968     0.05198172     0.03549050
  -16.7567568     0.04104853     0.04981505
  -16.7167167     0.02355769     0.05083697
  -16.6766767     0.00982546     0.03771977
  -16.6366366     0.00297820     0.02034817
  -16.5965966     0.00065604     0.00798072
  -16.5565566     0.00010502     0.00227567
  -16.5165165     0.00001222     0.00047176
  -16.4764765     0.00000103     0.00007110
  -16.4364364     0.00000007     0.00000779
  -16.3963964     0.00000013     0.00000062
  -16.3563564     0.00000152     0.00000008
  -16.3163163     0.00001324     0.00000060
  -16.2762763     0.00008365     0.00000538
  -16.2362362     0.00038366     0.00003500
  -16.1961962     0.00127744     0.00016530
  -16.1561562     0.00308757     0.00056678
  -16.1161161     0.00541730     0.00141121
  -16.0760761     0.00689981     0.00255147
  -16.0360360     0.00637941     0.00334983
  -15.9959960     0.00428168     0.00319370
  -15.9559560     0.00208620     0.00221111
  -15.9159159     0.00073917     0.00111169
  -15.8758759     0.00020469     0.00040607
  -15.8358358     0.00016187     0.00011003
  -15.7957958     0.00077724     0.00004424
  -15.7557558     0.00347862     0.00017104
  -15.7157157     0.01158546     0.00088536
  -15.6756757     0.02861422     0.00345904
  -15.6356356     0.05248780     0.01016596
  -15.5955956     0.07154830     0.02283672
  -15.5555556     0.07243503     0.03986612
  -15.5155155     0.05436697     0.05466965
  -15.4754755     0.03016633     0.05887534
  -15.4354354     0.01232703     0.04923674
  -15.3953954     0.00369239     0.03144577
  -15.3553554     0.00081301     0.01509114
  -15.3153153     0.00020853     0.00537415
  -15.2752753     0.00064241     0.00140852
  -15.2352352     0.00350696     0.00027930
  -15.1951952     0.01420958     0.00014153
  -15.1551552     0.04182766     0.00078905
  -15.1151151     0.08942292     0.00419566
  -15.0750751     0.13884714     0.01606347
  -15.0350350     0.15657723     0.04438425
  -14.9949950     0.12824022     0.08881141
  -14.9549550     0.07628275     0.12892702
  -14.9149149     0.03296004     0.13591261
  -14.8748749     0.01037028     0.10409404
  -14.8348348     0.00249972     0.05795697
  -14.7947948     0.00089989     0.02360427
  -14.7547548     0.00138481     0.00756908
  -14.7147147     0.00257687     0.00321450
  -14.6746747     0.00361256     0.00330683
  -14.6346346     0.00369701     0.00389006
  -14.5945946     0.00276447     0.00350055
  -14.5545546     0.00156992     0.00231649
  -14.5145145     0.00096944     0.00121839
  -14.4744745     0.00157721     0.00089843
  -14.4344344     0.00409800     0.00175737
  -14.3943944     0.00968266     0.00408504
  -14.3543544     0.02061780     0.00763148
  -14.3143143     0.04121331     0.01099121
  -14.2742743     0.07410595     0.01229531
  -14.2342342     0.10976362     0.01167397
  -14.1941942     0.12535948     0.01359131
  -14.1541542     0.10703927     0.02606211
  -14.1141141     0.06867377     0.05411938
  -14.0740741     0.03675396     0.08973979
  -14.0340340     0.02400025     0.11208287
  -13.9939940     0.02518381     0.10663130
  -13.9539540     0.02996422     0.08089606
  -13.9139139     0.03311872     0.05375154
  -13.8738739     0.03497914     0.03554744
  -13.8338338     0.03662735     0.02463531
  -13.7937938     0.03779375     0.01694427
  -13.7537538     0.03855518     0.01263854
  -13.7137137     0.03939292     0.01430878
  -13.6736737     0.03865191     0.02172484
  -13.6336336     0.03377566     0.03014125
  -13.5935936     0.02740326     0.03474917
  -13.5535536     0.02857001     0.03532667
  -13.5135135     0.04371710     0.03384662
  -13.4734735     0.06613299     0.03033988
  -13.4334334     0.07860534     0.02513506
  -13.3933934     0.07281583     0.02225450
  -13.3533534     0.06433225     0.02741112
  -13.3133133     0.08220123     0.04325842
  -13.2732733     0.14121481     0.06489101
  -13.2332332     0.21948865     0.07973643
  -13.1931932     0.26728770     0.07714428
  -13.1531532     0.25429018     0.05970177
  -13.1131131     0.20315323     0.04329249
  -13.0730731     0.16114604     0.04859266
  -13.0330330     0.15285024     0.09059815
  -12.9929930     0.17341279     0.16416971
  -12.9529530     0.20864654     0.23719804
  -12.9129129     0.24622742     0.27339259
  -12.8728729     0.27494738     0.26443824
  -12.8328328     0.28182521     0.22901707
  -12.7927928     0.25696669     0.19276060
  -12.7527528     0.20678790     0.17971202
  -12.7127127     0.15188182     0.20142527
  -12.6726727     0.10699500     0.24285415
  -12.6326326     0.07908876     0.27269264
  -12.5925926     0.08476665     0.27379359
  -12.5525526     0.14714637     0.25922163
  -12.5125125     0.26234843     0.25690511
  -12.4724725     0.37954280     0.28050465
  -12.4324324     0.44128810     0.31650031
  -12.3923924     0.44632069     0.34216698
  -12.3523524     0.44786660     0.35787625
  -12.3123123     0.49298490     0.39132686
  -12.2722723     0.57716194     0.46098734
  -12.2322322     0.65194611     0.54621064
  -12.1921922     0.67927067     0.60657357
  -12.1521522     0.67789171     0.62436329
  -12.1121121     0.71130571     0.61467604
  -12.0720721     0.84252590     0.60449817
  -12.0320320     1.08235940     0.61965228
  -11.9919920     1.34683950     0.67920218
  -11.9519520     1.50055386     0.78624773
  -11.9119119     1.48693266     0.93103270
  -11.8718719     1.39462749     1.10602142
  -11.8318318     1.37467817     1.30408691
  -11.7917918     1.50064421     1.51147383
  -11.7517518     1.71925005     1.73076841
  -11.7117117     1.94587076     1.98537431
  -11.6716717     2.19798362     2.26697588
  -11.6316316     2.58164351     2.50995813
  -11.5915916     3.08769706     2.63893259
  -11.5515516     3.46633473     2.61326864
  -11.5115115     3.45050338     2.43171500
  -11.4714715     3.08040923     2.15786065
  -11.4314314     2.67426901     1.94694308
  -11.3913914     2.50688399     1.95006612
  -11.3513514     2.60284878     2.16307049
  -11.3113113     2.78138396     2.45087475
  -11.2712713     2.82475068     2.71282021
  -11.2312312     2.66271055     2.94342787
  -11.1911912     2.46054113     3.17012997
  -11.1511512     2.48025319     3.41757676
  -11.1111111     2.80003634     3.69146650
  -11.0710711     3.21801099     3.92172000
  -11.0310310     3.50436060     3.95969751
  -10.9909910     3.68852755     3.71887973
  -10.9509510     3.97703022     3.32172244
  -10.9109109     4.41556693     3.04356900
  -10.8708709     4.79023207     3.11575954
  -10.8308308     4.93798580     3.62363560
  -10.7907908     5.00490929     4.49030953
  -10.7507508     5.24154911     5.42124827
  -10.7107107     5.64434279     5.96826782
  -10.6706707     5.93459997     5.83873836
  -10.6306306     5.83988469     5.17100938
  -10.5905906     5.33534505     4.47430865
  -10.5505506     4.68164348     4.25697374
  -10.5105105     4.26339309     4.61959301
  -10.4704705     4.27992276     5.15930161
  -10.4304304     4.57064825     5.32305017
  -10.3903904     4.82396726     4.90570165
  -10.3503504     4.90103392     4.16044320
  -10.3103103     4.87754075     3.47483680
  -10.2702703     4.85132131     3.11719003
  -10.2302302     4.81976353     3.21127634
  -10.1901902     4.71122703     3.65476465
  -10.1501502     4.46894292     4.08163879
  -10.1101101     4.15843115     4.18237986
  -10.0700701     3.96234494     4.01158288
  -10.0300300     3.95604131     3.80255685
   -9.9899900     4.01100193     3.70187051
   -9.9499500     4.04647005     3.77895044
   -9.9099099     4.17988053     3.97933783
   -9.8698699     4.49466996     4.08983220
   -9.8298298     4.85190233     3.99481297
   -9.7897898     5.03873452     3.82048603
   -9.7497497     5.00590874     3.75579931
   -9.7097097     4.96335767     3.93104856
   -9.6696697     5.22184120     4.34035757
   -9.6296296     5.79612456     4.70800155
   -9.5895896     6.22937904     4.68057382
   -9.5495496     6.02136006     4.24951943
   -9.5095095     5.18240239     3.75074500
   -9.4694695     4.19231613     3.47257832
   -9.4294294     3.52372104     3.48808598
   -9.3893894     3.39535308     3.80062358
   -9.3493494     3.82232336     4.38907899
   -9.3093093     4.59642747     5.08548489
   -9.2692693     5.28616559     5.60174638
   -9.2292292     5.52891335     5.71448324
   -9.1891892     5.32917214     5.35196731
   -9.1491491     4.98805922     4.61283453
   -9.1091091     4.78292527     3.78523265
   -9.0690691     4.73736110     3.22214172
   -9.0290290     4.70344336     3.12423043
   -8.9889890     4.63111907     3.46981263
   -8.9489490     4.67370215     4.14625107
   -8.9089089     5.03357345     5.06586149
   -8.8688689     5.72197552     6.06863245
   -8.8288288     6.46759060     6.83162621
   -8.7887888     6.94192497     7.07678510
   -8.7487488     7.07931595     6.84140114
   -8.7087087     7.05742384     6.43728237
   -8.6686687     6.98756243     6.16312899
   -8.6286286     6.78651453     6.07367906
   -8.5885886     6.38201994     5.98864068
   -8.5485485     5.92760523     5.71790933
   -8.5085085     5.72614120     5.26861324
   -8.4684685     5.92857661     4.79746978
   -8.4284284     6.35287742     4.41870106
   -8.3883884     6.64463935     4.16561096
   -8.3483484     6.57303336     4.09703594
   -8.3083083     6.15609181     4.27316548
   -8.2682683     5.61522909     4.60252151
   -8.2282282     5.23586246     4.87378442
   -8.1881882     5.14637365     4.96239038
   -8.1481482     5.20314605     4.88894317
   -8.1081081     5.17381225     4.72831892
   -8.0680681     5.01752029     4.57277666
   -8.0280280     4.88621249     4.52551349
   -7.9879880     4.89378131     4.64508353
   -7.9479479     5.05982978     4.88919667
   -7.9079079     5.43743973     5.12127672
   -7.8678679     6.03258225     5.18872511
   -7.8278278     6.59080797     5.03248720
   -7.7877878     6.69848112     4.73847249
   -7.7477478     6.16163944     4.45224356
   -7.7077077     5.22036383     4.23471170
   -7.6676677     4.36978184     4.06081370
   -7.6276276     3.94784424     3.96219856
   -7.5875876     3.89252791     4.02996419
   -7.5475475     3.93005242     4.21797198
   -7.5075075     3.91024619     4.32666031
   -7.4674675     3.82300974     4.27629379
   -7.4274274     3.61412447     4.20538362
   -7.3873874     3.23134807     4.23372253
   -7.3473473     2.81246462     4.29702105
   -7.3073073     2.63993869     4.24619622
   -7.2672673     2.87273656     4.03175497
   -7.2272272     3.36159131     3.76073082
   -7.1871872     3.75644757     3.55123248
   -7.1471472     3.82483901     3.40486989
   -7.1071071     3.64465734     3.30612735
   -7.0670671     3.42828646     3.29771675
   -7.0270270     3.22887708     3.33521017
   -6.9869870     2.98442086     3.23704714
   -6.9469470     2.75125156     2.90459285
   -6.9069069     2.64397592     2.50673051
   -6.8668669     2.63298780     2.35764600
   -6.8268268     2.62473315     2.58939708
   -6.7867868     2.67554084     3.01156264
   -6.7467467     2.95090801     3.39281779
   -6.7067067     3.48599022     3.80019057
   -6.6666667     4.11804538     4.48821208
   -6.6266266     4.67609396     5.48884889
   -6.5865866     5.10918023     6.44395053
   -6.5465466     5.39368772     6.86711204
   -6.5065065     5.47962448     6.60409576
   -6.4664665     5.41662916     6.04521582
   -6.4264264     5.40513591     5.76401401
   -6.3863864     5.60755994     5.95784096
   -6.3463464     5.93031735     6.43706022
   -6.3063063     6.08760738     7.05167036
   -6.2662663     5.97544815     7.75341060
   -6.2262262     5.90349604     8.32761526
   -6.1861862     6.24489121     8.51832815
   -6.1461461     6.90592240     8.38097188
   -6.1061061     7.39747004     8.12260358
   -6.0660661     7.40063717     7.70157725
   -6.0260260     7.04928584     6.99659093
   -5.9859860     6.67497555     6.25872225
   -5.9459459     6.40493183     5.93415293
   -5.9059059     6.05480882     6.10061183
   -5.8658659     5.45566748     6.48519454
   -5.8258258     4.83317318     6.88625297
   -5.7857858     4.65150326     7.20449255
   -5.7457458     5.03368483     7.28684389
   -5.7057057     5.57799772     7.07683025
   -5.6656657     5.84216118     6.74775395
   -5.6256256     5.78117782     6.48347041
   -5.5855856     5.64513395     6.25355971
   -5.5455455     5.67688965     5.91050927
   -5.5055055     5.92562477     5.45099340
   -5.4654655     6.15985246     5.11752161
   -5.4254254     6.01498287     5.16229961
   -5.3853854     5.40028094     5.52453231
   -5.3453453     4.68561584     5.89509815
   -5.3053053     4.30128068     6.06787375
   -5.2652653     4.19583666     6.04327832
   -5.2252252     3.92315542     5.81889395
   -5.1851852     3.26395113     5.27561196
   -5.1451452     2.46599800     4.35477923
   -5.1051051     1.84070876     3.23412278
   -5.0650651     1.42843988     2.21321712
   -5.0250250     1.13278381     1.47996452
   -4.9849850     0.95647276     1.05351765
   -4.9449449     0.98455547     0.88562928
   -4.9049049     1.21216145     0.92896033
   -4.8648649     1.48841586     1.12091564
   -4.8248248     1.65287968     1.34990152
   -4.7847848     1.66987850     1.47341565
   -4.7447447     1.58368464     1.42934559
   -4.7047047     1.41040546     1.30825519
   -4.6646647     1.15692049     1.23012856
   -4.6246246     0.89279273     1.19641923
   -4.5845846     0.72304369     1.14244632
   -4.5445445     0.69798398     1.07662747
   -4.5045045     0.75537349     1.08622771
   -4.4644645     0.76137875     1.19882771
   -4.4244244     0.64940420     1.28931997
   -4.3843844     0.49180538     1.19391164
   -4.3443443     0.39846890     0.91058730
   -4.3043043     0.39611883     0.61650842
   -4.2642643     0.44317922     0.48746150
   -4.2242242     0.51064531     0.55573930
   -4.1841842     0.59638970     0.73275055
   -4.1441441     0.68367394     0.91232563
   -4.1041041     0.73167138     1.03852611
   -4.0640641     0.70796293     1.09679864
   -4.0240240     0.61970902     1.07908320
   -3.9839840     0.51542530     1.00210254
   -3.9439439     0.44490994     0.92940057
   -3.9039039     0.42090054     0.91011971
   -3.8638639     0.43725005     0.92585259
   -3.8238238     0.49702056     0.92956302
   -3.7837838     0.59557193     0.88651942
   -3.7437437     0.69955474     0.78348294
   -3.7037037     0.76359998     0.65133260
   -3.6636637     0.76372383     0.55219324
   -3.6236236     0.71009850     0.52587057
   -3.5835836     0.63249167     0.57148930
   -3.5435435     0.56132787     0.64753902
   -3.5035035     0.51601849     0.67914167
   -3.4634635     0.49938044     0.62551823
   -3.4234234     0.50416101     0.54222824
   -3.3833834     0.52488342     0.52827418
   -3.3433433     0.55377259     0.61984018
   -3.3033033     0.56462369     0.75997541
   -3.2632633     0.52071035     0.85794622
   -3.2232232     0.41247878     0.86723776
   -3.1831832     0.27568861     0.81504870
   -3.1431431     0.16762848     0.76101158
   -3.1031031     0.13574680     0.72752468
   -3.0630631     0.19759575     0.67845956
   -3.0230230     0.32028436     0.56945083
   -2.9829830     0.41917040     0.40837899
   -2.9429429     0.41779404     0.25940531
   -2.9029029     0.32589884     0.19102425
   -2.8628629     0.23119295     0.21956106
   -2.8228228     0.20904534     0.29472137
   -2.7827828     0.25634395     0.34249656
   -2.7427427     0.30858138     0.33112244
   -2.7027027     0.31350347     0.28774737
   -2.6626627     0.28348970     0.25395751
   -2.6226226     0.27009892     0.24940111
   -2.5825826     0.30228029     0.27473066
   -2.5425425     0.36388539     0.32068746
   -2.5025025     0.41827580     0.37582679
   -2.4624625     0.44188630     0.44175738
   -2.4224224     0.44104842     0.51541843
   -2.3823824     0.44582833     0.54867764
   -2.3423423     0.48058213     0.48993431
   -2.3023023     0.53087467     0.37862803
   -2.2622623     0.54801230     0.32901095
   -2.2222222     0.49661279     0.41007762
   -2.1821822     0.38829341     0.57379148
   -2.1421421     0.26483318     0.69145260
   -2.1021021     0.16732049     0.66155929
   -2.0620621     0.12053643     0.50028016
   -2.0220220     0.12046486     0.31368553
   -1.9819820     0.13292261     0.18642603
   -1.9419419     0.12256988     0.12883727
   -1.9019019     0.08619497     0.11417281
   -1.8618619     0.04873813     0.11867736
   -1.8218218     0.03406385     0.12373998
   -1.7817818     0.04904875     0.11491043
   -1.7417417     0.08344917     0.09529101
   -1.7017017     0.11495604     0.08383710
   -1.6616617     0.12551384     0.08944485
   -1.6216216     0.11662380     0.10001349
   -1.5815816     0.10017786     0.10430370
   -1.5415415     0.08417654     0.10797101
   -1.5015015     0.07893162     0.11722454
   -1.4614615     0.09999874     0.12182631
   -1.4214214     0.14842673     0.10771264
   -1.3813814     0.19950379     0.07913049
   -1.3413413     0.22754666     0.05998600
   -1.3013013     0.23524917     0.07533579
   -1.2612613     0.24258842     0.12946489
   -1.2212212     0.25712792     0.19543510
   -1.1811812     0.27640321     0.23583279
   -1.1411411     0.30649659     0.24618844
   -1.1011011     0.34714675     0.26536693
   -1.0610611     0.36805668     0.33119099
   -1.0210210     0.33968787     0.43216116
   -0.9809810     0.28078566     0.50898251
   -0.9409409     0.23490160     0.50581708
   -0.9009009     0.20947413     0.41734580
   -0.8608609     0.17671535     0.28665097
   -0.8208208     0.12660768     0.16725997
   -0.7807808     0.08536858     0.09008949
   -0.7407407     0.08318755     0.06172541
   -0.7007007     0.12486451     0.08172576
   -0.6606607     0.19358962     0.14197475
   -0.6206206     0.27434443     0.20869545
   -0.5805806     0.36120925     0.23601243
   -0.5405405     0.43194658     0.21643113
   -0.5005005     0.44016876     0.19176443
   -0.4604605     0.36618470     0.19860716
   -0.4204204     0.25507972     0.23258161
   -0.3803804     0.17187576     0.27092391
   -0.3403403     0.13904719     0.29444934
   -0.3003003     0.14098150     0.28797382
   -0.2602603     0.16709371     0.25048779
   -0.2202202     0.22288633     0.20392710
   -0.1801802     0.30682311     0.17935695
   -0.1401401     0.39556284     0.19440574
   -0.1001001     0.44797427     0.23473158
   -0.0600601     0.42543910     0.25855004
   -0.0200200     0.32749521     0.24220194
    0.0200200     0.20074292     0.21807139
    0.0600601     0.09838027     0.24020590
    0.1001001     0.04314855     0.31350705
    0.1401401     0.03209231     0.38056558
    0.1801802     0.05597122     0.38397308
    0.2202202     0.10131173     0.32263623
    0.2602603     0.14441243     0.24063437
    0.3003003     0.16382013     0.18466765
    0.3403403     0.16298368     0.17958978
    0.3803804     0.16813389     0.21978165
    0.4204204     0.19990477     0.26950433
    0.4604605     0.25590006     0.28272597
    0.5005005     0.32475504     0.23852045
    0.5405405     0.40093003     0.16058827
    0.5805806     0.47157465     0.09620024
    0.6206206     0.51323027     0.07840984
    0.6606607     0.52359731     0.11449881
    0.7007007     0.52650083     0.20069713
    0.7407407     0.52364757     0.32799002
    0.7807808     0.48399540     0.47003651
    0.8208208     0.40692513     0.58772821
    0.8608609     0.34210768     0.65318042
    0.9009009     0.31844278     0.64956565
    0.9409409     0.30630467     0.56892116
    0.9809810     0.27198348     0.44505685
    1.0210210     0.22501603     0.34726930
    1.0610611     0.19192681     0.30894411
    1.1011011     0.17465294     0.30444969
    1.1411411     0.15535237     0.30235949
    1.1811812     0.12746175     0.29402183
    1.2212212     0.11243871     0.27469504
    1.2612613     0.15339652     0.24705716
    1.3013013     0.28715853     0.24837704
    1.3413413     0.50518938     0.33878793
    1.3813814     0.74339235     0.54521239
    1.4214214     0.92280073     0.81713062
    1.4614615     0.99114982     1.04334072
    1.5015015     0.92871922     1.12084866
    1.5415415     0.75651454     1.01686259
    1.5815816     0.54573167     0.78583215
    1.6216216     0.37862915     0.53518887
    1.6616617     0.29027593     0.35217213
    1.7017017     0.26302698     0.25329947
    1.7417417     0.26465097     0.20790545
    1.7817818     0.27363689     0.19364260
    1.8218218     0.28779176     0.21103593
    1.8618619     0.32951655     0.25787008
    1.9019019     0.41676452     0.31935823
    1.9419419     0.51374422     0.38634563
    1.9819820     0.54827664     0.45473376
    2.0220220     0.49169299     0.49899126
    2.0620621     0.39232476     0.47976087
    2.1021021     0.33104582     0.39699569
    2.1421421     0.36030198     0.30666149
    2.1821822     0.47609700     0.26467371
    2.2222222     0.63204428     0.28161675
    2.2622623     0.76867475     0.34216880
    2.3023023     0.83615068     0.43642737
    2.3423423     0.81082695     0.55972733
    2.3823824     0.69755690     0.69309595
    2.4224224     0.52644337     0.79373256
    2.4624625     0.35536525     0.81772327
    2.5025025     0.24726726     0.75569345
    2.5425425     0.22187932     0.63875695
    2.5825826     0.24232159     0.50989987
    2.6226226     0.25759577     0.39710584
    2.6626627     0.24763131     0.31290752
    2.7027027     0.22465964     0.26147524
    2.7427427     0.21024670     0.23577752
    2.7827828     0.22559243     0.22302531
    2.8228228     0.28829638     0.21934538
    2.8628629     0.39805362     0.23287685
    2.9029029     0.53379127     0.28282511
    2.9429429     0.67609336     0.39598650
    2.9829830     0.81741729     0.57406060
    3.0230230     0.94311102     0.75488261
    3.0630631     1.02472260     0.84908533
    3.1031031     1.05419691     0.84190939
    3.1431431     1.06465770     0.81883139
    3.1831832     1.07328824     0.86439170
    3.2232232     1.03675747     0.96498489
    3.2632633     0.92275624     1.02593307
    3.3033033     0.77089659     0.97517752
    3.3433433     0.63542989     0.84578407
    3.3833834     0.54057900     0.73990944
    3.4234234     0.51840534     0.71204812
    3.4634635     0.60536821     0.73443960
    3.5035035     0.76215360     0.77984082
    3.5435435     0.87000135     0.85397898
    3.5835836     0.85889380     0.93001407
    3.6236236     0.77638815     0.94887085
    3.6636637     0.68916277     0.90439395
    3.7037037     0.59170842     0.85023755
    3.7437437     0.45634833     0.81519362
    3.7837838     0.31173204     0.76000205
    3.8238238     0.22003106     0.62873349
    3.8638639     0.20292526     0.42901254
    3.9039039     0.23002687     0.23967454
    3.9439439     0.26927947     0.13796382
    3.9839840     0.31591236     0.14527623
    4.0240240     0.37130877     0.23483129
    4.0640641     0.41627119     0.35737427
    4.1041041     0.42353969     0.46476473
    4.1441441     0.40533195     0.53771646
    4.1841842     0.42616310     0.59445233
    4.2242242     0.53146854     0.66014254
    4.2642643     0.67653161     0.73287500
    4.3043043     0.76609360     0.78642378
    4.3443443     0.75294064     0.79076031
    4.3843844     0.66230734     0.72772121
    4.4244244     0.53536417     0.61004243
    4.4644645     0.39561527     0.48218198
    4.5045045     0.27462050     0.37938418
    4.5445445     0.22371039     0.29570172
    4.5845846     0.26997960     0.21306238
    4.6246246     0.37916352     0.14354476
    4.6646647     0.48561129     0.11826370
    4.7047047     0.55221755     0.15200031
    4.7447447     0.58763416     0.24162226
    4.7847848     0.62327840     0.38089312
    4.8248248     0.69017143     0.54748209
    4.8648649     0.79165593     0.68782656
    4.9049049     0.87960175     0.74940304
    4.9449449     0.88527845     0.73081707
    4.9849850     0.79927727     0.68388202
    5.0250250     0.69470983     0.66605994
    5.0650651     0.64344326     0.70067569
    5.1051051     0.64709446     0.78251268
    5.1451452     0.67184913     0.89382732
    5.1851852     0.68941505     0.98919299
    5.2252252     0.67014595     1.00463009
    5.2652653     0.60838205     0.92879817
    5.3053053     0.56300321     0.82877280
    5.3453453     0.61720727     0.77668344
    5.3853854     0.79592802     0.77956524
    5.4254254     1.03845266     0.77950190
    5.4654655     1.22928951     0.71220627
    5.5055055     1.26771291     0.57765848
    5.5455455     1.15362930     0.43875564
    5.5855856     0.99202483     0.35995136
    5.6256256     0.88540813     0.39193899
    5.6656657     0.85141021     0.57973785
    5.7057057     0.85389049     0.90617175
    5.7457458     0.87455207     1.24024856
    5.7857858     0.92739324     1.40598334
    5.8258258     1.00440067     1.32265743
    5.8658659     1.04963267     1.06703268
    5.9059059     1.02713871     0.79735373
    5.9459459     0.96913004     0.63697087
    5.9859860     0.91580205     0.64345181
    6.0260260     0.86955572     0.82830078
    6.0660661     0.82989853     1.12874992
    6.1061061     0.79391735     1.39319904
    6.1461461     0.72629855     1.46710067
    6.1861862     0.60834337     1.30228072
    6.2262262     0.49472490     0.98561375
    6.2662663     0.46294713     0.67120789
    6.3063063     0.52167768     0.46955904
    6.3463464     0.60395134     0.39441810
    6.3863864     0.66345148     0.41529613
    6.4264264     0.73916003     0.53413715
    6.4664665     0.87594267     0.76625588
    6.5065065     1.03523307     1.05048821
    6.5465466     1.14287863     1.25066734
    6.5865866     1.15814223     1.27548909
    6.6266266     1.06614358     1.14890960
    6.6666667     0.89020992     0.95654124
    6.7067067     0.72913809     0.77310315
    6.7467467     0.70119303     0.64918235
    6.7867868     0.82523708     0.62672659
    6.8268268     0.99831420     0.72385848
    6.8668669     1.10170974     0.89456259
    6.9069069     1.09695864     1.04759043
    6.9469470     1.01469924     1.12650838
    6.9869870     0.89282111     1.12427959
    7.0270270     0.75112470     1.03325636
    7.0670671     0.61554154     0.86014078
    7.1071071     0.53667949     0.66841799
    7.1471472     0.55331683     0.53706380
    7.1871872     0.64908542     0.50033627
    7.2272272     0.77823953     0.55843645
    7.2672673     0.91713059     0.70024648
    7.3073073     1.05339310     0.88529042
    7.3473473     1.14359202     1.04087628
    7.3873874     1.12797664     1.09579856
    7.4274274     0.99974776     1.01697083
    7.4674675     0.84365177     0.85113025
    7.5075075     0.78778281     0.73718565
    7.5475475     0.89900562     0.81320287
    7.5875876     1.11651925     1.06423312
    7.6276276     1.29948946     1.29966261
    7.6676677     1.34274589     1.34062925
    7.7077077     1.24071408     1.19685400
    7.7477478     1.05950688     0.99966881
    7.7877878     0.87571910     0.83411617
    7.8278278     0.74429772     0.72594457
    7.8678679     0.69709425     0.70659190
    7.9079079     0.74017466     0.78276811
    7.9479479     0.85154894     0.89930735
    7.9879880     0.99764280     1.00162842
    8.0280280     1.14413905     1.08578062
    8.0680681     1.23881658     1.15495172
    8.1081081     1.21568353     1.17692660
    8.1481482     1.05050239     1.11471780
    8.1881882     0.79600133     0.98467177
    8.2282282     0.54962882     0.85906860
    8.2682683     0.39711560     0.79513468
    8.3083083     0.37413347     0.78702312
    8.3483484     0.46382572     0.80209204
    8.3883884     0.62841042     0.82286875
    8.4284284     0.83944654     0.84229472
    8.4684685     1.07562189     0.85744562
    8.5085085     1.30267134     0.87703268
    8.5485485     1.46658472     0.90994747
    8.5885886     1.50013330     0.93917560
    8.6286286     1.35613827     0.93151808
    8.6686687     1.07229784     0.89670843
    8.7087087     0.77789877     0.90135484
    8.7487488     0.59940149     0.97922508
    8.7887888     0.57064468     1.06012117
    8.8288288     0.63679954     1.03069280
    8.8688689     0.72903326     0.86765819
    8.9089089     0.82904480     0.69239261
    8.9489490     0.94818847     0.65772587
    8.9889890     1.05539372     0.77698977
    9.0290290     1.08406261     0.91335019
    9.0690691     1.01162848     0.95533721
    9.1091091     0.87373525     0.92952185
    9.1491491     0.72228978     0.89803113
    9.1891892     0.62619687     0.86417331
    9.2292292     0.66862245     0.86324486
    9.2692693     0.87912538     0.99914205
    9.3093093     1.18688258     1.26559073
    9.3493494     1.46846035     1.46890737
    9.3893894     1.61962895     1.46156259
    9.4294294     1.59399040     1.32449105
    9.4694695     1.44612900     1.21722116
    9.5095095     1.32229533     1.19533524
    9.5495496     1.31868054     1.23978186
    9.5895896     1.37851387     1.31305443
    9.6296296     1.39930322     1.34874781
    9.6696697     1.37234999     1.30348374
    9.7097097     1.33816256     1.22208917
    9.7497497     1.27408809     1.17130084
    9.7897898     1.11938641     1.13872188
    9.8298298     0.87984302     1.05917923
    9.8698699     0.64375924     0.91784081
    9.9099099     0.50983984     0.78293618
    9.9499500     0.52775400     0.73087869
    9.9899900     0.68154607     0.77162445
   10.0300300     0.87874043     0.85947287
   10.0700701     0.98194815     0.94002533
   10.1101101     0.93233820     0.98836272
   10.1501502     0.80964359     1.02259991
   10.1901902     0.71173081     1.04966749
   10.2302302     0.65364480     1.01721986
   10.2702703     0.61768034     0.88865362
   10.3103103     0.60423501     0.72851360
   10.3503504     0.62257729     0.64090303
   10.3903904     0.69838592     0.65002906
   10.4304304     0.85743338     0.68354174
   10.4704705     1.05215055     0.66926204
   10.5105105     1.16909949     0.62933980
   10.5505506     1.16177279     0.65887730
   10.5905906     1.11146740     0.80925998
   10.6306306     1.11351810     1.01392315
   10.6706707     1.15683210     1.15291036
   10.7107107     1.14569650     1.17870452
   10.7507508     1.01854085     1.13188885
   10.7907908     0.83980540     1.05504955
   10.8308308     0.75903566     0.96749086
   10.8708709     0.85551503     0.89002158
   10.9109109     1.04761532     0.82688281
   10.9509510     1.18507230     0.77678517
   10.9909910     1.21304096     0.78827346
   11.0310310     1.20345512     0.91975057
   11.0710711     1.21840074     1.13395466
   11.1111111     1.22113540     1.31672130
   11.1511512     1.17223794     1.39971147
   11.1911912     1.11666697     1.39545376
   11.2312312     1.11125678     1.34046027
   11.2712713     1.15289298     1.28058788
   11.3113113     1.21234859     1.26988888
   11.3513514     1.26675761     1.31571644
   11.3913914     1.29114212     1.36219695
   11.4314314     1.26539612     1.35126210
   11.4714715     1.18739547     1.26354305
   11.5115115     1.06679117     1.11068882
   11.5515516     0.93626201     0.93970836
   11.5915916     0.86496179     0.83577649
   11.6316316     0.90093930     0.86045934
   11.6716717     0.99354650     0.98704642
   11.7117117     1.01612063     1.12809169
   11.7517518     0.89177059     1.20470045
   11.7917918     0.68767202     1.18460628
   11.8318318     0.54545606     1.10045660
   11.8718719     0.52334445     1.04507063
   11.9119119     0.55655847     1.09739350
   11.9519520     0.57321645     1.21217624
   11.9919920     0.60256678     1.23149980
   12.0320320     0.74030503     1.05857226
   12.0720721     1.02018686     0.77647367
   12.1121121     1.35840663     0.56467455
   12.1521522     1.63665602     0.53587915
   12.1921922     1.79758008     0.65906451
   12.2322322     1.83514585     0.82167980
   12.2722723     1.75119684     0.95169168
   12.3123123     1.57627413     1.05074201
   12.3523524     1.39537568     1.12648898
   12.3923924     1.29196506     1.14969220
   12.4324324     1.25851227     1.09495287
   12.4724725     1.19997989     1.00405820
   12.5125125     1.05351484     0.97312730
   12.5525526     0.86628012     1.05460336
   12.5925926     0.72413802     1.18733619
   12.6326326     0.65062877     1.24929026
   12.6726727     0.60173766     1.18098092
   12.7127127     0.53104304     1.03261078
   12.7527528     0.44709830     0.89277739
   12.7927928     0.39790749     0.80811883
   12.8328328     0.39965132     0.77268575
   12.8728729     0.42169100     0.75603687
   12.9129129     0.45102600     0.72461080
   12.9529530     0.53070244     0.66098200
   12.9929930     0.72508099     0.59274970
   13.0330330     1.04517421     0.59262065
   13.0730731     1.38386979     0.70702651
   13.1131131     1.56472143     0.88007228
   13.1531532     1.51698167     0.99233502
   13.1931932     1.36032975     0.97820988
   13.2332332     1.26257843     0.88248390
   13.2732733     1.26240054     0.83256380
   13.3133133     1.27020549     0.96705996
   13.3533534     1.18700826     1.32133452
   13.3933934     0.99131162     1.73647161
   13.4334334     0.75380679     1.94147689
   13.4734735     0.57958489     1.79278313
   13.5135135     0.51871490     1.39453493
   13.5535536     0.54515719     0.95408288
   13.5935936     0.61412077     0.59789058
   13.6336336     0.70825328     0.35730779
   13.6736737     0.83114613     0.24246407
   13.7137137     0.98351500     0.26505543
   13.7537538     1.15152719     0.41058546
   13.7937938     1.29230731     0.62068776
   13.8338338     1.33281128     0.80968954
   13.8738739     1.23195921     0.90936700
   13.9139139     1.04420108     0.91183051
   13.9539540     0.87012224     0.86278285
   13.9939940     0.75691639     0.81505855
   14.0340340     0.68758513     0.80016818
   14.0740741     0.62905534     0.81942960
   14.1141141     0.56133889     0.84354229
   14.1541542     0.50286466     0.84466029
   14.1941942     0.50796422     0.83076358
   14.2342342     0.59851614     0.82619756
   14.2742743     0.71680249     0.83698990
   14.3143143     0.78111899     0.86358464
   14.3543544     0.76972146     0.91828921
   14.3943944     0.73378381     0.99616954
   14.4344344     0.73819550     1.05310109
   14.4744745     0.78351828     1.04013068
   14.5145145     0.80109338     0.95098498
   14.5545546     0.75393039     0.82706677
   14.5945946     0.69562398     0.72940185
   14.6346346     0.68167620     0.71965101
   14.6746747     0.68902653     0.83835371
   14.7147147     0.67286483     1.04534997
   14.7547548     0.63213382     1.19575693
   14.7947948     0.58867682     1.15284470
   14.8348348     0.57034577     0.92344222
   14.8748749     0.62252706     0.62871902
   14.9149149     0.77577992     0.38570735
   14.9549550     0.99727009     0.26883268
   14.9949950     1.20107759     0.32281219
   15.0350350     1.31196813     0.53037843
   15.0750751     1.31625255     0.77001934
   15.1151151     1.23584496     0.88552865
   15.1551552     1.08249842     0.85448970
   15.1951952     0.89859484     0.83642448
   15.2352352     0.79570782     0.99029194
   15.2752753     0.85636112     1.27149000
   15.3153153     1.00702882     1.46596216
   15.3553554     1.06798355     1.42361147
   15.3953954     0.94747917     1.19840082
   15.4354354     0.71988124     0.94497959
   15.4754755     0.51649609     0.75369197
   15.5155155     0.42740423     0.62725446
   15.5555556     0.49219688     0.54719517
   15.5955956     0.70359539     0.49688973
   15.6356356     1.01395898     0.46389899
   15.6756757     1.35447600     0.47544694
   15.7157157     1.64911840     0.60151376
   15.7557558     1.83749206     0.87122247
   15.7957958     1.89795690     1.19183425
   15.8358358     1.82549964     1.40041501
   15.8758759     1.60814303     1.41381039
   15.9159159     1.28023330     1.30742139
   15.9559560     0.95825792     1.24621749
   15.9959960     0.74886095     1.32459803
   16.0360360     0.65779086     1.44598484
   16.0760761     0.62926044     1.40508562
   16.1161161     0.61967201     1.12612451
   16.1561562     0.61165355     0.76435878
   16.1961962     0.61324275     0.55671807
   16.2362362     0.64959980     0.61933090
   16.2762763     0.71946532     0.87199531
   16.3163163     0.79045463     1.11186462
   16.3563564     0.86359267     1.18070855
   16.3963964     0.97996408     1.09569481
   16.4364364     1.13249423     1.01692370
   16.4764765     1.23880302     1.07863604
   16.5165165     1.21672344     1.24043652
   16.5565566     1.04505715     1.31296451
   16.5965966     0.78591654     1.16127784
   16.6366366     0.56336409     0.85619213
   16.6766767     0.46654431     0.58176884
   16.7167167     0.48672385     0.44652712
   16.7567568     0.57727841     0.43347623
   16.7967968     0.70814486     0.48028193
   16.8368368     0.81839673     0.55261412
   16.8768769     0.80577687     0.64290737
   16.9169169     0.64362744     0.72807454
   16.9569570     0.45377705     0.76624151
   16.9969970     0.40429173     0.74449498
   17.0370370     0.56537205     0.70215185
   17.0770771     0.87496881     0.68919008
   17.1171171     1.19678748     0.71774533
   17.1571572     1.39277534     0.78101762
   17.1971972     1.37861248     0.89378266
   17.2372372     1.16962849     1.05533138
   17.2772773     0.89718405     1.20265869
   17.3173173     0.74295457     1.27464173
   17.3573574     0.80451292     1.28706180
   17.3973974     1.01425274     1.27366373
   17.4374374     1.20971099     1.20079908
   17.4774775     1.27876064     1.02762968
   17.5175175     1.23457618     0.83055595
   17.5575576     1.19906883     0.77245410
   17.5975976     1.31004216     0.92361178
   17.6376376     1.55667686     1.18095503
   17.6776777     1.71924954     1.38852949
   17.7177177     1.58010674     1.47938764
   17.7577578     1.18529072     1.47585848
   17.7977978     0.80643006     1.40377111
   17.8378378     0.66384812     1.26045845
   17.8778779     0.75562590     1.06362705
   17.9179179     0.93199786     0.88057198
   17.9579580     1.06471541     0.78004604
   17.9979980     1.11185105     0.77267298
   18.0380380     1.07337012     0.81333117
   18.0780781     0.98117087     0.85863960
   18.1181181     0.91546753     0.91149328
   18.1581582     0.94268376     0.98172839
   18.1981982     1.04389240     1.01810434
   18.2382382     1.12987575     0.96478423
   18.2782783     1.11203835     0.88333954
   18.3183183     0.99334459     0.91113295
   18.3583584     0.88573794     1.09379853
   18.3983984     0.86859609     1.33329533
   18.4384384     0.87770991     1.48676105
   18.4784785     0.81982086     1.47336415
   18.5185185     0.72702955     1.30692178
   18.5585586     0.70631766     1.06723764
   18.5985986     0.78458512     0.84698732
   18.6386386     0.88184509     0.70323925
   18.6786787     0.91290651     0.64371351
   18.7187187     0.85106838     0.64290317
   18.7587588     0.71337986     0.66287912
   18.7987988     0.54737919     0.68569749
   18.8388388     0.42548261     0.72646500
   18.8788789     0.41050667     0.78272596
   18.9189189     0.51192604     0.80070255
   18.9589590     0.67631597     0.73797407
   18.9989990     0.83207021     0.62494366
   19.0390390     0.94184952     0.52718000
   19.0790791     0.99190115     0.47695102
   19.1191191     0.96434515     0.46496721
   19.1591592     0.86264972     0.47443570
   19.1991992     0.72179196     0.49838196
   19.2392392     0.57103595     0.52839344
   19.2792793     0.43011161     0.54204477
   19.3193193     0.33299843     0.51951469
   19.3593594     0.31243806     0.47595359
   19.3993994     0.36685519     0.45504889
   19.4394394     0.46924919     0.48343962
   19.4794795     0.60908036     0.54754783
   19.5195195     0.79636390     0.62045165
   19.5595596     0.99840922     0.69850550
   19.5995996     1.10143819     0.79796443
   19.6396396     1.00466124     0.90931210
   19.6796797     0.75180529     0.96183631
   19.7197197     0.49884688     0.87809816
   19.7597598     0.35780886     0.68392270
   19.7997998     0.33407748     0.50209599
   19.8398398     0.38840736     0.41962069
   19.8798799     0.48150492     0.42385174
   19.9199199     0.56497123     0.46282032
   19.9599600     0.59304111     0.50296130
   20.0000000     0.55809084     0.52508182
