#
#   partial DOS for atom species: Ga
#
#   Add data for atom_index =   1,  n,l,m,z=  4  1 -1  1
#   Add data for atom_index =   1,  n,l,m,z=  4  1  0  1
#   Add data for atom_index =   1,  n,l,m,z=  4  1  1  1
#   Add data for atom_index =   1,  n,l,m,z=  4  1 -1  2
#   Add data for atom_index =   1,  n,l,m,z=  4  1  0  2
#   Add data for atom_index =   1,  n,l,m,z=  4  1  1  2
#   Add data for atom_index =   1,  n,l,m,z=  4  1 -1  3
#   Add data for atom_index =   1,  n,l,m,z=  4  1  0  3
#   Add data for atom_index =   1,  n,l,m,z=  4  1  1  3
#   Add data for atom_index =   2,  n,l,m,z=  4  1 -1  1
#   Add data for atom_index =   2,  n,l,m,z=  4  1  0  1
#   Add data for atom_index =   2,  n,l,m,z=  4  1  1  1
#   Add data for atom_index =   2,  n,l,m,z=  4  1 -1  2
#   Add data for atom_index =   2,  n,l,m,z=  4  1  0  2
#   Add data for atom_index =   2,  n,l,m,z=  4  1  1  2
#   Add data for atom_index =   2,  n,l,m,z=  4  1 -1  3
#   Add data for atom_index =   2,  n,l,m,z=  4  1  0  3
#   Add data for atom_index =   2,  n,l,m,z=  4  1  1  3
#   Add data for atom_index =   3,  n,l,m,z=  4  1 -1  1
#   Add data for atom_index =   3,  n,l,m,z=  4  1  0  1
#   Add data for atom_index =   3,  n,l,m,z=  4  1  1  1
#   Add data for atom_index =   3,  n,l,m,z=  4  1 -1  2
#   Add data for atom_index =   3,  n,l,m,z=  4  1  0  2
#   Add data for atom_index =   3,  n,l,m,z=  4  1  1  2
#   Add data for atom_index =   3,  n,l,m,z=  4  1 -1  3
#   Add data for atom_index =   3,  n,l,m,z=  4  1  0  3
#   Add data for atom_index =   3,  n,l,m,z=  4  1  1  3
#
#    Energy          spin 1        spin2
#
  -20.0000000     0.00000000     0.00000000
  -19.9599600     0.00000000     0.00000000
  -19.9199199     0.00000000     0.00000000
  -19.8798799     0.00000000     0.00000000
  -19.8398398     0.00000000     0.00000000
  -19.7997998     0.00000000     0.00000000
  -19.7597598     0.00000000     0.00000000
  -19.7197197     0.00000000     0.00000000
  -19.6796797     0.00000000     0.00000000
  -19.6396396     0.00000000     0.00000000
  -19.5995996     0.00000000     0.00000000
  -19.5595596     0.00000000     0.00000000
  -19.5195195     0.00000000     0.00000000
  -19.4794795     0.00000000     0.00000000
  -19.4394394     0.00000000     0.00000000
  -19.3993994     0.00000000     0.00000000
  -19.3593594     0.00000000     0.00000000
  -19.3193193     0.00000000     0.00000000
  -19.2792793     0.00000000     0.00000000
  -19.2392392     0.00000000     0.00000000
  -19.1991992     0.00000000     0.00000000
  -19.1591592     0.00000000     0.00000000
  -19.1191191     0.00000000     0.00000000
  -19.0790791     0.00000000     0.00000000
  -19.0390390     0.00000000     0.00000000
  -18.9989990     0.00000000     0.00000000
  -18.9589590     0.00000000     0.00000000
  -18.9189189     0.00000000     0.00000000
  -18.8788789     0.00000000     0.00000000
  -18.8388388     0.00000000     0.00000000
  -18.7987988     0.00000000     0.00000000
  -18.7587588     0.00000000     0.00000000
  -18.7187187     0.00000000     0.00000000
  -18.6786787     0.00000000     0.00000000
  -18.6386386     0.00000000     0.00000000
  -18.5985986     0.00000000     0.00000000
  -18.5585586    -0.00000000    -0.00000000
  -18.5185185    -0.00000000    -0.00000000
  -18.4784785    -0.00000005    -0.00000005
  -18.4384384    -0.00000062    -0.00000062
  -18.3983984    -0.00000556    -0.00000556
  -18.3583584    -0.00003640    -0.00003640
  -18.3183183    -0.00017291    -0.00017291
  -18.2782783    -0.00059612    -0.00059612
  -18.2382382    -0.00149136    -0.00149136
  -18.1981982    -0.00270758    -0.00270758
  -18.1581582    -0.00356720    -0.00356720
  -18.1181181    -0.00341052    -0.00341052
  -18.0780781    -0.00236626    -0.00236626
  -18.0380380    -0.00119138    -0.00119138
  -17.9979980    -0.00043530    -0.00043530
  -17.9579580    -0.00011542    -0.00011542
  -17.9179179    -0.00002221    -0.00002221
  -17.8778779    -0.00000310    -0.00000310
  -17.8378378    -0.00000033    -0.00000033
  -17.7977978    -0.00000029    -0.00000029
  -17.7577578    -0.00000360    -0.00000360
  -17.7177177    -0.00003574    -0.00003574
  -17.6776777    -0.00025818    -0.00025818
  -17.6376376    -0.00136131    -0.00136131
  -17.5975976    -0.00526101    -0.00526101
  -17.5575576    -0.01502368    -0.01502368
  -17.5175175    -0.03216691    -0.03216691
  -17.4774775    -0.05285597    -0.05285597
  -17.4374374    -0.06869762    -0.06869762
  -17.3973974    -0.07249438    -0.07249438
  -17.3573574    -0.06249094    -0.06249094
  -17.3173173    -0.04319441    -0.04319441
  -17.2772773    -0.02322372    -0.02322372
  -17.2372372    -0.00944956    -0.00944956
  -17.1971972    -0.00285584    -0.00285584
  -17.1571572    -0.00063411    -0.00063411
  -17.1171171    -0.00010397    -0.00010397
  -17.0770771    -0.00002720    -0.00002720
  -17.0370370    -0.00014216    -0.00014216
  -16.9969970    -0.00096560    -0.00096560
  -16.9569570    -0.00485811    -0.00485811
  -16.9169169    -0.01820186    -0.01820186
  -16.8768769    -0.05189601    -0.05189601
  -16.8368368    -0.11624460    -0.11624460
  -16.7967968    -0.21168355    -0.21168355
  -16.7567568    -0.31898883    -0.31898883
  -16.7167167    -0.39307444    -0.39307444
  -16.6766767    -0.38360783    -0.38360783
  -16.6366366    -0.28697734    -0.28697734
  -16.5965966    -0.16081507    -0.16081507
  -16.5565566    -0.06659655    -0.06659655
  -16.5165165    -0.02023510    -0.02023510
  -16.4764765    -0.00449477    -0.00449477
  -16.4364364    -0.00072856    -0.00072856
  -16.3963964    -0.00008617    -0.00008617
  -16.3563564    -0.00000893    -0.00000893
  -16.3163163    -0.00002237    -0.00002237
  -16.2762763    -0.00023044    -0.00023044
  -16.2362362    -0.00176363    -0.00176363
  -16.1961962    -0.00983529    -0.00983529
  -16.1561562    -0.04005159    -0.04005159
  -16.1161161    -0.11958555    -0.11958555
  -16.0760761    -0.26376659    -0.26376659
  -16.0360360    -0.43548605    -0.43548605
  -15.9959960    -0.54968212    -0.54968212
  -15.9559560    -0.54555917    -0.54555917
  -15.9159159    -0.43715857    -0.43715857
  -15.8758759    -0.28562216    -0.28562216
  -15.8358358    -0.15007762    -0.15007762
  -15.7957958    -0.06166434    -0.06166434
  -15.7557558    -0.01927145    -0.01927145
  -15.7157157    -0.00449003    -0.00449003
  -15.6756757    -0.00077116    -0.00077116
  -15.6356356    -0.00010707    -0.00010707
  -15.5955956    -0.00010494    -0.00010494
  -15.5555556    -0.00064945    -0.00064945
  -15.5155155    -0.00323631    -0.00323631
  -15.4754755    -0.01216792    -0.01216792
  -15.4354354    -0.03578477    -0.03578477
  -15.3953954    -0.08665204    -0.08665204
  -15.3553554    -0.17981719    -0.17981719
  -15.3153153    -0.31804886    -0.31804886
  -15.2752753    -0.45811545    -0.45811545
  -15.2352352    -0.51146709    -0.51146709
  -15.1951952    -0.42823888    -0.42823888
  -15.1551552    -0.26423067    -0.26423067
  -15.1151151    -0.11915284    -0.11915284
  -15.0750751    -0.03912209    -0.03912209
  -15.0350350    -0.00933756    -0.00933756
  -14.9949950    -0.00162462    -0.00162462
  -14.9549550    -0.00026755    -0.00026755
  -14.9149149    -0.00052224    -0.00052224
  -14.8748749    -0.00293521    -0.00293521
  -14.8348348    -0.01270719    -0.01270719
  -14.7947948    -0.04131430    -0.04131430
  -14.7547548    -0.10199206    -0.10199206
  -14.7147147    -0.19336450    -0.19336450
  -14.6746747    -0.28398104    -0.28398104
  -14.6346346    -0.32432644    -0.32432644
  -14.5945946    -0.28836377    -0.28836377
  -14.5545546    -0.20263208    -0.20263208
  -14.5145145    -0.12410923    -0.12410923
  -14.4744745    -0.08905193    -0.08905193
  -14.4344344    -0.08858435    -0.08858435
  -14.3943944    -0.08990580    -0.08990580
  -14.3543544    -0.07412654    -0.07412654
  -14.3143143    -0.05102054    -0.05102054
  -14.2742743    -0.04117948    -0.04117948
  -14.2342342    -0.05211490    -0.05211490
  -14.1941942    -0.07210493    -0.07210493
  -14.1541542    -0.08263851    -0.08263851
  -14.1141141    -0.07422259    -0.07422259
  -14.0740741    -0.04681244    -0.04681244
  -14.0340340    -0.00157714    -0.00157714
  -13.9939940     0.05380575     0.05380575
  -13.9539540     0.09718066     0.09718066
  -13.9139139     0.10677800     0.10677800
  -13.8738739     0.08401849     0.08401849
  -13.8338338     0.05059887     0.05059887
  -13.7937938     0.02473336     0.02473336
  -13.7537538     0.00885031     0.00885031
  -13.7137137    -0.00242056    -0.00242056
  -13.6736737    -0.01290514    -0.01290514
  -13.6336336    -0.02529702    -0.02529702
  -13.5935936    -0.04130419    -0.04130419
  -13.5535536    -0.05477653    -0.05477653
  -13.5135135    -0.05087724    -0.05087724
  -13.4734735    -0.02090905    -0.02090905
  -13.4334334     0.02473295     0.02473295
  -13.3933934     0.06845752     0.06845752
  -13.3533534     0.10939251     0.10939251
  -13.3133133     0.15879833     0.15879833
  -13.2732733     0.20834309     0.20834309
  -13.2332332     0.23009305     0.23009305
  -13.1931932     0.22179153     0.22179153
  -13.1531532     0.22209086     0.22209086
  -13.1131131     0.25696044     0.25696044
  -13.0730731     0.29437738     0.29437738
  -13.0330330     0.28306689     0.28306689
  -12.9929930     0.22291238     0.22291238
  -12.9529530     0.16294649     0.16294649
  -12.9129129     0.13533891     0.13533891
  -12.8728729     0.12404916     0.12404916
  -12.8328328     0.10077264     0.10077264
  -12.7927928     0.06454412     0.06454412
  -12.7527528     0.03623673     0.03623673
  -12.7127127     0.03396329     0.03396329
  -12.6726727     0.06367008     0.06367008
  -12.6326326     0.11708884     0.11708884
  -12.5925926     0.17095619     0.17095618
  -12.5525526     0.20227646     0.20227646
  -12.5125125     0.20698591     0.20698591
  -12.4724725     0.19240847     0.19240847
  -12.4324324     0.16196156     0.16196156
  -12.3923924     0.12475427     0.12475427
  -12.3523524     0.10554076     0.10554076
  -12.3123123     0.12155298     0.12155298
  -12.2722723     0.15378307     0.15378307
  -12.2322322     0.16111669     0.16111669
  -12.1921922     0.12708363     0.12708363
  -12.1521522     0.07621111     0.07621111
  -12.1121121     0.04087253     0.04087253
  -12.0720721     0.03032411     0.03032411
  -12.0320320     0.03441146     0.03441146
  -11.9919920     0.04091648     0.04091648
  -11.9519520     0.04312517     0.04312517
  -11.9119119     0.03854520     0.03854520
  -11.8718719     0.02893141     0.02893141
  -11.8318318     0.02158742     0.02158742
  -11.7917918     0.02593253     0.02593253
  -11.7517518     0.04672000     0.04672000
  -11.7117117     0.07921592     0.07921592
  -11.6716717     0.11269069     0.11269069
  -11.6316316     0.14761162     0.14761162
  -11.5915916     0.21148853     0.21148853
  -11.5515516     0.33418992     0.33418992
  -11.5115115     0.48399988     0.48399988
  -11.4714715     0.56099362     0.56099362
  -11.4314314     0.50286545     0.50286546
  -11.3913914     0.36448023     0.36448023
  -11.3513514     0.24635911     0.24635911
  -11.3113113     0.18747791     0.18747791
  -11.2712713     0.16631706     0.16631706
  -11.2312312     0.16805473     0.16805473
  -11.1911912     0.20676793     0.20676793
  -11.1511512     0.28032860     0.28032860
  -11.1111111     0.33748370     0.33748370
  -11.0710711     0.32261885     0.32261885
  -11.0310310     0.23979705     0.23979705
  -10.9909910     0.14241031     0.14241031
  -10.9509510     0.07271130     0.07271130
  -10.9109109     0.03723360     0.03723360
  -10.8708709     0.02839965     0.02839965
  -10.8308308     0.04528177     0.04528177
  -10.7907908     0.09262933     0.09262933
  -10.7507508     0.16954323     0.16954323
  -10.7107107     0.26198671     0.26198671
  -10.6706707     0.34452258     0.34452258
  -10.6306306     0.38699521     0.38699521
  -10.5905906     0.36722767     0.36722767
  -10.5505506     0.29588566     0.29588566
  -10.5105105     0.22641172     0.22641172
  -10.4704705     0.21433996     0.21433996
  -10.4304304     0.25922800     0.25922800
  -10.3903904     0.30225490     0.30225490
  -10.3503504     0.29240590     0.29240590
  -10.3103103     0.24951700     0.24951700
  -10.2702703     0.24712358     0.24712358
  -10.2302302     0.32873136     0.32873136
  -10.1901902     0.45369768     0.45369768
  -10.1501502     0.54173176     0.54173176
  -10.1101101     0.55930986     0.55930986
  -10.0700701     0.53042577     0.53042577
  -10.0300300     0.48185285     0.48185285
   -9.9899900     0.42462675     0.42462675
   -9.9499500     0.37023598     0.37023598
   -9.9099099     0.33036903     0.33036903
   -9.8698699     0.31509318     0.31509318
   -9.8298298     0.34529050     0.34529050
   -9.7897898     0.44821062     0.44821062
   -9.7497497     0.61129851     0.61129851
   -9.7097097     0.74948239     0.74948239
   -9.6696697     0.76774771     0.76774771
   -9.6296296     0.66369013     0.66369013
   -9.5895896     0.52762653     0.52762653
   -9.5495496     0.44140020     0.44140020
   -9.5095095     0.41336448     0.41336448
   -9.4694695     0.40478610     0.40478610
   -9.4294294     0.38461340     0.38461340
   -9.3893894     0.36380429     0.36380429
   -9.3493494     0.38533230     0.38533230
   -9.3093093     0.45703821     0.45703821
   -9.2692693     0.51145216     0.51145216
   -9.2292292     0.47847149     0.47847149
   -9.1891892     0.37225770     0.37225770
   -9.1491491     0.26435627     0.26435627
   -9.1091091     0.20314926     0.20314926
   -9.0690691     0.18845180     0.18845180
   -9.0290290     0.19670985     0.19670985
   -8.9889890     0.20563094     0.20563094
   -8.9489490     0.20150694     0.20150694
   -8.9089089     0.18193725     0.18193725
   -8.8688689     0.16138334     0.16138334
   -8.8288288     0.16950483     0.16950483
   -8.7887888     0.23537502     0.23537502
   -8.7487488     0.36161634     0.36161634
   -8.7087087     0.50245513     0.50245513
   -8.6686687     0.58234558     0.58234558
   -8.6286286     0.56520420     0.56520420
   -8.5885886     0.49890880     0.49890880
   -8.5485485     0.46916025     0.46916025
   -8.5085085     0.51373689     0.51373689
   -8.4684685     0.59167560     0.59167560
   -8.4284284     0.63016821     0.63016821
   -8.3883884     0.58862122     0.58862122
   -8.3483484     0.47720428     0.47720428
   -8.3083083     0.33960405     0.33960405
   -8.2682683     0.22950373     0.22950373
   -8.2282282     0.18083308     0.18083308
   -8.1881882     0.18872865     0.18872865
   -8.1481482     0.22284804     0.22284804
   -8.1081081     0.25759757     0.25759757
   -8.0680681     0.29015989     0.29015989
   -8.0280280     0.33206303     0.33206303
   -7.9879880     0.38660014     0.38660014
   -7.9479479     0.43798127     0.43798127
   -7.9079079     0.45929326     0.45929326
   -7.8678679     0.43289803     0.43289803
   -7.8278278     0.36900456     0.36900456
   -7.7877878     0.29709014     0.29709014
   -7.7477478     0.23976979     0.23976979
   -7.7077077     0.20886718     0.20886718
   -7.6676677     0.21495714     0.21495714
   -7.6276276     0.25370315     0.25370315
   -7.5875876     0.28864339     0.28864339
   -7.5475475     0.27694407     0.27694407
   -7.5075075     0.21748586     0.21748586
   -7.4674675     0.15413531     0.15413531
   -7.4274274     0.13203674     0.13203674
   -7.3873874     0.16292003     0.16292003
   -7.3473473     0.22104360     0.22104360
   -7.3073073     0.26434011     0.26434011
   -7.2672673     0.27146069     0.27146069
   -7.2272272     0.25466257     0.25466257
   -7.1871872     0.23208234     0.23208234
   -7.1471472     0.21140224     0.21140224
   -7.1071071     0.20383873     0.20383873
   -7.0670671     0.21949398     0.21949398
   -7.0270270     0.24096927     0.24096927
   -6.9869870     0.23120157     0.23120157
   -6.9469470     0.17928772     0.17928772
   -6.9069069     0.11815463     0.11815463
   -6.8668669     0.08703361     0.08703361
   -6.8268268     0.09196442     0.09196442
   -6.7867868     0.11025762     0.11025762
   -6.7467467     0.12433273     0.12433273
   -6.7067067     0.13971252     0.13971252
   -6.6666667     0.16483465     0.16483465
   -6.6266266     0.19126330     0.19126330
   -6.5865866     0.21388923     0.21388923
   -6.5465466     0.24785851     0.24785851
   -6.5065065     0.29964956     0.29964956
   -6.4664665     0.35040723     0.35040723
   -6.4264264     0.38927528     0.38927528
   -6.3863864     0.42614240     0.42614240
   -6.3463464     0.45813193     0.45813193
   -6.3063063     0.46220417     0.46220417
   -6.2662663     0.43029231     0.43029231
   -6.2262262     0.38611646     0.38611646
   -6.1861862     0.35770093     0.35770093
   -6.1461461     0.34319314     0.34319314
   -6.1061061     0.32087698     0.32087698
   -6.0660661     0.29497225     0.29497225
   -6.0260260     0.30630350     0.30630350
   -5.9859860     0.38282922     0.38282922
   -5.9459459     0.49421259     0.49421259
   -5.9059059     0.57134931     0.57134931
   -5.8658659     0.57081342     0.57081343
   -5.8258258     0.50815221     0.50815221
   -5.7857858     0.42993307     0.42993307
   -5.7457458     0.37311040     0.37311040
   -5.7057057     0.35206115     0.35206115
   -5.6656657     0.36562338     0.36562338
   -5.6256256     0.39985279     0.39985279
   -5.5855856     0.42361375     0.42361375
   -5.5455455     0.41054374     0.41054374
   -5.5055055     0.37317807     0.37317807
   -5.4654655     0.34116427     0.34116427
   -5.4254254     0.31697349     0.31697349
   -5.3853854     0.29219016     0.29219016
   -5.3453453     0.27804794     0.27804794
   -5.3053053     0.28747796     0.28747796
   -5.2652653     0.32305749     0.32305749
   -5.2252252     0.39625155     0.39625155
   -5.1851852     0.51926282     0.51926282
   -5.1451452     0.67257596     0.67257596
   -5.1051051     0.80125913     0.80125913
   -5.0650651     0.83722222     0.83722222
   -5.0250250     0.73996677     0.73996677
   -4.9849850     0.54462033     0.54462033
   -4.9449449     0.34540046     0.34540046
   -4.9049049     0.21364440     0.21364440
   -4.8648649     0.15840241     0.15840241
   -4.8248248     0.16125570     0.16125570
   -4.7847848     0.20928050     0.20928050
   -4.7447447     0.28643577     0.28643577
   -4.7047047     0.36143673     0.36143673
   -4.6646647     0.41012063     0.41012063
   -4.6246246     0.44903116     0.44903116
   -4.5845846     0.52170506     0.52170506
   -4.5445445     0.63763645     0.63763645
   -4.5045045     0.74268334     0.74268334
   -4.4644645     0.77302120     0.77302120
   -4.4244244     0.72697909     0.72697909
   -4.3843844     0.64898424     0.64898424
   -4.3443443     0.55958177     0.55958177
   -4.3043043     0.45603530     0.45603530
   -4.2642643     0.36307249     0.36307249
   -4.2242242     0.31827118     0.31827118
   -4.1841842     0.31804617     0.31804617
   -4.1441441     0.32835048     0.32835048
   -4.1041041     0.33312732     0.33312732
   -4.0640641     0.33031620     0.33031620
   -4.0240240     0.30276242     0.30276242
   -3.9839840     0.23876232     0.23876232
   -3.9439439     0.17001777     0.17001777
   -3.9039039     0.15621113     0.15621113
   -3.8638639     0.23252064     0.23252064
   -3.8238238     0.37986960     0.37986960
   -3.7837838     0.53791793     0.53791793
   -3.7437437     0.63723208     0.63723208
   -3.7037037     0.62837394     0.62837394
   -3.6636637     0.51752349     0.51752349
   -3.6236236     0.38280180     0.38280180
   -3.5835836     0.31377256     0.31377256
   -3.5435435     0.32640318     0.32640318
   -3.5035035     0.36435779     0.36435779
   -3.4634635     0.37361548     0.37361548
   -3.4234234     0.35248118     0.35248118
   -3.3833834     0.34262422     0.34262422
   -3.3433433     0.40305821     0.40305821
   -3.3033033     0.58668827     0.58668827
   -3.2632633     0.87173535     0.87173535
   -3.2232232     1.09436839     1.09436839
   -3.1831832     1.06420565     1.06420565
   -3.1431431     0.79384835     0.79384835
   -3.1031031     0.49799836     0.49799836
   -3.0630631     0.34748709     0.34748709
   -3.0230230     0.32945091     0.32945091
   -2.9829830     0.34722111     0.34722111
   -2.9429429     0.36663000     0.36663000
   -2.9029029     0.41942693     0.41942693
   -2.8628629     0.49631182     0.49631182
   -2.8228228     0.52124618     0.52124618
   -2.7827828     0.46219562     0.46219562
   -2.7427427     0.39368709     0.39368709
   -2.7027027     0.40152326     0.40152326
   -2.6626627     0.47481622     0.47481622
   -2.6226226     0.52958222     0.52958222
   -2.5825826     0.50502580     0.50502580
   -2.5425425     0.40828704     0.40828704
   -2.5025025     0.29462690     0.29462690
   -2.4624625     0.23052568     0.23052568
   -2.4224224     0.25495521     0.25495521
   -2.3823824     0.35609101     0.35609101
   -2.3423423     0.48219674     0.48219674
   -2.3023023     0.56932905     0.56932905
   -2.2622623     0.57411651     0.57411651
   -2.2222222     0.50719108     0.50719108
   -2.1821822     0.42800329     0.42800329
   -2.1421421     0.40197948     0.40197948
   -2.1021021     0.47083425     0.47083425
   -2.0620621     0.62016562     0.62016562
   -2.0220220     0.75023715     0.75023715
   -1.9819820     0.74879682     0.74879682
   -1.9419419     0.61746590     0.61746590
   -1.9019019     0.46179078     0.46179078
   -1.8618619     0.36269440     0.36269440
   -1.8218218     0.31940372     0.31940372
   -1.7817818     0.30388882     0.30388882
   -1.7417417     0.31457848     0.31457848
   -1.7017017     0.36190925     0.36190925
   -1.6616617     0.42248615     0.42248614
   -1.6216216     0.44000559     0.44000559
   -1.5815816     0.38528034     0.38528034
   -1.5415415     0.28672030     0.28672030
   -1.5015015     0.19351308     0.19351308
   -1.4614615     0.14775296     0.14775296
   -1.4214214     0.19240834     0.19240834
   -1.3813814     0.35234339     0.35234339
   -1.3413413     0.57598551     0.57598551
   -1.3013013     0.73443715     0.73443715
   -1.2612613     0.73988540     0.73988540
   -1.2212212     0.64175803     0.64175803
   -1.1811812     0.54669990     0.54669990
   -1.1411411     0.48886867     0.48886867
   -1.1011011     0.44427776     0.44427776
   -1.0610611     0.41908801     0.41908801
   -1.0210210     0.43977346     0.43977346
   -0.9809810     0.47730432     0.47730432
   -0.9409409     0.46240498     0.46240498
   -0.9009009     0.38861375     0.38861375
   -0.8608609     0.34650734     0.34650734
   -0.8208208     0.42894459     0.42894459
   -0.7807808     0.61457154     0.61457154
   -0.7407407     0.77297520     0.77297520
   -0.7007007     0.81000144     0.81000144
   -0.6606607     0.77101098     0.77101098
   -0.6206206     0.75273980     0.75273980
   -0.5805806     0.76447159     0.76447159
   -0.5405405     0.73532394     0.73532394
   -0.5005005     0.61870671     0.61870671
   -0.4604605     0.44263753     0.44263753
   -0.4204204     0.27643892     0.27643892
   -0.3803804     0.17201979     0.17201979
   -0.3403403     0.13602543     0.13602543
   -0.3003003     0.15870763     0.15870763
   -0.2602603     0.25248113     0.25248113
   -0.2202202     0.42197975     0.42197975
   -0.1801802     0.59853036     0.59853036
   -0.1401401     0.67086525     0.67086525
   -0.1001001     0.61029566     0.61029566
   -0.0600601     0.50734978     0.50734978
   -0.0200200     0.45563657     0.45563657
    0.0200200     0.44909401     0.44909401
    0.0600601     0.42337540     0.42337540
    0.1001001     0.36619571     0.36619571
    0.1401401     0.34195410     0.34195410
    0.1801802     0.40746769     0.40746769
    0.2202202     0.54004537     0.54004537
    0.2602603     0.66185988     0.66185988
    0.3003003     0.71845475     0.71845475
    0.3403403     0.71377681     0.71377681
    0.3803804     0.67349126     0.67349126
    0.4204204     0.61608885     0.61608885
    0.4604605     0.56129335     0.56129335
    0.5005005     0.51528181     0.51528181
    0.5405405     0.45297345     0.45297345
    0.5805806     0.35137054     0.35137054
    0.6206206     0.22654408     0.22654408
    0.6606607     0.12064001     0.12064001
    0.7007007     0.06633011     0.06633011
    0.7407407     0.07308318     0.07308318
    0.7807808     0.13479118     0.13479118
    0.8208208     0.23593573     0.23593573
    0.8608609     0.35293670     0.35293670
    0.9009009     0.45901308     0.45901308
    0.9409409     0.53795972     0.53795972
    0.9809810     0.59660532     0.59660532
    1.0210210     0.64962351     0.64962351
    1.0610611     0.69815231     0.69815231
    1.1011011     0.73876710     0.73876710
    1.1411411     0.76226269     0.76226269
    1.1811812     0.73602489     0.73602489
    1.2212212     0.63748090     0.63748090
    1.2612613     0.50646814     0.50646814
    1.3013013     0.42535337     0.42535338
    1.3413413     0.44382579     0.44382579
    1.3813814     0.53004030     0.53004030
    1.4214214     0.59926753     0.59926753
    1.4614615     0.59167272     0.59167272
    1.5015015     0.50853811     0.50853811
    1.5415415     0.39076841     0.39076841
    1.5815816     0.29509942     0.29509942
    1.6216216     0.27036063     0.27036063
    1.6616617     0.32774287     0.32774287
    1.7017017     0.43959608     0.43959608
    1.7417417     0.56499537     0.56499537
    1.7817818     0.66160564     0.66160565
    1.8218218     0.68440350     0.68440350
    1.8618619     0.60973888     0.60973888
    1.9019019     0.46790426     0.46790426
    1.9419419     0.32163908     0.32163908
    1.9819820     0.21281307     0.21281307
    2.0220220     0.15592193     0.15592193
    2.0620621     0.16668474     0.16668474
    2.1021021     0.25522228     0.25522228
    2.1421421     0.38406053     0.38406053
    2.1821822     0.47180924     0.47180924
    2.2222222     0.47638328     0.47638328
    2.2622623     0.45038636     0.45038636
    2.3023023     0.47166830     0.47166830
    2.3423423     0.54507297     0.54507297
    2.3823824     0.61220813     0.61220813
    2.4224224     0.62499052     0.62499052
    2.4624625     0.57192100     0.57192100
    2.5025025     0.46611466     0.46611467
    2.5425425     0.34399485     0.34399485
    2.5825826     0.25925530     0.25925530
    2.6226226     0.25444287     0.25444287
    2.6626627     0.32396836     0.32396836
    2.7027027     0.40110942     0.40110942
    2.7427427     0.41592579     0.41592579
    2.7827828     0.38251136     0.38251136
    2.8228228     0.38069479     0.38069479
    2.8628629     0.43589388     0.43589388
    2.9029029     0.47538238     0.47538238
    2.9429429     0.42847354     0.42847354
    2.9829830     0.31427186     0.31427186
    3.0230230     0.19783295     0.19783295
    3.0630631     0.11401827     0.11401827
    3.1031031     0.06697275     0.06697275
    3.1431431     0.06139706     0.06139706
    3.1831832     0.10651638     0.10651638
    3.2232232     0.19927617     0.19927617
    3.2632633     0.30804946     0.30804946
    3.3033033     0.37869476     0.37869476
    3.3433433     0.37512530     0.37512530
    3.3833834     0.31800123     0.31800123
    3.4234234     0.26398458     0.26398458
    3.4634635     0.24130551     0.24130551
    3.5035035     0.22940412     0.22940412
    3.5435435     0.21307076     0.21307076
    3.5835836     0.22877928     0.22877928
    3.6236236     0.33050935     0.33050935
    3.6636637     0.51683942     0.51683942
    3.7037037     0.70321123     0.70321123
    3.7437437     0.77142110     0.77142110
    3.7837838     0.66928539     0.66928539
    3.8238238     0.47047570     0.47047570
    3.8638639     0.31002860     0.31002860
    3.9039039     0.25698871     0.25698871
    3.9439439     0.27088664     0.27088664
    3.9839840     0.27683204     0.27683204
    4.0240240     0.25704493     0.25704493
    4.0640641     0.25232467     0.25232467
    4.1041041     0.29211222     0.29211222
    4.1441441     0.35743661     0.35743661
    4.1841842     0.40866535     0.40866535
    4.2242242     0.42972286     0.42972286
    4.2642643     0.43905528     0.43905528
    4.3043043     0.45081150     0.45081150
    4.3443443     0.45022677     0.45022677
    4.3843844     0.43110406     0.43110406
    4.4244244     0.41176867     0.41176867
    4.4644645     0.39509955     0.39509955
    4.5045045     0.36112365     0.36112365
    4.5445445     0.30019321     0.30019321
    4.5845846     0.22620973     0.22620973
    4.6246246     0.16949262     0.16949262
    4.6646647     0.15866314     0.15866314
    4.7047047     0.19329408     0.19329408
    4.7447447     0.24114153     0.24114153
    4.7847848     0.27217410     0.27217410
    4.8248248     0.29089477     0.29089477
    4.8648649     0.33596828     0.33596828
    4.9049049     0.44592414     0.44592414
    4.9449449     0.60621461     0.60621461
    4.9849850     0.72932912     0.72932912
    5.0250250     0.72550432     0.72550432
    5.0650651     0.61092116     0.61092116
    5.1051051     0.50574159     0.50574159
    5.1451452     0.50458900     0.50458900
    5.1851852     0.58878986     0.58878986
    5.2252252     0.67617220     0.67617220
    5.2652653     0.70869666     0.70869666
    5.3053053     0.67912138     0.67912138
    5.3453453     0.61298299     0.61298299
    5.3853854     0.54203230     0.54203230
    5.4254254     0.48546573     0.48546573
    5.4654655     0.44462495     0.44462495
    5.5055055     0.40132027     0.40132027
    5.5455455     0.33330741     0.33330741
    5.5855856     0.24628950     0.24628950
    5.6256256     0.17052490     0.17052490
    5.6656657     0.12251968     0.12251968
    5.7057057     0.09298094     0.09298094
    5.7457458     0.06785493     0.06785493
    5.7857858     0.04379723     0.04379723
    5.8258258     0.02543220     0.02543220
    5.8658659     0.01740282     0.01740282
    5.9059059     0.02451088     0.02451088
    5.9459459     0.05714698     0.05714698
    5.9859860     0.12466718     0.12466718
    6.0260260     0.21428592     0.21428592
    6.0660661     0.28593710     0.28593710
    6.1061061     0.30199398     0.30199398
    6.1461461     0.25729227     0.25729227
    6.1861862     0.17758171     0.17758171
    6.2262262     0.10031418     0.10031418
    6.2662663     0.05611934     0.05611934
    6.3063063     0.06087115     0.06087115
    6.3463464     0.12185146     0.12185146
    6.3863864     0.24034321     0.24034321
    6.4264264     0.39400247     0.39400247
    6.4664665     0.51938907     0.51938907
    6.5065065     0.54294526     0.54294526
    6.5465466     0.45360243     0.45360243
    6.5865866     0.32075951     0.32075951
    6.6266266     0.22140612     0.22140612
    6.6666667     0.17830820     0.17830820
    6.7067067     0.17297352     0.17297352
    6.7467467     0.17720584     0.17720584
    6.7867868     0.16617739     0.16617739
    6.8268268     0.13276740     0.13276740
    6.8668669     0.09534911     0.09534911
    6.9069069     0.07753621     0.07753621
    6.9469470     0.08126834     0.08126834
    6.9869870     0.09005689     0.09005689
    7.0270270     0.09855719     0.09855719
    7.0670671     0.12432923     0.12432923
    7.1071071     0.18162259     0.18162259
    7.1471472     0.25702055     0.25702055
    7.1871872     0.31849371     0.31849371
    7.2272272     0.33429795     0.33429795
    7.2672673     0.29030971     0.29030972
    7.3073073     0.21466791     0.21466791
    7.3473473     0.17612779     0.17612779
    7.3873874     0.23361034     0.23361034
    7.4274274     0.37950511     0.37950511
    7.4674675     0.53451835     0.53451835
    7.5075075     0.61170161     0.61170161
    7.5475475     0.58306197     0.58306197
    7.5875876     0.47433650     0.47433650
    7.6276276     0.32776203     0.32776203
    7.6676677     0.18916598     0.18916598
    7.7077077     0.09707172     0.09707172
    7.7477478     0.06538313     0.06538313
    7.7877878     0.08511877     0.08511877
    7.8278278     0.14105246     0.14105246
    7.8678679     0.22007597     0.22007597
    7.9079079     0.29990070     0.29990070
    7.9479479     0.33747063     0.33747063
    7.9879880     0.29767434     0.29767434
    8.0280280     0.19882272     0.19882272
    8.0680681     0.09872345     0.09872345
    8.1081081     0.03638403     0.03638403
    8.1481482     0.01177000     0.01177000
    8.1881882     0.01221035     0.01221035
    8.2282282     0.03718987     0.03718987
    8.2682683     0.09667178     0.09667178
    8.3083083     0.18528383     0.18528383
    8.3483484     0.26073100     0.26073100
    8.3883884     0.27101937     0.27101937
    8.4284284     0.21280375     0.21280375
    8.4684685     0.13714941     0.13714941
    8.5085085     0.09211350     0.09211350
    8.5485485     0.08450277     0.08450277
    8.5885886     0.09615018     0.09615018
    8.6286286     0.11239207     0.11239207
    8.6686687     0.12630532     0.12630532
    8.7087087     0.13142877     0.13142877
    8.7487488     0.13100125     0.13100125
    8.7887888     0.14197697     0.14197697
    8.8288288     0.16386594     0.16386594
    8.8688689     0.16495758     0.16495758
    8.9089089     0.12544219     0.12544219
    8.9489490     0.06561192     0.06561193
    8.9889890     0.01565926     0.01565927
    9.0290290    -0.01300789    -0.01300789
    9.0690691    -0.02105424    -0.02105424
    9.1091091    -0.01145023    -0.01145023
    9.1491491     0.00746684     0.00746684
    9.1891892     0.02312937     0.02312937
    9.2292292     0.02817464     0.02817464
    9.2692693     0.02433496     0.02433496
    9.3093093     0.01825220     0.01825220
    9.3493494     0.01823664     0.01823664
    9.3893894     0.03303925     0.03303925
    9.4294294     0.06685765     0.06685765
    9.4694695     0.11507669     0.11507669
    9.5095095     0.17478701     0.17478701
    9.5495496     0.25471568     0.25471568
    9.5895896     0.34680249     0.34680249
    9.6296296     0.39719458     0.39719458
    9.6696697     0.35465327     0.35465327
    9.7097097     0.24034407     0.24034407
    9.7497497     0.12604796     0.12604796
    9.7897898     0.06080023     0.06080023
    9.8298298     0.04736583     0.04736583
    9.8698699     0.06380770     0.06380770
    9.9099099     0.08378956     0.08378956
    9.9499500     0.08959333     0.08959333
    9.9899900     0.08104165     0.08104165
   10.0300300     0.07447564     0.07447564
   10.0700701     0.09117332     0.09117332
   10.1101101     0.14105423     0.14105423
   10.1501502     0.20909983     0.20909983
   10.1901902     0.25621025     0.25621025
   10.2302302     0.24719830     0.24719830
   10.2702703     0.18551668     0.18551668
   10.3103103     0.10923613     0.10923613
   10.3503504     0.05333020     0.05333020
   10.3903904     0.02797532     0.02797532
   10.4304304     0.02818236     0.02818236
   10.4704705     0.05032725     0.05032725
   10.5105105     0.09516963     0.09516963
   10.5505506     0.15815809     0.15815809
   10.5905906     0.22092554     0.22092554
   10.6306306     0.25521812     0.25521812
   10.6706707     0.24152950     0.24152950
   10.7107107     0.18836128     0.18836128
   10.7507508     0.12649502     0.12649502
   10.7907908     0.08255731     0.08255731
   10.8308308     0.06325012     0.06325012
   10.8708709     0.05939202     0.05939202
   10.9109109     0.05874506     0.05874506
   10.9509510     0.05558170     0.05558170
   10.9909910     0.04724413     0.04724413
   11.0310310     0.02826784     0.02826784
   11.0710711     0.00103790     0.00103790
   11.1111111    -0.01310579    -0.01310579
   11.1511512     0.00813219     0.00813219
   11.1911912     0.05798820     0.05798820
   11.2312312     0.10084840     0.10084840
   11.2712713     0.10720201     0.10720201
   11.3113113     0.08464928     0.08464928
   11.3513514     0.07240831     0.07240831
   11.3913914     0.11116860     0.11116860
   11.4314314     0.21153792     0.21153793
   11.4714715     0.33313694     0.33313694
   11.5115115     0.40855513     0.40855513
   11.5515516     0.41143067     0.41143067
   11.5915916     0.37644253     0.37644253
   11.6316316     0.34247065     0.34247065
   11.6716717     0.32050181     0.32050181
   11.7117117     0.31689338     0.31689338
   11.7517518     0.33554193     0.33554193
   11.7917918     0.35576754     0.35576754
   11.8318318     0.35090122     0.35090122
   11.8718719     0.32983221     0.32983221
   11.9119119     0.32053428     0.32053428
   11.9519520     0.31273795     0.31273795
   11.9919920     0.26639587     0.26639587
   12.0320320     0.18082565     0.18082565
   12.0720721     0.10793101     0.10793101
   12.1121121     0.09444638     0.09444638
   12.1521522     0.13782683     0.13782683
   12.1921922     0.19195062     0.19195062
   12.2322322     0.20825328     0.20825328
   12.2722723     0.17755141     0.17755141
   12.3123123     0.12707518     0.12707518
   12.3523524     0.08330564     0.08330564
   12.3923924     0.05709549     0.05709549
   12.4324324     0.05750651     0.05750651
   12.4724725     0.09527993     0.09527993
   12.5125125     0.16349709     0.16349710
   12.5525526     0.22506567     0.22506567
   12.5925926     0.24205381     0.24205381
   12.6326326     0.22366698     0.22366698
   12.6726727     0.21822155     0.21822155
   12.7127127     0.24599901     0.24599901
   12.7527528     0.26552354     0.26552354
   12.7927928     0.22129027     0.22129027
   12.8328328     0.11678539     0.11678539
   12.8728729     0.03366553     0.03366553
   12.9129129     0.06960482     0.06960482
   12.9529530     0.24164468     0.24164468
   12.9929930     0.44852694     0.44852694
   13.0330330     0.54817584     0.54817584
   13.0730731     0.48700121     0.48700121
   13.1131131     0.33835875     0.33835876
   13.1531532     0.21178637     0.21178637
   13.1931932     0.15530636     0.15530636
   13.2332332     0.14921894     0.14921894
   13.2732733     0.15493599     0.15493599
   13.3133133     0.14601590     0.14601590
   13.3533534     0.11392670     0.11392670
   13.3933934     0.07202085     0.07202085
   13.4334334     0.04870278     0.04870278
   13.4734735     0.06062134     0.06062134
   13.5135135     0.09363957     0.09363957
   13.5535536     0.11999263     0.11999263
   13.5935936     0.13698533     0.13698533
   13.6336336     0.17328006     0.17328006
   13.6736737     0.23962790     0.23962790
   13.7137137     0.29053677     0.29053677
   13.7537538     0.26957395     0.26957395
   13.7937938     0.18309438     0.18309438
   13.8338338     0.09179344     0.09179344
   13.8738739     0.04312231     0.04312231
   13.9139139     0.04635447     0.04635447
   13.9539540     0.09202034     0.09202034
   13.9939940     0.15646320     0.15646320
   14.0340340     0.19786949     0.19786949
   14.0740741     0.18515935     0.18515935
   14.1141141     0.13443086     0.13443086
   14.1541542     0.09558775     0.09558775
   14.1941942     0.10418028     0.10418028
   14.2342342     0.15313176     0.15313176
   14.2742743     0.20102914     0.20102914
   14.3143143     0.20692628     0.20692628
   14.3543544     0.16578726     0.16578726
   14.3943944     0.10884097     0.10884097
   14.4344344     0.06905621     0.06905621
   14.4744745     0.05310526     0.05310526
   14.5145145     0.04746948     0.04746948
   14.5545546     0.04175774     0.04175774
   14.5945946     0.03710646     0.03710646
   14.6346346     0.03711216     0.03711216
   14.6746747     0.04402453     0.04402453
   14.7147147     0.06450283     0.06450283
   14.7547548     0.10564044     0.10564044
   14.7947948     0.15762327     0.15762327
   14.8348348     0.18914073     0.18914073
   14.8748749     0.17544430     0.17544430
   14.9149149     0.13060274     0.13060274
   14.9549550     0.09584591     0.09584591
   14.9949950     0.09365197     0.09365197
   15.0350350     0.10655551     0.10655551
   15.0750751     0.10642560     0.10642560
   15.1151151     0.09151105     0.09151105
   15.1551552     0.07781030     0.07781030
   15.1951952     0.06867100     0.06867100
   15.2352352     0.05810113     0.05810113
   15.2752753     0.04934176     0.04934176
   15.3153153     0.04942920     0.04942920
   15.3553554     0.05526009     0.05526009
   15.3953954     0.05651310     0.05651310
   15.4354354     0.04938184     0.04938184
   15.4754755     0.04032996     0.04032996
   15.5155155     0.03476186     0.03476186
   15.5555556     0.02988014     0.02988014
   15.5955956     0.02278448     0.02278448
   15.6356356     0.01771898     0.01771898
   15.6756757     0.02188587     0.02188587
   15.7157157     0.03834305     0.03834305
   15.7557558     0.06077215     0.06077215
   15.7957958     0.07362136     0.07362136
   15.8358358     0.06522797     0.06522797
   15.8758759     0.04232137     0.04232137
   15.9159159     0.02585435     0.02585435
   15.9559560     0.03953718     0.03953718
   15.9959960     0.11106206     0.11106206
   16.0360360     0.26637894     0.26637894
   16.0760761     0.48977301     0.48977301
   16.1161161     0.69011427     0.69011427
   16.1561562     0.75343692     0.75343692
   16.1961962     0.65458401     0.65458401
   16.2362362     0.48357827     0.48357827
   16.2762763     0.34824023     0.34824023
   16.3163163     0.28841401     0.28841401
   16.3563564     0.28449682     0.28449682
   16.3963964     0.29827006     0.29827006
   16.4364364     0.29504981     0.29504981
   16.4764765     0.25704331     0.25704331
   16.5165165     0.18901913     0.18901913
   16.5565566     0.11508308     0.11508308
   16.5965966     0.06664528     0.06664528
   16.6366366     0.05860009     0.05860009
   16.6766767     0.07777731     0.07777731
   16.7167167     0.09868299     0.09868299
   16.7567568     0.10283492     0.10283492
   16.7967968     0.09029793     0.09029793
   16.8368368     0.08457720     0.08457720
   16.8768769     0.11403078     0.11403078
   16.9169169     0.17548452     0.17548452
   16.9569570     0.22680071     0.22680071
   16.9969970     0.23196325     0.23196325
   17.0370370     0.20603297     0.20603297
   17.0770771     0.19496682     0.19496682
   17.1171171     0.22053555     0.22053555
   17.1571572     0.26710231     0.26710231
   17.1971972     0.30626360     0.30626360
   17.2372372     0.31207549     0.31207549
   17.2772773     0.27379244     0.27379244
   17.3173173     0.21216180     0.21216180
   17.3573574     0.16494490     0.16494490
   17.3973974     0.14861490     0.14861490
   17.4374374     0.14605887     0.14605887
   17.4774775     0.13721397     0.13721397
   17.5175175     0.13210334     0.13210334
   17.5575576     0.15538905     0.15538905
   17.5975976     0.19947122     0.19947122
   17.6376376     0.21899515     0.21899515
   17.6776777     0.18417870     0.18417870
   17.7177177     0.11869676     0.11869676
   17.7577578     0.07232913     0.07232913
   17.7977978     0.07729093     0.07729093
   17.8378378     0.13722739     0.13722739
   17.8778779     0.23150409     0.23150410
   17.9179179     0.31926020     0.31926020
   17.9579580     0.35935435     0.35935435
   17.9979980     0.34019314     0.34019314
   18.0380380     0.28523725     0.28523725
   18.0780781     0.22917379     0.22917379
   18.1181181     0.19053547     0.19053547
   18.1581582     0.16014343     0.16014343
   18.1981982     0.12067814     0.12067814
   18.2382382     0.08683754     0.08683754
   18.2782783     0.10525097     0.10525097
   18.3183183     0.18805362     0.18805362
   18.3583584     0.27180957     0.27180957
   18.3983984     0.28167916     0.28167916
   18.4384384     0.21438046     0.21438046
   18.4784785     0.12612476     0.12612476
   18.5185185     0.06208317     0.06208317
   18.5585586     0.02391549     0.02391549
   18.5985986    -0.00650911    -0.00650911
   18.6386386    -0.03193712    -0.03193712
   18.6786787    -0.03203597    -0.03203597
   18.7187187     0.01072096     0.01072096
   18.7587588     0.07972492     0.07972492
   18.7987988     0.12929398     0.12929398
   18.8388388     0.12961423     0.12961423
   18.8788789     0.09778600     0.09778600
   18.9189189     0.07530501     0.07530501
   18.9589590     0.08507844     0.08507844
   18.9989990     0.12005864     0.12005864
   19.0390390     0.16663327     0.16663328
   19.0790791     0.21931796     0.21931796
   19.1191191     0.25997675     0.25997675
   19.1591592     0.25180047     0.25180047
   19.1991992     0.18514068     0.18514068
   19.2392392     0.10169937     0.10169937
   19.2792793     0.05214613     0.05214613
   19.3193193     0.05876178     0.05876178
   19.3593594     0.12522182     0.12522182
   19.3993994     0.25049651     0.25049651
   19.4394394     0.41958347     0.41958347
   19.4794795     0.59623147     0.59623147
   19.5195195     0.73622457     0.73622457
   19.5595596     0.80348259     0.80348259
   19.5995996     0.78079211     0.78079211
   19.6396396     0.68567290     0.68567290
   19.6796797     0.56701641     0.56701641
   19.7197197     0.46077023     0.46077023
   19.7597598     0.36384621     0.36384621
   19.7997998     0.26902566     0.26902566
   19.8398398     0.19279960     0.19279960
   19.8798799     0.15056547     0.15056547
   19.9199199     0.13763199     0.13763199
   19.9599600     0.14983414     0.14983414
   20.0000000     0.19085460     0.19085460
