              -1593.0190560282
          0.000004086       0.000000000       0.000000000
          0.000000000      -0.000026053      -0.000000000
          0.000000000      -0.000000000       0.000008841
           6
  1    31      -0.000000006      -0.000302883      -0.000000044  Ga
  2    28       0.000000026       0.000433464      -0.000000072  Ni
  2    28      -0.000000066      -0.000132589       0.000000051  Ni
  2    28       0.000000005       0.000057498       0.000000093  Ni
  3    25       0.000000035      -0.000585687      -0.000000060  Mn
  3    25      -0.000000042       0.000436161      -0.000000027  Mn
