#
#   partial DOS for atom species: Ga
#
#   Add data for atom_index =   1,  n,l,m,z=  4  1 -1  1
#   Add data for atom_index =   1,  n,l,m,z=  4  1  0  1
#   Add data for atom_index =   1,  n,l,m,z=  4  1  1  1
#   Add data for atom_index =   1,  n,l,m,z=  4  1 -1  2
#   Add data for atom_index =   1,  n,l,m,z=  4  1  0  2
#   Add data for atom_index =   1,  n,l,m,z=  4  1  1  2
#   Add data for atom_index =   1,  n,l,m,z=  4  1 -1  3
#   Add data for atom_index =   1,  n,l,m,z=  4  1  0  3
#   Add data for atom_index =   1,  n,l,m,z=  4  1  1  3
#
#    Energy          spin 1        spin2
#
  -20.0000000     0.00000000     0.00000000
  -19.9599600     0.00000000     0.00000000
  -19.9199199     0.00000000     0.00000000
  -19.8798799     0.00000000     0.00000000
  -19.8398398     0.00000000     0.00000000
  -19.7997998     0.00000000     0.00000000
  -19.7597598     0.00000000     0.00000000
  -19.7197197     0.00000000     0.00000000
  -19.6796797     0.00000000     0.00000000
  -19.6396396     0.00000000     0.00000000
  -19.5995996     0.00000000     0.00000000
  -19.5595596     0.00000000     0.00000000
  -19.5195195     0.00000000     0.00000000
  -19.4794795     0.00000000     0.00000000
  -19.4394394     0.00000000     0.00000000
  -19.3993994     0.00000000     0.00000000
  -19.3593594     0.00000000     0.00000000
  -19.3193193     0.00000000     0.00000000
  -19.2792793     0.00000000     0.00000000
  -19.2392392     0.00000000     0.00000000
  -19.1991992     0.00000000     0.00000000
  -19.1591592     0.00000000     0.00000000
  -19.1191191     0.00000000     0.00000000
  -19.0790791     0.00000000     0.00000000
  -19.0390390     0.00000000     0.00000000
  -18.9989990     0.00000000     0.00000000
  -18.9589590     0.00000000     0.00000000
  -18.9189189     0.00000000     0.00000000
  -18.8788789     0.00000000     0.00000000
  -18.8388388     0.00000004     0.00000003
  -18.7987988     0.00000048     0.00000041
  -18.7587588     0.00000421     0.00000369
  -18.7187187     0.00002690     0.00002388
  -18.6786787     0.00012479     0.00011231
  -18.6386386     0.00042073     0.00038361
  -18.5985986     0.00103074     0.00095161
  -18.5585586     0.00183494     0.00171460
  -18.5185185     0.00237369     0.00224386
  -18.4784785     0.00223129     0.00213287
  -18.4384384     0.00152413     0.00147254
  -18.3983984     0.00075651     0.00073843
  -18.3583584     0.00027286     0.00026896
  -18.3183183     0.00007151     0.00007115
  -18.2782783     0.00001357     0.00001365
  -18.2382382     0.00000090     0.00000130
  -18.1981982    -0.00001534    -0.00000982
  -18.1581582    -0.00017811    -0.00011884
  -18.1181181    -0.00148403    -0.00102404
  -18.0780781    -0.00898015    -0.00640679
  -18.0380380    -0.03946808    -0.02910534
  -17.9979980    -0.12599108    -0.09601109
  -17.9579580    -0.29212779    -0.22998048
  -17.9179179    -0.49198603    -0.40002400
  -17.8778779    -0.60184743    -0.50525530
  -17.8378378    -0.53478607    -0.46341429
  -17.7977978    -0.34517503    -0.30864931
  -17.7577578    -0.16183376    -0.14928007
  -17.7177177    -0.05511546    -0.05243025
  -17.6776777    -0.01363501    -0.01337236
  -17.6376376    -0.00245033    -0.00247678
  -17.5975976    -0.00032073    -0.00033365
  -17.5575576    -0.00004378    -0.00004112
  -17.5175175    -0.00015354    -0.00010333
  -17.4774775    -0.00123772    -0.00086337
  -17.4374374    -0.00734084    -0.00535398
  -17.3973974    -0.03160561    -0.02410208
  -17.3573574    -0.09877410    -0.07875350
  -17.3173173    -0.22406965    -0.18677686
  -17.2772773    -0.36896495    -0.32152494
  -17.2372372    -0.44101175    -0.40174016
  -17.1971972    -0.38263003    -0.36434710
  -17.1571572    -0.24097533    -0.23984207
  -17.1171171    -0.11016191    -0.11459768
  -17.0770771    -0.03655581    -0.03974359
  -17.0370370    -0.00880538    -0.01000460
  -16.9969970    -0.00153960    -0.00182799
  -16.9569570    -0.00019540    -0.00024243
  -16.9169169    -0.00001800    -0.00002334
  -16.8768769    -0.00000120    -0.00000163
  -16.8368368    -0.00000006    -0.00000008
  -16.7967968    -0.00000000    -0.00000000
  -16.7567568     0.00000000     0.00000000
  -16.7167167     0.00000000     0.00000000
  -16.6766767     0.00000000     0.00000000
  -16.6366366     0.00000000     0.00000000
  -16.5965966     0.00000000     0.00000000
  -16.5565566     0.00000000     0.00000000
  -16.5165165     0.00000000     0.00000000
  -16.4764765     0.00000000     0.00000000
  -16.4364364     0.00000000     0.00000000
  -16.3963964     0.00000000     0.00000000
  -16.3563564    -0.00000000    -0.00000000
  -16.3163163    -0.00000009    -0.00000003
  -16.2762763    -0.00000173    -0.00000060
  -16.2362362    -0.00002426    -0.00000941
  -16.1961962    -0.00024736    -0.00010777
  -16.1561562    -0.00183078    -0.00089554
  -16.1161161    -0.00983488    -0.00540110
  -16.0760761    -0.03834717    -0.02364250
  -16.0360360    -0.10852526    -0.07511326
  -15.9959960    -0.22292659    -0.17320172
  -15.9559560    -0.33237392    -0.28986807
  -15.9159159    -0.35968837    -0.35209631
  -15.8758759    -0.28252745    -0.31041002
  -15.8358358    -0.16107570    -0.19862019
  -15.7957958    -0.06665549    -0.09224114
  -15.7557558    -0.02002314    -0.03109137
  -15.7157157    -0.00439339    -0.00760635
  -15.6756757    -0.00091800    -0.00135237
  -15.6356356    -0.00138216    -0.00019288
  -15.5955956    -0.00539316    -0.00015384
  -15.5555556    -0.01593373    -0.00069533
  -15.5155155    -0.03299730    -0.00230951
  -15.4754755    -0.04490753    -0.00439169
  -15.4354354    -0.03065781    -0.00125820
  -15.3953954     0.01690293     0.01768908
  -15.3553554     0.07219338     0.05407126
  -15.3153153     0.09708850     0.08705744
  -15.2752753     0.08092420     0.09054965
  -15.2352352     0.04631064     0.06455545
  -15.1951952     0.01817268     0.03234789
  -15.1551552     0.00242432     0.01152045
  -15.1151151    -0.00796473     0.00279901
  -15.0750751    -0.01913401    -0.00027390
  -15.0350350    -0.02958042    -0.00308764
  -14.9949950    -0.03293658    -0.00885291
  -14.9549550    -0.02679072    -0.01802704
  -14.9149149    -0.01714760    -0.02663120
  -14.8748749    -0.01461141    -0.02866652
  -14.8348348    -0.03120100    -0.02321236
  -14.7947948    -0.07766692    -0.01779089
  -14.7547548    -0.14884609    -0.02468522
  -14.7147147    -0.20964720    -0.05447483
  -14.6746747    -0.21880431    -0.10537555
  -14.6346346    -0.17448546    -0.15346551
  -14.5945946    -0.11334731    -0.16593153
  -14.5545546    -0.06587879    -0.13387098
  -14.5145145    -0.03793069    -0.08121474
  -14.4744745    -0.02805798    -0.03739784
  -14.4344344    -0.03808710    -0.01373833
  -14.3943944    -0.06443607    -0.00698609
  -14.3543544    -0.08948567    -0.01330443
  -14.3143143    -0.09197693    -0.03280760
  -14.2742743    -0.06889488    -0.06156301
  -14.2342342    -0.03814099    -0.08407543
  -14.1941942    -0.01903294    -0.08338477
  -14.1541542    -0.02141339    -0.06038807
  -14.1141141    -0.05073779    -0.03387884
  -14.0740741    -0.10532050    -0.02271487
  -14.0340340    -0.16270040    -0.03670506
  -13.9939940    -0.18918653    -0.07726117
  -13.9539540    -0.17846401    -0.13339538
  -13.9139139    -0.15956188    -0.18161941
  -13.8738739    -0.15073244    -0.19989201
  -13.8338338    -0.13188082    -0.17938744
  -13.7937938    -0.07604485    -0.12415569
  -13.7537538     0.01944245    -0.04597281
  -13.7137137     0.13736304     0.04526640
  -13.6736737     0.24299316     0.14506628
  -13.6336336     0.28641246     0.23762059
  -13.5935936     0.24365393     0.28477664
  -13.5535536     0.15100315     0.25668123
  -13.5135135     0.06833785     0.17246627
  -13.4734735     0.02363858     0.08539596
  -13.4334334     0.01065990     0.03069832
  -13.3933934     0.01814272     0.00817223
  -13.3533534     0.04265084     0.00541954
  -13.3133133     0.07721797     0.01780408
  -13.2732733     0.09835639     0.04545758
  -13.2332332     0.08052651     0.07800481
  -13.1931932     0.02951412     0.09228010
  -13.1531532    -0.01749525     0.07587573
  -13.1131131    -0.03343586     0.04413350
  -13.0730731    -0.02458181     0.01999027
  -13.0330330    -0.01004573     0.00916817
  -12.9929930     0.00348565     0.00509668
  -12.9529530     0.02570992     0.00390732
  -12.9129129     0.07239828     0.00856871
  -12.8728729     0.14541454     0.02836988
  -12.8328328     0.21496656     0.07509149
  -12.7927928     0.23679881     0.14668291
  -12.7527528     0.19872455     0.21123778
  -12.7127127     0.13339773     0.22597313
  -12.6726727     0.07919952     0.18260204
  -12.6326326     0.04749578     0.11803207
  -12.5925926     0.02961316     0.07518810
  -12.5525526     0.01704976     0.06630701
  -12.5125125     0.00804888     0.07270278
  -12.4724725     0.00327968     0.06982260
  -12.4324324     0.00365477     0.05092921
  -12.3923924     0.01512696     0.02762328
  -12.3523524     0.05670645     0.01335274
  -12.3123123     0.15751833     0.01697121
  -12.2722723     0.32352326     0.05368215
  -12.2322322     0.49547135     0.14966661
  -12.1921922     0.57333015     0.31149446
  -12.1521522     0.51253219     0.47941902
  -12.1121121     0.36799102     0.55036321
  -12.0720721     0.22480200     0.48575230
  -12.0320320     0.12167761     0.35716553
  -11.9919920     0.05359885     0.25397210
  -11.9519520     0.00984744     0.19504686
  -11.9119119    -0.01241802     0.14958355
  -11.8718719    -0.01544379     0.09584822
  -11.8318318    -0.00446631     0.03964761
  -11.7917918     0.01743982    -0.00158415
  -11.7517518     0.05180410    -0.01644919
  -11.7117117     0.09613133    -0.00301867
  -11.6716717     0.13580211     0.03744951
  -11.6316316     0.15427484     0.09914991
  -11.5915916     0.14915708     0.15927913
  -11.5515516     0.12693585     0.18436802
  -11.5115115     0.08941786     0.16520078
  -11.4714715     0.04043874     0.12857607
  -11.4314314    -0.00161251     0.10215077
  -11.3913914    -0.01302902     0.08772495
  -11.3513514     0.01203310     0.07370327
  -11.3113113     0.05312898     0.05268909
  -11.2712713     0.08189687     0.02434312
  -11.2312312     0.08872530    -0.00402788
  -11.1911912     0.09065863    -0.01796943
  -11.1511512     0.11547369    -0.00674983
  -11.1111111     0.17746596     0.02534857
  -11.0710711     0.26003860     0.06593572
  -11.0310310     0.31817582     0.11061979
  -10.9909910     0.31150538     0.16157452
  -10.9509510     0.24492247     0.21178695
  -10.9109109     0.16539392     0.24446183
  -10.8708709     0.11641601     0.24863744
  -10.8308308     0.10968829     0.22774273
  -10.7907908     0.13493977     0.19752857
  -10.7507508     0.17888872     0.17702579
  -10.7107107     0.23101122     0.17439379
  -10.6706707     0.27538103     0.18293343
  -10.6306306     0.28952398     0.19200386
  -10.5905906     0.26484195     0.19819765
  -10.5505506     0.22172082     0.20643842
  -10.5105105     0.19231698     0.21860660
  -10.4704705     0.19029396     0.22219485
  -10.4304304     0.20306406     0.20265974
  -10.3903904     0.21315898     0.16753315
  -10.3503504     0.21832614     0.14314520
  -10.3103103     0.22367146     0.14763341
  -10.2702703     0.22571985     0.17565416
  -10.2302302     0.21643958     0.20504679
  -10.1901902     0.19555854     0.21716069
  -10.1501502     0.17319058     0.21687665
  -10.1101101     0.16386421     0.22619340
  -10.0700701     0.17582572     0.25237922
  -10.0300300     0.20391672     0.27765360
   -9.9899900     0.23281511     0.28628858
   -9.9499500     0.24620038     0.28289429
   -9.9099099     0.23588539     0.27773528
   -9.8698699     0.20486000     0.26870078
   -9.8298298     0.16447273     0.24489093
   -9.7897898     0.13112698     0.20455535
   -9.7497497     0.11718620     0.16185545
   -9.7097097     0.11890152     0.13063698
   -9.6696697     0.12031251     0.11087245
   -9.6296296     0.11061559     0.09897744
   -9.5895896     0.09161468     0.10028075
   -9.5495496     0.07065107     0.12126528
   -9.5095095     0.05289762     0.15522908
   -9.4694695     0.04032063     0.18292072
   -9.4294294     0.03480551     0.18968285
   -9.3893894     0.04079284     0.18127129
   -9.3493494     0.06337445     0.17513576
   -9.3093093     0.10067702     0.17559608
   -9.2692693     0.13739839     0.17165206
   -9.2292292     0.15246876     0.15886697
   -9.1891892     0.14004478     0.14648575
   -9.1491491     0.11730015     0.14227373
   -9.1091091     0.10304204     0.14319877
   -9.0690691     0.09595797     0.14256331
   -9.0290290     0.08353083     0.13805475
   -8.9889890     0.06517882     0.13028555
   -8.9489490     0.05488484     0.11836897
   -8.9089089     0.06230263     0.10152211
   -8.8688689     0.08044031     0.08358947
   -8.8288288     0.09367753     0.07134472
   -8.7887888     0.09188895     0.06822898
   -8.7487488     0.07584576     0.07179121
   -8.7087087     0.05411849     0.07706467
   -8.6686687     0.03683162     0.08153721
   -8.6286286     0.03064623     0.08513961
   -8.5885886     0.03680018     0.08600721
   -8.5485485     0.05071806     0.08068324
   -8.5085085     0.06376116     0.06905613
   -8.4684685     0.06867433     0.05503910
   -8.4284284     0.06505012     0.04243856
   -8.3883884     0.05907440     0.03360591
   -8.3483484     0.05700245     0.03184135
   -8.3083083     0.05904188     0.04166950
   -8.2682683     0.06094692     0.06403431
   -8.2282282     0.06031535     0.09099826
   -8.1881882     0.05850479     0.10834403
   -8.1481482     0.05743788     0.10665310
   -8.1081081     0.05740895     0.08908593
   -8.0680681     0.05837324     0.06729728
   -8.0280280     0.06184554     0.05181923
   -7.9879880     0.07056374     0.04644544
   -7.9479479     0.08607267     0.04862546
   -7.9079079     0.10535718     0.05374843
   -7.8678679     0.11992963     0.05911547
   -7.8278278     0.12159550     0.06395598
   -7.7877878     0.10981604     0.06778095
   -7.7477478     0.09095896     0.07064923
   -7.7077077     0.07163933     0.07374249
   -7.6676677     0.05520801     0.07774978
   -7.6276276     0.04282973     0.08165438
   -7.5875876     0.03518138     0.08514175
   -7.5475475     0.03232215     0.09040056
   -7.5075075     0.03281731     0.09863508
   -7.4674675     0.03480732     0.10620706
   -7.4274274     0.03816818     0.10691927
   -7.3873874     0.04478432     0.09883641
   -7.3473473     0.05592183     0.08787567
   -7.3073073     0.06770121     0.08318483
   -7.2672673     0.07133120     0.08935620
   -7.2272272     0.06271520     0.10212269
   -7.1871872     0.04901909     0.10947730
   -7.1471472     0.04090051     0.10102328
   -7.1071071     0.04155024     0.07940528
   -7.0670671     0.04591084     0.05812276
   -7.0270270     0.04786153     0.04728511
   -6.9869870     0.04689023     0.04503955
   -6.9469470     0.04736437     0.04229901
   -6.9069069     0.05170028     0.03374379
   -6.8668669     0.05810934     0.02291814
   -6.8268268     0.06506838     0.01659457
   -6.7867868     0.07200471     0.01741228
   -6.7467467     0.07633788     0.02364884
   -6.7067067     0.07635768     0.03307804
   -6.6666667     0.07398632     0.04424168
   -6.6266266     0.07010895     0.05558270
   -6.5865866     0.06372395     0.06662736
   -6.5465466     0.05790957     0.07812081
   -6.5065065     0.05888569     0.08707072
   -6.4664665     0.06710939     0.08586599
   -6.4264264     0.07382022     0.07177940
   -6.3863864     0.06993866     0.05310746
   -6.3463464     0.05752919     0.04148603
   -6.3063063     0.04822043     0.04132854
   -6.2662663     0.05041756     0.04849833
   -6.2262262     0.06114375     0.05578804
   -6.1861862     0.06962526     0.05827591
   -6.1461461     0.06754875     0.05591371
   -6.1061061     0.05627773     0.05252380
   -6.0660661     0.04418946     0.05193934
   -6.0260260     0.03829142     0.05461603
   -5.9859860     0.03986665     0.05716434
   -5.9459459     0.04714813     0.05533395
   -5.9059059     0.05956375     0.04877465
   -5.8658659     0.07610183     0.04218578
   -5.8258258     0.09071607     0.04039232
   -5.7857858     0.09658446     0.04345013
   -5.7457458     0.09554536     0.04787769
   -5.7057057     0.09686874     0.05141887
   -5.6656657     0.10707733     0.05453599
   -5.6256256     0.12454827     0.05723971
   -5.5855856     0.14263395     0.05737234
   -5.5455455     0.15504909     0.05348337
   -5.5055055     0.15672173     0.04693014
   -5.4654655     0.14380263     0.04095990
   -5.4254254     0.11982488     0.03968589
   -5.3853854     0.09733365     0.04615827
   -5.3453453     0.08652288     0.05954182
   -5.3053053     0.08886018     0.07509418
   -5.2652653     0.10461115     0.08645623
   -5.2252252     0.13369345     0.08858664
   -5.1851852     0.16471291     0.08246423
   -5.1451452     0.17811147     0.07558036
   -5.1051051     0.16699115     0.07351866
   -5.0650651     0.14321194     0.07416271
   -5.0250250     0.12032691     0.07226854
   -4.9849850     0.10229639     0.06562183
   -4.9449449     0.08908743     0.05692245
   -4.9049049     0.08220463     0.05423404
   -4.8648649     0.08511946     0.06898266
   -4.8248248     0.10239488     0.10583052
   -4.7847848     0.13001249     0.14964156
   -4.7447447     0.14637950     0.17191374
   -4.7047047     0.13059692     0.16173150
   -4.6646647     0.09102182     0.14199441
   -4.6246246     0.05943000     0.14328556
   -4.5845846     0.05929090     0.16759548
   -4.5445445     0.08823279     0.18632230
   -4.5045045     0.12295622     0.17547325
   -4.4644645     0.13920144     0.14614140
   -4.4244244     0.13630789     0.13023883
   -4.3843844     0.13675411     0.14001436
   -4.3443443     0.15175513     0.15286679
   -4.3043043     0.16111283     0.13898043
   -4.2642643     0.14310791     0.09693952
   -4.2242242     0.10982342     0.05277697
   -4.1841842     0.09373358     0.03156228
   -4.1441441     0.10751836     0.04451972
   -4.1041041     0.12960591     0.09375245
   -4.0640641     0.12882588     0.16676985
   -4.0240240     0.09895284     0.22719936
   -3.9839840     0.06182518     0.23488113
   -3.9439439     0.03855457     0.18611388
   -3.9039039     0.03154785     0.12056560
   -3.8638639     0.03546103     0.08321755
   -3.8238238     0.05157383     0.08762049
   -3.7837838     0.08266510     0.11160891
   -3.7437437     0.11789555     0.12164249
   -3.7037037     0.13470733     0.10483110
   -3.6636637     0.12133735     0.07537544
   -3.6236236     0.09015294     0.05063966
   -3.5835836     0.06479002     0.03423118
   -3.5435435     0.05916481     0.02347377
   -3.5035035     0.06817928     0.01977771
   -3.4634635     0.07490489     0.02821537
   -3.4234234     0.06855815     0.05258045
   -3.3833834     0.05404875     0.08909910
   -3.3433433     0.04214580     0.12159783
   -3.3033033     0.03795429     0.13098511
   -3.2632633     0.04117690     0.11551105
   -3.2232232     0.04889725     0.09232476
   -3.1831832     0.05667298     0.07561559
   -3.1431431     0.06080494     0.06427920
   -3.1031031     0.05842565     0.05273410
   -3.0630631     0.04756297     0.04304797
   -3.0230230     0.03088473     0.04154519
   -2.9829830     0.01546458     0.04859867
   -2.9429429     0.00652697     0.05787714
   -2.9029029     0.00470661     0.06414954
   -2.8628629     0.00863378     0.06632952
   -2.8228228     0.01625358     0.06483408
   -2.7827828     0.02457424     0.06081582
   -2.7427427     0.03302380     0.05529554
   -2.7027027     0.04687487     0.04696455
   -2.6626627     0.07003131     0.03468371
   -2.6226226     0.09321168     0.02220844
   -2.5825826     0.09937126     0.01678451
   -2.5425425     0.08349464     0.02345835
   -2.5025025     0.05725511     0.04141295
   -2.4624625     0.03452367     0.06368035
   -2.4224224     0.02144333     0.08076341
   -2.3823824     0.01796398     0.08659898
   -2.3423423     0.02186400     0.08166562
   -2.3023023     0.03143127     0.07182022
   -2.2622623     0.04533319     0.06496675
   -2.2222222     0.06065801     0.06565038
   -2.1821822     0.07367638     0.06995026
   -2.1421421     0.08202073     0.06857503
   -2.1021021     0.08520534     0.05824048
   -2.0620621     0.08508804     0.04680013
   -2.0220220     0.08534497     0.04396842
   -1.9819820     0.08949523     0.04925906
   -1.9419419     0.10008502     0.05320694
   -1.9019019     0.11888813     0.05192055
   -1.8618619     0.14637839     0.05468705
   -1.8218218     0.17868231     0.07008493
   -1.7817818     0.20472306     0.08852941
   -1.7417417     0.21171164     0.08983605
   -1.7017017     0.19769336     0.06983533
   -1.6616617     0.17352197     0.04993296
   -1.6216216     0.14767536     0.05780814
   -1.5815816     0.11873014     0.10382400
   -1.5415415     0.08775630     0.17271992
   -1.5015015     0.06288117     0.23207665
   -1.4614615     0.04699339     0.25269855
   -1.4214214     0.03472443     0.22821340
   -1.3813814     0.02236852     0.17630088
   -1.3413413     0.01159482     0.12115565
   -1.3013013     0.00474528     0.07903607
   -1.2612613     0.00197836     0.05597493
   -1.2212212     0.00317441     0.04754899
   -1.1811812     0.01157825     0.04230588
   -1.1411411     0.03636446     0.03260247
   -1.1011011     0.08980110     0.02092372
   -1.0610611     0.17383067     0.01625727
   -1.0210210     0.26340354     0.03074052
   -0.9809810     0.31431370     0.07830860
   -0.9409409     0.30754578     0.16203997
   -0.9009009     0.27979651     0.25461170
   -0.8608609     0.28167434     0.30980162
   -0.8208208     0.30791272     0.31331036
   -0.7807808     0.30379155     0.30313220
   -0.7407407     0.24254202     0.31371186
   -0.7007007     0.15815276     0.32214288
   -0.6606607     0.09640945     0.28243890
   -0.6206206     0.06903781     0.19375721
   -0.5805806     0.06181872     0.10067612
   -0.5405405     0.06141927     0.04000497
   -0.5005005     0.06608029     0.01572615
   -0.4604605     0.07783393     0.01618296
   -0.4204204     0.08977183     0.03154806
   -0.3803804     0.08856988     0.05282122
   -0.3403403     0.07082632     0.06781228
   -0.3003003     0.04685983     0.06861407
   -0.2602603     0.02726138     0.06128293
   -0.2202202     0.01493771     0.05971315
   -0.1801802     0.00916514     0.06848511
   -0.1401401     0.00913686     0.07752100
   -0.1001001     0.01295812     0.07532896
   -0.0600601     0.01720690     0.06195176
   -0.0200200     0.01936273     0.04507800
    0.0200200     0.02079897     0.02973364
    0.0600601     0.02831267     0.01759257
    0.1001001     0.05404400     0.01100440
    0.1401401     0.10900905     0.01330409
    0.1801802     0.18429070     0.02872476
    0.2202202     0.23907632     0.06397615
    0.2602603     0.23103765     0.12368035
    0.3003003     0.16568904     0.19412829
    0.3403403     0.09265382     0.23711180
    0.3803804     0.05350081     0.22155528
    0.4204204     0.05411751     0.15942596
    0.4604605     0.07932928     0.09067088
    0.5005005     0.11291484     0.04232301
    0.5405405     0.14293129     0.01747573
    0.5805806     0.16124671     0.01023255
    0.6206206     0.16985061     0.01773420
    0.6606607     0.18499334     0.04077668
    0.7007007     0.21962892     0.07601027
    0.7407407     0.25742712     0.10902877
    0.7807808     0.26077304     0.12295050
    0.8208208     0.21351477     0.12039635
    0.8608609     0.14098576     0.12919520
    0.9009009     0.08011666     0.17298855
    0.9409409     0.04471923     0.23836193
    0.9809810     0.02755127     0.28437458
    1.0210210     0.02231705     0.28260441
    1.0610611     0.03237024     0.23525746
    1.1011011     0.06157039     0.16311734
    1.1411411     0.10273938     0.09170850
    1.1811812     0.13984020     0.04044193
    1.2212212     0.16246474     0.01366150
    1.2612613     0.17098024     0.00381805
    1.3013013     0.17073147     0.00291928
    1.3413413     0.17389897     0.01009141
    1.3813814     0.19696374     0.03207415
    1.4214214     0.23977510     0.07500158
    1.4614615     0.27875631     0.12875847
    1.5015015     0.29725410     0.16601630
    1.5415415     0.31432123     0.17465392
    1.5815816     0.36401298     0.18522556
    1.6216216     0.44707823     0.24048089
    1.6616617     0.52436182     0.34097798
    1.7017017     0.55134998     0.45116419
    1.7417417     0.49986533     0.55373301
    1.7817818     0.37439430     0.64655192
    1.8218218     0.22477411     0.68913055
    1.8618619     0.11384381     0.62993232
    1.9019019     0.07000702     0.48746108
    1.9419419     0.08060498     0.33255188
    1.9819820     0.11333370     0.20814965
    2.0220220     0.14032288     0.11820391
    2.0620621     0.15532383     0.06250775
    2.1021021     0.16474419     0.04290869
    2.1421421     0.16496267     0.05101348
    2.1821822     0.15015020     0.06914330
    2.2222222     0.13594260     0.08629077
    2.2622623     0.14469388     0.10972098
    2.3023023     0.16988977     0.15115009
    2.3423423     0.18083535     0.20328731
    2.3823824     0.16096520     0.24281892
    2.4224224     0.12249782     0.25157165
    2.4624625     0.08612203     0.22667012
    2.5025025     0.06106716     0.18037625
    2.5425425     0.04425624     0.13157272
    2.5825826     0.03039597     0.09163919
    2.6226226     0.01975466     0.06365520
    2.6626627     0.01718743     0.04968589
    2.7027027     0.02662246     0.04840521
    2.7427427     0.04657386     0.05196226
    2.7827828     0.06807574     0.05177934
    2.8228228     0.07970896     0.04526592
    2.8628629     0.08008542     0.03675309
    2.9029029     0.08085811     0.03328904
    2.9429429     0.09042025     0.03966580
    2.9829830     0.10146150     0.05603959
    3.0230230     0.10276552     0.07617447
    3.0630631     0.09408501     0.08972370
    3.1031031     0.08159360     0.09330848
    3.1431431     0.07067995     0.09503046
    3.1831832     0.06834403     0.10101351
    3.2232232     0.07873886     0.10665158
    3.2632633     0.09432420     0.10701407
    3.3033033     0.10507625     0.10334309
    3.3433433     0.11651365     0.09684713
    3.3833834     0.14547459     0.09213998
    3.4234234     0.19893359     0.10605802
    3.4634635     0.26940269     0.15469888
    3.5035035     0.34568233     0.23047490
    3.5435435     0.41561199     0.30671125
    3.5835836     0.46705092     0.36959293
    3.6236236     0.49152049     0.42901129
    3.6636637     0.47988372     0.48124042
    3.7037037     0.42367944     0.48437300
    3.7437437     0.33043876     0.40774492
    3.7837838     0.22808812     0.28800271
    3.8238238     0.14613534     0.19911845
    3.8638639     0.09778704     0.17719998
    3.9039039     0.08103724     0.19536384
    3.9439439     0.08488955     0.20306166
    3.9839840     0.09203425     0.17554048
    4.0240240     0.08788949     0.12629699
    4.0640641     0.07148918     0.08339957
    4.1041041     0.05297033     0.06152461
    4.1441441     0.04105351     0.05576192
    4.1841842     0.03622306     0.05666018
    4.2242242     0.03455498     0.06131774
    4.2642643     0.03520519     0.06727811
    4.3043043     0.04380900     0.06799719
    4.3443443     0.06923871     0.06162747
    4.3843844     0.11946328     0.05847060
    4.4244244     0.20152764     0.07957276
    4.4644645     0.31274177     0.14907441
    4.5045045     0.41760999     0.27004466
    4.5445445     0.45571216     0.39473743
    4.5845846     0.40597018     0.44596907
    4.6246246     0.32282980     0.39239758
    4.6646647     0.27627569     0.27909047
    4.7047047     0.27570808     0.17535595
    4.7447447     0.27389431     0.12375323
    4.7847848     0.23022949     0.13437140
    4.8248248     0.15326857     0.18957480
    4.8648649     0.08224045     0.24897382
    4.9049049     0.04261747     0.27122909
    4.9449449     0.03094951     0.24067935
    4.9849850     0.03166132     0.17367619
    5.0250250     0.03366050     0.10309349
    5.0650651     0.03276428     0.05544043
    5.1051051     0.02875480     0.03605664
    5.1451452     0.02377485     0.03232866
    5.1851852     0.01971260     0.02931977
    5.2252252     0.01639213     0.02194344
    5.2652653     0.01437943     0.01468013
    5.3053053     0.01729137     0.01383115
    5.3453453     0.02785359     0.02159616
    5.3853854     0.04189746     0.03469665
    5.4254254     0.04972005     0.04708705
    5.4654655     0.04592498     0.05520087
    5.5055055     0.03489460     0.05911443
    5.5455455     0.02423153     0.05810660
    5.5855856     0.01738669     0.05044285
    5.6256256     0.01474395     0.03853219
    5.6656657     0.01758673     0.02836491
    5.7057057     0.02831329     0.02374348
    5.7457458     0.04692072     0.02425134
    5.7857858     0.06882944     0.02685460
    5.8258258     0.08918237     0.02914330
    5.8658659     0.10976961     0.03384791
    5.9059059     0.13799973     0.04808922
    5.9459459     0.17466282     0.07376886
    5.9859860     0.20399689     0.10041204
    6.0260260     0.20435555     0.11323001
    6.0660661     0.17141527     0.10905929
    6.1061061     0.12333588     0.10059847
    6.1461461     0.08228717     0.10416881
    6.1861862     0.05712316     0.12246958
    6.2262262     0.04300015     0.13781539
    6.2662663     0.03340089     0.12958898
    6.3063063     0.02991803     0.10083189
    6.3463464     0.03854892     0.07503628
    6.3863864     0.05849961     0.06650992
    6.4264264     0.07882207     0.06823803
    6.4664665     0.08791448     0.06751436
    6.5065065     0.08453550     0.06039445
    6.5465466     0.07698144     0.05065180
    6.5865866     0.07344745     0.04364176
    6.6266266     0.07826530     0.04352956
    6.6666667     0.10170069     0.05753867
    6.7067067     0.16928572     0.10630085
    6.7467467     0.29707234     0.21706728
    6.7867868     0.43869516     0.37836747
    6.8268268     0.49316281     0.50609566
    6.8668669     0.40979077     0.50633809
    6.9069069     0.25264527     0.38284151
    6.9469470     0.12530174     0.22986266
    6.9869870     0.07336333     0.12245249
    7.0270270     0.07900672     0.06714118
    7.0670671     0.10452720     0.04196207
    7.1071071     0.12174771     0.03234198
    7.1471472     0.12130678     0.03342028
    7.1871872     0.10877127     0.04711145
    7.2272272     0.09342341     0.07722919
    7.2672673     0.07977545     0.11608820
    7.3073073     0.06749783     0.14199541
    7.3473473     0.05536653     0.13928903
    7.3873874     0.04269664     0.11253231
    7.4274274     0.02952350     0.07644026
    7.4674675     0.01761689     0.04443100
    7.5075075     0.00966211     0.02689990
    7.5475475     0.00692590     0.02652869
    7.5875876     0.00847236     0.03462370
    7.6276276     0.01244263     0.03916058
    7.6676677     0.01853410     0.03580946
    7.7077077     0.02904270     0.02922535
    7.7477478     0.04477520     0.02628571
    7.7877878     0.05966405     0.02998719
    7.8278278     0.06382535     0.03835620
    7.8678679     0.05388980     0.04710256
    7.9079079     0.03740341     0.05192376
    7.9479479     0.02548434     0.04912495
    7.9879880     0.02288711     0.03805423
    8.0280280     0.02619480     0.02374057
    8.0680681     0.02989480     0.01358000
    8.1081081     0.03182007     0.01149849
    8.1481482     0.03286314     0.01726829
    8.1881882     0.03457851     0.02935863
    8.2282282     0.03797462     0.04503473
    8.2682683     0.04214239     0.05780407
    8.3083083     0.04547021     0.06005451
    8.3483484     0.05159960     0.05403832
    8.3883884     0.07309999     0.05994289
    8.4284284     0.12634384     0.10686132
    8.4684685     0.21508798     0.20301400
    8.5085085     0.30927923     0.30644091
    8.5485485     0.35101186     0.34650770
    8.5885886     0.30598989     0.29618385
    8.6286286     0.20374911     0.19935235
    8.6686687     0.10670164     0.11385428
    8.7087087     0.05216351     0.06040724
    8.7487488     0.03813858     0.03168991
    8.7887888     0.04459479     0.01877570
    8.8288288     0.05270549     0.01961541
    8.8688689     0.05468278     0.03396921
    8.9089089     0.05523454     0.05642401
    8.9489490     0.06227057     0.07699907
    8.9889890     0.07696417     0.08896576
    9.0290290     0.09266341     0.09148366
    9.0690691     0.09940112     0.08593688
    9.1091091     0.09361128     0.07679671
    9.1491491     0.08655847     0.07220237
    9.1891892     0.09435523     0.07583623
    9.2292292     0.11835199     0.08446837
    9.2692693     0.14419772     0.09887325
    9.3093093     0.15964396     0.12445320
    9.3493494     0.16599172     0.15455814
    9.3893894     0.17065103     0.17123624
    9.4294294     0.17376752     0.17145136
    9.4694695     0.16698414     0.17154382
    9.5095095     0.14429154     0.17639262
    9.5495496     0.11081688     0.16706429
    9.5895896     0.07969729     0.12968412
    9.6296296     0.06219622     0.07762748
    9.6696697     0.06117203     0.03585792
    9.7097097     0.06967935     0.01722350
    9.7497497     0.07594777     0.02015725
    9.7897898     0.07417831     0.03701467
    9.8298298     0.06771654     0.05684105
    9.8698699     0.06010607     0.06798145
    9.9099099     0.05096226     0.06589690
    9.9499500     0.04075922     0.05466640
    9.9899900     0.03132915     0.03757858
   10.0300300     0.02380978     0.01330874
   10.0700701     0.02116174    -0.01411456
   10.1101101     0.02806063    -0.03027454
   10.1501502     0.04506927    -0.02460733
   10.1901902     0.06422176    -0.00432445
   10.2302302     0.07209091     0.01426136
   10.2702703     0.06166220     0.02358863
   10.3103103     0.04048266     0.02883746
   10.3503504     0.02227101     0.03941964
   10.3903904     0.01352026     0.05882193
   10.4304304     0.01147317     0.07813986
   10.4704705     0.01087700     0.08207313
   10.5105105     0.00965941     0.06690096
   10.5505506     0.00924295     0.04712864
   10.5905906     0.01087901     0.04002211
   10.6306306     0.01273624     0.04924721
   10.6706707     0.01175365     0.06445071
   10.7107107     0.00909141     0.07201830
   10.7507508     0.01148527     0.06647242
   10.7907908     0.02335789     0.05286039
   10.8308308     0.03852300     0.03797939
   10.8708709     0.04465779     0.02287858
   10.9109109     0.03703758     0.00710338
   10.9509510     0.02373573    -0.00520407
   10.9909910     0.01678621    -0.00957132
   11.0310310     0.02228393    -0.00754960
   11.0710711     0.03721612    -0.00415312
   11.1111111     0.05118818    -0.00202598
   11.1511512     0.05412284    -0.00028408
   11.1911912     0.04580673     0.00357039
   11.2312312     0.03519663     0.01212403
   11.2712713     0.02984114     0.02664293
   11.3113113     0.02904656     0.04485734
   11.3513514     0.02725395     0.06009909
   11.3913914     0.02192162     0.06519729
   11.4314314     0.01678899     0.05895559
   11.4714715     0.01770486     0.04762409
   11.5115115     0.02691863     0.03920535
   11.5515516     0.04099565     0.03706132
   11.5915916     0.05274328     0.03898518
   11.6316316     0.05664267     0.04113550
   11.6716717     0.05328969     0.04109826
   11.7117117     0.04640995     0.03786479
   11.7517518     0.03730237     0.03242711
   11.7917918     0.02628343     0.02860769
   11.8318318     0.01669793     0.02976009
   11.8718719     0.01300468     0.03404471
   11.9119119     0.01567539     0.03589647
   11.9519520     0.01918409     0.03312778
   11.9919920     0.01680099     0.02878927
   12.0320320     0.00943439     0.02369122
   12.0720721     0.00529048     0.01264733
   12.1121121     0.00784735    -0.00635064
   12.1521522     0.01136395    -0.02424582
   12.1921922     0.01048994    -0.02971263
   12.2322322     0.00650010    -0.02244043
   12.2722723     0.00282434    -0.01116960
   12.3123123     0.00002584    -0.00198463
   12.3523524    -0.00476048     0.00612223
   12.3923924    -0.01647172     0.01565870
   12.4324324    -0.03754729     0.02247888
   12.4724725    -0.05991541     0.01445889
   12.5125125    -0.06548932    -0.01557112
   12.5525526    -0.04212373    -0.05330098
   12.5925926     0.00376982    -0.06990601
   12.6326326     0.05236360    -0.05222421
   12.6726727     0.08207808    -0.01501632
   12.7127127     0.08188026     0.02042025
   12.7527528     0.06110805     0.04406535
   12.7927928     0.04168730     0.05294640
   12.8328328     0.03760805     0.04793352
   12.8728729     0.04463879     0.03740709
   12.9129129     0.04642237     0.03186889
   12.9529530     0.03073754     0.03366373
   12.9929930     0.00420493     0.03800665
   13.0330330    -0.01324583     0.04100117
   13.0730731    -0.01015765     0.03887756
   13.1131131     0.00741211     0.02430419
   13.1531532     0.02564859    -0.00315866
   13.1931932     0.03371536    -0.02713191
   13.2332332     0.02925121    -0.02971748
   13.2732733     0.01865489    -0.01180606
   13.3133133     0.01062134     0.01130046
   13.3533534     0.00997424     0.02612653
   13.3933934     0.01726858     0.02893937
   13.4334334     0.02930387     0.02560446
   13.4734735     0.03962365     0.02497588
   13.5135135     0.04422369     0.02919464
   13.5535536     0.04649001     0.03198833
   13.5935936     0.05058255     0.02782065
   13.6336336     0.05297372     0.01938000
   13.6736737     0.04825621     0.01417830
   13.7137137     0.03950906     0.01749010
   13.7537538     0.03500955     0.03007238
   13.7937938     0.03786236     0.04835369
   13.8338338     0.04523537     0.06457192
   13.8738739     0.05466382     0.07009349
   13.9139139     0.06471621     0.06238036
   13.9539540     0.07162855     0.04793198
   13.9939940     0.07165157     0.03597027
   14.0340340     0.06560573     0.03148023
   14.0740741     0.05700623     0.03524109
   14.1141141     0.04895506     0.04454776
   14.1541542     0.04587813     0.05255374
   14.1941942     0.05172809     0.05296581
   14.2342342     0.06207590     0.04636522
   14.2742743     0.06575308     0.03952939
   14.3143143     0.05959954     0.03997035
   14.3543544     0.05306717     0.05008338
   14.3943944     0.05278603     0.06365422
   14.4344344     0.05242603     0.07064211
   14.4744745     0.04426878     0.06702026
   14.5145145     0.03150941     0.05672626
   14.5545546     0.02290674     0.04532495
   14.5945946     0.02275846     0.03567146
   14.6346346     0.03005062     0.02792409
   14.6746747     0.04112817     0.02192867
   14.7147147     0.05114085     0.01992968
   14.7547548     0.05822700     0.02474423
   14.7947948     0.06937021     0.03477255
   14.8348348     0.10066347     0.04539082
   14.8748749     0.16434880     0.05879005
   14.9149149     0.24526911     0.08951367
   14.9549550     0.29616148     0.15196930
   14.9949950     0.27712021     0.23449714
   15.0350350     0.20067675     0.29154131
   15.0750751     0.11993545     0.28015641
   15.1151151     0.07430212     0.20616083
   15.1551552     0.06186331     0.11891758
   15.1951952     0.06001140     0.06305846
   15.2352352     0.05638931     0.04803331
   15.2752753     0.05375014     0.05673308
   15.3153153     0.05417977     0.06798677
   15.3553554     0.05247624     0.07030579
   15.3953954     0.04503604     0.06241046
   15.4354354     0.03485052     0.04845668
   15.4754755     0.02597990     0.03461204
   15.5155155     0.01891006     0.02514236
   15.5555556     0.01250840     0.01980491
   15.5955956     0.00716951     0.01651349
   15.6356356     0.00450066     0.01463525
   15.6756757     0.00534363     0.01399924
   15.7157157     0.00880439     0.01321311
   15.7557558     0.01266121     0.01144030
   15.7957958     0.01541110     0.01036938
   15.8358358     0.01837277     0.01216336
   15.8758759     0.02417316     0.01633415
   15.9159159     0.03220422     0.02034052
   15.9559560     0.03723927     0.02229190
   15.9959960     0.03488690     0.02158584
   16.0360360     0.02819721     0.01863943
   16.0760761     0.02705786     0.01589079
   16.1161161     0.04076297     0.01773720
   16.1561562     0.06945171     0.02807666
   16.1961962     0.10047910     0.04694850
   16.2362362     0.11652623     0.06923107
   16.2762763     0.11126548     0.08959775
   16.3163163     0.09549558     0.10842724
   16.3563564     0.08594690     0.12698130
   16.3963964     0.08777647     0.13873855
   16.4364364     0.08930213     0.13366583
   16.4764765     0.07746253     0.11089581
   16.5165165     0.05577481     0.08168924
   16.5565566     0.03990070     0.05856328
   16.5965966     0.03924550     0.04463809
   16.6366366     0.05178697     0.03642048
   16.6766767     0.07472809     0.03544020
   16.7167167     0.10939765     0.05222662
   16.7567568     0.15072644     0.09337703
   16.7967968     0.18225921     0.14344169
   16.8368368     0.19329179     0.17049920
   16.8768769     0.19252599     0.16093903
   16.9169169     0.19312224     0.13875508
   16.9569570     0.19350209     0.13884231
   16.9969970     0.18190882     0.16863913
   17.0370370     0.15339641     0.20054757
   17.0770771     0.11699109     0.20068855
   17.1171171     0.08557237     0.16515290
   17.1571572     0.06209250     0.11902809
   17.1971972     0.04205873     0.08284370
   17.2372372     0.02475953     0.05902537
   17.2772773     0.01356408     0.04545833
   17.3173173     0.00966616     0.04180230
   17.3573574     0.01204666     0.04450507
   17.3973974     0.02158328     0.04722409
   17.4374374     0.04170224     0.04731146
   17.4774775     0.07447429     0.04881195
   17.5175175     0.11676732     0.05762407
   17.5575576     0.15931898     0.07310891
   17.5975976     0.18706246     0.08517625
   17.6376376     0.18512439     0.08212495
   17.6776777     0.15393827     0.06268105
   17.7177177     0.11285801     0.03850003
   17.7577578     0.07992301     0.02482712
   17.7977978     0.05701502     0.03175048
   17.8378378     0.03884000     0.06128529
   17.8778779     0.02481556     0.10332890
   17.9179179     0.01857261     0.13471336
   17.9579580     0.02214801     0.13514813
   17.9979980     0.03288257     0.10909140
   18.0380380     0.04528694     0.08274776
   18.0780781     0.05717954     0.07559031
   18.1181181     0.07152986     0.08118425
   18.1581582     0.08763894     0.07945098
   18.1981982     0.09616771     0.06312760
   18.2382382     0.09006642     0.04464753
   18.2782783     0.07345771     0.03793661
   18.3183183     0.05460861     0.04211409
   18.3583584     0.03806733     0.04534420
   18.3983984     0.02628789     0.03963679
   18.4384384     0.02346445     0.02876144
   18.4784785     0.03729493     0.02504191
   18.5185185     0.07757224     0.04391745
   18.5585586     0.14794987     0.09727059
   18.5985986     0.23432788     0.17715547
   18.6386386     0.30290402     0.24390093
   18.6786787     0.31767303     0.25302410
   18.7187187     0.26934882     0.20571926
   18.7587588     0.18712782     0.15193342
   18.7987988     0.11404877     0.13370616
   18.8388388     0.07146279     0.14393695
   18.8788789     0.05289441     0.14762178
   18.9189189     0.04508849     0.12661059
   18.9589590     0.04255095     0.09140054
   18.9989990     0.04316741     0.06117891
   19.0390390     0.04321673     0.04803349
   19.0790791     0.04193864     0.05344758
   19.1191191     0.04228400     0.06745250
   19.1591592     0.04359796     0.07458181
   19.1991992     0.04115878     0.06716375
   19.2392392     0.03378015     0.05054915
   19.2792793     0.02477819     0.03450445
   19.3193193     0.01662759     0.02423218
   19.3593594     0.00997335     0.01948763
   19.3993994     0.00567180     0.01711724
   19.4394394     0.00462376     0.01402113
   19.4794795     0.00708845     0.01022784
   19.5195195     0.01347018     0.00895735
   19.5595596     0.02540546     0.01330446
   19.5995996     0.04463695     0.02285114
   19.6396396     0.06819812     0.03299740
   19.6796797     0.08621704     0.03926395
   19.7197197     0.09045050     0.04340692
   19.7597598     0.08343179     0.05191721
   19.7997998     0.07277666     0.06666333
   19.8398398     0.06077452     0.08016229
   19.8798799     0.04605976     0.08185950
   19.9199199     0.03045745     0.06828848
   19.9599600     0.01855814     0.04666872
   20.0000000     0.01335078     0.02840272
