#
#   partial DOS for atom species: Ni
#
#   Add data for atom_index =   1,  n,l,m,z=  3  2 -2  1
#   Add data for atom_index =   1,  n,l,m,z=  3  2 -1  1
#   Add data for atom_index =   1,  n,l,m,z=  3  2  0  1
#   Add data for atom_index =   1,  n,l,m,z=  3  2  1  1
#   Add data for atom_index =   1,  n,l,m,z=  3  2  2  1
#   Add data for atom_index =   1,  n,l,m,z=  3  2 -2  2
#   Add data for atom_index =   1,  n,l,m,z=  3  2 -1  2
#   Add data for atom_index =   1,  n,l,m,z=  3  2  0  2
#   Add data for atom_index =   1,  n,l,m,z=  3  2  1  2
#   Add data for atom_index =   1,  n,l,m,z=  3  2  2  2
#   Add data for atom_index =   1,  n,l,m,z=  3  2 -2  3
#   Add data for atom_index =   1,  n,l,m,z=  3  2 -1  3
#   Add data for atom_index =   1,  n,l,m,z=  3  2  0  3
#   Add data for atom_index =   1,  n,l,m,z=  3  2  1  3
#   Add data for atom_index =   1,  n,l,m,z=  3  2  2  3
#   Add data for atom_index =   2,  n,l,m,z=  3  2 -2  1
#   Add data for atom_index =   2,  n,l,m,z=  3  2 -1  1
#   Add data for atom_index =   2,  n,l,m,z=  3  2  0  1
#   Add data for atom_index =   2,  n,l,m,z=  3  2  1  1
#   Add data for atom_index =   2,  n,l,m,z=  3  2  2  1
#   Add data for atom_index =   2,  n,l,m,z=  3  2 -2  2
#   Add data for atom_index =   2,  n,l,m,z=  3  2 -1  2
#   Add data for atom_index =   2,  n,l,m,z=  3  2  0  2
#   Add data for atom_index =   2,  n,l,m,z=  3  2  1  2
#   Add data for atom_index =   2,  n,l,m,z=  3  2  2  2
#   Add data for atom_index =   2,  n,l,m,z=  3  2 -2  3
#   Add data for atom_index =   2,  n,l,m,z=  3  2 -1  3
#   Add data for atom_index =   2,  n,l,m,z=  3  2  0  3
#   Add data for atom_index =   2,  n,l,m,z=  3  2  1  3
#   Add data for atom_index =   2,  n,l,m,z=  3  2  2  3
#   Add data for atom_index =   3,  n,l,m,z=  3  2 -2  1
#   Add data for atom_index =   3,  n,l,m,z=  3  2 -1  1
#   Add data for atom_index =   3,  n,l,m,z=  3  2  0  1
#   Add data for atom_index =   3,  n,l,m,z=  3  2  1  1
#   Add data for atom_index =   3,  n,l,m,z=  3  2  2  1
#   Add data for atom_index =   3,  n,l,m,z=  3  2 -2  2
#   Add data for atom_index =   3,  n,l,m,z=  3  2 -1  2
#   Add data for atom_index =   3,  n,l,m,z=  3  2  0  2
#   Add data for atom_index =   3,  n,l,m,z=  3  2  1  2
#   Add data for atom_index =   3,  n,l,m,z=  3  2  2  2
#   Add data for atom_index =   3,  n,l,m,z=  3  2 -2  3
#   Add data for atom_index =   3,  n,l,m,z=  3  2 -1  3
#   Add data for atom_index =   3,  n,l,m,z=  3  2  0  3
#   Add data for atom_index =   3,  n,l,m,z=  3  2  1  3
#   Add data for atom_index =   3,  n,l,m,z=  3  2  2  3
#
#    Energy          spin 1        spin2
#
  -20.0000000     0.00000000     0.00000000
  -19.9599600     0.00000000     0.00000000
  -19.9199199     0.00000000     0.00000000
  -19.8798799     0.00000000     0.00000000
  -19.8398398     0.00000000     0.00000000
  -19.7997998     0.00000000     0.00000000
  -19.7597598     0.00000000     0.00000000
  -19.7197197     0.00000000     0.00000000
  -19.6796797     0.00000000     0.00000000
  -19.6396396     0.00000000     0.00000000
  -19.5995996     0.00000000     0.00000000
  -19.5595596     0.00000000     0.00000000
  -19.5195195     0.00000000     0.00000000
  -19.4794795     0.00000000     0.00000000
  -19.4394394     0.00000000     0.00000000
  -19.3993994     0.00000000     0.00000000
  -19.3593594     0.00000000     0.00000000
  -19.3193193     0.00000000     0.00000000
  -19.2792793     0.00000000     0.00000000
  -19.2392392     0.00000000     0.00000000
  -19.1991992     0.00000000     0.00000000
  -19.1591592     0.00000000     0.00000000
  -19.1191191     0.00000000     0.00000000
  -19.0790791     0.00000000     0.00000000
  -19.0390390     0.00000000     0.00000000
  -18.9989990     0.00000000     0.00000000
  -18.9589590     0.00000000     0.00000000
  -18.9189189     0.00000000     0.00000000
  -18.8788789     0.00000000     0.00000000
  -18.8388388     0.00000000     0.00000000
  -18.7987988     0.00000000     0.00000000
  -18.7587588     0.00000000     0.00000000
  -18.7187187     0.00000000     0.00000000
  -18.6786787     0.00000000     0.00000000
  -18.6386386     0.00000000     0.00000000
  -18.5985986     0.00000000     0.00000000
  -18.5585586     0.00000000     0.00000000
  -18.5185185     0.00000000     0.00000000
  -18.4784785     0.00000000     0.00000000
  -18.4384384     0.00000000     0.00000000
  -18.3983984     0.00000000     0.00000000
  -18.3583584     0.00000000     0.00000000
  -18.3183183     0.00000000     0.00000000
  -18.2782783     0.00000000     0.00000000
  -18.2382382     0.00000000     0.00000000
  -18.1981982     0.00000000     0.00000000
  -18.1581582     0.00000000     0.00000000
  -18.1181181     0.00000000     0.00000000
  -18.0780781     0.00000000     0.00000000
  -18.0380380     0.00000000     0.00000000
  -17.9979980     0.00000000     0.00000000
  -17.9579580     0.00000000     0.00000000
  -17.9179179     0.00000000     0.00000000
  -17.8778779     0.00000000     0.00000000
  -17.8378378     0.00000000     0.00000000
  -17.7977978     0.00000000     0.00000000
  -17.7577578     0.00000000     0.00000000
  -17.7177177     0.00000000     0.00000000
  -17.6776777     0.00000000     0.00000000
  -17.6376376     0.00000000     0.00000000
  -17.5975976     0.00000000     0.00000000
  -17.5575576     0.00000000     0.00000000
  -17.5175175     0.00000000     0.00000000
  -17.4774775     0.00000000     0.00000000
  -17.4374374     0.00000000     0.00000000
  -17.3973974     0.00000000     0.00000000
  -17.3573574     0.00000000     0.00000000
  -17.3173173     0.00000000     0.00000000
  -17.2772773     0.00000000     0.00000000
  -17.2372372     0.00000000     0.00000000
  -17.1971972     0.00000000     0.00000000
  -17.1571572     0.00000000     0.00000000
  -17.1171171     0.00000000     0.00000000
  -17.0770771     0.00000000     0.00000000
  -17.0370370     0.00000000     0.00000000
  -16.9969970     0.00000000     0.00000000
  -16.9569570     0.00000000     0.00000000
  -16.9169169     0.00000000     0.00000000
  -16.8768769     0.00000000     0.00000000
  -16.8368368     0.00000000     0.00000000
  -16.7967968     0.00000000     0.00000000
  -16.7567568     0.00000000     0.00000000
  -16.7167167     0.00000000     0.00000000
  -16.6766767     0.00000000     0.00000000
  -16.6366366     0.00000000     0.00000000
  -16.5965966     0.00000000     0.00000000
  -16.5565566     0.00000000     0.00000000
  -16.5165165     0.00000000     0.00000000
  -16.4764765     0.00000000     0.00000000
  -16.4364364     0.00000000     0.00000000
  -16.3963964     0.00000000     0.00000000
  -16.3563564     0.00000000     0.00000000
  -16.3163163     0.00000000     0.00000000
  -16.2762763     0.00000000     0.00000000
  -16.2362362     0.00000000     0.00000000
  -16.1961962     0.00000000     0.00000000
  -16.1561562     0.00000000     0.00000002
  -16.1161161     0.00000000     0.00000016
  -16.0760761     0.00000000     0.00000081
  -16.0360360     0.00000004     0.00000293
  -15.9959960     0.00000023     0.00000765
  -15.9559560     0.00000108     0.00001451
  -15.9159159     0.00000359     0.00001998
  -15.8758759     0.00000870     0.00001996
  -15.8358358     0.00001529     0.00001447
  -15.7957958     0.00001950     0.00000761
  -15.7557558     0.00001804     0.00000291
  -15.7157157     0.00001212     0.00000081
  -15.6756757     0.00000590     0.00000016
  -15.6356356     0.00000209     0.00000002
  -15.5955956     0.00000054     0.00000000
  -15.5555556     0.00000010     0.00000000
  -15.5155155     0.00000001     0.00000000
  -15.4754755     0.00000000     0.00000003
  -15.4354354     0.00000000     0.00000032
  -15.3953954     0.00000002     0.00000232
  -15.3553554     0.00000018     0.00001236
  -15.3153153     0.00000145     0.00004784
  -15.2752753     0.00000865     0.00013495
  -15.2352352     0.00003826     0.00027782
  -15.1951952     0.00012536     0.00041783
  -15.1551552     0.00030347     0.00045784
  -15.1151151     0.00054106     0.00035897
  -15.0750751     0.00070843     0.00018498
  -15.0350350     0.00067949     0.00003382
  -14.9949950     0.00047671    -0.00004315
  -14.9549550     0.00024572    -0.00005421
  -14.9149149     0.00009819    -0.00003513
  -14.8748749     0.00004347    -0.00001533
  -14.8348348     0.00003968    -0.00000474
  -14.7947948     0.00004741    -0.00000093
  -14.7547548     0.00004560     0.00000134
  -14.7147147     0.00003286     0.00001240
  -14.6746747     0.00002285     0.00007472
  -14.6346346     0.00004658     0.00032911
  -14.5945946     0.00018915     0.00106157
  -14.5545546     0.00063897     0.00251277
  -14.5145145     0.00160902     0.00439301
  -14.4744745     0.00302475     0.00579638
  -14.4344344     0.00428846     0.00615826
  -14.3943944     0.00463538     0.00605361
  -14.3543544     0.00385326     0.00623427
  -14.3143143     0.00249124     0.00628894
  -14.2742743     0.00136776     0.00530811
  -14.2342342     0.00108789     0.00341619
  -14.1941942     0.00196686     0.00161996
  -14.1541542     0.00387990     0.00056004
  -14.1141141     0.00585795     0.00014134
  -14.0740741     0.00645404     0.00003201
  -14.0340340     0.00516843     0.00004672
  -13.9939940     0.00304014     0.00021450
  -13.9539540     0.00147598     0.00076880
  -13.9139139     0.00114558     0.00200682
  -13.8738739     0.00204577     0.00383235
  -13.8338338     0.00368408     0.00547152
  -13.7937938     0.00498882     0.00627172
  -13.7537538     0.00491800     0.00681101
  -13.7137137     0.00352112     0.00813263
  -13.6736737     0.00184639     0.00971265
  -13.6336336     0.00081046     0.00964863
  -13.5935936     0.00075292     0.00725499
  -13.5535536     0.00193562     0.00400500
  -13.5135135     0.00463664     0.00161189
  -13.4734735     0.00820015     0.00049364
  -13.4334334     0.01053511     0.00025401
  -13.3933934     0.00982437     0.00073611
  -13.3533534     0.00666422     0.00244153
  -13.3133133     0.00338856     0.00599380
  -13.2732733     0.00178552     0.01069183
  -13.2332332     0.00254569     0.01388652
  -13.1931932     0.00593424     0.01331046
  -13.1531532     0.01120932     0.01004020
  -13.1131131     0.01565501     0.00747748
  -13.0730731     0.01643656     0.00752904
  -13.0330330     0.01391367     0.00939866
  -12.9929930     0.01097957     0.01243183
  -12.9529530     0.00920005     0.01863562
  -12.9129129     0.00825406     0.03009799
  -12.8728729     0.00907532     0.04425096
  -12.8328328     0.01464788     0.05616755
  -12.7927928     0.02588708     0.06642741
  -12.7527528     0.03782447     0.07969128
  -12.7127127     0.04401772     0.09396567
  -12.6726727     0.04614004     0.10005416
  -12.6326326     0.05270175     0.09353076
  -12.5925926     0.06506813     0.07997270
  -12.5525526     0.07401521     0.06650769
  -12.5125125     0.07566419     0.05435542
  -12.4724725     0.07905677     0.04425618
  -12.4324324     0.08896337     0.04368387
  -12.3923924     0.09350645     0.06071929
  -12.3523524     0.08091286     0.09139261
  -12.3123123     0.05973992     0.11765111
  -12.2722723     0.05155153     0.12291831
  -12.2322322     0.06681740     0.11199932
  -12.1921922     0.09281960     0.10695568
  -12.1521522     0.10664481     0.11725560
  -12.1121121     0.09969457     0.12700705
  -12.0720721     0.08240703     0.12031164
  -12.0320320     0.06712504     0.10523310
  -11.9919920     0.06158000     0.10654539
  -11.9519520     0.07524482     0.14598570
  -11.9119119     0.11086493     0.22354506
  -11.8718719     0.14801138     0.30474608
  -11.8318318     0.15420880     0.34063541
  -11.7917918     0.12004448     0.31667478
  -11.7517518     0.07006555     0.27141922
  -11.7117117     0.03648044     0.25715514
  -11.6716717     0.03884913     0.28916081
  -11.6316316     0.08758126     0.33854824
  -11.5915916     0.17799851     0.36938061
  -11.5515516     0.26846026     0.37632249
  -11.5115115     0.29651957     0.38836021
  -11.4714715     0.24600023     0.44148291
  -11.4314314     0.17615701     0.54825611
  -11.3913914     0.16433739     0.69070185
  -11.3513514     0.23590104     0.83384052
  -11.3113113     0.34871017     0.94322602
  -11.2712713     0.43309754     0.99734994
  -11.2312312     0.46069643     0.99101692
  -11.1911912     0.47605784     0.95019854
  -11.1511512     0.53816885     0.94850572
  -11.1111111     0.63827022     1.06190045
  -11.0710711     0.70916348     1.29487379
  -11.0310310     0.71694218     1.57960249
  -10.9909910     0.71468912     1.83020172
  -10.9509510     0.80353530     1.98025863
  -10.9109109     1.05222462     2.00081531
  -10.8708709     1.42070076     1.90463507
  -10.8308308     1.74348037     1.72641746
  -10.7907908     1.85469301     1.50900965
  -10.7507508     1.75739025     1.30767866
  -10.7107107     1.58965036     1.16034756
  -10.6706707     1.43399016     1.05659625
  -10.6306306     1.28393376     1.00468528
  -10.5905906     1.18130402     1.10685837
  -10.5505506     1.24536849     1.46464752
  -10.5105105     1.51823478     1.99232451
  -10.4704705     1.84440502     2.40904223
  -10.4304304     1.98232803     2.48220434
  -10.3903904     1.85725217     2.25325986
  -10.3503504     1.64872769     1.98284328
  -10.3103103     1.57286765     1.90343958
  -10.2702703     1.62765658     2.05575727
  -10.2302302     1.65985389     2.31985826
  -10.1901902     1.64778457     2.53655386
  -10.1501502     1.75516323     2.59776270
  -10.1101101     2.09873064     2.47503057
  -10.0700701     2.60447523     2.21407340
  -10.0300300     3.09748254     1.92862238
   -9.9899900     3.43463332     1.78283097
   -9.9499500     3.56223911     1.90708381
   -9.9099099     3.50460619     2.26186828
   -9.8698699     3.29135039     2.62488390
   -9.8298298     2.92265083     2.78127289
   -9.7897898     2.45203120     2.69394311
   -9.7497497     2.02017428     2.48031404
   -9.7097097     1.72062052     2.30383478
   -9.6696697     1.51690121     2.28386941
   -9.6296296     1.37049322     2.42416009
   -9.5895896     1.36902641     2.60096878
   -9.5495496     1.65233160     2.64073645
   -9.5095095     2.23037861     2.45003047
   -9.4694695     2.90129114     2.11740986
   -9.4294294     3.36801563     1.88353813
   -9.3893894     3.43693182     1.96548942
   -9.3493494     3.12246499     2.40040338
   -9.3093093     2.63589020     3.05476516
   -9.2692693     2.28709489     3.71462340
   -9.2292292     2.29239655     4.16230457
   -9.1891892     2.57953903     4.27413291
   -9.1491491     2.82507329     4.06673403
   -9.1091091     2.80716624     3.62306770
   -9.0690691     2.67643072     3.06216728
   -9.0290290     2.72456991     2.59638997
   -8.9889890     2.97520284     2.47089278
   -8.9489490     3.21809123     2.76365520
   -8.9089089     3.35434211     3.27072361
   -8.8688689     3.47497808     3.64600346
   -8.8288288     3.66954038     3.71629992
   -8.7887888     3.91072374     3.66310178
   -8.7487488     4.06125758     3.84884968
   -8.7087087     3.95290414     4.44490469
   -8.6686687     3.56154993     5.22513537
   -8.6286286     3.13879033     5.69009494
   -8.5885886     3.04696008     5.41341909
   -8.5485485     3.40683032     4.39062866
   -8.5085085     4.03209849     3.11648410
   -8.4684685     4.71374979     2.26043651
   -8.4284284     5.37673343     2.20284004
   -8.3883884     5.92409778     2.82022132
   -8.3483484     6.10218296     3.61661766
   -8.3083083     5.65566001     4.08215303
   -8.2682683     4.63674815     4.04514518
   -8.2282282     3.47622085     3.69237569
   -8.1881882     2.64333104     3.30003697
   -8.1481482     2.24788194     3.05728412
   -8.1081081     2.06665221     3.01162037
   -8.0680681     1.93261229     3.03251873
   -8.0280280     1.93107624     2.94291463
   -7.9879880     2.18227629     2.70797541
   -7.9479479     2.61225944     2.42257191
   -7.9079079     3.02760284     2.23754559
   -7.8678679     3.31440843     2.33551018
   -7.8278278     3.50279570     2.78757250
   -7.7877878     3.69069201     3.38025544
   -7.7477478     3.93339796     3.73486418
   -7.7077077     4.15479047     3.67161160
   -7.6676677     4.16028482     3.35780667
   -7.6276276     3.82386291     3.03979357
   -7.5875876     3.26464605     2.75900463
   -7.5475475     2.77703411     2.43750626
   -7.5075075     2.60586350     2.14122921
   -7.4674675     2.76008822     2.11522554
   -7.4274274     2.98341833     2.54721500
   -7.3873874     2.99500544     3.33529846
   -7.3473473     2.80269311     4.11581922
   -7.3073073     2.66370991     4.55964581
   -7.2672673     2.76830160     4.61538728
   -7.2272272     3.10025012     4.41665351
   -7.1871872     3.52888699     4.05740784
   -7.1471472     3.90785477     3.60129348
   -7.1071071     4.14280296     3.23959568
   -7.0670671     4.22189104     3.22481036
   -7.0270270     4.17843735     3.57979887
   -6.9869870     4.07644939     3.99785279
   -6.9469470     3.98895836     4.11883694
   -6.9069069     3.89435926     3.84888000
   -6.8668669     3.66670859     3.36910881
   -6.8268268     3.21908212     2.91150837
   -6.7867868     2.60645364     2.58797103
   -6.7467467     1.99898866     2.39014988
   -6.7067067     1.55880292     2.28544703
   -6.6666667     1.33149690     2.28178350
   -6.6266266     1.27559568     2.40314464
   -6.5865866     1.34311132     2.61310414
   -6.5465466     1.46819836     2.78215232
   -6.5065065     1.54308283     2.77218962
   -6.4664665     1.50008759     2.54833218
   -6.4264264     1.39471438     2.16340892
   -6.3863864     1.33801933     1.67329147
   -6.3463464     1.36013110     1.13707339
   -6.3063063     1.39734277     0.65323789
   -6.2662663     1.40274188     0.32110097
   -6.2262262     1.39922516     0.17794107
   -6.1861862     1.40854020     0.19261613
   -6.1461461     1.39450882     0.29065305
   -6.1061061     1.30893724     0.37688810
   -6.0660661     1.14893289     0.37790770
   -6.0260260     0.95248281     0.29097340
   -5.9859860     0.77799120     0.17762541
   -5.9459459     0.68736084     0.10206524
   -5.9059059     0.70818506     0.08314419
   -5.8658659     0.80363614     0.09762204
   -5.8258258     0.89248375     0.11419759
   -5.7857858     0.90736126     0.12064162
   -5.7457458     0.84392811     0.12116668
   -5.7057057     0.76280613     0.12322717
   -5.6656657     0.72844737     0.14305103
   -5.6256256     0.73116555     0.20551381
   -5.5855856     0.70082438     0.30995488
   -5.5455455     0.61158647     0.40525359
   -5.5055055     0.52466956     0.42533464
   -5.4654655     0.50599624     0.35272762
   -5.4254254     0.53891292     0.23668822
   -5.3853854     0.54334596     0.15309647
   -5.3453453     0.46914454     0.15613172
   -5.3053053     0.35106110     0.25290790
   -5.2652653     0.27060876     0.39658935
   -5.2252252     0.28387702     0.50978109
   -5.1851852     0.39581485     0.54021104
   -5.1451452     0.57164478     0.49241795
   -5.1051051     0.73963505     0.40503267
   -5.0650651     0.81169072     0.31638049
   -5.0250250     0.74925556     0.24726659
   -4.9849850     0.60852907     0.20025082
   -4.9449449     0.49857864     0.16903711
   -4.9049049     0.48799088     0.14354508
   -4.8648649     0.55543081     0.11850571
   -4.8248248     0.62438100     0.10736163
   -4.7847848     0.62841899     0.13247666
   -4.7447447     0.54924336     0.19621887
   -4.7047047     0.41908488     0.27165409
   -4.6646647     0.29095236     0.31987053
   -4.6246246     0.19604993     0.31330840
   -4.5845846     0.13288667     0.25485620
   -4.5445445     0.09168001     0.17982653
   -4.5045045     0.06893710     0.12639091
   -4.4644645     0.06042473     0.10330142
   -4.4244244     0.06084453     0.09714114
   -4.3843844     0.07835732     0.09981367
   -4.3443443     0.13941339     0.11085356
   -4.3043043     0.26039115     0.12369083
   -4.2642643     0.40375448     0.12868956
   -4.2242242     0.48134902     0.12473096
   -4.1841842     0.43233434     0.11610359
   -4.1441441     0.29055575     0.10181780
   -4.1041041     0.14733034     0.07876725
   -4.0640641     0.06358406     0.05436250
   -4.0240240     0.04225720     0.04484608
   -3.9839840     0.05860804     0.05810465
   -3.9439439     0.08603194     0.08237435
   -3.9039039     0.10527469     0.09619578
   -3.8638639     0.10963428     0.09227317
   -3.8238238     0.10396340     0.08373650
   -3.7837838     0.09825077     0.08095836
   -3.7437437     0.09935692     0.07599828
   -3.7037037     0.10395824     0.05883697
   -3.6636637     0.10260480     0.03448648
   -3.6236236     0.09016492     0.01504684
   -3.5835836     0.06835136     0.00614200
   -3.5435435     0.04383717     0.00857553
   -3.5035035     0.02645449     0.02788794
   -3.4634635     0.02382265     0.07528855
   -3.4234234     0.03580609     0.15190030
   -3.3833834     0.05468137     0.23137719
   -3.3433433     0.07192954     0.27355952
   -3.3033033     0.08449793     0.26228683
   -3.2632633     0.09196641     0.21464128
   -3.2232232     0.09367766     0.15539859
   -3.1831832     0.09329419     0.10328884
   -3.1431431     0.09504182     0.07559487
   -3.1031031     0.09431248     0.08197448
   -3.0630631     0.08808384     0.10900033
   -3.0230230     0.09185440     0.12429354
   -2.9829830     0.12525604     0.10723883
   -2.9429429     0.17746922     0.07007509
   -2.9029029     0.20740264     0.04097390
   -2.8628629     0.19300849     0.03495682
   -2.8228228     0.16254976     0.04545966
   -2.7827828     0.15519853     0.05459395
   -2.7427427     0.16780135     0.04956628
   -2.7027027     0.16699477     0.03285012
   -2.6626627     0.14248547     0.01581317
   -2.6226226     0.11843772     0.00553611
   -2.5825826     0.11340879     0.00151613
   -2.5425425     0.11650484     0.00105790
   -2.5025025     0.10991717     0.00407193
   -2.4624625     0.09493458     0.01493541
   -2.4224224     0.08328555     0.04083921
   -2.3823824     0.07499379     0.08385879
   -2.3423423     0.06049485     0.13229424
   -2.3023023     0.03864851     0.16495605
   -2.2622623     0.01853676     0.16657445
   -2.2222222     0.00692537     0.13805788
   -2.1821822     0.00367270     0.09634844
   -2.1421421     0.00676072     0.06372563
   -2.1021021     0.01498583     0.05013599
   -2.0620621     0.02518298     0.04791851
   -2.0220220     0.03128460     0.04608582
   -1.9819820     0.03072702     0.04242232
   -1.9419419     0.03098676     0.03914748
   -1.9019019     0.04461420     0.03528643
   -1.8618619     0.07446311     0.02818658
   -1.8218218     0.10632360     0.01836907
   -1.7817818     0.12458153     0.00930845
   -1.7417417     0.13406407     0.00357018
   -1.7017017     0.14978752     0.00101985
   -1.6616617     0.16593393     0.00021490
   -1.6216216     0.15894396     0.00003396
   -1.5815816     0.12252333     0.00001380
   -1.5415415     0.07648355     0.00009468
   -1.5015015     0.04081191     0.00064732
   -1.4614615     0.01959369     0.00324681
   -1.4214214     0.00835908     0.01191847
   -1.3813814     0.00296262     0.03206154
   -1.3413413     0.00081766     0.06340464
   -1.3013013     0.00016917     0.09298049
   -1.2612613     0.00002580     0.10354065
   -1.2212212     0.00000345     0.09274676
   -1.1811812     0.00000750     0.07389027
   -1.1411411     0.00006631     0.05659379
   -1.1011011     0.00044223     0.03999630
   -1.0610611     0.00216829     0.02344355
   -1.0210210     0.00787556     0.01068595
   -0.9809810     0.02143145     0.00440008
   -0.9409409     0.04432729     0.00460137
   -0.9009009     0.07073191     0.01211897
   -0.8608609     0.08800169     0.03005772
   -0.8208208     0.08554550     0.06118207
   -0.7807808     0.06476208     0.10281463
   -0.7407407     0.03914141     0.14114393
   -0.7007007     0.02348730     0.15378894
   -0.6606607     0.02364864     0.12899270
   -0.6206206     0.03448562     0.08141816
   -0.5805806     0.04490101     0.03812881
   -0.5405405     0.04855111     0.01314052
   -0.5005005     0.05177514     0.00331721
   -0.4604605     0.06622889     0.00061247
   -0.4204204     0.09426679     0.00009199
   -0.3803804     0.12632368     0.00009295
   -0.3403403     0.14782110     0.00053823
   -0.3003003     0.14475908     0.00248117
   -0.2602603     0.11334562     0.00838771
   -0.2202202     0.06818267     0.02102054
   -0.1801802     0.03068490     0.04006600
   -0.1401401     0.01017795     0.06098951
   -0.1001001     0.00246893     0.07953549
   -0.0600601     0.00043630     0.09370719
   -0.0200200     0.00005614     0.09860226
    0.0200200     0.00000656     0.08746605
    0.0600601     0.00001538     0.06271501
    0.1001001     0.00012354     0.03896811
    0.1401401     0.00073919     0.03235480
    0.1801802     0.00323266     0.04900502
    0.2202202     0.01041615     0.07884785
    0.2602603     0.02515306     0.09897134
    0.3003003     0.04703170     0.09368681
    0.3403403     0.07169368     0.07299267
    0.3803804     0.09401766     0.06123755
    0.4204204     0.10793250     0.07064291
    0.4604605     0.10519737     0.09559366
    0.5005005     0.08441843     0.12712328
    0.5405405     0.06041554     0.16227494
    0.5805806     0.05564146     0.20107170
    0.6206206     0.08079016     0.23810808
    0.6606607     0.12285204     0.25585473
    0.7007007     0.15097710     0.23562658
    0.7407407     0.14169745     0.18389934
    0.7807808     0.10266362     0.13438797
    0.8208208     0.06632011     0.11305909
    0.8608609     0.06216585     0.11284148
    0.9009009     0.09877158     0.11171602
    0.9409409     0.16010760     0.10351978
    0.9809810     0.20975657     0.09785065
    1.0210210     0.21438326     0.09894380
    1.0610611     0.17672507     0.10313889
    1.1011011     0.13279557     0.11073395
    1.1411411     0.11130924     0.11974938
    1.1811812     0.11170234     0.11617034
    1.2212212     0.11993649     0.09101266
    1.2612613     0.12794955     0.05800676
    1.3013013     0.13439942     0.03974747
    1.3413413     0.13478535     0.04392303
    1.3813814     0.12263063     0.05808985
    1.4214214     0.10326279     0.06286239
    1.4614615     0.09172285     0.05035959
    1.5015015     0.09254063     0.02949212
    1.5415415     0.09852613     0.01318474
    1.5815816     0.11179868     0.00671519
    1.6216216     0.14264159     0.00938134
    1.6616617     0.18038622     0.02055795
    1.7017017     0.19070857     0.04140994
    1.7417417     0.15572843     0.07182316
    1.7817818     0.09821620     0.10428863
    1.8218218     0.05640298     0.12365626
    1.8618619     0.04978358     0.12213862
    1.9019019     0.07076555     0.11135308
    1.9419419     0.09487440     0.10590076
    1.9819820     0.10093353     0.10227728
    2.0220220     0.09025010     0.09271098
    2.0620621     0.08231851     0.09186049
    2.1021021     0.09116855     0.12672203
    2.1421421     0.11098256     0.19520734
    2.1821822     0.12352711     0.25079308
    2.2222222     0.12029058     0.24881413
    2.2622623     0.11571403     0.20115437
    2.3023023     0.12724941     0.15719368
    2.3423423     0.14623258     0.13887348
    2.3823824     0.15011353     0.12567436
    2.4224224     0.14060203     0.09711577
    2.4624625     0.14110018     0.06143260
    2.5025025     0.15698207     0.03985860
    2.5425425     0.17025828     0.04097896
    2.5825826     0.17309110     0.05646386
    2.6226226     0.17199037     0.07526307
    2.6626627     0.16107002     0.09630836
    2.7027027     0.12713236     0.12042492
    2.7427427     0.07760004     0.13378444
    2.7827828     0.03529475     0.11845366
    2.8228228     0.01233806     0.07901989
    2.8628629     0.00535078     0.03979887
    2.9029029     0.00743952     0.01910955
    2.9429429     0.01433852     0.02025785
    2.9829830     0.02349603     0.03965074
    3.0230230     0.03514134     0.07162710
    3.0630631     0.05325476     0.11173422
    3.1031031     0.07736549     0.16232066
    3.1431431     0.09404880     0.22468740
    3.1831832     0.08841207     0.28243683
    3.2232232     0.06502512     0.31255761
    3.2632633     0.04685230     0.31525052
    3.3033033     0.05424437     0.30705179
    3.3433433     0.09120970     0.28788633
    3.3833834     0.14910740     0.24422628
    3.4234234     0.21829922     0.18182120
    3.4634635     0.28882916     0.13257719
    3.5035035     0.33789983     0.12569470
    3.5435435     0.33759179     0.15851172
    3.5835836     0.28896790     0.19978514
    3.6236236     0.22812774     0.22593835
    3.6636637     0.18874777     0.24714499
    3.7037037     0.17737964     0.28369041
    3.7437437     0.18235177     0.32940991
    3.7837838     0.18652106     0.36121080
    3.8238238     0.17698396     0.36796805
    3.8638639     0.15409889     0.34926127
    3.9039039     0.12806317     0.30640848
    3.9439439     0.11097213     0.24870457
    3.9839840     0.11474600     0.19253306
    4.0240240     0.14533526     0.15014061
    4.0640641     0.19906838     0.12554676
    4.1041041     0.26917537     0.11416915
    4.1441441     0.34549838     0.10281039
    4.1841842     0.40495639     0.08043832
    4.2242242     0.41654862     0.05078441
    4.2642643     0.36881806     0.02756947
    4.3043043     0.29151991     0.02019982
    4.3443443     0.23593540     0.02831241
    4.3843844     0.22454287     0.04529387
    4.4244244     0.22864480     0.06358257
    4.4644645     0.20534373     0.07810485
    4.5045045     0.14721801     0.08572393
    4.5445445     0.08389722     0.08428617
    4.5845846     0.04642217     0.07383377
    4.6246246     0.04433687     0.05651682
    4.6646647     0.06659449     0.03622941
    4.7047047     0.09011834     0.01851432
    4.7447447     0.09547207     0.00750293
    4.7847848     0.08348864     0.00365780
    4.8248248     0.06887334     0.00640301
    4.8648649     0.05784389     0.01747184
    4.9049049     0.04498282     0.04059780
    4.9449449     0.02832359     0.07848285
    4.9849850     0.01344132     0.12811807
    5.0250250     0.00468257     0.17405651
    5.0650651     0.00118770     0.19003534
    5.1051051     0.00022225     0.16186832
    5.1451452     0.00007043     0.10955572
    5.1851852     0.00035246     0.07371192
    5.2252252     0.00219446     0.08016520
    5.2652653     0.01022042     0.11927702
    5.3053053     0.03554842     0.15252244
    5.3453453     0.09326496     0.14558512
    5.3853854     0.18718979     0.10146086
    5.4254254     0.29208930     0.05202658
    5.4654655     0.35906340     0.02212137
    5.5055055     0.34926014     0.01546547
    5.5455455     0.26695241     0.02521265
    5.5855856     0.15796697     0.04134394
    5.6256256     0.07117132     0.05272971
    5.6656657     0.02411741     0.05743571
    5.7057057     0.00639346     0.07408786
    5.7457458     0.00281422     0.13181195
    5.7857858     0.00639056     0.23416799
    5.8258258     0.01732755     0.33164902
    5.8658659     0.03591376     0.35438298
    5.9059059     0.05554590     0.28544786
    5.9459459     0.06516820     0.17747769
    5.9859860     0.06324858     0.09369460
    6.0260260     0.06569433     0.06325947
    6.0660661     0.09401810     0.09044272
    6.1061061     0.15600044     0.16989066
    6.1461461     0.23843685     0.27718539
    6.1861862     0.31845564     0.36144402
    6.2262262     0.37937825     0.37299833
    6.2662663     0.41366923     0.31018439
    6.3063063     0.42119020     0.23064073
    6.3463464     0.40873715     0.20284298
    6.3863864     0.38045314     0.24315794
    6.4264264     0.33426068     0.30432148
    6.4664665     0.27891567     0.32543046
    6.5065065     0.23899357     0.28897621
    6.5465466     0.22648661     0.23098647
    6.5865866     0.22459772     0.20213228
    6.6266266     0.21934715     0.22182475
    6.6666667     0.22463288     0.27073626
    6.7067067     0.24889379     0.31487701
    6.7467467     0.26416546     0.32175311
    6.7867868     0.23941712     0.27444183
    6.8268268     0.18079325     0.19217975
    6.8668669     0.12135273     0.11889563
    6.9069069     0.09612977     0.08591186
    6.9469470     0.13013564     0.10219756
    6.9869870     0.21722425     0.16188111
    7.0270270     0.30086046     0.23316493
    7.0670671     0.31011893     0.26423677
    7.1071071     0.23369890     0.23387330
    7.1471472     0.12986456     0.17514423
    7.1871872     0.05766578     0.12866418
    7.2272272     0.03040828     0.10268941
    7.2672673     0.03320006     0.08974065
    7.3073073     0.05703860     0.08882332
    7.3473473     0.11016586     0.09970335
    7.3873874     0.19678528     0.11243284
    7.4274274     0.28364534     0.11281813
    7.4674675     0.31103240     0.09992031
    7.5075075     0.25746179     0.09119828
    7.5475475     0.16985032     0.10233043
    7.5875876     0.11013844     0.12980128
    7.6276276     0.09700230     0.15767231
    7.6676677     0.11545298     0.16926180
    7.7077077     0.15900314     0.15569093
    7.7477478     0.23072758     0.13184817
    7.7877878     0.30282205     0.13859506
    7.8278278     0.31690843     0.21186910
    7.8678679     0.25070898     0.34858764
    7.9079079     0.15292540     0.50338150
    7.9479479     0.09374556     0.61465468
    7.9879880     0.10998586     0.63904372
    8.0280280     0.19789956     0.57284837
    8.0680681     0.32465267     0.45261225
    8.1081081     0.44400765     0.33976512
    8.1481482     0.51724503     0.28476397
    8.1881882     0.52556511     0.28682861
    8.2282282     0.47459175     0.30589007
    8.2682683     0.39276334     0.32107808
    8.3083083     0.31746463     0.34277010
    8.3483484     0.27979620     0.36300645
    8.3883884     0.29304090     0.34465812
    8.4284284     0.33809066     0.27875718
    8.4684685     0.36805554     0.21335629
    8.5085085     0.34781902     0.20335372
    8.5485485     0.28434312     0.25334398
    8.5885886     0.21681196     0.32445067
    8.6286286     0.18712781     0.38115940
    8.6686687     0.20861799     0.41359788
    8.7087087     0.25835461     0.42606331
    8.7487488     0.30763045     0.42243889
    8.7887888     0.34185591     0.39730349
    8.8288288     0.34728521     0.34113456
    8.8688689     0.32015426     0.26072122
    8.9089089     0.29159189     0.18378670
    8.9489490     0.30018905     0.13540440
    8.9889890     0.34252739     0.11351812
    9.0290290     0.37608849     0.09514407
    9.0690691     0.36411799     0.06683553
    9.1091091     0.31033635     0.03759304
    9.1491491     0.25238761     0.02313123
    9.1891892     0.21854018     0.03154322
    9.2292292     0.19702918     0.06075417
    9.2692693     0.16073605     0.09669583
    9.3093093     0.11202273     0.12035679
    9.3493494     0.08288673     0.12847355
    9.3893894     0.09720346     0.13521552
    9.4294294     0.14624159     0.14316923
    9.4694695     0.19773335     0.13383513
    9.5095095     0.22542722     0.09824609
    9.5495496     0.22587868     0.05378538
    9.5895896     0.20388952     0.02194976
    9.6296296     0.15968733     0.00860137
    9.6696697     0.10142469     0.01028929
    9.7097097     0.04951413     0.02625189
    9.7497497     0.01802539     0.05872384
    9.7897898     0.00482253     0.10466697
    9.8298298     0.00095044     0.14999084
    9.8698699     0.00022208     0.17549455
    9.9099099     0.00064569     0.17330885
    9.9499500     0.00332366     0.15546918
    9.9899900     0.01292859     0.14045675
   10.0300300     0.03760820     0.13498496
   10.0700701     0.08310635     0.13250369
   10.1101101     0.14292701     0.12418107
   10.1501502     0.19781352     0.11127356
   10.1901902     0.22872750     0.10822865
   10.2302302     0.22659116     0.12849629
   10.2702703     0.19158961     0.16970463
   10.3103103     0.13485306     0.21551879
   10.3503504     0.07964627     0.24166293
   10.3903904     0.04852509     0.22458270
   10.4304304     0.04983457     0.16432702
   10.4704705     0.08250175     0.09315278
   10.5105105     0.14560293     0.04890093
   10.5505506     0.22835169     0.05269211
   10.5905906     0.29502388     0.11287340
   10.6306306     0.30471189     0.22309510
   10.6706707     0.25218791     0.34743873
   10.7107107     0.17534228     0.43069098
   10.7507508     0.12635125     0.43667578
   10.7907908     0.14142413     0.36958459
   10.8308308     0.22186860     0.26416074
   10.8708709     0.32974192     0.16625560
   10.9109109     0.40658700     0.11413934
   10.9509510     0.40866837     0.12399723
   10.9909910     0.33543167     0.18692239
   11.0310310     0.23073762     0.28289002
   11.0710711     0.15213838     0.39641568
   11.1111111     0.13177186     0.50525591
   11.1511512     0.16551466     0.56720257
   11.1911912     0.23086675     0.55534430
   11.2312312     0.30143614     0.49701587
   11.2712713     0.35346482     0.43859771
   11.3113113     0.37797973     0.38493458
   11.3513514     0.37870733     0.31454658
   11.3913914     0.35583216     0.23575096
   11.4314314     0.31772052     0.18187086
   11.4714715     0.29634362     0.16477638
   11.5115115     0.31722114     0.16488880
   11.5515516     0.37135058     0.16149191
   11.5915916     0.42835606     0.15893723
   11.6316316     0.45296586     0.17712062
   11.6716717     0.41965721     0.22009628
   11.7117117     0.33570777     0.26483137
   11.7517518     0.24025076     0.28215030
   11.7917918     0.17575956     0.26337462
   11.8318318     0.16444540     0.22401188
   11.8718719     0.19907257     0.19135006
   11.9119119     0.25089040     0.19753176
   11.9519520     0.29769402     0.26299428
   11.9919920     0.33908037     0.36471058
   12.0320320     0.37314262     0.43567670
   12.0720721     0.37540135     0.41804796
   12.1121121     0.32198919     0.31842396
   12.1521522     0.22655099     0.20155133
   12.1921922     0.13731343     0.13030179
   12.2322322     0.09578096     0.12726210
   12.2722723     0.10521130     0.19585850
   12.3123123     0.14091178     0.34012627
   12.3523524     0.18879710     0.52360336
   12.3923924     0.26179807     0.64007801
   12.4324324     0.36168097     0.59871989
   12.4724725     0.44316599     0.43031767
   12.5125125     0.45015524     0.24758848
   12.5525526     0.37560542     0.12327283
   12.5925926     0.26515675     0.05691293
   12.6326326     0.18016717     0.02398040
   12.6726727     0.16156356     0.00875304
   12.7127127     0.20557427     0.00420065
   12.7527528     0.27090563     0.00845330
   12.7927928     0.31740229     0.02480772
   12.8328328     0.32654391     0.05774185
   12.8728729     0.28973833     0.10607010
   12.9129129     0.21145680     0.16454075
   12.9529530     0.12281296     0.22969358
   12.9929930     0.06380996     0.28950711
   13.0330330     0.05722590     0.31564888
   13.0730731     0.10509859     0.29290059
   13.1131131     0.18535516     0.24404529
   13.1531532     0.24706937     0.20284605
   13.1931932     0.24330926     0.18190286
   13.2332332     0.18208543     0.17577550
   13.2732733     0.12193884     0.17347339
   13.3133133     0.11428208     0.16918027
   13.3533534     0.16268899     0.16889325
   13.3933934     0.22872084     0.17379289
   13.4334334     0.27088393     0.16557214
   13.4734735     0.28408375     0.13123848
   13.5135135     0.29234523     0.08931787
   13.5535536     0.30254518     0.07002925
   13.5935936     0.29277713     0.07938464
   13.6336336     0.25174692     0.09593487
   13.6736737     0.19758374     0.10117419
   13.7137137     0.14986105     0.10573654
   13.7537538     0.11293225     0.13526482
   13.7937938     0.09057284     0.19099229
   13.8338338     0.08792080     0.24159550
   13.8738739     0.09724346     0.26314817
   13.9139139     0.10462040     0.27099393
   13.9539540     0.10928420     0.30132719
   13.9939940     0.12154219     0.37574909
   14.0340340     0.14912001     0.48247173
   14.0740741     0.19272863     0.57632119
   14.1141141     0.24321537     0.60922574
   14.1541542     0.28957843     0.57280512
   14.1941942     0.34130587     0.49970318
   14.2342342     0.41680539     0.42764359
   14.2742743     0.49821123     0.37898083
   14.3143143     0.53073593     0.35653404
   14.3543544     0.47806492     0.33760024
   14.3943944     0.36341850     0.29476988
   14.4344344     0.25920135     0.23172312
   14.4744745     0.23529180     0.17722850
   14.5145145     0.29828016     0.15364294
   14.5545546     0.37968057     0.16525075
   14.5945946     0.40115450     0.19567496
   14.6346346     0.34843709     0.21449983
   14.6746747     0.26693645     0.21078172
   14.7147147     0.20385918     0.21142886
   14.7547548     0.17521741     0.24537553
   14.7947948     0.17127746     0.30012616
   14.8348348     0.17522769     0.32939168
   14.8748749     0.18040564     0.30172869
   14.9149149     0.19517136     0.23344461
   14.9549550     0.22951494     0.16827839
   14.9949950     0.28233946     0.13057178
   15.0350350     0.34566565     0.10907551
   15.0750751     0.40169176     0.08333452
   15.1151151     0.41459973     0.05093736
   15.1551552     0.35878692     0.02346240
   15.1951952     0.25448482     0.00796212
   15.2352352     0.14924612     0.00197355
   15.2752753     0.07389702     0.00035620
   15.3153153     0.03113131     0.00004930
   15.3553554     0.01094227     0.00003369
   15.3953954     0.00309246     0.00023665
   15.4354354     0.00068832     0.00138619
   15.4754755     0.00021555     0.00590130
   15.5155155     0.00070723     0.01824606
   15.5555556     0.00337076     0.04104323
   15.5955956     0.01188118     0.06754387
   15.6356356     0.03040150     0.08278291
   15.6756757     0.05645459     0.07991888
   15.7157157     0.07610660     0.07123019
   15.7557558     0.07472831     0.07852057
   15.7957958     0.05505524     0.12133358
   15.8358358     0.03807919     0.20929789
   15.8758759     0.04813137     0.32504596
   15.9159159     0.09892767     0.42430435
   15.9559560     0.17835532     0.47253958
   15.9959960     0.24430779     0.46094783
   16.0360360     0.26547858     0.38848940
   16.0760761     0.27116085     0.27392281
   16.1161161     0.31909814     0.17331328
   16.1561562     0.40587673     0.13987214
   16.1961962     0.45499671     0.17053598
   16.2362362     0.40858208     0.20801515
   16.2762763     0.29477690     0.19763885
   16.3163163     0.19252569     0.14026799
   16.3563564     0.15433857     0.08171480
   16.3963964     0.16786578     0.06081950
   16.4364364     0.18084608     0.08240900
   16.4764765     0.16257521     0.12702237
   16.5165165     0.13378034     0.17436213
   16.5565566     0.12883476     0.21984461
   16.5965966     0.14711137     0.26300116
   16.6366366     0.15889357     0.28447882
   16.6766767     0.14786157     0.26129665
   16.7167167     0.13368800     0.21209467
   16.7567568     0.15704296     0.20247833
   16.7967968     0.24459257     0.28802934
   16.8368368     0.37823495     0.45262013
   16.8768769     0.49317881     0.60674926
   16.9169169     0.51631171     0.65899603
   16.9569570     0.42671713     0.59790217
   16.9969970     0.28067726     0.48922828
   17.0370370     0.16144664     0.39170939
   17.0770771     0.11784171     0.31052072
   17.1171171     0.16330554     0.23914053
   17.1571572     0.29096406     0.20199406
   17.1971972     0.45779584     0.23005131
   17.2372372     0.58983425     0.31116037
   17.2772773     0.63355477     0.39146803
   17.3173173     0.58530100     0.42768220
   17.3573574     0.47871738     0.41317670
   17.3973974     0.37387908     0.35971530
   17.4374374     0.32808204     0.28782120
   17.4774775     0.33723239     0.22545640
   17.5175175     0.33399140     0.19429655
   17.5575576     0.26939661     0.20577351
   17.5975976     0.16681753     0.26665721
   17.6376376     0.08351890     0.37002986
   17.6776777     0.05675769     0.48852635
   17.7177177     0.10119579     0.59706195
   17.7577578     0.21956902     0.68432400
   17.7977978     0.38465936     0.71963807
   17.8378378     0.53294003     0.65428458
   17.8778779     0.61010745     0.49274495
   17.9179179     0.61089942     0.31643623
   17.9579580     0.56096614     0.20912656
   17.9979980     0.49056106     0.18774791
   18.0380380     0.43325639     0.20930422
   18.0780781     0.41760179     0.22216551
   18.1181181     0.44210789     0.20553048
   18.1581582     0.46164031     0.17383302
   18.1981982     0.41927063     0.15979183
   18.2382382     0.30762535     0.18980788
   18.2782783     0.18207489     0.25792025
   18.3183183     0.10413178     0.32085805
   18.3583584     0.08972726     0.32916971
   18.3983984     0.11314241     0.26878442
   18.4384384     0.14451624     0.17250148
   18.4784785     0.17955217     0.09197851
   18.5185185     0.23103940     0.06510146
   18.5585586     0.29231793     0.11026413
   18.5985986     0.32619180     0.22504454
   18.6386386     0.30048079     0.36531870
   18.6786787     0.22528426     0.45246229
   18.7187187     0.15024845     0.45020584
   18.7587588     0.13176340     0.43165145
   18.7987988     0.19640677     0.52621200
   18.8388388     0.31205228     0.77374757
   18.8788789     0.39765904     1.04180062
   18.9189189     0.40603554     1.12742570
   18.9589590     0.40393199     0.95651663
   18.9989990     0.51559111     0.64450066
   19.0390390     0.76324062     0.35748304
   19.0790791     1.00604244     0.17314189
   19.1191191     1.07403505     0.08237688
   19.1591592     0.93150083     0.05400380
   19.1991992     0.67579124     0.06115918
   19.2392392     0.42386964     0.07622888
   19.2792793     0.23761510     0.07584667
   19.3193193     0.12188452     0.05641761
   19.3593594     0.05646677     0.03358288
   19.3993994     0.02242638     0.02442255
   19.4394394     0.00729875     0.03645166
   19.4794795     0.00237879     0.07044086
   19.5195195     0.00315853     0.12497641
   19.5595596     0.01057751     0.19161538
   19.5995996     0.02892426     0.24355718
   19.6396396     0.05813223     0.24612430
   19.6796797     0.08706122     0.19650937
   19.7197197     0.10363454     0.13855360
   19.7597598     0.11578444     0.12569192
   19.7997998     0.14727128     0.18230433
   19.8398398     0.20504663     0.29244961
   19.8798799     0.26849803     0.40310042
   19.9199199     0.31833184     0.45447237
   19.9599600     0.35642661     0.43418499
   20.0000000     0.39282076     0.39039543
