#
#   partial DOS for atom species: Ni
#
#   Add data for atom_index =   2,  n,l,m,z=  3  2 -2  1
#   Add data for atom_index =   2,  n,l,m,z=  3  2 -1  1
#   Add data for atom_index =   2,  n,l,m,z=  3  2  0  1
#   Add data for atom_index =   2,  n,l,m,z=  3  2  1  1
#   Add data for atom_index =   2,  n,l,m,z=  3  2  2  1
#   Add data for atom_index =   2,  n,l,m,z=  3  2 -2  2
#   Add data for atom_index =   2,  n,l,m,z=  3  2 -1  2
#   Add data for atom_index =   2,  n,l,m,z=  3  2  0  2
#   Add data for atom_index =   2,  n,l,m,z=  3  2  1  2
#   Add data for atom_index =   2,  n,l,m,z=  3  2  2  2
#   Add data for atom_index =   2,  n,l,m,z=  3  2 -2  3
#   Add data for atom_index =   2,  n,l,m,z=  3  2 -1  3
#   Add data for atom_index =   2,  n,l,m,z=  3  2  0  3
#   Add data for atom_index =   2,  n,l,m,z=  3  2  1  3
#   Add data for atom_index =   2,  n,l,m,z=  3  2  2  3
#
#    Energy          spin 1        spin2
#
  -20.0000000     0.00000000     0.00000000
  -19.9599600     0.00000000     0.00000000
  -19.9199199     0.00000000     0.00000000
  -19.8798799     0.00000000     0.00000000
  -19.8398398     0.00000000     0.00000000
  -19.7997998     0.00000000     0.00000000
  -19.7597598     0.00000000     0.00000000
  -19.7197197     0.00000000     0.00000000
  -19.6796797     0.00000000     0.00000000
  -19.6396396     0.00000000     0.00000000
  -19.5995996     0.00000000     0.00000000
  -19.5595596     0.00000000     0.00000000
  -19.5195195     0.00000000     0.00000000
  -19.4794795     0.00000000     0.00000000
  -19.4394394     0.00000000     0.00000000
  -19.3993994     0.00000000     0.00000000
  -19.3593594     0.00000000     0.00000000
  -19.3193193     0.00000000     0.00000000
  -19.2792793     0.00000000     0.00000000
  -19.2392392     0.00000000     0.00000000
  -19.1991992     0.00000000     0.00000000
  -19.1591592     0.00000000     0.00000000
  -19.1191191     0.00000000     0.00000000
  -19.0790791     0.00000000     0.00000000
  -19.0390390     0.00000000     0.00000000
  -18.9989990     0.00000000     0.00000000
  -18.9589590     0.00000000     0.00000000
  -18.9189189     0.00000000     0.00000000
  -18.8788789     0.00000000     0.00000000
  -18.8388388     0.00000000     0.00000000
  -18.7987988     0.00000000     0.00000000
  -18.7587588     0.00000000     0.00000000
  -18.7187187     0.00000000     0.00000000
  -18.6786787     0.00000000     0.00000000
  -18.6386386     0.00000000     0.00000000
  -18.5985986     0.00000000     0.00000000
  -18.5585586     0.00000000     0.00000000
  -18.5185185     0.00000000     0.00000000
  -18.4784785     0.00000000     0.00000000
  -18.4384384     0.00000000     0.00000000
  -18.3983984     0.00000000     0.00000000
  -18.3583584     0.00000000     0.00000000
  -18.3183183     0.00000000     0.00000000
  -18.2782783     0.00000000     0.00000000
  -18.2382382     0.00000000     0.00000000
  -18.1981982     0.00000000     0.00000000
  -18.1581582     0.00000000     0.00000000
  -18.1181181     0.00000000     0.00000000
  -18.0780781     0.00000000     0.00000000
  -18.0380380     0.00000000     0.00000000
  -17.9979980     0.00000000     0.00000000
  -17.9579580     0.00000000     0.00000000
  -17.9179179     0.00000001     0.00000001
  -17.8778779     0.00000007     0.00000014
  -17.8378378     0.00000069     0.00000121
  -17.7977978     0.00000474     0.00000769
  -17.7577578     0.00002373     0.00003548
  -17.7177177     0.00008625     0.00011877
  -17.6776777     0.00022749     0.00028858
  -17.6376376     0.00043556     0.00050907
  -17.5975976     0.00060625     0.00065364
  -17.5575576     0.00061943     0.00062051
  -17.5175175     0.00049237     0.00047614
  -17.4774775     0.00039519     0.00041218
  -17.4374374     0.00048305     0.00054841
  -17.3973974     0.00072882     0.00079578
  -17.3573574     0.00092424     0.00092370
  -17.3173173     0.00088891     0.00080248
  -17.2772773     0.00068843     0.00055789
  -17.2372372     0.00057191     0.00044024
  -17.1971972     0.00069220     0.00058411
  -17.1571572     0.00095703     0.00090857
  -17.1171171     0.00119602     0.00124136
  -17.0770771     0.00145062     0.00159564
  -17.0370370     0.00194337     0.00221111
  -16.9969970     0.00265898     0.00309389
  -16.9569570     0.00315235     0.00369884
  -16.9169169     0.00300920     0.00350385
  -16.8768769     0.00241743     0.00279066
  -16.8368368     0.00202571     0.00237012
  -16.7967968     0.00218157     0.00255180
  -16.7567568     0.00251834     0.00280296
  -16.7167167     0.00248695     0.00254011
  -16.6766767     0.00218588     0.00196307
  -16.6366366     0.00236307     0.00189524
  -16.5965966     0.00352998     0.00293218
  -16.5565566     0.00531018     0.00481644
  -16.5165165     0.00693549     0.00669521
  -16.4764765     0.00815072     0.00810598
  -16.4364364     0.00890607     0.00916238
  -16.3963964     0.00855433     0.00948554
  -16.3563564     0.00661223     0.00820500
  -16.3163163     0.00387860     0.00549024
  -16.2762763     0.00167999     0.00273343
  -16.2362362     0.00053150     0.00099670
  -16.1961962     0.00012231     0.00026461
  -16.1561562     0.00002044     0.00005104
  -16.1161161     0.00000248     0.00000715
  -16.0760761     0.00000022     0.00000073
  -16.0360360     0.00000001     0.00000005
  -15.9959960     0.00000000     0.00000000
  -15.9559560     0.00000000     0.00000000
  -15.9159159     0.00000000     0.00000000
  -15.8758759     0.00000000     0.00000000
  -15.8358358     0.00000000     0.00000000
  -15.7957958     0.00000000     0.00000000
  -15.7557558     0.00000000     0.00000000
  -15.7157157     0.00000000     0.00000000
  -15.6756757     0.00000000     0.00000000
  -15.6356356     0.00000000     0.00000000
  -15.5955956     0.00000000     0.00000000
  -15.5555556     0.00000000     0.00000000
  -15.5155155     0.00000000     0.00000000
  -15.4754755     0.00000000     0.00000000
  -15.4354354     0.00000000     0.00000000
  -15.3953954     0.00000003     0.00000004
  -15.3553554     0.00000040     0.00000059
  -15.3153153     0.00000415     0.00000578
  -15.2752753     0.00003153     0.00004152
  -15.2352352     0.00017438     0.00021924
  -15.1951952     0.00070515     0.00085301
  -15.1551552     0.00209960     0.00246188
  -15.1151151     0.00466525     0.00534413
  -15.0750751     0.00791395     0.00893428
  -15.0350350     0.01058808     0.01187615
  -14.9949950     0.01157125     0.01292457
  -14.9549550     0.01066205     0.01168700
  -14.9149149     0.00891553     0.00906703
  -14.8748749     0.00859338     0.00739645
  -14.8348348     0.01173489     0.00922916
  -14.7947948     0.01798156     0.01511206
  -14.7547548     0.02445317     0.02270776
  -14.7147147     0.02791487     0.02855593
  -14.6746747     0.02647275     0.03017930
  -14.6346346     0.02034236     0.02658684
  -14.5945946     0.01222563     0.01890311
  -14.5545546     0.00560949     0.01061657
  -14.5145145     0.00207456     0.00508468
  -14.4744745     0.00103456     0.00302186
  -14.4344344     0.00134280     0.00309866
  -14.3943944     0.00220253     0.00379760
  -14.3543544     0.00310330     0.00416971
  -14.3143143     0.00364862     0.00377421
  -14.2742743     0.00355305     0.00269857
  -14.2342342     0.00279110     0.00147764
  -14.1941942     0.00171149     0.00061278
  -14.1541542     0.00079734     0.00022126
  -14.1141141     0.00027715     0.00018432
  -14.0740741     0.00007140     0.00040608
  -14.0340340     0.00001641     0.00081014
  -13.9939940     0.00002168     0.00120151
  -13.9539540     0.00009511     0.00136380
  -13.9139139     0.00034012     0.00143743
  -13.8738739     0.00094088     0.00209819
  -13.8338338     0.00210562     0.00411488
  -13.7937938     0.00401306     0.00748632
  -13.7537538     0.00669996     0.01098079
  -13.7137137     0.00970743     0.01279123
  -13.6736737     0.01185926     0.01185728
  -13.6336336     0.01188580     0.00871189
  -13.5935936     0.00958823     0.00517449
  -13.5535536     0.00628749     0.00308840
  -13.5135135     0.00387540     0.00319105
  -13.4734735     0.00332469     0.00481788
  -13.4334334     0.00415424     0.00633423
  -13.3933934     0.00528830     0.00644247
  -13.3533534     0.00627175     0.00556676
  -13.3133133     0.00732028     0.00538868
  -13.2732733     0.00850525     0.00701241
  -13.2332332     0.01001537     0.01064696
  -13.1931932     0.01291425     0.01699319
  -13.1531532     0.01814012     0.02665661
  -13.1131131     0.02489051     0.03698275
  -13.0730731     0.03066742     0.04216976
  -13.0330330     0.03279660     0.03876944
  -12.9929930     0.03090853     0.02945130
  -12.9529530     0.02847442     0.02080978
  -12.9129129     0.03021802     0.01942926
  -12.8728729     0.03731990     0.02879116
  -12.8328328     0.04613372     0.04622269
  -12.7927928     0.05135681     0.06334522
  -12.7527528     0.04959484     0.07250004
  -12.7127127     0.04102853     0.07154603
  -12.6726727     0.02923285     0.06179836
  -12.6326326     0.01901797     0.04593370
  -12.5925926     0.01322139     0.02897323
  -12.5525526     0.01118967     0.01719103
  -12.5125125     0.01110962     0.01478037
  -12.4724725     0.01369494     0.02281907
  -12.4324324     0.02177709     0.04169965
  -12.3923924     0.03602665     0.07314925
  -12.3523524     0.05380806     0.11646925
  -12.3123123     0.07322597     0.16246601
  -12.2722723     0.09443569     0.19577360
  -12.2322322     0.11488823     0.20408837
  -12.1921922     0.12721726     0.18512370
  -12.1521522     0.12468852     0.14976787
  -12.1121121     0.10699366     0.11710387
  -12.0720721     0.07982670     0.09922758
  -12.0320320     0.05201380     0.09354835
  -11.9919920     0.03410773     0.09277984
  -11.9519520     0.03486797     0.09322867
  -11.9119119     0.05443290     0.09164722
  -11.8718719     0.08095308     0.08813342
  -11.8318318     0.09979536     0.09711859
  -11.7917918     0.10944002     0.14359258
  -11.7517518     0.12032027     0.23952907
  -11.7117117     0.13626493     0.36536569
  -11.6716717     0.15143559     0.47587096
  -11.6316316     0.16956836     0.52876070
  -11.5915916     0.20933255     0.52241639
  -11.5515516     0.27890935     0.50261656
  -11.5115115     0.35678445     0.51061204
  -11.4714715     0.41044364     0.53536515
  -11.4314314     0.42222909     0.54180922
  -11.3913914     0.39005615     0.53209763
  -11.3513514     0.32766394     0.55219158
  -11.3113113     0.27125914     0.63154773
  -11.2712713     0.25691080     0.73346016
  -11.2312312     0.28648848     0.79484268
  -11.1911912     0.33273452     0.80251178
  -11.1511512     0.36915428     0.78812732
  -11.1111111     0.38519834     0.76901727
  -11.0710711     0.38865602     0.73952230
  -11.0310310     0.39863949     0.69974804
  -10.9909910     0.42108816     0.66544623
  -10.9509510     0.43879175     0.66969948
  -10.9109109     0.44470535     0.75420061
  -10.8708709     0.47000217     0.92480017
  -10.8308308     0.54848294     1.12267382
  -10.7907908     0.65644419     1.26708991
  -10.7507508     0.72759556     1.31013315
  -10.7107107     0.73956858     1.25523465
  -10.6706707     0.74201087     1.15970290
  -10.6306306     0.78413214     1.09154277
  -10.5905906     0.85549275     1.06432656
  -10.5505506     0.90998953     1.04503963
  -10.5105105     0.92583307     1.00179782
  -10.4704705     0.93570431     0.92206050
  -10.4304304     0.99218442     0.82124651
  -10.3903904     1.10430674     0.73880615
  -10.3503504     1.22495675     0.69993801
  -10.3103103     1.28831818     0.68619313
  -10.2702703     1.25097885     0.66492139
  -10.2302302     1.13551284     0.64306005
  -10.1901902     1.03583728     0.66410343
  -10.1501502     1.03126849     0.75044779
  -10.1101101     1.09970700     0.87684037
  -10.0700701     1.15180628     1.00267808
  -10.0300300     1.13188311     1.11484534
   -9.9899900     1.06158416     1.23892007
   -9.9499500     1.01334775     1.39494889
   -9.9099099     1.04944201     1.53469691
   -9.8698699     1.15941072     1.56616595
   -9.8298298     1.26298397     1.46233208
   -9.7897898     1.29200774     1.29560198
   -9.7497497     1.26129992     1.15016214
   -9.7097097     1.24627443     1.05759413
   -9.6696697     1.29036190     1.01601844
   -9.6296296     1.35453959     1.00922282
   -9.5895896     1.37762649     1.01605640
   -9.5495496     1.35976805     1.04214768
   -9.5095095     1.33516150     1.12450933
   -9.4694695     1.28524085     1.29035366
   -9.4294294     1.17099157     1.53001822
   -9.3893894     1.03748871     1.80736270
   -9.3493494     0.97524511     2.06936086
   -9.3093093     0.99612252     2.23467368
   -9.2692693     1.04438147     2.21673293
   -9.2292292     1.09447611     2.01799864
   -9.1891892     1.15875496     1.77960076
   -9.1491491     1.24164706     1.67486800
   -9.1091091     1.34630981     1.74354001
   -9.0690691     1.47164231     1.84642725
   -9.0290290     1.56457418     1.80975094
   -8.9889890     1.54938571     1.61127835
   -8.9489490     1.43855746     1.36993310
   -8.9089089     1.36330575     1.18903526
   -8.8688689     1.46816963     1.09288792
   -8.8288288     1.77945810     1.05837375
   -8.7887888     2.16462319     1.03051613
   -8.7487488     2.41910379     0.95243171
   -8.7087087     2.42702582     0.82209319
   -8.6686687     2.25046706     0.69472172
   -8.6286286     2.04023610     0.62525065
   -8.5885886     1.86582888     0.62982146
   -8.5485485     1.67146269     0.69493125
   -8.5085085     1.40310966     0.79904834
   -8.4684685     1.12168859     0.91395978
   -8.4284284     0.95236791     0.99034503
   -8.3883884     0.95539708     0.97369926
   -8.3483484     1.07410174     0.86442119
   -8.3083083     1.18742821     0.73807512
   -8.2682683     1.20145507     0.67412843
   -8.2282282     1.10263971     0.68342525
   -8.1881882     0.93664710     0.72162115
   -8.1481482     0.76157027     0.75368272
   -8.1081081     0.62863168     0.78511029
   -8.0680681     0.57509382     0.83098385
   -8.0280280     0.60549489     0.88028332
   -7.9879880     0.67697590     0.90745854
   -7.9479479     0.72489830     0.90219387
   -7.9079079     0.71630938     0.87692290
   -7.8678679     0.66488954     0.84838091
   -7.8278278     0.59671722     0.81367408
   -7.7877878     0.52307214     0.75995502
   -7.7477478     0.44344443     0.70076108
   -7.7077077     0.35932495     0.67648400
   -7.6676677     0.28148665     0.70721974
   -7.6276276     0.22392424     0.75949724
   -7.5875876     0.19269489     0.77496616
   -7.5475475     0.18371579     0.73183048
   -7.5075075     0.19105364     0.66368756
   -7.4674675     0.21472506     0.61893876
   -7.4274274     0.25810998     0.61703750
   -7.3873874     0.31917056     0.63559876
   -7.3473473     0.38269031     0.62741318
   -7.3073073     0.42440704     0.56442988
   -7.2672673     0.43682627     0.46994214
   -7.2272272     0.44098032     0.39209676
   -7.1871872     0.45445646     0.35024242
   -7.1471472     0.46869620     0.32480113
   -7.1071071     0.47288818     0.29528524
   -7.0670671     0.47202527     0.26916258
   -7.0270270     0.46588142     0.26420128
   -6.9869870     0.43886464     0.27489792
   -6.9469470     0.39109528     0.27844717
   -6.9069069     0.35717945     0.26821349
   -6.8668669     0.37229172     0.25491803
   -6.8268268     0.43004335     0.24134021
   -6.7867868     0.48902714     0.22058363
   -6.7467467     0.51057127     0.19097513
   -6.7067067     0.47730933     0.15829061
   -6.6666667     0.39674597     0.13178728
   -6.6266266     0.30339860     0.11930444
   -6.5865866     0.23886732     0.11835561
   -6.5465466     0.22246774     0.11660856
   -6.5065065     0.24402774     0.10782134
   -6.4664665     0.27841004     0.10266351
   -6.4264264     0.31029082     0.11617951
   -6.3863864     0.34207595     0.14629432
   -6.3463464     0.36983753     0.17272416
   -6.3063063     0.37291661     0.17828408
   -6.2662663     0.34375113     0.16498398
   -6.2262262     0.30534616     0.14797985
   -6.1861862     0.28322405     0.13966648
   -6.1461461     0.27789275     0.14123474
   -6.1061061     0.27472023     0.14501872
   -6.0660661     0.26416109     0.14318635
   -6.0260260     0.24601861     0.13543333
   -5.9859860     0.22584059     0.12748962
   -5.9459459     0.21155285     0.12241205
   -5.9059059     0.20907574     0.11718313
   -5.8658659     0.21761904     0.11021843
   -5.8258258     0.22835945     0.10862228
   -5.7857858     0.22916506     0.12055120
   -5.7457458     0.21395023     0.13928138
   -5.7057057     0.18943767     0.14545167
   -5.6656657     0.17162419     0.13070246
   -5.6256256     0.17546173     0.10825563
   -5.5855856     0.20491335     0.09374123
   -5.5455455     0.24643338     0.08665486
   -5.5055055     0.27417457     0.07770420
   -5.4654655     0.26789685     0.06426639
   -5.4254254     0.22600087     0.05139123
   -5.3853854     0.16410836     0.04461408
   -5.3453453     0.10607873     0.04591571
   -5.3053053     0.07248281     0.05191010
   -5.2652653     0.07144605     0.05518866
   -5.2252252     0.09686115     0.05100789
   -5.1851852     0.13127187     0.04189865
   -5.1451452     0.15276724     0.03407391
   -5.1051051     0.14862573     0.03134089
   -5.0650651     0.12453873     0.03295073
   -5.0250250     0.09563077     0.03504862
   -4.9849850     0.07190665     0.03429699
   -4.9449449     0.05685821     0.03159253
   -4.9049049     0.05223342     0.03147637
   -4.8648649     0.05669555     0.03691570
   -4.8248248     0.06376975     0.04568260
   -4.7847848     0.06656385     0.05252773
   -4.7447447     0.06329485     0.05397884
   -4.7047047     0.05673382     0.05073122
   -4.6646647     0.05091975     0.04637766
   -4.6246246     0.04818830     0.04396841
   -4.5845846     0.04732180     0.04281391
   -4.5445445     0.04637700     0.03914344
   -4.5045045     0.04650002     0.03137172
   -4.4644645     0.04925410     0.02338467
   -4.4244244     0.05236408     0.02054136
   -4.3843844     0.05173593     0.02407996
   -4.3443443     0.04580779     0.03114334
   -4.3043043     0.03667584     0.03812285
   -4.2642643     0.02918533     0.04214102
   -4.2242242     0.02861460     0.04100266
   -4.1841842     0.03724075     0.03448942
   -4.1441441     0.05289685     0.02614826
   -4.1041041     0.07005207     0.02127948
   -4.0640641     0.08159842     0.02183923
   -4.0240240     0.08187983     0.02552860
   -3.9839840     0.07099584     0.03069502
   -3.9439439     0.05595185     0.03887938
   -3.9039039     0.04552422     0.05079007
   -3.8638639     0.04341380     0.06269989
   -3.8238238     0.04665693     0.06853523
   -3.7837838     0.05075333     0.06432290
   -3.7437437     0.05455506     0.05182481
   -3.7037037     0.05736851     0.03851650
   -3.6636637     0.05491995     0.03162136
   -3.6236236     0.04447470     0.03286115
   -3.5835836     0.03060083     0.03949374
   -3.5435435     0.02050180     0.04660128
   -3.5035035     0.01733231     0.04920911
   -3.4634635     0.02070934     0.04713195
   -3.4234234     0.02941846     0.04585050
   -3.3833834     0.04152294     0.04874228
   -3.3433433     0.05362358     0.05183746
   -3.3033033     0.06094725     0.04964896
   -3.2632633     0.05950278     0.04248108
   -3.2232232     0.04956550     0.03426730
   -3.1831832     0.03603011     0.02654548
   -3.1431431     0.02487181     0.01862988
   -3.1031031     0.01952420     0.01119642
   -3.0630631     0.01889037     0.00632977
   -3.0230230     0.01839587     0.00521535
   -2.9829830     0.01480053     0.00719874
   -2.9429429     0.00954518     0.01041845
   -2.9029029     0.00639112     0.01299217
   -2.8628629     0.00737966     0.01378916
   -2.8228228     0.01158531     0.01246422
   -2.7827828     0.01621577     0.00984816
   -2.7427427     0.01882850     0.00845333
   -2.7027027     0.01926804     0.01131564
   -2.6626627     0.01964687     0.01943498
   -2.6226226     0.02311132     0.03001828
   -2.5825826     0.03155592     0.03749282
   -2.5425425     0.04161470     0.03727877
   -2.5025025     0.04496053     0.02934291
   -2.4624625     0.03712508     0.01810530
   -2.4224224     0.02331780     0.00873253
   -2.3823824     0.01184821     0.00375635
   -2.3423423     0.00571016     0.00323985
   -2.3023023     0.00306899     0.00681586
   -2.2622623     0.00198462     0.01404403
   -2.2222222     0.00236218     0.02327959
   -2.1821822     0.00521242     0.03212145
   -2.1421421     0.01126163     0.03895170
   -2.1021021     0.01979378     0.04237714
   -2.0620621     0.02878833     0.04078300
   -2.0220220     0.03582834     0.03483948
   -1.9819820     0.03835633     0.02827303
   -1.9419419     0.03525346     0.02431671
   -1.9019019     0.02961868     0.02303767
   -1.8618619     0.02724557     0.02306260
   -1.8218218     0.03103576     0.02424474
   -1.7817818     0.03820666     0.02669041
   -1.7417417     0.04301582     0.02870500
   -1.7017017     0.04206135     0.02813476
   -1.6616617     0.03721374     0.02449473
   -1.6216216     0.03281717     0.01895486
   -1.5815816     0.03050428     0.01353564
   -1.5415415     0.02843219     0.00989490
   -1.5015015     0.02462447     0.00817810
   -1.4614615     0.01884032     0.00731384
   -1.4214214     0.01216710     0.00614902
   -1.3813814     0.00631440     0.00431738
   -1.3413413     0.00252841     0.00236328
   -1.3013013     0.00077183     0.00100448
   -1.2612613     0.00024990     0.00052491
   -1.2212212     0.00041079     0.00111946
   -1.1811812     0.00135312     0.00351430
   -1.1411411     0.00359334     0.00857266
   -1.1011011     0.00732911     0.01560947
   -1.0610611     0.01164881     0.02174153
   -1.0210210     0.01489559     0.02470864
   -0.9809810     0.01674394     0.02568865
   -0.9409409     0.01971441     0.02670793
   -0.9009009     0.02643010     0.02646833
   -0.8608609     0.03431011     0.02223637
   -0.8208208     0.03623745     0.01482230
   -0.7807808     0.02895968     0.00854537
   -0.7407407     0.01753447     0.00730338
   -0.7007007     0.00967246     0.01255276
   -0.6606607     0.00932029     0.02291767
   -0.6206206     0.01613395     0.03360309
   -0.5805806     0.02721155     0.03867156
   -0.5405405     0.03855559     0.03654155
   -0.5005005     0.04626017     0.03104082
   -0.4604605     0.04676784     0.02568266
   -0.4204204     0.03861372     0.02068943
   -0.3803804     0.02571922     0.01642483
   -0.3403403     0.01584144     0.01524524
   -0.3003003     0.01407528     0.01843942
   -0.2602603     0.01889158     0.02344596
   -0.2202202     0.02385614     0.02558251
   -0.1801802     0.02333800     0.02280502
   -0.1401401     0.01762509     0.01793868
   -0.1001001     0.01186283     0.01555325
   -0.0600601     0.01053060     0.01701830
   -0.0200200     0.01423981     0.01931676
    0.0200200     0.02016731     0.01917788
    0.0600601     0.02415368     0.01712788
    0.1001001     0.02450422     0.01603414
    0.1401401     0.02415948     0.01758515
    0.1801802     0.02636659     0.02205924
    0.2202202     0.02947675     0.02956583
    0.2602603     0.03032327     0.03921398
    0.3003003     0.03086636     0.04762863
    0.3403403     0.03540397     0.05069450
    0.3803804     0.04199033     0.04750815
    0.4204204     0.04377049     0.04107265
    0.4604605     0.03979130     0.03534929
    0.5005005     0.03737843     0.03304621
    0.5405405     0.04170110     0.03504707
    0.5805806     0.04895517     0.04025200
    0.6206206     0.05276604     0.04640930
    0.6606607     0.05302259     0.05110726
    0.7007007     0.05350292     0.05177183
    0.7407407     0.05332999     0.04677915
    0.7807808     0.04783538     0.03775789
    0.8208208     0.03709288     0.02898367
    0.8608609     0.02716362     0.02355368
    0.9009009     0.02330810     0.02147630
    0.9409409     0.02569534     0.02118087
    0.9809810     0.03044301     0.02117362
    1.0210210     0.03313377     0.02083904
    1.0610611     0.03211304     0.02050619
    1.1011011     0.02831322     0.02009825
    1.1411411     0.02293847     0.01847313
    1.1811812     0.01766139     0.01532537
    1.2212212     0.01608910     0.01273260
    1.2612613     0.02224356     0.01363282
    1.3013013     0.03623883     0.01940910
    1.3413413     0.05115702     0.02982380
    1.3813814     0.05651962     0.04409971
    1.4214214     0.04827067     0.05925504
    1.4614615     0.03394617     0.06779751
    1.5015015     0.02486533     0.06227341
    1.5415415     0.02466221     0.04412340
    1.5815816     0.02739035     0.02356060
    1.6216216     0.02556002     0.00945684
    1.6616617     0.01805410     0.00342044
    1.7017017     0.00952369     0.00339498
    1.7417417     0.00433176     0.00858574
    1.7817818     0.00389549     0.01968950
    1.8218218     0.00852143     0.03614458
    1.8618619     0.01845364     0.05481757
    1.9019019     0.03247117     0.07115294
    1.9419419     0.04690597     0.08010461
    1.9819820     0.05665592     0.07725361
    2.0220220     0.05768545     0.06269052
    2.0620621     0.05089715     0.04372620
    2.1021021     0.04381265     0.03006810
    2.1421421     0.04466133     0.02532301
    2.1821822     0.05381135     0.02545643
    2.2222222     0.06340789     0.02538741
    2.2622623     0.06497454     0.02412346
    2.3023023     0.05660703     0.02350161
    2.3423423     0.04412442     0.02484359
    2.3823824     0.03460992     0.02753933
    2.4224224     0.02921739     0.03032266
    2.4624625     0.02520496     0.03349445
    2.5025025     0.02269531     0.03856187
    2.5425425     0.02427936     0.04573500
    2.5825826     0.02990961     0.05253177
    2.6226226     0.03740795     0.05453208
    2.6626627     0.04615672     0.04867602
    2.7027027     0.05512838     0.03716325
    2.7427427     0.05967989     0.02685117
    2.7827828     0.05548814     0.02345151
    2.8228228     0.04384967     0.02673268
    2.8628629     0.03051083     0.03169563
    2.9029029     0.02133981     0.03343550
    2.9429429     0.01961343     0.03077996
    2.9829830     0.02442732     0.02664790
    3.0230230     0.03046426     0.02486390
    3.0630631     0.03182097     0.02613874
    3.1031031     0.02777244     0.02896519
    3.1431431     0.02361686     0.03355866
    3.1831832     0.02539637     0.03987979
    3.2232232     0.03411906     0.04294654
    3.2632633     0.04416497     0.03712654
    3.3033033     0.04782825     0.02430932
    3.3433433     0.04259280     0.01208963
    3.3833834     0.03219375     0.00574933
    3.4234234     0.02123814     0.00589539
    3.4634635     0.01244424     0.01081374
    3.5035035     0.00766358     0.01733784
    3.5435435     0.00796996     0.02153952
    3.5835836     0.01302335     0.02209687
    3.6236236     0.02174390     0.02227763
    3.6636637     0.03346635     0.02663583
    3.7037037     0.04723630     0.03675485
    3.7437437     0.05959455     0.05097627
    3.7837838     0.06514485     0.06607404
    3.8238238     0.06190787     0.07817951
    3.8638639     0.05533645     0.08462858
    3.9039039     0.05390153     0.08605121
    3.9439439     0.06111317     0.08420358
    3.9839840     0.07357585     0.07809848
    4.0240240     0.08372556     0.06650454
    4.0640641     0.08320373     0.05312143
    4.1041041     0.06936733     0.04333638
    4.1441441     0.05041161     0.03706499
    4.1841842     0.03831690     0.03025655
    4.2242242     0.03571081     0.02152184
    4.2642643     0.03465330     0.01341657
    4.3043043     0.02838029     0.00930515
    4.3443443     0.01918127     0.01103660
    4.3843844     0.01395276     0.01785259
    4.4244244     0.01641771     0.02595194
    4.4644645     0.02463070     0.03066115
    4.5045045     0.03280538     0.03120489
    4.5445445     0.03532976     0.03186964
    4.5845846     0.03160658     0.03620083
    4.6246246     0.02724187     0.04262452
    4.6646647     0.02869595     0.04834784
    4.7047047     0.03606440     0.05419477
    4.7447447     0.04256161     0.06212164
    4.7847848     0.04254727     0.06955963
    4.8248248     0.03838834     0.06980840
    4.8648649     0.03777381     0.05960360
    4.9049049     0.04567972     0.04372097
    4.9449449     0.05849913     0.02962396
    4.9849850     0.06585069     0.02076565
    5.0250250     0.06213653     0.01721798
    5.0650651     0.05434031     0.01891437
    5.1051051     0.05243608     0.02644889
    5.1451452     0.05640484     0.03976461
    5.1851852     0.05861274     0.05518903
    5.2252252     0.05449758     0.06580415
    5.2652653     0.04632704     0.06908395
    5.3053053     0.03950895     0.07119236
    5.3453453     0.03896064     0.07776136
    5.3853854     0.04720406     0.08370582
    5.4254254     0.06175648     0.07931965
    5.4654655     0.07464877     0.06368634
    5.5055055     0.07782600     0.04578186
    5.5455455     0.07020843     0.03597834
    5.5855856     0.05838619     0.04020846
    5.6256256     0.04959028     0.05639770
    5.6656657     0.04577733     0.07300086
    5.7057057     0.04555503     0.07674659
    5.7457458     0.04844968     0.06532937
    5.7857858     0.05551216     0.04906059
    5.8258258     0.06797116     0.04021451
    5.8658659     0.08492889     0.04376341
    5.9059059     0.10000951     0.05490473
    5.9459459     0.10244511     0.06296243
    5.9859860     0.08700268     0.06151001
    6.0260260     0.06237121     0.05422455
    6.0660661     0.04387721     0.04776087
    6.1061061     0.03856068     0.04367170
    6.1461461     0.04150917     0.04119104
    6.1861862     0.04421999     0.04206055
    6.2262262     0.04229087     0.04744996
    6.2662663     0.03665647     0.05342705
    6.3063063     0.03178190     0.05468480
    6.3463464     0.03285377     0.05088797
    6.3863864     0.04077416     0.04484604
    6.4264264     0.05000274     0.03833356
    6.4664665     0.05584018     0.03370302
    6.5065065     0.06084876     0.03402555
    6.5465466     0.06707717     0.03848781
    6.5865866     0.06813282     0.04149191
    6.6266266     0.05868287     0.03807574
    6.6666667     0.04515001     0.02952367
    6.7067067     0.03800715     0.02331275
    6.7467467     0.03892102     0.02735181
    6.7867868     0.04122210     0.04338241
    6.8268268     0.03896499     0.06416059
    6.8668669     0.03225354     0.07729629
    6.9069069     0.02636070     0.07444559
    6.9469470     0.02741023     0.05838303
    6.9869870     0.03664956     0.04093729
    7.0270270     0.04770357     0.03348150
    7.0670671     0.05228101     0.03887812
    7.1071071     0.05074799     0.05038631
    7.1471472     0.05360943     0.05811505
    7.1871872     0.06892547     0.06033161
    7.2272272     0.09142692     0.06627037
    7.2672673     0.10757955     0.08184329
    7.3073073     0.10903904     0.09726849
    7.3473473     0.09917592     0.09748810
    7.3873874     0.08740096     0.08194121
    7.4274274     0.07848528     0.06549959
    7.4674675     0.07104106     0.06038266
    7.5075075     0.06577214     0.06433994
    7.5475475     0.06629941     0.06807210
    7.5875876     0.07029616     0.06888829
    7.6276276     0.06986599     0.07276660
    7.6676677     0.06401790     0.08404800
    7.7077077     0.06206255     0.09753395
    7.7477478     0.07046268     0.10251646
    7.7877878     0.08262403     0.09224834
    7.8278278     0.08596258     0.06898668
    7.8678679     0.07555762     0.04196977
    7.9079079     0.05683568     0.02066729
    7.9479479     0.03790801     0.00904177
    7.9879880     0.02499973     0.00555829
    8.0280280     0.02281339     0.00701590
    8.0680681     0.03243160     0.01193777
    8.1081081     0.04778782     0.02122255
    8.1481482     0.05795507     0.03441163
    8.1881882     0.05573615     0.04518276
    8.2282282     0.04321784     0.04524909
    8.2682683     0.02789920     0.03433759
    8.3083083     0.01567311     0.02113715
    8.3483484     0.00867437     0.01361631
    8.3883884     0.00683851     0.01268159
    8.4284284     0.00907767     0.01466439
    8.4684685     0.01361663     0.01728324
    8.5085085     0.01885848     0.02352888
    8.5485485     0.02479290     0.03886221
    8.5885886     0.03265477     0.06196672
    8.6286286     0.04269516     0.08021894
    8.6686687     0.05328968     0.08095564
    8.7087087     0.06121554     0.06735085
    8.7487488     0.06258933     0.05583457
    8.7887888     0.05745428     0.05832708
    8.8288288     0.05385180     0.07264239
    8.8688689     0.06202829     0.08794452
    8.9089089     0.08102888     0.09584979
    8.9489490     0.09480938     0.09587853
    8.9889890     0.08923788     0.08992550
    9.0290290     0.07033245     0.07680761
    9.0690691     0.05645147     0.05723653
    9.1091091     0.05620217     0.03761519
    9.1491491     0.06253761     0.02353855
    9.1891892     0.06439288     0.01468014
    9.2292292     0.05677853     0.00844732
    9.2692693     0.04171318     0.00402062
    9.3093093     0.02498391     0.00165814
    9.3493494     0.01223838     0.00132093
    9.3893894     0.00603560     0.00308456
    9.4294294     0.00636725     0.00787645
    9.4694695     0.01359769     0.01781239
    9.5095095     0.02906933     0.03606205
    9.5495496     0.05105999     0.06393969
    9.5895896     0.07127415     0.09498495
    9.6296296     0.07975175     0.11514370
    9.6696697     0.07516899     0.11515278
    9.7097097     0.06729351     0.10055177
    9.7497497     0.06734263     0.08489575
    9.7897898     0.07790701     0.07744085
    9.8298298     0.09324280     0.07958996
    9.8698699     0.10575595     0.08718436
    9.9099099     0.10995439     0.09417786
    9.9499500     0.10469672     0.09659402
    9.9899900     0.09475019     0.09323244
   10.0300300     0.08692631     0.08435707
   10.0700701     0.08383761     0.07219900
   10.1101101     0.08438449     0.06113976
   10.1501502     0.08906999     0.05626881
   10.1901902     0.09846742     0.06165426
   10.2302302     0.10677606     0.07654128
   10.2702703     0.10561835     0.09340070
   10.3103103     0.09405817     0.10537379
   10.3503504     0.07929692     0.11295419
   10.3903904     0.07077559     0.11683259
   10.4304304     0.07388105     0.11104384
   10.4704705     0.08402834     0.09184739
   10.5105105     0.09003258     0.06766924
   10.5505506     0.08758580     0.05348816
   10.5905906     0.08448806     0.05795684
   10.6306306     0.08918327     0.07728999
   10.6706707     0.09975196     0.09874308
   10.7107107     0.10828283     0.11085820
   10.7507508     0.11008632     0.11149858
   10.7907908     0.10407102     0.10435423
   10.8308308     0.09022208     0.09180629
   10.8708709     0.07121297     0.07493626
   10.9109109     0.05325904     0.05616467
   10.9509510     0.04356210     0.04000039
   10.9909910     0.04680045     0.03187341
   11.0310310     0.06087289     0.03421653
   11.0710711     0.07595266     0.04403457
   11.1111111     0.08282262     0.05523824
   11.1511512     0.08092202     0.06194399
   11.1911912     0.07417867     0.06072986
   11.2312312     0.06501337     0.05291218
   11.2712713     0.05620541     0.04460738
   11.3113113     0.05140172     0.04168010
   11.3513514     0.05135108     0.04332473
   11.3913914     0.05315296     0.04270207
   11.4314314     0.05261532     0.03540967
   11.4714715     0.04787770     0.02547458
   11.5115115     0.04262924     0.02142035
   11.5515516     0.04257167     0.02766910
   11.5915916     0.04801032     0.04083108
   11.6316316     0.05376062     0.05362062
   11.6716717     0.05524625     0.06087451
   11.7117117     0.05265664     0.06190170
   11.7517518     0.05117953     0.06128929
   11.7917918     0.05642196     0.06830744
   11.8318318     0.06769272     0.08784164
   11.8718719     0.07812376     0.11021616
   11.9119119     0.08309692     0.11935078
   11.9519520     0.08470698     0.11121988
   11.9919920     0.08458704     0.09428243
   12.0320320     0.07884144     0.07680370
   12.0720721     0.06595787     0.06503031
   12.1121121     0.05205534     0.06473794
   12.1521522     0.04372576     0.07441813
   12.1921922     0.04306472     0.08488026
   12.2322322     0.05013199     0.08972144
   12.2722723     0.06359537     0.08974961
   12.3123123     0.07961700     0.08719482
   12.3523524     0.09262661     0.08124907
   12.3923924     0.09737108     0.07133420
   12.4324324     0.09291704     0.06185982
   12.4724725     0.08435219     0.05947907
   12.5125125     0.07707793     0.06668059
   12.5525526     0.07148607     0.07934880
   12.5925926     0.06636248     0.08764775
   12.6326326     0.06390538     0.08185280
   12.6726727     0.06749391     0.06214995
   12.7127127     0.07577756     0.03984482
   12.7527528     0.08100915     0.02644041
   12.7927928     0.07537173     0.02446822
   12.8328328     0.06016636     0.02952008
   12.8728729     0.04585239     0.03739044
   12.9129129     0.04206829     0.04637706
   12.9529530     0.05014700     0.05471664
   12.9929930     0.06370814     0.06008331
   13.0330330     0.07288500     0.06127705
   13.0730731     0.07018101     0.05824365
   13.1131131     0.05646739     0.05286070
   13.1531532     0.04081012     0.05034387
   13.1931932     0.03311568     0.05463715
   13.2332332     0.03751991     0.06239258
   13.2732733     0.05079539     0.06857092
   13.3133133     0.06495809     0.07602941
   13.3533534     0.07491554     0.08881342
   13.3933934     0.08388737     0.09834614
   13.4334334     0.09564888     0.09031479
   13.4734735     0.10507826     0.06504136
   13.5135135     0.10397732     0.03862559
   13.5535536     0.09138379     0.02462603
   13.5935936     0.07303727     0.02407486
   13.6336336     0.05590862     0.03069156
   13.6736737     0.04579280     0.03704849
   13.7137137     0.04577646     0.03741177
   13.7537538     0.05394418     0.03198877
   13.7937938     0.06356940     0.02815008
   13.8338338     0.06796288     0.03337371
   13.8738739     0.06594420     0.04807665
   13.9139139     0.06271248     0.06687747
   13.9539540     0.06539525     0.08366467
   13.9939940     0.07505561     0.09342390
   14.0340340     0.08295854     0.09401890
   14.0740741     0.07935555     0.09026383
   14.1141141     0.06462441     0.09000464
   14.1541542     0.04665139     0.09235148
   14.1941942     0.03157801     0.08885698
   14.2342342     0.02341671     0.07903502
   14.2742743     0.02820853     0.07544165
   14.3143143     0.05138521     0.09087885
   14.3543544     0.08977623     0.12381679
   14.3943944     0.12887591     0.15691837
   14.4344344     0.15175021     0.17016881
   14.4744745     0.15091236     0.15702073
   14.5145145     0.13055582     0.12988601
   14.5545546     0.10160869     0.10832930
   14.5945946     0.07830399     0.10043009
   14.6346346     0.07392920     0.09871714
   14.6746747     0.08991594     0.09172992
   14.7147147     0.10890916     0.07494525
   14.7547548     0.10957017     0.05392266
   14.7947948     0.09093117     0.03946517
   14.8348348     0.07252826     0.03827982
   14.8748749     0.06968310     0.04809831
   14.9149149     0.07763692     0.06037286
   14.9549550     0.08080881     0.06655087
   14.9949950     0.07108235     0.06383076
   15.0350350     0.05398679     0.05656274
   15.0750751     0.03946082     0.05174705
   15.1151151     0.03140241     0.05183478
   15.1551552     0.02763436     0.05161013
   15.1951952     0.02512824     0.04417355
   15.2352352     0.02176162     0.02988061
   15.2752753     0.01651729     0.01613725
   15.3153153     0.01085986     0.00953802
   15.3553554     0.00858685     0.01215078
   15.3953954     0.01431280     0.02405913
   15.4354354     0.03218312     0.04478367
   15.4754755     0.06230531     0.06968317
   15.5155155     0.09516397     0.08740561
   15.5555556     0.11335224     0.08725787
   15.5955956     0.10603055     0.07010892
   15.6356356     0.08058869     0.04731606
   15.6756757     0.05394905     0.03019457
   15.7157157     0.03583032     0.02440399
   15.7557558     0.02666324     0.03111045
   15.7957958     0.02701719     0.04780977
   15.8358358     0.04047953     0.06749427
   15.8758759     0.06545704     0.08160465
   15.9159159     0.08971593     0.08761548
   15.9559560     0.10075210     0.09039391
   15.9959960     0.10054604     0.09356781
   16.0360360     0.10176919     0.09615794
   16.0760761     0.11148528     0.09842698
   16.1161161     0.12629873     0.10237078
   16.1561562     0.13773414     0.10685161
   16.1961962     0.13606285     0.10826605
   16.2362362     0.11637670     0.10560940
   16.2762763     0.08470516     0.10280791
   16.3163163     0.05476672     0.10601369
   16.3563564     0.04079839     0.11936826
   16.3963964     0.05315297     0.14047707
   16.4364364     0.09174665     0.15596524
   16.4764765     0.13954686     0.14898211
   16.5165165     0.17105185     0.11815995
   16.5565566     0.17330022     0.08192028
   16.5965966     0.15302552     0.06123700
   16.6366366     0.12357685     0.06308290
   16.6766767     0.09359011     0.07855765
   16.7167167     0.06821866     0.09378280
   16.7567568     0.05443483     0.10470428
   16.7967968     0.06139762     0.12207418
   16.8368368     0.09410097     0.15849850
   16.8768769     0.14590797     0.20790400
   16.9169169     0.19848963     0.24391753
   16.9569570     0.23249066     0.24605630
   16.9969970     0.24136268     0.22085296
   17.0370370     0.23272454     0.19046954
   17.0770771     0.21499263     0.16997017
   17.1171171     0.18971650     0.16062562
   17.1571572     0.15856415     0.15379981
   17.1971972     0.12715125     0.13701162
   17.2372372     0.09843558     0.10586903
   17.2772773     0.07134198     0.07134797
   17.3173173     0.04896062     0.04928597
   17.3573574     0.04086540     0.04482782
   17.3973974     0.05319328     0.05080628
   17.4374374     0.07873443     0.05963712
   17.4774775     0.10092487     0.07315406
   17.5175175     0.11105621     0.09699962
   17.5575576     0.11830325     0.12639832
   17.5975976     0.13516922     0.14569024
   17.6376376     0.15557052     0.14692107
   17.6776777     0.15954220     0.14076115
   17.7177177     0.14153248     0.13974701
   17.7577578     0.12063514     0.13846732
   17.7977978     0.11591550     0.12322340
   17.8378378     0.12231524     0.09733720
   17.8778779     0.12153029     0.08367589
   17.9179179     0.11028022     0.09867101
   17.9579580     0.10343715     0.12988283
   17.9979980     0.10821041     0.14557605
   18.0380380     0.10987018     0.12779763
   18.0780781     0.09211213     0.08941068
   18.1181181     0.06062695     0.05573429
   18.1581582     0.03491362     0.03984060
   18.1981982     0.02554946     0.04096394
   18.2382382     0.02945851     0.05657730
   18.2782783     0.04104489     0.08561643
   18.3183183     0.05906267     0.11984082
   18.3583584     0.08163624     0.14030046
   18.3983984     0.09935568     0.13272916
   18.4384384     0.10063764     0.10647565
   18.4784785     0.08680414     0.08729322
   18.5185185     0.07682551     0.09056548
   18.5585586     0.09139131     0.11052848
   18.5985986     0.12997932     0.13138589
   18.6386386     0.16514202     0.13882428
   18.6786787     0.16639324     0.12623884
   18.7187187     0.13164127     0.10023550
   18.7587588     0.08756580     0.07797364
   18.7987988     0.06173070     0.07235470
   18.8388388     0.06398185     0.08048901
   18.8788789     0.08652028     0.09115124
   18.9189189     0.10948205     0.10066646
   18.9589590     0.11372576     0.11226727
   18.9989990     0.09794154     0.12231487
   19.0390390     0.08156090     0.12245463
   19.0790791     0.08927575     0.11693022
   19.1191191     0.13075232     0.12260197
   19.1591592     0.18914927     0.14705669
   19.1991992     0.23010622     0.17674251
   19.2392392     0.23097701     0.19192754
   19.2792793     0.20278456     0.18639655
   19.3193193     0.17587644     0.16722710
   19.3593594     0.16343750     0.14366291
   19.3993994     0.14975991     0.12407134
   19.4394394     0.11863966     0.11672414
   19.4794795     0.07987696     0.12493347
   19.5195195     0.05848102     0.14190927
   19.5595596     0.06811161     0.15344174
   19.5995996     0.10176511     0.14810287
   19.6396396     0.14043238     0.12615681
   19.6796797     0.16559627     0.09780538
   19.7197197     0.16707648     0.07454841
   19.7597598     0.14647280     0.06381329
   19.7997998     0.11764618     0.06599498
   19.8398398     0.09861073     0.07272822
   19.8798799     0.09654520     0.07302336
   19.9199199     0.10299576     0.06468724
   19.9599600     0.10552546     0.05700705
   20.0000000     0.09924754     0.06002483
