# EIG2DOS: Utility for SIESTA to obtain the electronic density of states
#  E. Artacho, Apr 1999, A. Garcia, Apr 2012
#  Nick R. Papior, Feb 2017
# ------------------------------------------
# Eigenvalues calculated from a spin-polarized calculation
# Eigenvalues read from hea.EIG
# Kpoint weights read from hea.KP
# Using smearing parameter:   0.0500
# Using 200 points in the energy range
# Selected bands: 1 to: 94
# Emin, Emax in file for selected band(s):    -86.7798906    180.1951490
# Nbands, Nspin, Nk   =     94     2    44
# E_F                 =    -6.9257 eV --> (shifted to ZERO)
# Broadening          =     0.0500 eV
#
#        E            N(up)        N(down)         Ntot
    -87.079891      0.000000      0.000000      0.000000
    -85.735292      0.000000      0.000000      0.000000
    -84.390694      0.000000      0.000000      0.000000
    -83.046096      0.000000      0.000000      0.000000
    -81.701498      0.000000      0.000000      0.000000
    -80.356900      0.000000      0.000000      0.000000
    -79.012301      0.000000      0.000000      0.000000
    -77.667703      0.000000      0.000000      0.000000
    -76.323105      0.000000      0.000000      0.000000
    -74.978507      0.000000      0.000000      0.000000
    -73.633909      0.000000      0.000000      0.000000
    -72.289311      0.000000      0.000000      0.000000
    -70.944712      0.000000      0.000000      0.000000
    -69.600114      0.000000      0.000000      0.000000
    -68.255516      0.000000      0.000000      0.000000
    -66.910918      0.000000      0.000000      0.000000
    -65.566320      0.000000      0.000000      0.000000
    -64.221721      0.000000      0.000000      0.000000
    -62.877123      0.000000      0.000000      0.000000
    -61.532525      0.000000      0.000000      0.000000
    -60.187927      0.000000      0.000000      0.000000
    -58.843329      0.000000      0.000000      0.000000
    -57.498730      0.000000      0.000000      0.000000
    -56.154132      0.000000      0.000000      0.000000
    -54.809534      0.000000      0.000000      0.000000
    -53.464936      0.000000      0.000000      0.000000
    -52.120338      0.000000      0.000000      0.000000
    -50.775739      0.000000      0.000000      0.000000
    -49.431141      0.000000      0.000000      0.000000
    -48.086543      0.000000      0.000000      0.000000
    -46.741945     20.503362     20.513930     41.017293
    -45.397347      0.000000      0.000000      0.000000
    -44.052749      0.000000      0.000000      0.000000
    -42.708150      0.000000      0.000000      0.000000
    -41.363552      0.000000      0.000000      0.000000
    -40.018954      0.000000      0.000000      0.000000
    -38.674356      0.000000      0.000000      0.000000
    -37.329758      0.000000      0.000000      0.000000
    -35.985159      0.000000      0.000000      0.000000
    -34.640561      0.000000      0.000000      0.000000
    -33.295963      0.000000      0.000000      0.000000
    -31.951365      0.000000      0.000000      0.000000
    -30.606767      0.000000      0.000000      0.000000
    -29.262168      0.000000      0.000000      0.000000
    -27.917570      0.000000      0.000000      0.000000
    -26.572972      0.000000      0.000000      0.000000
    -25.228374      0.000000      0.000000      0.000000
    -23.883776      0.000000      0.000000      0.000000
    -22.539178      0.000000      0.000000      0.000000
    -21.194579      0.000000      0.000000      0.000000
    -19.849981      0.000000      0.000000      0.000000
    -18.505383      0.000000      0.000000      0.000000
    -17.160785      0.000000      0.000000      0.000000
    -15.816187      0.000000      0.000000      0.000000
    -14.471588      0.480210      0.480208      0.960419
    -13.126990      0.000000      0.000000      0.000000
    -11.782392      0.026025      0.026026      0.052050
    -10.437794      0.245754      0.245768      0.491522
     -9.093196      0.000002      0.000002      0.000004
     -7.748597      0.109014      0.109034      0.218048
     -6.403999      0.193275      0.193192      0.386467
     -5.059401      0.820504      0.821337      1.641841
     -3.714803      0.339194      0.338943      0.678137
     -2.370205      2.169000      2.168948      4.337948
     -1.025607      3.599754      3.599838      7.199592
      0.318992      1.337108      1.336599      2.673706
      1.663590      0.544082      0.544777      1.088859
      3.008188      0.343765      0.344078      0.687843
      4.352786      1.684639      1.684969      3.369608
      5.697384      0.428184      0.428125      0.856309
      7.041983      1.165787      1.165925      2.331712
      8.386581      0.446890      0.446771      0.893661
      9.731179      1.635688      1.635702      3.271391
     11.075777      1.638938      1.638073      3.277012
     12.420375      0.088262      0.088128      0.176390
     13.764974      0.235444      0.235447      0.470891
     15.109572      0.731211      0.731253      1.462464
     16.454170      1.429435      1.429066      2.858501
     17.798768      0.050888      0.051072      0.101960
     19.143366      0.975151      0.973759      1.948910
     20.487965      1.293311      1.292367      2.585678
     21.832563      2.956699      2.957731      5.914429
     23.177161      0.249714      0.249392      0.499106
     24.521759      0.911536      0.911713      1.823248
     25.866357      0.043700      0.043767      0.087467
     27.210955      0.004786      0.004807      0.009593
     28.555554      0.346082      0.346062      0.692144
     29.900152      1.450232      1.449877      2.900109
     31.244750      0.795800      0.795204      1.591003
     32.589348      0.228533      0.229246      0.457779
     33.933946      0.474560      0.474574      0.949134
     35.278545      0.844725      0.846818      1.691543
     36.623143      0.002337      0.002340      0.004678
     37.967741      0.110458      0.110191      0.220650
     39.312339      0.276546      0.274138      0.550683
     40.656937      0.002379      0.002355      0.004734
     42.001536      0.983534      0.986087      1.969622
     43.346134      0.491456      0.498979      0.990435
     44.690732      0.323817      0.328474      0.652291
     46.035330      1.381365      1.382977      2.764342
     47.379928      0.533001      0.491207      1.024208
     48.724526      0.003683      0.003781      0.007464
     50.069125      0.014898      0.014922      0.029820
     51.413723      1.354239      1.338954      2.693193
     52.758321      0.904594      0.912410      1.817004
     54.102919      0.258765      0.257079      0.515844
     55.447517      0.781855      0.757434      1.539289
     56.792116      1.005759      1.008151      2.013910
     58.136714      0.293779      0.299929      0.593708
     59.481312      1.022814      1.023142      2.045956
     60.825910      0.135646      0.124026      0.259671
     62.170508      0.157780      0.157712      0.315492
     63.515107      0.140516      0.131324      0.271840
     64.859705      0.637065      0.649639      1.286704
     66.204303      0.993244      1.009261      2.002505
     67.548901      1.501314      1.567658      3.068972
     68.893499      0.282775      0.288846      0.571621
     70.238098      0.002954      0.002831      0.005785
     71.582696      0.012718      0.012642      0.025360
     72.927294      0.547651      0.546214      1.093865
     74.271892      0.362629      0.363513      0.726143
     75.616490      0.368296      0.370023      0.738319
     76.961088      0.205615      0.204065      0.409680
     78.305687      0.016973      0.002357      0.019330
     79.650285      0.315759      0.358825      0.674584
     80.994883      0.693887      0.703233      1.397120
     82.339481      0.998147      0.997084      1.995231
     83.684079      0.367647      0.217794      0.585441
     85.028678      1.025465      1.034841      2.060306
     86.373276      0.475160      0.478388      0.953548
     87.717874      1.532878      1.534477      3.067355
     89.062472      0.168458      0.169105      0.337563
     90.407070      0.439695      0.444376      0.884071
     91.751669      0.146291      0.190797      0.337088
     93.096267      0.291995      0.296117      0.588112
     94.440865      0.028364      0.016699      0.045064
     95.785463      0.597190      0.597858      1.195048
     97.130061      0.836462      0.845251      1.681713
     98.474659      0.018365      0.018236      0.036601
     99.819258      0.369544      0.372705      0.742250
    101.163856      0.624916      0.624799      1.249715
    102.508454      1.795417      1.235345      3.030762
    103.853052      0.620928      0.621348      1.242276
    105.197650      0.000001      0.000000      0.000001
    106.542249      0.181730      0.165590      0.347320
    107.886847      0.276731      0.468519      0.745250
    109.231445      0.006357      0.335344      0.341701
    110.576043      0.000000      0.000000      0.000000
    111.920641      0.001010      0.001700      0.002710
    113.265240      0.457903      0.342924      0.800828
    114.609838      0.000000      0.000000      0.000000
    115.954436      0.000000      0.000000      0.000000
    117.299034      1.314324      1.317079      2.631403
    118.643632      0.078996      0.079867      0.158864
    119.988230      0.010020      0.010247      0.020267
    121.332829      0.000024      0.000023      0.000047
    122.677427      0.000000      0.000000      0.000000
    124.022025      0.000000      0.000000      0.000000
    125.366623      0.000056      0.000101      0.000157
    126.711221      0.665434      0.568646      1.234080
    128.055820      0.305232      0.308728      0.613960
    129.400418      0.194750      0.407526      0.602276
    130.745016      0.024939      0.023200      0.048139
    132.089614      0.311729      0.311668      0.623397
    133.434212      0.000002      0.000002      0.000003
    134.778811      0.366347      0.366141      0.732488
    136.123409      0.475017      0.472591      0.947608
    137.468007      0.272047      0.271953      0.544000
    138.812605      0.058823      0.000000      0.058823
    140.157203      0.000000      0.000000      0.000000
    141.501802      0.000000      0.000000      0.000000
    142.846400      0.000000      0.000000      0.000000
    144.190998      0.000000      0.000000      0.000000
    145.535596      0.000000      0.000000      0.000000
    146.880194      0.000000      0.000000      0.000000
    148.224792      0.000000      0.000000      0.000000
    149.569391      0.000000      0.000000      0.000000
    150.913989      0.000000      0.000000      0.000000
    152.258587      0.000000      0.000000      0.000000
    153.603185      0.190029      0.285939      0.475967
    154.947783      0.280246      0.299858      0.580104
    156.292382      0.000000      0.000000      0.000000
    157.636980      0.000000      0.000000      0.000000
    158.981578      0.611239      0.488201      1.099440
    160.326176      0.092048      0.089285      0.181333
    161.670774      0.000234      0.000287      0.000521
    163.015373      0.013363      0.015233      0.028596
    164.359971      0.000000      0.000000      0.000000
    165.704569      0.000000      0.000000      0.000000
    167.049167      0.040744      0.025488      0.066232
    168.393765      0.000040      0.000030      0.000070
    169.738363      0.171290      0.137825      0.309114
    171.082962      0.000000      0.000000      0.000000
    172.427560      0.000000      0.000000      0.000000
    173.772158      0.000000      0.000000      0.000000
    175.116756      0.019761      0.017369      0.037131
    176.461354      0.000000      0.000000      0.000000
    177.805953      0.000000      0.000000      0.000000
    179.150551      0.000000      0.000000      0.000000
    180.495149      0.001155      0.001798      0.002952
