#
#   partial DOS for atom species: Ga
#
#   Add data for atom_index =   1,  n,l,m,z=  4  1 -1  1
#   Add data for atom_index =   1,  n,l,m,z=  4  1  0  1
#   Add data for atom_index =   1,  n,l,m,z=  4  1  1  1
#   Add data for atom_index =   1,  n,l,m,z=  4  1 -1  2
#   Add data for atom_index =   1,  n,l,m,z=  4  1  0  2
#   Add data for atom_index =   1,  n,l,m,z=  4  1  1  2
#   Add data for atom_index =   1,  n,l,m,z=  4  1 -1  3
#   Add data for atom_index =   1,  n,l,m,z=  4  1  0  3
#   Add data for atom_index =   1,  n,l,m,z=  4  1  1  3
#   Add data for atom_index =   2,  n,l,m,z=  4  1 -1  1
#   Add data for atom_index =   2,  n,l,m,z=  4  1  0  1
#   Add data for atom_index =   2,  n,l,m,z=  4  1  1  1
#   Add data for atom_index =   2,  n,l,m,z=  4  1 -1  2
#   Add data for atom_index =   2,  n,l,m,z=  4  1  0  2
#   Add data for atom_index =   2,  n,l,m,z=  4  1  1  2
#   Add data for atom_index =   2,  n,l,m,z=  4  1 -1  3
#   Add data for atom_index =   2,  n,l,m,z=  4  1  0  3
#   Add data for atom_index =   2,  n,l,m,z=  4  1  1  3
#
#    Energy          spin 1        spin2
#
  -20.0000000     0.00000000     0.00000000
  -19.9599600     0.00000000     0.00000000
  -19.9199199     0.00000000     0.00000000
  -19.8798799     0.00000000     0.00000000
  -19.8398398     0.00000000     0.00000000
  -19.7997998     0.00000000     0.00000000
  -19.7597598     0.00000000     0.00000000
  -19.7197197     0.00000000     0.00000000
  -19.6796797     0.00000000     0.00000000
  -19.6396396     0.00000000     0.00000000
  -19.5995996     0.00000000     0.00000000
  -19.5595596     0.00000000     0.00000000
  -19.5195195     0.00000000     0.00000000
  -19.4794795     0.00000000     0.00000000
  -19.4394394     0.00000000     0.00000000
  -19.3993994     0.00000000     0.00000000
  -19.3593594     0.00000000     0.00000000
  -19.3193193     0.00000000     0.00000000
  -19.2792793     0.00000000     0.00000000
  -19.2392392     0.00000000     0.00000000
  -19.1991992    -0.00000000    -0.00000000
  -19.1591592    -0.00000000    -0.00000000
  -19.1191191    -0.00000003    -0.00000003
  -19.0790791    -0.00000035    -0.00000035
  -19.0390390    -0.00000337    -0.00000337
  -18.9989990    -0.00002377    -0.00002377
  -18.9589590    -0.00012171    -0.00012172
  -18.9189189    -0.00045216    -0.00045220
  -18.8788789    -0.00121906    -0.00121916
  -18.8388388    -0.00238506    -0.00238528
  -18.7987988    -0.00338627    -0.00338661
  -18.7587588    -0.00348892    -0.00348930
  -18.7187187    -0.00260859    -0.00260890
  -18.6786787    -0.00141510    -0.00141527
  -18.6386386    -0.00055349    -0.00055357
  -18.5985986    -0.00012241    -0.00012245
  -18.5585586     0.00022568     0.00022556
  -18.5185185     0.00131368     0.00131315
  -18.4784785     0.00487716     0.00487531
  -18.4384384     0.01309308     0.01308841
  -18.3983984     0.02550192     0.02549336
  -18.3583584     0.03601655     0.03600525
  -18.3183183     0.03668836     0.03667760
  -18.2782783     0.02583688     0.02582955
  -18.2382382     0.00772415     0.00772078
  -18.1981982    -0.01687626    -0.01687680
  -18.1581582    -0.05435088    -0.05434982
  -18.1181181    -0.11111304    -0.11111130
  -18.0780781    -0.18402289    -0.18402138
  -18.0380380    -0.25177629    -0.25177599
  -17.9979980    -0.27657747    -0.27657896
  -17.9579580    -0.23498913    -0.23499191
  -17.9179179    -0.15023247    -0.15023519
  -17.8778779    -0.07207710    -0.07207862
  -17.8378378    -0.03053260    -0.03053237
  -17.7977978    -0.02739660    -0.02739386
  -17.7577578    -0.05792492    -0.05791842
  -17.7177177    -0.12044778    -0.12043690
  -17.6776777    -0.20795089    -0.20793709
  -17.6376376    -0.29575432    -0.29574145
  -17.5975976    -0.33944362    -0.33943618
  -17.5575576    -0.30427313    -0.30427274
  -17.5175175    -0.20775965    -0.20776333
  -17.4774775    -0.11038896    -0.11039178
  -17.4374374    -0.05978509    -0.05978333
  -17.3973974    -0.06230291    -0.06229445
  -17.3573574    -0.09402146    -0.09400630
  -17.3173173    -0.11860923    -0.11859093
  -17.2772773    -0.11048640    -0.11047062
  -17.2372372    -0.07484366    -0.07483388
  -17.1971972    -0.03690895    -0.03690456
  -17.1571572    -0.01405961    -0.01405803
  -17.1171171    -0.00867597    -0.00867474
  -17.0770771    -0.02226820    -0.02226498
  -17.0370370    -0.06441367    -0.06440585
  -16.9969970    -0.13883659    -0.13882318
  -16.9569570    -0.21742618    -0.21741059
  -16.9169169    -0.24711077    -0.24709920
  -16.8768769    -0.20380744    -0.20380297
  -16.8368368    -0.12198203    -0.12198239
  -16.7967968    -0.05298087    -0.05298234
  -16.7567568    -0.01669897    -0.01669985
  -16.7167167    -0.00381951    -0.00381981
  -16.6766767    -0.00063398    -0.00063404
  -16.6366366    -0.00007636    -0.00007637
  -16.5965966    -0.00000667    -0.00000668
  -16.5565566    -0.00000042    -0.00000042
  -16.5165165    -0.00000002    -0.00000002
  -16.4764765    -0.00000000    -0.00000000
  -16.4364364    -0.00000000    -0.00000000
  -16.3963964    -0.00000001    -0.00000001
  -16.3563564    -0.00000019    -0.00000019
  -16.3163163    -0.00000294    -0.00000294
  -16.2762763    -0.00003367    -0.00003366
  -16.2362362    -0.00027997    -0.00027995
  -16.1961962    -0.00168956    -0.00168943
  -16.1561562    -0.00739909    -0.00739865
  -16.1161161    -0.02351428    -0.02351322
  -16.0760761    -0.05423002    -0.05422836
  -16.0360360    -0.09077123    -0.09076976
  -15.9959960    -0.11035977    -0.11035963
  -15.9559560    -0.09806836    -0.09806989
  -15.9159159    -0.06668243    -0.06668536
  -15.8758759    -0.04517745    -0.04518226
  -15.8358358    -0.05268612    -0.05269392
  -15.7957958    -0.08596547    -0.08597535
  -15.7557558    -0.12321117    -0.12321897
  -15.7157157    -0.14248264    -0.14248421
  -15.6756757    -0.14179976    -0.14179474
  -15.6356356    -0.13286150    -0.13285391
  -15.5955956    -0.11516568    -0.11516269
  -15.5555556    -0.07501058    -0.07501902
  -15.5155155    -0.01682239    -0.01684305
  -15.4754755     0.02808846     0.02806175
  -15.4354354     0.04151979     0.04149438
  -15.3953954     0.04566093     0.04564015
  -15.3553554     0.07072854     0.07071212
  -15.3153153     0.11091437     0.11090203
  -15.2752753     0.12992594     0.12991899
  -15.2352352     0.10560724     0.10560670
  -15.1951952     0.05413715     0.05414226
  -15.1551552     0.00820300     0.00821195
  -15.1151151    -0.01277470    -0.01276441
  -15.0750751    -0.00754047    -0.00753206
  -15.0350350     0.01568555     0.01568964
  -14.9949950     0.04451322     0.04451279
  -14.9549550     0.06618932     0.06618567
  -14.9149149     0.07607855     0.07607354
  -14.8748749     0.08195100     0.08194802
  -14.8348348     0.09517778     0.09518161
  -14.7947948     0.12038603     0.12039840
  -14.7547548     0.15080975     0.15082572
  -14.7147147     0.16759549     0.16760709
  -14.6746747     0.15349967     0.15350275
  -14.6346346     0.11376215     0.11375846
  -14.5945946     0.07382018     0.07381387
  -14.5545546     0.05381948     0.05381344
  -14.5145145     0.05138342     0.05137884
  -14.4744745     0.04985062     0.04984802
  -14.4344344     0.03886094     0.03886018
  -14.3943944     0.02253794     0.02253816
  -14.3543544     0.00966683     0.00966712
  -14.3143143     0.00360628     0.00360612
  -14.2742743     0.00266510     0.00266387
  -14.2342342     0.00318031     0.00317718
  -14.1941942    -0.00117928    -0.00118424
  -14.1541542    -0.01708464    -0.01708876
  -14.1141141    -0.04082887    -0.04082819
  -14.0740741    -0.05540156    -0.05539528
  -14.0340340    -0.04854972    -0.04854164
  -13.9939940    -0.02609261    -0.02608724
  -13.9539540     0.00145814     0.00145889
  -13.9139139     0.03361108     0.03360762
  -13.8738739     0.07145159     0.07144569
  -13.8338338     0.10354453     0.10353875
  -13.7937938     0.11301467     0.11301117
  -13.7537538     0.09691965     0.09691941
  -13.7137137     0.06833220     0.06833515
  -13.6736737     0.04213538     0.04213983
  -13.6336336     0.02621605     0.02621936
  -13.5935936     0.02083454     0.02083537
  -13.5535536     0.02097922     0.02097747
  -13.5135135     0.02276632     0.02276074
  -13.4734735     0.02873181     0.02872063
  -13.4334334     0.04299217     0.04297924
  -13.3933934     0.06178369     0.06178114
  -13.3533534     0.07663739     0.07665414
  -13.3133133     0.08894466     0.08897044
  -13.2732733     0.10990699     0.10991390
  -13.2332332     0.14161932     0.14158478
  -13.1931932     0.17100095     0.17093650
  -13.1531532     0.18547126     0.18542769
  -13.1131131     0.18445830     0.18448495
  -13.0730731     0.17672010     0.17681277
  -13.0330330     0.16940384     0.16950410
  -12.9929930     0.15705034     0.15709774
  -12.9529530     0.12955932     0.12954098
  -12.9129129     0.09367345     0.09362483
  -12.8728729     0.07147927     0.07144117
  -12.8328328     0.07366041     0.07364522
  -12.7927928     0.08617097     0.08616852
  -12.7527528     0.08716853     0.08716759
  -12.7127127     0.06999065     0.06998764
  -12.6726727     0.04608980     0.04608412
  -12.6326326     0.03229361     0.03228373
  -12.5925926     0.04069859     0.04068610
  -12.5525526     0.07371521     0.07370877
  -12.5125125     0.11842176     0.11842974
  -12.4724725     0.14957048     0.14958826
  -12.4324324     0.15278962     0.15280013
  -12.3923924     0.14565592     0.14564803
  -12.3523524     0.16106435     0.16105172
  -12.3123123     0.20522764     0.20523954
  -12.2722723     0.24346813     0.24351407
  -12.2322322     0.23886574     0.23892632
  -12.1921922     0.20012976     0.20018329
  -12.1521522     0.17273855     0.17276846
  -12.1121121     0.18224821     0.18223638
  -12.0720721     0.20557613     0.20552257
  -12.0320320     0.20213577     0.20206972
  -11.9919920     0.15983983     0.15979147
  -11.9519520     0.10267654     0.10265275
  -11.9119119     0.06161687     0.06160960
  -11.8718719     0.05172662     0.05172994
  -11.8318318     0.07570718     0.07572220
  -11.7917918     0.13575851     0.13578787
  -11.7517518     0.23309060     0.23312914
  -11.7117117     0.35602920     0.35606121
  -11.6716717     0.47996026     0.47997329
  -11.6316316     0.58760007     0.58759805
  -11.5915916     0.66772038     0.66771210
  -11.5515516     0.68471581     0.68470096
  -11.5115115     0.59700511     0.59698215
  -11.4714715     0.42205800     0.42203220
  -11.4314314     0.23625252     0.23623085
  -11.3913914     0.10368168     0.10366759
  -11.3513514     0.03560253     0.03559542
  -11.3113113     0.01079373     0.01079043
  -11.2712713     0.00967742     0.00967329
  -11.2312312     0.03137228     0.03136056
  -11.1911912     0.09414146     0.09411495
  -11.1511512     0.21849513     0.21845783
  -11.1111111     0.39416645     0.39414539
  -11.0710711     0.56658159     0.56660655
  -11.0310310     0.67957485     0.67963395
  -10.9909910     0.72327801     0.72332273
  -10.9509510     0.70927351     0.70928179
  -10.9109109     0.62993429     0.62993545
  -10.8708709     0.49513052     0.49516169
  -10.8308308     0.37475715     0.37481826
  -10.7907908     0.34584576     0.34589535
  -10.7507508     0.41088579     0.41088637
  -10.7107107     0.49882810     0.49879874
  -10.6706707     0.53659599     0.53658881
  -10.6306306     0.50643161     0.50646517
  -10.5905906     0.44224591     0.44229449
  -10.5505506     0.38392240     0.38394089
  -10.5105105     0.34689846     0.34684329
  -10.4704705     0.33423723     0.33410700
  -10.4304304     0.35141001     0.35126750
  -10.3903904     0.39797440     0.39789614
  -10.3503504     0.46210573     0.46211814
  -10.3103103     0.52229133     0.52236356
  -10.2702703     0.54858927     0.54866156
  -10.2302302     0.51880228     0.51882080
  -10.1901902     0.44065153     0.44060474
  -10.1501502     0.34818463     0.34811004
  -10.1101101     0.26975719     0.26970567
  -10.0700701     0.20599589     0.20599124
  -10.0300300     0.14744272     0.14747328
   -9.9899900     0.09879759     0.09883790
   -9.9499500     0.07025654     0.07028991
   -9.9099099     0.06065643     0.06068067
   -9.8698699     0.06306949     0.06308947
   -9.8298298     0.07489934     0.07491414
   -9.7897898     0.09599574     0.09599498
   -9.7497497     0.12970289     0.12968643
   -9.7097097     0.18635850     0.18635472
   -9.6696697     0.26481270     0.26485171
   -9.6296296     0.32907395     0.32913985
   -9.5895896     0.33428320     0.33432493
   -9.5495496     0.28311375     0.28310885
   -9.5095095     0.22625800     0.22623593
   -9.4694695     0.20585929     0.20586702
   -9.4294294     0.22553918     0.22561082
   -9.3893894     0.26910946     0.26925505
   -9.3493494     0.32069148     0.32088012
   -9.3093093     0.36364730     0.36380253
   -9.2692693     0.37905758     0.37910172
   -9.2292292     0.35612851     0.35603893
   -9.1891892     0.29850067     0.29831874
   -9.1491491     0.22173835     0.22153930
   -9.1091091     0.14966568     0.14951466
   -9.0690691     0.10467568     0.10459450
   -9.0290290     0.09443339     0.09440571
   -8.9889890     0.10912516     0.10912532
   -8.9489490     0.13172937     0.13173923
   -8.9089089     0.14791682     0.14792404
   -8.8688689     0.14807322     0.14806948
   -8.8288288     0.13136446     0.13135148
   -8.7887888     0.10971175     0.10970300
   -8.7487488     0.09771037     0.09772302
   -8.7087087     0.10106925     0.10111191
   -8.6686687     0.11913631     0.11919512
   -8.6286286     0.14994089     0.14998221
   -8.5885886     0.19129748     0.19130388
   -8.5485485     0.24119704     0.24119313
   -8.5085085     0.29410625     0.29412596
   -8.4684685     0.34133474     0.34137595
   -8.4284284     0.37972837     0.37975386
   -8.3883884     0.41052098     0.41048763
   -8.3483484     0.42996867     0.42986406
   -8.3083083     0.42833547     0.42819955
   -8.2682683     0.39360578     0.39349763
   -8.2282282     0.32410400     0.32404893
   -8.1881882     0.24402690     0.24400786
   -8.1481482     0.18603209     0.18601868
   -8.1081081     0.15594856     0.15592825
   -8.0680681     0.13554931     0.13553639
   -8.0280280     0.11611187     0.11612678
   -7.9879880     0.11022674     0.11027150
   -7.9479479     0.13144722     0.13150263
   -7.9079079     0.17287607     0.17291217
   -7.8678679     0.20644369     0.20643359
   -7.8278278     0.20492787     0.20487142
   -7.7877878     0.16889760     0.16883186
   -7.7477478     0.12711598     0.12709029
   -7.7077077     0.11193207     0.11197748
   -7.6676677     0.13916083     0.13927382
   -7.6276276     0.19733679     0.19747135
   -7.5875876     0.24824350     0.24833258
   -7.5475475     0.25486633     0.25487332
   -7.5075075     0.21683501     0.21678299
   -7.4674675     0.17086377     0.17081392
   -7.4274274     0.15601475     0.15601412
   -7.3873874     0.17886536     0.17890498
   -7.3473473     0.20842384     0.20844835
   -7.3073073     0.20846241     0.20843103
   -7.2672673     0.17774242     0.17767818
   -7.2272272     0.15011197     0.15007536
   -7.1871872     0.15400520     0.15402489
   -7.1471472     0.18393401     0.18398551
   -7.1071071     0.21170057     0.21174338
   -7.0670671     0.21406211     0.21407555
   -7.0270270     0.18918473     0.18917075
   -6.9869870     0.15200069     0.15196667
   -6.9469470     0.11698003     0.11693146
   -6.9069069     0.08939745     0.08934501
   -6.8668669     0.07036528     0.07032458
   -6.8268268     0.06161824     0.06159859
   -6.7867868     0.06186580     0.06186126
   -6.7467467     0.06313365     0.06312829
   -6.7067067     0.05791742     0.05790355
   -6.6666667     0.04869807     0.04868470
   -6.6266266     0.04391504     0.04391323
   -6.5865866     0.04615123     0.04615725
   -6.5465466     0.05079834     0.05079795
   -6.5065065     0.05662893     0.05661657
   -6.4664665     0.07211400     0.07210399
   -6.4264264     0.10710893     0.10712552
   -6.3863864     0.15892991     0.15897970
   -6.3463464     0.21025630     0.21031205
   -6.3063063     0.24228040     0.24230512
   -6.2662663     0.24681269     0.24679659
   -6.2262262     0.22569275     0.22565620
   -6.1861862     0.18847782     0.18844874
   -6.1461461     0.15350188     0.15349649
   -6.1061061     0.13713261     0.13714625
   -6.0660661     0.13927548     0.13928993
   -6.0260260     0.15008994     0.15009555
   -5.9859860     0.16529083     0.16529772
   -5.9459459     0.18706958     0.18709555
   -5.9059059     0.21936780     0.21942090
   -5.8658659     0.26077447     0.26084063
   -5.8258258     0.29076582     0.29080955
   -5.7857858     0.27887154     0.27886652
   -5.7457458     0.22375741     0.22371909
   -5.7057057     0.16227020     0.16223827
   -5.6656657     0.12725736     0.12724895
   -5.6256256     0.11736052     0.11735928
   -5.5855856     0.11522286     0.11521077
   -5.5455455     0.11443756     0.11442083
   -5.5055055     0.11712276     0.11712003
   -5.4654655     0.12003854     0.12005206
   -5.4254254     0.11696375     0.11697476
   -5.3853854     0.10625033     0.10624224
   -5.3453453     0.08855288     0.08852897
   -5.3053053     0.06571782     0.06569511
   -5.2652653     0.04484439     0.04483647
   -5.2252252     0.03512769     0.03513525
   -5.1851852     0.03983467     0.03984983
   -5.1451452     0.05864418     0.05866249
   -5.1051051     0.09664276     0.09666834
   -5.0650651     0.15655570     0.15658726
   -5.0250250     0.21680142     0.21681804
   -4.9849850     0.23920907     0.23918884
   -4.9449449     0.21303772     0.21298945
   -4.9049049     0.16897080     0.16892817
   -4.8648649     0.13728772     0.13727245
   -4.8248248     0.11645051     0.11645474
   -4.7847848     0.09263415     0.09263842
   -4.7447447     0.06955205     0.06954800
   -4.7047047     0.06870571     0.06869645
   -4.6646647     0.10806116     0.10805263
   -4.6246246     0.18019655     0.18019681
   -4.5845846     0.24635164     0.24636479
   -4.5445445     0.26350084     0.26351567
   -4.5045045     0.22579762     0.22580070
   -4.4644645     0.16813637     0.16813682
   -4.4244244     0.13220529     0.13222799
   -4.3843844     0.14742455     0.14748720
   -4.3443443     0.23436068     0.23446238
   -4.3043043     0.38791925     0.38802291
   -4.2642643     0.54206623     0.54210111
   -4.2242242     0.59522383     0.59515623
   -4.1841842     0.51279298     0.51267787
   -4.1441441     0.37049687     0.37041173
   -4.1041041     0.26242214     0.26238443
   -4.0640641     0.20676138     0.20674356
   -4.0240240     0.16978676     0.16976843
   -3.9839840     0.13805774     0.13803843
   -3.9439439     0.12745933     0.12744889
   -3.9039039     0.14604539     0.14605671
   -3.8638639     0.18249091     0.18252862
   -3.8238238     0.21797756     0.21802906
   -3.7837838     0.23198187     0.23202559
   -3.7437437     0.21550925     0.21552841
   -3.7037037     0.18796581     0.18795343
   -3.6636637     0.18273540     0.18269931
   -3.6236236     0.21362912     0.21359267
   -3.5835836     0.26790995     0.26789354
   -3.5435435     0.32481580     0.32481724
   -3.5035035     0.35907040     0.35907143
   -3.4634635     0.33905955     0.33904940
   -3.4234234     0.25921505     0.25920038
   -3.3833834     0.16421411     0.16420716
   -3.3433433     0.11117739     0.11118350
   -3.3033033     0.11921078     0.11922873
   -3.2632633     0.16841199     0.16843729
   -3.2232232     0.23224120     0.23226372
   -3.1831832     0.29220260     0.29220705
   -3.1431431     0.32354605     0.32352611
   -3.1031031     0.29794173     0.29791186
   -3.0630631     0.21775558     0.21773588
   -3.0230230     0.12468606     0.12468011
   -2.9829830     0.06241231     0.06240967
   -2.9429429     0.04576638     0.04576011
   -2.9029029     0.06375779     0.06375615
   -2.8628629     0.09380879     0.09383128
   -2.8228228     0.11382901     0.11388052
   -2.7827828     0.11373198     0.11378163
   -2.7427427     0.10074022     0.10075002
   -2.7027027     0.09589733     0.09587091
   -2.6626627     0.12127137     0.12124773
   -2.6226226     0.17959577     0.17959853
   -2.5825826     0.25328726     0.25330218
   -2.5425425     0.33859154     0.33859324
   -2.5025025     0.45756143     0.45754762
   -2.4624625     0.60240871     0.60239946
   -2.4224224     0.70333524     0.70334481
   -2.3823824     0.70270947     0.70272744
   -2.3423423     0.62593712     0.62593769
   -2.3023023     0.53995921     0.53992751
   -2.2622623     0.47905140     0.47899583
   -2.2222222     0.43981218     0.43974967
   -2.1821822     0.42562419     0.42556615
   -2.1421421     0.45364209     0.45360750
   -2.1021021     0.50969818     0.50972489
   -2.0620621     0.55158532     0.55169838
   -2.0220220     0.57153190     0.57170207
   -1.9819820     0.59244819     0.59259948
   -1.9419419     0.60529060     0.60535510
   -1.9019019     0.57768242     0.57765589
   -1.8618619     0.51484934     0.51479473
   -1.8218218     0.45481644     0.45479358
   -1.7817818     0.40735696     0.40735213
   -1.7417417     0.34234667     0.34230562
   -1.7017017     0.24488015     0.24479336
   -1.6616617     0.14736257     0.14726603
   -1.6216216     0.09563920     0.09555468
   -1.5815816     0.10358405     0.10351244
   -1.5415415     0.14322017     0.14317736
   -1.5015015     0.17004346     0.17005501
   -1.4614615     0.16404282     0.16410396
   -1.4214214     0.14470053     0.14477547
   -1.3813814     0.14044617     0.14050735
   -1.3413413     0.15624479     0.15629051
   -1.3013013     0.17772691     0.17776844
   -1.2612613     0.19734423     0.19738949
   -1.2212212     0.22466123     0.22469917
   -1.1811812     0.26541762     0.26542054
   -1.1411411     0.30986905     0.30983344
   -1.1011011     0.35863486     0.35860536
   -1.0610611     0.43086371     0.43088165
   -1.0210210     0.51929388     0.51933377
   -0.9809810     0.56711362     0.56710831
   -0.9409409     0.53158911     0.53151444
   -0.9009009     0.45007598     0.44997685
   -0.8608609     0.39466765     0.39460811
   -0.8208208     0.38818650     0.38820425
   -0.7807808     0.41632367     0.41641598
   -0.7407407     0.47411992     0.47424062
   -0.7007007     0.53569781     0.53577247
   -0.6606607     0.53511718     0.53509141
   -0.6206206     0.44801371     0.44789651
   -0.5805806     0.34201316     0.34186251
   -0.5405405     0.28955778     0.28943693
   -0.5005005     0.27713743     0.27708975
   -0.4604605     0.24668368     0.24671465
   -0.4204204     0.18797810     0.18805147
   -0.3803804     0.14310113     0.14317055
   -0.3403403     0.14010865     0.14014807
   -0.3003003     0.16642857     0.16643458
   -0.2602603     0.20474158     0.20472927
   -0.2202202     0.25267558     0.25266899
   -0.1801802     0.29211052     0.29211839
   -0.1401401     0.28334957     0.28335847
   -0.1001001     0.21893308     0.21893311
   -0.0600601     0.14597404     0.14597356
   -0.0200200     0.11240963     0.11241784
    0.0200200     0.12077519     0.12078771
    0.0600601     0.14576267     0.14576972
    0.1001001     0.17097772     0.17097521
    0.1401401     0.19616161     0.19615190
    0.1801802     0.22666481     0.22665411
    0.2202202     0.26526129     0.26525538
    0.2602603     0.30190174     0.30190040
    0.3003003     0.31427113     0.31426953
    0.3403403     0.28956369     0.28955914
    0.3803804     0.24100776     0.24100209
    0.4204204     0.19842316     0.19841997
    0.4604605     0.18033270     0.18033406
    0.5005005     0.17905711     0.17906291
    0.5405405     0.18366431     0.18367190
    0.5805806     0.20227803     0.20227827
    0.6206206     0.24106159     0.24104489
    0.6606607     0.27969336     0.27967204
    0.7007007     0.29138851     0.29139862
    0.7407407     0.28158710     0.28164558
    0.7807808     0.28811073     0.28818126
    0.8208208     0.32961084     0.32963442
    0.8608609     0.36763724     0.36759193
    0.9009009     0.34791007     0.34782589
    0.9409409     0.26889540     0.26881726
    0.9809810     0.18149116     0.18144051
    1.0210210     0.13515277     0.13512318
    1.0610611     0.14246039     0.14244287
    1.1011011     0.17793976     0.17793903
    1.1411411     0.20620732     0.20622515
    1.1811812     0.22393683     0.22395904
    1.2212212     0.25924320     0.25925864
    1.2612613     0.31909560     0.31911123
    1.3013013     0.36587466     0.36589967
    1.3413413     0.36088506     0.36091465
    1.3813814     0.31270741     0.31273142
    1.4214214     0.27629264     0.27630861
    1.4614615     0.30426648     0.30427538
    1.5015015     0.38603511     0.38603393
    1.5415415     0.44341243     0.44340070
    1.5815816     0.41074733     0.41073512
    1.6216216     0.30763632     0.30763800
    1.6616617     0.21252118     0.21254400
    1.7017017     0.18369120     0.18372716
    1.7417417     0.21719464     0.21721950
    1.7817818     0.26328461     0.26327570
    1.8218218     0.28184364     0.28180305
    1.8618619     0.28352759     0.28347801
    1.9019019     0.29739551     0.29735714
    1.9419419     0.31204516     0.31202467
    1.9819820     0.29240072     0.29239427
    2.0220220     0.23773252     0.23773476
    2.0620621     0.17825618     0.17826864
    2.1021021     0.13821120     0.13824001
    2.1421421     0.13288095     0.13292821
    2.1821822     0.16776038     0.16781776
    2.2222222     0.21668561     0.21673378
    2.2622623     0.23170147     0.23172312
    2.3023023     0.19426901     0.19426361
    2.3423423     0.13550021     0.13547914
    2.3823824     0.09904783     0.09902070
    2.4224224     0.10372939     0.10369832
    2.4624625     0.14064326     0.14060754
    2.5025025     0.19184429     0.19181696
    2.5425425     0.25132077     0.25132979
    2.5825826     0.32288147     0.32293346
    2.6226226     0.39172644     0.39178058
    2.6626627     0.42015558     0.42015042
    2.7027027     0.39094385     0.39085179
    2.7427427     0.32893685     0.32880491
    2.7827828     0.26405078     0.26397799
    2.8228228     0.20563648     0.20568424
    2.8628629     0.15885475     0.15900162
    2.9029029     0.13344773     0.13363211
    2.9429429     0.12904004     0.12919017
    2.9829830     0.12707285     0.12711817
    3.0230230     0.10786384     0.10779107
    3.0630631     0.07384721     0.07372438
    3.1031031     0.04544182     0.04534686
    3.1431431     0.03629275     0.03624870
    3.1831832     0.04267353     0.04266226
    3.2232232     0.05369369     0.05369388
    3.2632633     0.06372234     0.06372356
    3.3033033     0.07385915     0.07385947
    3.3433433     0.08446353     0.08446511
    3.3833834     0.09235063     0.09235683
    3.4234234     0.09892538     0.09893896
    3.4634635     0.11530956     0.11533097
    3.5035035     0.15407363     0.15410185
    3.5435435     0.21703769     0.21707409
    3.5835836     0.28849584     0.28854184
    3.6236236     0.33743690     0.33748188
    3.6636637     0.33437965     0.33439781
    3.7037037     0.27635432     0.27632834
    3.7437437     0.19717364     0.19711842
    3.7837838     0.14905135     0.14899811
    3.8238238     0.16977952     0.16973988
    3.8638639     0.26074883     0.26070961
    3.9039039     0.38361869     0.38357115
    3.9439439     0.47785111     0.47781217
    3.9839840     0.50392916     0.50392393
    4.0240240     0.47740048     0.47743222
    4.0640641     0.44727815     0.44732629
    4.1041041     0.45057317     0.45061048
    4.1441441     0.49472021     0.49472911
    4.1841842     0.55319740     0.55318400
    4.2242242     0.56842771     0.56841631
    4.2642643     0.49333369     0.49333974
    4.3043043     0.34479043     0.34481246
    4.3443443     0.19510132     0.19514321
    4.3843844     0.10688322     0.10696381
    4.4244244     0.09097288     0.09109438
    4.4644645     0.11566168     0.11577145
    4.5045045     0.13774825     0.13776678
    4.5445445     0.13678480     0.13668941
    4.5845846     0.13161669     0.13145713
    4.6246246     0.15529749     0.15512314
    4.6646647     0.21268869     0.21252168
    4.7047047     0.27213604     0.27201613
    4.7447447     0.30209667     0.30207516
    4.7847848     0.30724558     0.30731429
    4.8248248     0.31573709     0.31582699
    4.8648649     0.33780923     0.33787697
    4.9049049     0.35765474     0.35771491
    4.9449449     0.36341625     0.36348328
    4.9849850     0.35975896     0.35981144
    5.0250250     0.34466566     0.34467888
    5.0650651     0.30251969     0.30250062
    5.1051051     0.23752878     0.23750688
    5.1451452     0.18576358     0.18576070
    5.1851852     0.17154095     0.17155680
    5.2252252     0.17385263     0.17387136
    5.2652653     0.15542645     0.15543311
    5.3053053     0.10968220     0.10967596
    5.3453453     0.06152164     0.06151331
    5.3853854     0.03266899     0.03266715
    5.4254254     0.02373077     0.02373436
    5.4654655     0.02530753     0.02531038
    5.5055055     0.03313061     0.03312845
    5.5455455     0.05072863     0.05072098
    5.5855856     0.08463462     0.08462243
    5.6256256     0.13965472     0.13963581
    5.6656657     0.20811481     0.20807985
    5.7057057     0.25983039     0.25977197
    5.7457458     0.26234546     0.26228219
    5.7857858     0.21622122     0.21619554
    5.8258258     0.15196724     0.15199698
    5.8658659     0.09976142     0.09981212
    5.9059059     0.07878032     0.07880827
    5.9459459     0.09862374     0.09863219
    5.9859860     0.15132784     0.15136457
    6.0260260     0.21058471     0.21067685
    6.0660661     0.25140392     0.25150453
    6.1061061     0.26641238     0.26644973
    6.1461461     0.26249935     0.26247476
    6.1861862     0.25086716     0.25084808
    6.2262262     0.23528188     0.23530293
    6.2662663     0.20796447     0.20799128
    6.3063063     0.16963296     0.16962583
    6.3463464     0.14348464     0.14345278
    6.3863864     0.14918594     0.14916314
    6.4264264     0.17511442     0.17511508
    6.4664665     0.19710988     0.19712859
    6.5065065     0.21199061     0.21201552
    6.5465466     0.22812451     0.22813357
    6.5865866     0.23534293     0.23531117
    6.6266266     0.21354544     0.21347081
    6.6666667     0.16493017     0.16484149
    6.7067067     0.11292683     0.11286407
    6.7467467     0.07317275     0.07315951
    6.7867868     0.04457475     0.04460143
    6.8268268     0.02339238     0.02342862
    6.8668669     0.00992140     0.00994569
    6.9069069     0.00430703     0.00431755
    6.9469470     0.00530691     0.00531089
    6.9869870     0.01232925     0.01233336
    7.0270270     0.02459419     0.02460216
    7.0670671     0.03824432     0.03825517
    7.1071071     0.04692585     0.04693300
    7.1471472     0.04805511     0.04805326
    7.1871872     0.04944324     0.04943697
    7.2272272     0.06576679     0.06576570
    7.2672673     0.10102268     0.10102767
    7.3073073     0.13475617     0.13475806
    7.3473473     0.13789579     0.13788855
    7.3873874     0.10635242     0.10634031
    7.4274274     0.06647661     0.06646678
    7.4674675     0.04548453     0.04548002
    7.5075075     0.04949838     0.04950028
    7.5475475     0.07084512     0.07085515
    7.5875876     0.10333129     0.10334763
    7.6276276     0.14029551     0.14030892
    7.6676677     0.16316821     0.16316901
    7.7077077     0.15154854     0.15153754
    7.7477478     0.10942680     0.10941357
    7.7877878     0.06552293     0.06551428
    7.8278278     0.04500778     0.04500220
    7.8678679     0.05101051     0.05100120
    7.9079079     0.07159746     0.07157707
    7.9479479     0.09644934     0.09641559
    7.9879880     0.12247889     0.12244134
    8.0280280     0.14496957     0.14494843
    8.0680681     0.15535424     0.15536267
    8.1081081     0.15180271     0.15183059
    8.1481482     0.13963355     0.13965831
    8.1881882     0.12173711     0.12174827
    8.2282282     0.10276380     0.10277024
    8.2682683     0.10068797     0.10070639
    8.3083083     0.13765429     0.13769235
    8.3483484     0.21182891     0.21187285
    8.3883884     0.28789281     0.28791502
    8.4284284     0.32527582     0.32526172
    8.4684685     0.30824052     0.30820064
    8.5085085     0.24553754     0.24549379
    8.5485485     0.15979044     0.15976197
    8.5885886     0.08097406     0.08096856
    8.6286286     0.03136102     0.03136930
    8.6686687     0.01346342     0.01347047
    8.7087087     0.01812230     0.01812561
    8.7487488     0.03672720     0.03673508
    8.7887888     0.06017708     0.06018924
    8.8288288     0.07463864     0.07464205
    8.8688689     0.06991076     0.06990093
    8.9089089     0.05198108     0.05197336
    8.9489490     0.03824070     0.03825267
    8.9889890     0.03856992     0.03859932
    9.0290290     0.04624095     0.04626492
    9.0690691     0.04804542     0.04804372
    9.1091091     0.04017535     0.04015161
    9.1491491     0.03135172     0.03132530
    9.1891892     0.03139778     0.03138177
    9.2292292     0.04085428     0.04085002
    9.2692693     0.05304509     0.05304938
    9.3093093     0.06282240     0.06283027
    9.3493494     0.06873565     0.06873926
    9.3893894     0.06938767     0.06938058
    9.4294294     0.06436954     0.06435374
    9.4694695     0.05597416     0.05595840
    9.5095095     0.04674533     0.04673468
    9.5495496     0.04095671     0.04094644
    9.5895896     0.04806040     0.04804015
    9.6296296     0.07605507     0.07601906
    9.6696697     0.11728091     0.11723882
    9.7097097     0.14569086     0.14566640
    9.7497497     0.13868985     0.13869829
    9.7897898     0.10167794     0.10170873
    9.8298298     0.06069626     0.06072834
    9.8698699     0.03565569     0.03568322
    9.9099099     0.03172245     0.03175776
    9.9499500     0.04689662     0.04694992
    9.9899900     0.07251273     0.07256907
   10.0300300     0.09123930     0.09126463
   10.0700701     0.09083406     0.09081667
   10.1101101     0.08236668     0.08233962
   10.1501502     0.09396517     0.09396972
   10.1901902     0.14084024     0.14087153
   10.2302302     0.20309665     0.20309523
   10.2702703     0.23929528     0.23920626
   10.3103103     0.22590579     0.22575081
   10.3503504     0.17580998     0.17567698
   10.3903904     0.11859098     0.11854128
   10.4304304     0.07787232     0.07788626
   10.4704705     0.06684124     0.06687297
   10.5105105     0.08744061     0.08748722
   10.5505506     0.12535073     0.12543156
   10.5905906     0.15436225     0.15447012
   10.6306306     0.15902670     0.15914175
   10.6706707     0.15077134     0.15088172
   10.7107107     0.14723796     0.14731473
   10.7507508     0.14259974     0.14260312
   10.7907908     0.11893288     0.11886903
   10.8308308     0.07801435     0.07793939
   10.8708709     0.03905942     0.03901722
   10.9109109     0.01171050     0.01169907
   10.9509510    -0.01013952    -0.01014477
   10.9909910    -0.02981500    -0.02982775
   11.0310310    -0.03673360    -0.03674909
   11.0710711    -0.01843945    -0.01845068
   11.1111111     0.02309275     0.02308140
   11.1511512     0.07013216     0.07011007
   11.1911912     0.10070296     0.10066660
   11.2312312     0.10575008     0.10570700
   11.2712713     0.09663209     0.09659645
   11.3113113     0.08720643     0.08719515
   11.3513514     0.07346954     0.07349121
   11.3913914     0.04681918     0.04686116
   11.4314314     0.02212146     0.02216142
   11.4714715     0.02945632     0.02948393
   11.5115115     0.07201968     0.07203686
   11.5515516     0.11206969     0.11208144
   11.5915916     0.11293304     0.11294780
   11.6316316     0.08007649     0.08010718
   11.6716717     0.04641838     0.04647166
   11.7117117     0.03283268     0.03289107
   11.7517518     0.03764529     0.03767073
   11.7917918     0.05321517     0.05318555
   11.8318318     0.07589465     0.07582547
   11.8718719     0.09759465     0.09751571
   11.9119119     0.10193672     0.10187011
   11.9519520     0.08170181     0.08166470
   11.9919920     0.05284260     0.05284190
   12.0320320     0.04001699     0.04003894
   12.0720721     0.05179294     0.05181593
   12.1121121     0.07417973     0.07419429
   12.1521522     0.08578295     0.08579248
   12.1921922     0.07851207     0.07852250
   12.2322322     0.06212261     0.06213819
   12.2722723     0.04922555     0.04924943
   12.3123123     0.04312134     0.04315134
   12.3523524     0.04190202     0.04192531
   12.3923924     0.04756726     0.04757034
   12.4324324     0.06487388     0.06485981
   12.4724725     0.08893496     0.08891908
   12.5125125     0.10179194     0.10178250
   12.5525526     0.09245027     0.09244533
   12.5925926     0.07373528     0.07373336
   12.6326326     0.06640106     0.06640335
   12.6726727     0.07198607     0.07199047
   12.7127127     0.07277925     0.07278019
   12.7527528     0.05682853     0.05682401
   12.7927928     0.03319079     0.03318447
   12.8328328     0.02095757     0.02095301
   12.8728729     0.03335117     0.03334876
   12.9129129     0.07440701     0.07440825
   12.9529530     0.13879228     0.13880639
   12.9929930     0.20912550     0.20916868
   13.0330330     0.26102576     0.26110162
   13.0730731     0.27999293     0.28006744
   13.1131131     0.27583009     0.27585039
   13.1531532     0.27432952     0.27428359
   13.1931932     0.29035230     0.29028108
   13.2332332     0.31559199     0.31553433
   13.2732733     0.33440300     0.33436219
   13.3133133     0.33798668     0.33795218
   13.3533534     0.32245984     0.32243364
   13.3933934     0.29066573     0.29066017
   13.4334334     0.25697103     0.25698961
   13.4734735     0.23575022     0.23577834
   13.5135135     0.21927883     0.21929718
   13.5535536     0.18027641     0.18027897
   13.5935936     0.11093611     0.11092989
   13.6336336     0.04252563     0.04251864
   13.6736737     0.00969501     0.00969079
   13.7137137     0.01428585     0.01428490
   13.7537538     0.03312869     0.03312973
   13.7937938     0.04388311     0.04388408
   13.8338338     0.03899894     0.03899879
   13.8738739     0.02465298     0.02465210
   13.9139139     0.01081862     0.01081767
   13.9539540     0.00372291     0.00372209
   13.9939940     0.00723824     0.00723772
   14.0340340     0.02471260     0.02471343
   14.0740741     0.05355908     0.05356361
   14.1141141     0.08367492     0.08368530
   14.1541542     0.10873162     0.10874645
   14.1941942     0.13110677     0.13112006
   14.2342342     0.14773637     0.14774205
   14.2742743     0.14531133     0.14530928
   14.3143143     0.12208139     0.12207863
   14.3543544     0.10006196     0.10006642
   14.3943944     0.10092258     0.10093369
   14.4344344     0.11862312     0.11862985
   14.4744745     0.12890689     0.12889890
   14.5145145     0.12242885     0.12240828
   14.5545546     0.11229982     0.11227760
   14.5945946     0.10690732     0.10689111
   14.6346346     0.09710137     0.09709144
   14.6746747     0.07661918     0.07661276
   14.7147147     0.05413493     0.05413028
   14.7547548     0.04027396     0.04027010
   14.7947948     0.03958505     0.03958019
   14.8348348     0.05544242     0.05543555
   14.8748749     0.08731089     0.08730510
   14.9149149     0.12112126     0.12112237
   14.9549550     0.13421608     0.13422680
   14.9949950     0.11634487     0.11636174
   15.0350350     0.08119548     0.08121287
   15.0750751     0.05509047     0.05510702
   15.1151151     0.05940422     0.05942295
   15.1551552     0.09825455     0.09827496
   15.1951952     0.14966204     0.14967501
   15.2352352     0.17584803     0.17584340
   15.2752753     0.15879891     0.15877653
   15.3153153     0.11800983     0.11797733
   15.3553554     0.08363362     0.08359757
   15.3953954     0.06723977     0.06720926
   15.4354354     0.06544956     0.06544236
   15.4754755     0.07719713     0.07722946
   15.5155155     0.10804563     0.10811702
   15.5555556     0.15669271     0.15678239
   15.5955956     0.20080441     0.20087628
   15.6356356     0.20921726     0.20923985
   15.6756757     0.17546945     0.17544418
   15.7157157     0.12725901     0.12721665
   15.7557558     0.09504878     0.09501485
   15.7957958     0.08530669     0.08528646
   15.8358358     0.09069669     0.09069107
   15.8758759     0.10854645     0.10856275
   15.9159159     0.13634899     0.13638704
   15.9559560     0.15838976     0.15842664
   15.9959960     0.15562875     0.15563470
   16.0360360     0.13539517     0.13536493
   16.0760761     0.13493163     0.13488543
   16.1161161     0.17928705     0.17924518
   16.1561562     0.24164218     0.24161297
   16.1961962     0.26330064     0.26328585
   16.2362362     0.21956344     0.21956145
   16.2762763     0.14941188     0.14941674
   16.3163163     0.10953142     0.10953444
   16.3563564     0.11605824     0.11605355
   16.3963964     0.14290283     0.14289256
   16.4364364     0.16017263     0.16016233
   16.4764765     0.15641657     0.15640525
   16.5165165     0.13552178     0.13550508
   16.5565566     0.11312596     0.11310870
   16.5965966     0.11123190     0.11122802
   16.6366366     0.14259699     0.14261548
   16.6766767     0.19688783     0.19692155
   16.7167167     0.24012502     0.24015451
   16.7567568     0.23642221     0.23643302
   16.7967968     0.18352452     0.18351945
   16.8368368     0.11642011     0.11641122
   16.8768769     0.06822644     0.06822100
   16.9169169     0.04430093     0.04430010
   16.9569570     0.03417542     0.03417983
   16.9969970     0.02964198     0.02965266
   17.0370370     0.03009640     0.03011237
   17.0770771     0.03941568     0.03943272
   17.1171171     0.06065838     0.06067074
   17.1571572     0.09407976     0.09408433
   17.1971972     0.13414703     0.13414489
   17.2372372     0.16294988     0.16294299
   17.2772773     0.15856010     0.15855012
   17.3173173     0.11947863     0.11946902
   17.3573574     0.06892774     0.06892204
   17.3973974     0.03051780     0.03051617
   17.4374374     0.01083174     0.01083213
   17.4774775     0.00516091     0.00516236
   17.5175175     0.01018817     0.01019239
   17.5575576     0.03083801     0.03085018
   17.5975976     0.07977619     0.07980461
   17.6376376     0.16508343     0.16513175
   17.6776777     0.26621868     0.26627044
   17.7177177     0.33007149     0.33009024
   17.7577578     0.31753906     0.31750305
   17.7977978     0.24933748     0.24927275
   17.8378378     0.17959080     0.17955222
   17.8778779     0.13888674     0.13890489
   17.9179179     0.12474274     0.12479698
   17.9579580     0.12547410     0.12551806
   17.9979980     0.13300389     0.13301094
   18.0380380     0.14078017     0.14075740
   18.0780781     0.14209016     0.14205809
   18.1181181     0.13909090     0.13906397
   18.1581582     0.14579699     0.14577834
   18.1981982     0.16615716     0.16614295
   18.2382382     0.18007836     0.18006768
   18.2782783     0.16800956     0.16800915
   18.3183183     0.13555352     0.13556855
   18.3583584     0.10243128     0.10245533
   18.3983984     0.08039305     0.08041343
   18.4384384     0.06661116     0.06662009
   18.4784785     0.05151025     0.05150878
   18.5185185     0.03249274     0.03248880
   18.5585586     0.01892630     0.01892802
   18.5985986     0.02208525     0.02209333
   18.6386386     0.04589327     0.04590234
   18.6786787     0.08823396     0.08824111
   18.7187187     0.13896017     0.13896979
   18.7587588     0.17318791     0.17320740
   18.7987988     0.16624017     0.16626648
   18.8388388     0.12386545     0.12387725
   18.8788789     0.07851378     0.07849295
   18.9189189     0.05214106     0.05210245
   18.9589590     0.04200301     0.04198476
   18.9989990     0.04023001     0.04025506
   19.0390390     0.04500466     0.04505738
   19.0790791     0.05154834     0.05158520
   19.1191191     0.05057735     0.05056818
   19.1591592     0.04164224     0.04160071
   19.1991992     0.03873105     0.03869404
   19.2392392     0.05742971     0.05741758
   19.2792793     0.09589034     0.09589678
   19.3193193     0.12852542     0.12853307
   19.3593594     0.12710222     0.12710029
   19.3993994     0.09144713     0.09143774
   19.4394394     0.04776430     0.04775512
   19.4794795     0.01810741     0.01810231
   19.5195195     0.00500120     0.00499946
   19.5595596     0.00114699     0.00114724
   19.5995996     0.00096050     0.00096353
   19.6396396     0.00320233     0.00321171
   19.6796797     0.00917686     0.00919581
   19.7197197     0.01990528     0.01992868
   19.7597598     0.03395931     0.03397114
   19.7997998     0.04858851     0.04857627
   19.8398398     0.06141734     0.06138802
   19.8798799     0.06808493     0.06805706
   19.9199199     0.06321194     0.06319436
   19.9599600     0.04939959     0.04938672
   20.0000000     0.03881905     0.03880519
