              -1710.6721297844
         -0.000042376      -0.000000000       0.000000000
         -0.000000000      -0.000043745      -0.000000000
          0.000000000      -0.000000000      -0.000014141
           6
  1    31      -0.000000074      -0.000396171       0.000000029  Ga
  2    28       0.000000170      -0.000806916      -0.000000055  Ni
  2    28      -0.000000041      -0.000427414       0.000000059  Ni
  2    28      -0.000000016       0.000382618       0.000000012  Ni
  2    28       0.000000009       0.001540774      -0.000000055  Ni
  3    25       0.000000038       0.000333119       0.000000018  Mn
