#
#   partial DOS for atom species: Ga
#
#   Add data for atom_index =   1,  n,l,m,z=  4  1 -1  1
#   Add data for atom_index =   1,  n,l,m,z=  4  1  0  1
#   Add data for atom_index =   1,  n,l,m,z=  4  1  1  1
#   Add data for atom_index =   1,  n,l,m,z=  4  1 -1  2
#   Add data for atom_index =   1,  n,l,m,z=  4  1  0  2
#   Add data for atom_index =   1,  n,l,m,z=  4  1  1  2
#   Add data for atom_index =   1,  n,l,m,z=  4  1 -1  3
#   Add data for atom_index =   1,  n,l,m,z=  4  1  0  3
#   Add data for atom_index =   1,  n,l,m,z=  4  1  1  3
#
#    Energy          spin 1        spin2
#
  -20.0000000     0.00000000     0.00000000
  -19.9599600     0.00000000     0.00000000
  -19.9199199     0.00000000     0.00000000
  -19.8798799     0.00000000     0.00000000
  -19.8398398     0.00000000     0.00000000
  -19.7997998     0.00000000     0.00000000
  -19.7597598     0.00000000     0.00000000
  -19.7197197     0.00000000     0.00000000
  -19.6796797     0.00000000     0.00000000
  -19.6396396     0.00000000     0.00000000
  -19.5995996     0.00000000     0.00000000
  -19.5595596     0.00000000     0.00000000
  -19.5195195     0.00000000     0.00000000
  -19.4794795     0.00000000     0.00000000
  -19.4394394     0.00000000     0.00000000
  -19.3993994     0.00000000     0.00000000
  -19.3593594     0.00000000     0.00000000
  -19.3193193     0.00000000     0.00000000
  -19.2792793     0.00000000     0.00000000
  -19.2392392     0.00000000     0.00000000
  -19.1991992     0.00000000     0.00000000
  -19.1591592     0.00000000     0.00000000
  -19.1191191     0.00000000     0.00000000
  -19.0790791     0.00000000     0.00000000
  -19.0390390     0.00000000     0.00000000
  -18.9989990     0.00000000     0.00000000
  -18.9589590     0.00000000     0.00000000
  -18.9189189     0.00000000     0.00000000
  -18.8788789     0.00000000     0.00000000
  -18.8388388     0.00000000     0.00000000
  -18.7987988     0.00000000     0.00000000
  -18.7587588     0.00000000     0.00000000
  -18.7187187     0.00000000     0.00000000
  -18.6786787     0.00000000     0.00000000
  -18.6386386     0.00000000     0.00000000
  -18.5985986     0.00000000     0.00000000
  -18.5585586     0.00000000     0.00000000
  -18.5185185     0.00000000     0.00000000
  -18.4784785     0.00000000     0.00000000
  -18.4384384     0.00000000     0.00000000
  -18.3983984     0.00000000     0.00000000
  -18.3583584     0.00000000     0.00000000
  -18.3183183     0.00000000     0.00000000
  -18.2782783     0.00000000     0.00000000
  -18.2382382     0.00000000     0.00000000
  -18.1981982     0.00000000     0.00000000
  -18.1581582     0.00000000     0.00000000
  -18.1181181     0.00000000    -0.00000000
  -18.0780781     0.00000000    -0.00000000
  -18.0380380    -0.00000000    -0.00000000
  -17.9979980    -0.00000000    -0.00000001
  -17.9579580    -0.00000001    -0.00000014
  -17.9179179    -0.00000008    -0.00000115
  -17.8778779    -0.00000082    -0.00000685
  -17.8378378    -0.00000596    -0.00002967
  -17.7977978    -0.00003149    -0.00009337
  -17.7577578    -0.00012072    -0.00021383
  -17.7177177    -0.00033549    -0.00035842
  -17.6776777    -0.00067493    -0.00044677
  -17.6376376    -0.00097793    -0.00043183
  -17.5975976    -0.00100483    -0.00035315
  -17.5575576    -0.00069486    -0.00027151
  -17.5175175    -0.00025500    -0.00019901
  -17.4774775     0.00005840    -0.00012627
  -17.4374374     0.00015926    -0.00006298
  -17.3973974     0.00012444    -0.00002346
  -17.3573574     0.00006104    -0.00000568
  -17.3173173     0.00002101     0.00000814
  -17.2772773     0.00000754     0.00008455
  -17.2372372     0.00002833     0.00054328
  -17.1971972     0.00022184     0.00244591
  -17.1571572     0.00128311     0.00749143
  -17.1171171     0.00526626     0.01433087
  -17.0770771     0.01506078     0.01126925
  -17.0370370     0.02885180    -0.02202118
  -16.9969970     0.03279354    -0.09391404
  -16.9569570     0.00788392    -0.18554060
  -16.9169169    -0.04868557    -0.26341749
  -16.8768769    -0.11863047    -0.29555899
  -16.8368368    -0.17729985    -0.26267486
  -16.7967968    -0.19963685    -0.17955985
  -16.7567568    -0.17110229    -0.09185536
  -16.7167167    -0.10908847    -0.03458343
  -16.6766767    -0.05084925    -0.00951064
  -16.6366366    -0.01718980    -0.00199069
  -16.5965966    -0.00421453    -0.00106708
  -16.5565566    -0.00087402    -0.00498330
  -16.5165165    -0.00112753    -0.02260119
  -16.4764765    -0.00592075    -0.07550388
  -16.4364364    -0.02469719    -0.18659896
  -16.3963964    -0.07572172    -0.34756947
  -16.3563564    -0.17245227    -0.50337032
  -16.3163163    -0.29825250    -0.58997047
  -16.2762763    -0.40561465    -0.57673322
  -16.2362362    -0.45159261    -0.46911243
  -16.1961962    -0.42115803    -0.30720751
  -16.1561562    -0.32478096    -0.15568520
  -16.1161161    -0.19939941    -0.05928182
  -16.0760761    -0.09382774    -0.01666968
  -16.0360360    -0.03297239    -0.00343037
  -15.9959960    -0.00852834    -0.00051432
  -15.9559560    -0.00161162    -0.00005604
  -15.9159159    -0.00022170    -0.00000424
  -15.8758759    -0.00002206     0.00000115
  -15.8358358    -0.00000080     0.00000725
  -15.7957958     0.00000434     0.00002758
  -15.7557558     0.00001761     0.00007730
  -15.7157157     0.00005134     0.00016074
  -15.6756757     0.00011009     0.00024945
  -15.6356356     0.00017455     0.00029046
  -15.5955956     0.00020595     0.00025477
  -15.5555556     0.00018207     0.00016857
  -15.5155155     0.00012136     0.00008378
  -15.4754755     0.00006121     0.00002753
  -15.4354354     0.00002268    -0.00003330
  -15.3953954    -0.00000289    -0.00032561
  -15.3553554    -0.00008861    -0.00183833
  -15.3153153    -0.00060578    -0.00743654
  -15.2752753    -0.00293177    -0.02161852
  -15.2352352    -0.01014732    -0.04507655
  -15.1951952    -0.02490915    -0.06744094
  -15.1551552    -0.04267196    -0.07333109
  -15.1151151    -0.04931692    -0.06154997
  -15.0750751    -0.03523525    -0.04776851
  -15.0350350    -0.01080531    -0.04274455
  -14.9949950     0.00409516    -0.04070680
  -14.9549550     0.00310745    -0.03282430
  -14.9149149    -0.00439586    -0.02006779
  -14.8748749    -0.00841270    -0.00901769
  -14.8348348    -0.00712024    -0.00295304
  -14.7947948    -0.00386387    -0.00068136
  -14.7547548    -0.00145791     0.00004025
  -14.7147147    -0.00038654     0.00078044
  -14.6746747    -0.00002684     0.00263238
  -14.6346346     0.00022360     0.00507548
  -14.5945946     0.00052401     0.00083816
  -14.5545546    -0.00099933    -0.02868588
  -14.5145145    -0.01237578    -0.10298438
  -14.4744745    -0.04839668    -0.21539562
  -14.4344344    -0.11611480    -0.32200928
  -14.3943944    -0.19582253    -0.36981351
  -14.3543544    -0.25015444    -0.33538692
  -14.3143143    -0.25430470    -0.23974128
  -14.2742743    -0.20893977    -0.13260475
  -14.2342342    -0.13619009    -0.05550398
  -14.1941942    -0.06811757    -0.01708804
  -14.1541542    -0.02520303    -0.00319854
  -14.1141141    -0.00616201     0.00115202
  -14.0740741     0.00024609     0.00299204
  -14.0340340     0.00210486     0.00375715
  -13.9939940     0.00232019     0.00332882
  -13.9539540     0.00171748     0.00197609
  -13.9139139     0.00086691    -0.00031100
  -13.8738739    -0.00010641    -0.00653621
  -13.8338338    -0.00280396    -0.02575248
  -13.7937938    -0.01316093    -0.06983420
  -13.7537538    -0.04319898    -0.13522011
  -13.7137137    -0.10177872    -0.18548031
  -13.6736737    -0.17069056    -0.17631988
  -13.6336336    -0.19929987    -0.11066665
  -13.5935936    -0.15261695    -0.04141670
  -13.5535536    -0.06059416    -0.01020057
  -13.5135135     0.01204231    -0.01107181
  -13.4734735     0.03546535    -0.01567433
  -13.4334334     0.02800076    -0.00938449
  -13.3933934     0.01687646     0.00186477
  -13.3533534     0.01233564     0.00775360
  -13.3133133     0.01376598     0.00669358
  -13.2732733     0.02014251     0.00334462
  -13.2332332     0.02866504     0.00095396
  -13.1931932     0.03261257    -0.00085142
  -13.1531532     0.02762127    -0.00521853
  -13.1131131     0.01707124    -0.01777821
  -13.0730731     0.00758029    -0.04256205
  -13.0330330     0.00185541    -0.07107413
  -12.9929930    -0.00253914    -0.08046900
  -12.9529530    -0.01053380    -0.05760813
  -12.9129129    -0.02466836    -0.01924628
  -12.8728729    -0.03648812     0.00995466
  -12.8328328    -0.02620916     0.02815089
  -12.7927928     0.01376105     0.04826151
  -12.7527528     0.05823341     0.07317002
  -12.7127127     0.07413661     0.09277896
  -12.6726727     0.06061689     0.09748797
  -12.6326326     0.04517865     0.08536649
  -12.5925926     0.05024603     0.06138089
  -12.5525526     0.07513456     0.03667518
  -12.5125125     0.10161066     0.02406636
  -12.4724725     0.11192475     0.03099536
  -12.4324324     0.10277217     0.06075006
  -12.3923924     0.08186470     0.11409382
  -12.3523524     0.05854749     0.17793200
  -12.3123123     0.04407222     0.22142712
  -12.2722723     0.05373876     0.22105064
  -12.2322322     0.09791402     0.18393213
  -12.1921922     0.16505327     0.13604564
  -12.1521522     0.21948783     0.09695861
  -12.1121121     0.23259795     0.07072415
  -12.0720721     0.21360495     0.05211873
  -12.0320320     0.19023742     0.03887279
  -11.9919920     0.16855794     0.03870057
  -11.9519520     0.13514589     0.06203816
  -11.9119119     0.08822778     0.10733112
  -11.8718719     0.04409906     0.15814430
  -11.8318318     0.01693645     0.19969768
  -11.7917918     0.00720298     0.22890137
  -11.7517518     0.01016507     0.24165776
  -11.7117117     0.02822710     0.23290514
  -11.6716717     0.07101697     0.21726922
  -11.6316316     0.14006791     0.21938967
  -11.5915916     0.21559457     0.23637302
  -11.5515516     0.26937729     0.23804593
  -11.5115115     0.28766047     0.21168167
  -11.4714715     0.26974525     0.18206987
  -11.4314314     0.22072030     0.17821307
  -11.3913914     0.16187294     0.20226177
  -11.3513514     0.12880994     0.23786254
  -11.3113113     0.14330121     0.26651422
  -11.2712713     0.19165191     0.27445003
  -11.2312312     0.23595159     0.26405639
  -11.1911912     0.25124513     0.25406265
  -11.1511512     0.24854818     0.25657898
  -11.1111111     0.25129087     0.26665679
  -11.0710711     0.26088453     0.27747672
  -11.0310310     0.26327019     0.28581573
  -10.9909910     0.25373871     0.28297765
  -10.9509510     0.23931718     0.26224150
  -10.9109109     0.23176759     0.23432896
  -10.8708709     0.24583478     0.21705802
  -10.8308308     0.28658255     0.21207330
  -10.7907908     0.33182487     0.20578489
  -10.7507508     0.34881954     0.19216205
  -10.7107107     0.33217562     0.18196404
  -10.6706707     0.30032603     0.18455821
  -10.6306306     0.26376070     0.19181662
  -10.5905906     0.22473731     0.18852749
  -10.5505506     0.19132450     0.17237106
  -10.5105105     0.16882742     0.15762268
  -10.4704705     0.15270823     0.15930658
  -10.4304304     0.14087567     0.17446731
  -10.3903904     0.14031150     0.18425077
  -10.3503504     0.15750633     0.17685138
  -10.3103103     0.19067934     0.15921394
  -10.2702703     0.23093995     0.14454355
  -10.2302302     0.26363093     0.13957067
  -10.1901902     0.27152595     0.14501746
  -10.1501502     0.24701764     0.15932547
  -10.1101101     0.20215886     0.17768741
  -10.0700701     0.16065059     0.18900670
  -10.0300300     0.13946126     0.18189633
   -9.9899900     0.14157160     0.15997840
   -9.9499500     0.16107759     0.14173325
   -9.9099099     0.18481147     0.13790449
   -9.8698699     0.19521190     0.13932161
   -9.8298298     0.18701660     0.13247183
   -9.7897898     0.17705188     0.11688601
   -9.7497497     0.18443334     0.10086620
   -9.7097097     0.20505434     0.08925116
   -9.6696697     0.21751086     0.08301426
   -9.6296296     0.21126713     0.08278142
   -9.5895896     0.19547449     0.08644097
   -9.5495496     0.18181138     0.09046814
   -9.5095095     0.17388640     0.09497485
   -9.4694695     0.17321507     0.09917911
   -9.4294294     0.18194812     0.09628578
   -9.3893894     0.19700031     0.08311279
   -9.3493494     0.20891357     0.06779700
   -9.3093093     0.20970465     0.05920293
   -9.2692693     0.20028039     0.05598047
   -9.2292292     0.18803613     0.05246095
   -9.1891892     0.17636869     0.04974187
   -9.1491491     0.16141071     0.05510471
   -9.1091091     0.14169391     0.07159538
   -9.0690691     0.12259307     0.09123299
   -9.0290290     0.10762308     0.10070008
   -8.9889890     0.09416066     0.09406213
   -8.9489490     0.08009233     0.07693415
   -8.9089089     0.06813097     0.05876194
   -8.8688689     0.06304346     0.04588990
   -8.8288288     0.06684767     0.04054568
   -8.7887888     0.07538489     0.04148472
   -8.7487488     0.08141833     0.04615432
   -8.7087087     0.08321496     0.05277755
   -8.6686687     0.08479263     0.05887831
   -8.6286286     0.08606730     0.06058391
   -8.5885886     0.08136282     0.05663570
   -8.5485485     0.06981255     0.05154636
   -8.5085085     0.05880434     0.05195094
   -8.4684685     0.05536508     0.05914619
   -8.4284284     0.05984764     0.06728731
   -8.3883884     0.06847117     0.07117193
   -8.3483484     0.07868716     0.07249289
   -8.3083083     0.09111642     0.07407079
   -8.2682683     0.10638455     0.07291928
   -8.2282282     0.12077832     0.06511374
   -8.1881882     0.12746205     0.05270636
   -8.1481482     0.12296931     0.04099991
   -8.1081081     0.11063794     0.03345833
   -8.0680681     0.09771659     0.03187539
   -8.0280280     0.09010288     0.03710931
   -7.9879880     0.08844437     0.04725856
   -7.9479479     0.08795148     0.05816374
   -7.9079079     0.08260158     0.06700922
   -7.8678679     0.07098275     0.07224325
   -7.8278278     0.05770389     0.07093383
   -7.7877878     0.04869056     0.06174051
   -7.7477478     0.04641957     0.04954668
   -7.7077077     0.04897167     0.04214686
   -7.6676677     0.05206493     0.04252101
   -7.6276276     0.05283711     0.04651637
   -7.5875876     0.05201453     0.04772330
   -7.5475475     0.05136760     0.04318156
   -7.5075075     0.05045288     0.03430847
   -7.4674675     0.04826379     0.02465212
   -7.4274274     0.04609803     0.01792990
   -7.3873874     0.04515842     0.01599265
   -7.3473473     0.04314519     0.01754451
   -7.3073073     0.03759076     0.02011602
   -7.2672673     0.03109517     0.02293300
   -7.2272272     0.02885299     0.02653766
   -7.1871872     0.03209614     0.03046403
   -7.1471472     0.03705669     0.03328616
   -7.1071071     0.03897220     0.03545155
   -7.0670671     0.03573964     0.04033880
   -7.0270270     0.02968945     0.05021020
   -6.9869870     0.02597447     0.06122540
   -6.9469470     0.02740831     0.06511993
   -6.9069069     0.03167679     0.05727080
   -6.8668669     0.03472036     0.04170907
   -6.8268268     0.03532296     0.02687447
   -6.7867868     0.03516441     0.01786499
   -6.7467467     0.03576274     0.01441396
   -6.7067067     0.03754807     0.01438280
   -6.6666667     0.04168277     0.01630063
   -6.6266266     0.05062367     0.01891124
   -6.5865866     0.06685597     0.02041627
   -6.5465466     0.09123105     0.01952746
   -6.5065065     0.11983383     0.01790997
   -6.4664665     0.14260930     0.02103332
   -6.4264264     0.14945094     0.03431485
   -6.3863864     0.13976553     0.05672784
   -6.3463464     0.12387775     0.07986046
   -6.3063063     0.11198540     0.09613970
   -6.2662663     0.10296689     0.10704795
   -6.2262262     0.08856873     0.12073139
   -6.1861862     0.06783720     0.14223896
   -6.1461461     0.05094755     0.16626058
   -6.1061061     0.04769266     0.17861429
   -6.0660661     0.05725038     0.16915084
   -6.0260260     0.07065547     0.14562141
   -5.9859860     0.08015638     0.12758726
   -5.9459459     0.08378350     0.12355322
   -5.9059059     0.08275976     0.12223771
   -5.8658659     0.07889086     0.10934289
   -5.8258258     0.07431767     0.08512157
   -5.7857858     0.06963206     0.06147521
   -5.7457458     0.06236216     0.04728802
   -5.7057057     0.05060629     0.04257165
   -5.6656657     0.03704737     0.04523609
   -5.6256256     0.02662188     0.05488578
   -5.5855856     0.02171284     0.06736700
   -5.5455455     0.02148772     0.07556327
   -5.5055055     0.02389798     0.08135630
   -5.4654655     0.02674604     0.09825154
   -5.4254254     0.02888490     0.13376084
   -5.3853854     0.03204187     0.17194855
   -5.3453453     0.03999370     0.18273555
   -5.3053053     0.05410273     0.15266947
   -5.2652653     0.06987244     0.09946306
   -5.2252252     0.07955605     0.05278924
   -5.1851852     0.07976710     0.02979815
   -5.1451452     0.07552495     0.03249052
   -5.1051051     0.07369159     0.05728791
   -5.0650651     0.07423596     0.09522611
   -5.0250250     0.07286383     0.12602931
   -4.9849850     0.06923843     0.12869385
   -4.9449449     0.06752061     0.10356099
   -4.9049049     0.07201516     0.07264440
   -4.8648649     0.08375941     0.05918475
   -4.8248248     0.09645868     0.07594595
   -4.7847848     0.09767956     0.12177146
   -4.7447447     0.08100193     0.17610572
   -4.7047047     0.05458079     0.20827014
   -4.6646647     0.03255540     0.20444118
   -4.6246246     0.02164671     0.17697066
   -4.5845846     0.01922217     0.14525391
   -4.5445445     0.02013024     0.12285723
   -4.5045045     0.02179377     0.11891988
   -4.4644645     0.02481828     0.13177836
   -4.4244244     0.03274576     0.14543118
   -4.3843844     0.05048478     0.14687187
   -4.3443443     0.07738785     0.13879248
   -4.3043043     0.10101017     0.12566879
   -4.2642643     0.10572967     0.10320940
   -4.2242242     0.09081758     0.07214001
   -4.1841842     0.07210722     0.04621300
   -4.1441441     0.06641262     0.03765088
   -4.1041041     0.08291537     0.04441117
   -4.0640641     0.12277768     0.05563589
   -4.0240240     0.17521204     0.06323489
   -3.9839840     0.21745997     0.06392759
   -3.9439439     0.22743622     0.05610715
   -3.9039039     0.20167486     0.04335137
   -3.8638639     0.16235599     0.03698639
   -3.8238238     0.13883958     0.04672315
   -3.7837838     0.13664417     0.06989045
   -3.7437437     0.13502170     0.09553315
   -3.7037037     0.11921051     0.11831981
   -3.6636637     0.09828985     0.13908054
   -3.6236236     0.08610799     0.15206724
   -3.5835836     0.08392294     0.14717982
   -3.5435435     0.08923748     0.12656015
   -3.5035035     0.10366279     0.10698443
   -3.4634635     0.12119414     0.10376488
   -3.4234234     0.12414595     0.11571273
   -3.3833834     0.10302332     0.12907936
   -3.3433433     0.06866573     0.13593051
   -3.3033033     0.03795702     0.14093079
   -3.2632633     0.01885261     0.14903103
   -3.2232232     0.01259322     0.15318949
   -3.1831832     0.02203939     0.13913764
   -3.1431431     0.05322662     0.10436166
   -3.1031031     0.10624414     0.06546803
   -3.0630631     0.16391171     0.04224120
   -3.0230230     0.19878634     0.04128914
   -2.9829830     0.19793757     0.05408089
   -2.9429429     0.17119811     0.06483814
   -2.9029029     0.13338213     0.06497796
   -2.8628629     0.09315799     0.06124977
   -2.8228228     0.05807896     0.06333491
   -2.7827828     0.03663399     0.06842685
   -2.7427427     0.03521134     0.06897398
   -2.7027027     0.05666460     0.06994038
   -2.6626627     0.09799681     0.08427732
   -2.6226226     0.14697885     0.11363872
   -2.5825826     0.18360337     0.14596323
   -2.5425425     0.18969925     0.17036016
   -2.5025025     0.16298078     0.18335219
   -2.4624625     0.12227467     0.18288433
   -2.4224224     0.09244791     0.16871796
   -2.3823824     0.08257960     0.14806705
   -2.3423423     0.08244133     0.13017756
   -2.3023023     0.07767503     0.11809221
   -2.2622623     0.06549021     0.11196409
   -2.2222222     0.05789964     0.11250872
   -2.1821822     0.06831725     0.11774293
   -2.1421421     0.09221935     0.12438947
   -2.1021021     0.10639829     0.12980699
   -2.0620621     0.09408095     0.12619734
   -2.0220220     0.06561486     0.10454368
   -1.9819820     0.04748079     0.07004635
   -1.9419419     0.05626810     0.04036201
   -1.9019019     0.08515415     0.02669456
   -1.8618619     0.10959665     0.02581691
   -1.8218218     0.10963676     0.02962920
   -1.7817818     0.09098502     0.03633808
   -1.7417417     0.07910577     0.04908129
   -1.7017017     0.09311248     0.06619651
   -1.6616617     0.13030990     0.08252361
   -1.6216216     0.17172120     0.10170002
   -1.5815816     0.19664039     0.13238901
   -1.5415415     0.19408157     0.16820192
   -1.5015015     0.16526292     0.18850218
   -1.4614615     0.12010451     0.18431854
   -1.4214214     0.07417843     0.16975842
   -1.3813814     0.04361510     0.16430938
   -1.3413413     0.03663877     0.17061385
   -1.3013013     0.04946908     0.17107330
   -1.2612613     0.06884560     0.14721935
   -1.2212212     0.07835311     0.10338638
   -1.1811812     0.06907893     0.06591763
   -1.1411411     0.04784190     0.05894795
   -1.1011011     0.03166618     0.08709476
   -1.0610611     0.03451279     0.13775107
   -1.0210210     0.05907499     0.19334716
   -0.9809810     0.09342408     0.23881943
   -0.9409409     0.11603989     0.25710995
   -0.9009009     0.11569115     0.23562249
   -0.8608609     0.10602083     0.19039184
   -0.8208208     0.11091304     0.15830917
   -0.7807808     0.13854024     0.15272832
   -0.7407407     0.17573758     0.15384566
   -0.7007007     0.20186949     0.14518163
   -0.6606607     0.20622944     0.12872887
   -0.6206206     0.19728589     0.10562933
   -0.5805806     0.19253218     0.07189936
   -0.5405405     0.19923418     0.03312758
   -0.5005005     0.20974996     0.00511907
   -0.4604605     0.20988040     0.00038136
   -0.4204204     0.18942833     0.01711121
   -0.3803804     0.15063323     0.03942807
   -0.3403403     0.10822656     0.05114775
   -0.3003003     0.08232586     0.04839105
   -0.2602603     0.08626467     0.03739634
   -0.2202202     0.11358372     0.02648599
   -0.1801802     0.14186833     0.02231234
   -0.1401401     0.15408989     0.02881111
   -0.1001001     0.14926571     0.04630793
   -0.0600601     0.13367020     0.06936176
   -0.0200200     0.11189697     0.08551738
    0.0200200     0.08571483     0.08380551
    0.0600601     0.05789085     0.06975455
    0.1001001     0.03563470     0.06530253
    0.1401401     0.02579794     0.08806310
    0.1801802     0.02754482     0.13296346
    0.2202202     0.03387437     0.17755746
    0.2602603     0.03907712     0.20513691
    0.3003003     0.04244351     0.21620106
    0.3403403     0.04709674     0.21661405
    0.3803804     0.05712171     0.20776308
    0.4204204     0.07210665     0.19317840
    0.4604605     0.08483608     0.18145824
    0.5005005     0.09230102     0.17427285
    0.5405405     0.10613953     0.16058680
    0.5805806     0.13830684     0.13143780
    0.6206206     0.17842935     0.09566482
    0.6606607     0.20284239     0.07274514
    0.7007007     0.20940452     0.06957770
    0.7407407     0.22405488     0.07228605
    0.7807808     0.25901875     0.06606370
    0.8208208     0.28369547     0.05614315
    0.8608609     0.26042563     0.06058823
    0.9009009     0.19259788     0.08434537
    0.9409409     0.11575057     0.10783719
    0.9809810     0.05829209     0.10731421
    1.0210210     0.02714394     0.08476648
    1.0610611     0.01850111     0.06881396
    1.1011011     0.02878746     0.08781492
    1.1411411     0.05344131     0.15103067
    1.1811812     0.07920707     0.25445333
    1.2212212     0.08886402     0.39570085
    1.2612613     0.08050000     0.56527515
    1.3013013     0.07266406     0.71074225
    1.3413413     0.08365967     0.74427116
    1.3813814     0.11681761     0.62930083
    1.4214214     0.17673309     0.43320149
    1.4614615     0.28839700     0.25949510
    1.5015015     0.46814188     0.15861283
    1.5415415     0.66502516     0.12090085
    1.5815816     0.76987731     0.11492264
    1.6216216     0.71237669     0.11062240
    1.6616617     0.53048616     0.09122792
    1.7017017     0.33064846     0.06141630
    1.7417417     0.19551977     0.03746291
    1.7817818     0.13814209     0.02784423
    1.8218218     0.12773746     0.02877861
    1.8618619     0.13454654     0.03503342
    1.9019019     0.14303414     0.04627412
    1.9419419     0.14056125     0.06043813
    1.9819820     0.11719680     0.06838853
    2.0220220     0.07806954     0.06274490
    2.0620621     0.04087541     0.04904478
    2.1021021     0.01892268     0.04161715
    2.1421421     0.01398768     0.04836192
    2.1821822     0.02216009     0.06243140
    2.2222222     0.03889308     0.07139309
    2.2622623     0.06027508     0.07483825
    2.3023023     0.08350255     0.08586452
    2.3423423     0.10388615     0.11214888
    2.3823824     0.11182705     0.14663792
    2.4224224     0.09959211     0.18126239
    2.4624625     0.07210201     0.21899737
    2.5025025     0.04542530     0.26868579
    2.5425425     0.03504293     0.32791429
    2.5825826     0.05038408     0.36718816
    2.6226226     0.09785390     0.34697810
    2.6626627     0.17990054     0.26575722
    2.7027027     0.28471763     0.17284089
    2.7427427     0.37814950     0.12089077
    2.7827828     0.41666463     0.12071077
    2.8228228     0.37863547     0.14537572
    2.8628629     0.28263496     0.16202854
    2.9029029     0.17361358     0.15665807
    2.9429429     0.09208440     0.13769760
    2.9829830     0.05266034     0.11782693
    3.0230230     0.04524265     0.09683698
    3.0630631     0.05234845     0.07012784
    3.1031031     0.06677187     0.04355929
    3.1431431     0.09626317     0.02734619
    3.1831832     0.14777592     0.02302062
    3.2232232     0.20413818     0.02483674
    3.2632633     0.22734911     0.03022081
    3.3033033     0.19571169     0.04341344
    3.3433433     0.12916896     0.06624873
    3.3833834     0.06810421     0.08738805
    3.4234234     0.03620244     0.08924882
    3.4634635     0.03199920     0.06847690
    3.5035035     0.04539551     0.04027723
    3.5435435     0.06916037     0.02037432
    3.5835836     0.09453874     0.01217114
    3.6236236     0.10639216     0.01192694
    3.6636637     0.09398796     0.01808736
    3.7037037     0.06448294     0.03413071
    3.7437437     0.03583598     0.06562502
    3.7837838     0.01889331     0.11210421
    3.8238238     0.01308025     0.15821699
    3.8638639     0.01394219     0.18078588
    3.9039039     0.01826914     0.17355368
    3.9439439     0.02537101     0.15435565
    3.9839840     0.03755420     0.13850297
    4.0240240     0.05647735     0.12195211
    4.0640641     0.07759026     0.10005431
    4.1041041     0.09455722     0.08245602
    4.1441441     0.11003725     0.07972815
    4.1841842     0.13137048     0.09013349
    4.2242242     0.15470323     0.10414545
    4.2642643     0.16648325     0.11373541
    4.3043043     0.16061360     0.11757219
    4.3443443     0.14287511     0.11895307
    4.3843844     0.12135723     0.11869471
    4.4244244     0.10009926     0.11649064
    4.4644645     0.07979549     0.11649539
    4.5045045     0.06288660     0.12146840
    4.5445445     0.05616552     0.12573354
    4.5845846     0.06439533     0.12217592
    4.6246246     0.08490961     0.11360432
    4.6646647     0.11293099     0.11009598
    4.7047047     0.14596403     0.11582612
    4.7447447     0.17781239     0.12724007
    4.7847848     0.19513869     0.14215789
    4.8248248     0.18563051     0.16130137
    4.8648649     0.14949446     0.18314998
    4.9049049     0.10468147     0.20149603
    4.9449449     0.07855223     0.20877710
    4.9849850     0.08772252     0.20749140
    5.0250250     0.12380527     0.21660061
    5.0650651     0.16245361     0.25258148
    5.1051051     0.18921616     0.30234084
    5.1451452     0.21116751     0.33050735
    5.1851852     0.24074405     0.31639519
    5.2252252     0.27886717     0.27223955
    5.2652653     0.32062419     0.22739849
    5.3053053     0.36710621     0.20329997
    5.3453453     0.41387345     0.20143031
    5.3853854     0.42991812     0.20976567
    5.4254254     0.37882347     0.21685950
    5.4654655     0.27164282     0.22196610
    5.5055055     0.17005400     0.23318027
    5.5455455     0.12673792     0.24905976
    5.5855856     0.14088107     0.24847954
    5.6256256     0.17329209     0.21649850
    5.6656657     0.19512810     0.17250192
    5.7057057     0.21674657     0.14970520
    5.7457458     0.25881569     0.15262139
    5.7857858     0.30225615     0.15600141
    5.8258258     0.29815720     0.14194379
    5.8658659     0.23109148     0.11957167
    5.9059059     0.14158541     0.10852757
    5.9459459     0.08139449     0.11847876
    5.9859860     0.07056079     0.14535084
    6.0260260     0.09764459     0.17365223
    6.0660661     0.14092442     0.18526240
    6.1061061     0.18135061     0.18165526
    6.1461461     0.20317113     0.18827277
    6.1861862     0.20151998     0.21960371
    6.2262262     0.19545821     0.25576461
    6.2662663     0.20938211     0.26894062
    6.3063063     0.23346341     0.25238817
    6.3463464     0.22987811     0.21271668
    6.3863864     0.18509832     0.15714367
    6.4264264     0.13090240     0.09868003
    6.4664665     0.10914154     0.05793548
    6.5065065     0.13122308     0.05202903
    6.5465466     0.17036520     0.08311774
    6.5865866     0.18616575     0.13229373
    6.6266266     0.16057741     0.16746729
    6.6666667     0.11268011     0.16987837
    6.7067067     0.07799770     0.14837746
    6.7467467     0.07521454     0.12043493
    6.7867868     0.09318424     0.09272072
    6.8268268     0.10876286     0.06561523
    6.8668669     0.11315509     0.04261999
    6.9069069     0.11221465     0.02831336
    6.9469470     0.10626419     0.02216315
    6.9869870     0.08895564     0.01963592
    7.0270270     0.06334599     0.01821164
    7.0670671     0.04060490     0.01797133
    7.1071071     0.02571858     0.01784676
    7.1471472     0.01664546     0.01675181
    7.1871872     0.01308384     0.01852645
    7.2272272     0.01763946     0.03154808
    7.2672673     0.03173222     0.06000444
    7.3073073     0.05581931     0.09438962
    7.3473473     0.08905029     0.11513640
    7.3873874     0.12231246     0.11137151
    7.4274274     0.13857665     0.09455129
    7.4674675     0.13241840     0.09143389
    7.5075075     0.12546482     0.12124132
    7.5475475     0.14611189     0.17242519
    7.5875876     0.18958897     0.20634292
    7.6276276     0.21278260     0.19549721
    7.6676677     0.18034255     0.15008742
    7.7077077     0.10643982     0.09855154
    7.7477478     0.03886499     0.05769634
    7.7877878     0.00956416     0.02986149
    7.8278278     0.01153293     0.01338467
    7.8678679     0.01958382     0.00668155
    7.9079079     0.02105222     0.00854322
    7.9479479     0.02115711     0.01868598
    7.9879880     0.02787559     0.03740902
    8.0280280     0.04159536     0.06650110
    8.0680681     0.05755211     0.11012383
    8.1081081     0.07210801     0.16581833
    8.1481482     0.08398007     0.21169244
    8.1881882     0.09191682     0.21702134
    8.2282282     0.09695518     0.17393100
    8.2682683     0.10466899     0.10828770
    8.3083083     0.11675916     0.05532587
    8.3483484     0.12499966     0.03426104
    8.3883884     0.12146152     0.04658588
    8.4284284     0.10704956     0.08317713
    8.4684685     0.08695955     0.12389347
    8.5085085     0.06693698     0.14180783
    8.5485485     0.05355935     0.12404721
    8.5885886     0.05292599     0.08643368
    8.6286286     0.06875113     0.05652570
    8.6686687     0.09900528     0.04590483
    8.7087087     0.13088520     0.04661978
    8.7487488     0.14297866     0.04752338
    8.7887888     0.12240022     0.04516784
    8.8288288     0.08039845     0.04217803
    8.8688689     0.04207969     0.04216939
    8.9089089     0.02314292     0.04658894
    8.9489490     0.02268648     0.05508196
    8.9889890     0.03068280     0.07164186
    9.0290290     0.03634280     0.10686908
    9.0690691     0.03617651     0.16242844
    9.1091091     0.03855958     0.21553395
    9.1491491     0.05698128     0.23743299
    9.1891892     0.09579621     0.22833626
    9.2292292     0.14230012     0.21316576
    9.2692693     0.17558896     0.20294898
    9.3093093     0.18557500     0.18435972
    9.3493494     0.17936432     0.14810089
    9.3893894     0.16967072     0.10624841
    9.4294294     0.16415944     0.07848768
    9.4694695     0.16182060     0.07235609
    9.5095095     0.15379503     0.07727937
    9.5495496     0.13413974     0.07522141
    9.5895896     0.10957931     0.05955963
    9.6296296     0.09143337     0.04130890
    9.6696697     0.08338460     0.03559807
    9.7097097     0.08174314     0.04673119
    9.7497497     0.07955103     0.06494664
    9.7897898     0.07040209     0.07390633
    9.8298298     0.05554888     0.06479965
    9.8698699     0.04421020     0.04420507
    9.9099099     0.04326376     0.02541391
    9.9499500     0.04983333     0.01530674
    9.9899900     0.05428979     0.01239722
   10.0300300     0.04924604     0.01307614
   10.0700701     0.03645984     0.01685098
   10.1101101     0.02539905     0.02765667
   10.1501502     0.02630719     0.04937585
   10.1901902     0.04371740     0.07667298
   10.2302302     0.07072674     0.09408538
   10.2702703     0.08915094     0.09146308
   10.3103103     0.08412129     0.07625717
   10.3503504     0.05999250     0.06347928
   10.3903904     0.03462959     0.05904419
   10.4304304     0.02086413     0.05905900
   10.4704705     0.02070195     0.06022989
   10.5105105     0.03235379     0.06375977
   10.5505506     0.05357200     0.06911553
   10.5905906     0.07776723     0.07052011
   10.6306306     0.09310395     0.06385676
   10.6706707     0.09028533     0.05358071
   10.7107107     0.07112590     0.04879309
   10.7507508     0.04740604     0.05256770
   10.7907908     0.03163520     0.05718293
   10.8308308     0.02923943     0.05278214
   10.8708709     0.03669808     0.03990568
   10.9109109     0.04560726     0.02911635
   10.9509510     0.05038126     0.02882746
   10.9909910     0.05236592     0.03765094
   11.0310310     0.05588377     0.04886034
   11.0710711     0.06119872     0.05818338
   11.1111111     0.06234688     0.06337104
   11.1511512     0.05360341     0.06026532
   11.1911912     0.03800962     0.04766930
   11.2312312     0.02631106     0.03349979
   11.2712713     0.02722273     0.02884789
   11.3113113     0.03965265     0.03749150
   11.3513514     0.05354846     0.05265804
   11.3913914     0.06000139     0.06207702
   11.4314314     0.05971662     0.05856004
   11.4714715     0.05695026     0.04697330
   11.5115115     0.05031558     0.03839458
   11.5515516     0.03784976     0.03878050
   11.5915916     0.02511414     0.04653995
   11.6316316     0.02100689     0.05934202
   11.6716717     0.02964817     0.07792662
   11.7117117     0.04853464     0.10049123
   11.7517518     0.07096922     0.11692078
   11.7917918     0.08963299     0.11608330
   11.8318318     0.09950781     0.09976303
   11.8718719     0.09921728     0.08085079
   11.9119119     0.09099699     0.06688263
   11.9519520     0.07793879     0.05490290
   11.9919920     0.06194711     0.04210616
   12.0320320     0.04647248     0.03269926
   12.0720721     0.03696404     0.03365532
   12.1121121     0.03566550     0.04736228
   12.1521522     0.03924780     0.06779489
   12.1921922     0.04204235     0.08317632
   12.2322322     0.04002323     0.08562663
   12.2722723     0.03373892     0.07945016
   12.3123123     0.02948173     0.07567644
   12.3523524     0.03623138     0.07804737
   12.3923924     0.05770903     0.07964121
   12.4324324     0.08482532     0.07392454
   12.4724725     0.10002167     0.06365561
   12.5125125     0.09460285     0.05493824
   12.5525526     0.07787590     0.04752259
   12.5925926     0.06553208     0.03757018
   12.6326326     0.06518299     0.02533021
   12.6726727     0.07335758     0.01448541
   12.7127127     0.07891695     0.00770232
   12.7527528     0.07163401     0.00533052
   12.7927928     0.05251686     0.00599200
   12.8328328     0.03180265     0.00872218
   12.8728729     0.01700464     0.01676054
   12.9129129     0.00854982     0.03738565
   12.9529530     0.00424610     0.07227415
   12.9929930     0.00229282     0.10656544
   13.0330330     0.00172092     0.11692916
   13.0730731     0.00446402     0.09672042
   13.1131131     0.01746036     0.06319221
   13.1531532     0.04756464     0.03623524
   13.1931932     0.08835838     0.02187487
   13.2332332     0.11591537     0.01633645
   13.2732733     0.10961814     0.01415369
   13.3133133     0.07610887     0.01147139
   13.3533534     0.04095103     0.00750906
   13.3933934     0.02072821     0.00385609
   13.4334334     0.01357349     0.00198401
   13.4734735     0.01072914     0.00232365
   13.5135135     0.00746975     0.00524903
   13.5535536     0.00403952     0.01191265
   13.5935936     0.00192982     0.02379781
   13.6336336     0.00203981     0.04025428
   13.6736737     0.00533143     0.05565941
   13.7137137     0.01264051     0.06220709
   13.7537538     0.02222969     0.05868608
   13.7937938     0.02920951     0.05401833
   13.8338338     0.03086435     0.05948108
   13.8738739     0.03157660     0.07717802
   13.9139139     0.03820836     0.09458627
   13.9539540     0.05155176     0.09406823
   13.9939940     0.06641594     0.07315852
   14.0340340     0.07832877     0.04951851
   14.0740741     0.08555809     0.04155467
   14.1141141     0.08708416     0.05038876
   14.1541542     0.08297998     0.06199446
   14.1941942     0.07431705     0.06329021
   14.2342342     0.06233000     0.05606934
   14.2742743     0.05039338     0.05457611
   14.3143143     0.04326159     0.06870795
   14.3543544     0.04213911     0.09339972
   14.3943944     0.04440104     0.11814468
   14.4344344     0.04999886     0.13944881
   14.4744745     0.06399434     0.15329738
   14.5145145     0.08674297     0.14671289
   14.5545546     0.10581192     0.11401643
   14.5945946     0.10973941     0.07054484
   14.6346346     0.10602061     0.03658423
   14.6746747     0.10953229     0.01803795
   14.7147147     0.11708812     0.00945907
   14.7547548     0.11093971     0.00641443
   14.7947948     0.08452450     0.01055902
   14.8348348     0.04983215     0.02702085
   14.8748749     0.02214132     0.05693798
   14.9149149     0.00839151     0.09000147
   14.9549550     0.00814574     0.10866360
   14.9949950     0.01728657     0.10465372
   15.0350350     0.02936424     0.08796142
   15.0750751     0.03945217     0.07776094
   15.1151151     0.05052393     0.08768946
   15.1551552     0.06969817     0.11674134
   15.1951952     0.09435322     0.14869336
   15.2352352     0.11189901     0.16231631
   15.2752753     0.11627954     0.14736470
   15.3153153     0.11427586     0.11330999
   15.3553554     0.11616784     0.08267813
   15.3953954     0.12574315     0.07315826
   15.4354354     0.13466596     0.08306229
   15.4754755     0.12822658     0.09467815
   15.5155155     0.10341640     0.09326546
   15.5555556     0.07610309     0.08057112
   15.5955956     0.06443231     0.06879762
   15.6356356     0.07018774     0.06501470
   15.6756757     0.08002158     0.06376674
   15.7157157     0.08117647     0.05543852
   15.7557558     0.07362254     0.04009482
   15.7957958     0.06654799     0.02816087
   15.8358358     0.06377047     0.02860553
   15.8758759     0.05851022     0.04104383
   15.9159159     0.04566294     0.05635430
   15.9559560     0.03188829     0.06251516
   15.9959960     0.02851491     0.05551906
   16.0360360     0.03877305     0.04669866
   16.0760761     0.05399806     0.05408485
   16.1161161     0.06126224     0.08293235
   16.1561562     0.05638115     0.11544869
   16.1961962     0.04860072     0.12612262
   16.2362362     0.05126450     0.11062162
   16.2762763     0.07070865     0.08958945
   16.3163163     0.10175613     0.08077960
   16.3563564     0.12903480     0.08014145
   16.3963964     0.13697408     0.07310695
   16.4364364     0.12260121     0.05407796
   16.4764765     0.09674859     0.03064333
   16.5165165     0.07296676     0.01347352
   16.5565566     0.05606817     0.00689471
   16.5965966     0.04202539     0.00865942
   16.6366366     0.02765655     0.01529971
   16.6766767     0.01502706     0.02667187
   16.7167167     0.00681966     0.04575893
   16.7567568     0.00346151     0.07277955
   16.7967968     0.00473069     0.09913217
   16.8368368     0.01060848     0.11077247
   16.8768769     0.02148306     0.10088336
   16.9169169     0.03822863     0.07672787
   16.9569570     0.05846299     0.05114243
   16.9969970     0.07327436     0.03104958
   17.0370370     0.07401514     0.01691391
   17.0770771     0.06241193     0.00814303
   17.1171171     0.04817188     0.00537207
   17.1571572     0.03752314     0.01045564
   17.1971972     0.02967077     0.02560929
   17.2372372     0.02368311     0.05000756
   17.2772773     0.02279122     0.07650169
   17.3173173     0.02949369     0.09337776
   17.3573574     0.03946207     0.09189911
   17.3973974     0.04427600     0.07599154
   17.4374374     0.04131218     0.06334524
   17.4774775     0.03890332     0.06972474
   17.5175175     0.04970712     0.09075445
   17.5575576     0.07768352     0.10544020
   17.5975976     0.11096697     0.10065946
   17.6376376     0.13018617     0.08566394
   17.6776777     0.12545924     0.07694645
   17.7177177     0.10228301     0.07676601
   17.7577578     0.07276482     0.07580276
   17.7977978     0.04716793     0.07111284
   17.8378378     0.03028686     0.06929190
   17.8778779     0.02037688     0.07237817
   17.9179179     0.01664903     0.07292604
   17.9579580     0.02840926     0.06630861
   17.9979980     0.06340232     0.05884725
   18.0380380     0.10556685     0.06048446
   18.0780781     0.12504250     0.07269251
   18.1181181     0.11516242     0.08522449
   18.1581582     0.09836757     0.08670196
   18.1981982     0.09166154     0.07705109
   18.2382382     0.08715481     0.06561960
   18.2782783     0.07253770     0.06009255
   18.3183183     0.05261968     0.06121420
   18.3583584     0.04112656     0.06562509
   18.3983984     0.04265361     0.07080625
   18.4384384     0.05094300     0.07763348
   18.4784785     0.05957616     0.08828914
   18.5185185     0.06852207     0.09995456
   18.5585586     0.07942093     0.10274741
   18.5985986     0.08804509     0.08937357
   18.6386386     0.08757214     0.06468779
   18.6786787     0.07912315     0.04063832
   18.7187187     0.07129269     0.02452995
   18.7587588     0.06795289     0.01593555
   18.7987988     0.06422632     0.01313788
   18.8388388     0.05525319     0.01961459
   18.8788789     0.04177238     0.04350820
   18.9189189     0.02749551     0.08880323
   18.9589590     0.01663987     0.14440148
   18.9989990     0.01318148     0.18822960
   19.0390390     0.01987182     0.20958516
   19.0790791     0.03950003     0.21521878
   19.1191191     0.07782654     0.20629046
   19.1591592     0.13883848     0.17513708
   19.1991992     0.20891152     0.13256284
   19.2392392     0.25298009     0.10641711
   19.2792793     0.24374123     0.10597186
   19.3193193     0.19357551     0.11173434
   19.3593594     0.14300214     0.10399271
   19.3993994     0.11781750     0.08684589
   19.4394394     0.10898779     0.08128598
   19.4794795     0.09608001     0.10096949
   19.5195195     0.07858288     0.13678160
   19.5595596     0.07500057     0.16377793
   19.5995996     0.09659998     0.16168563
   19.6396396     0.13003660     0.12960647
   19.6796797     0.14831522     0.08515482
   19.7197197     0.13990304     0.05117993
   19.7597598     0.11937479     0.04212485
   19.7997998     0.10371819     0.05945181
   19.8398398     0.09309547     0.09363538
   19.8798799     0.08340469     0.12962813
   19.9199199     0.07881851     0.15473013
   19.9599600     0.08200147     0.16266048
   20.0000000     0.08844604     0.15341163
