#
#   partial DOS for atom species: Mn
#
#   Add data for atom_index =   3,  n,l,m,z=  3  2 -2  1
#   Add data for atom_index =   3,  n,l,m,z=  3  2 -1  1
#   Add data for atom_index =   3,  n,l,m,z=  3  2  0  1
#   Add data for atom_index =   3,  n,l,m,z=  3  2  1  1
#   Add data for atom_index =   3,  n,l,m,z=  3  2  2  1
#   Add data for atom_index =   3,  n,l,m,z=  3  2 -2  2
#   Add data for atom_index =   3,  n,l,m,z=  3  2 -1  2
#   Add data for atom_index =   3,  n,l,m,z=  3  2  0  2
#   Add data for atom_index =   3,  n,l,m,z=  3  2  1  2
#   Add data for atom_index =   3,  n,l,m,z=  3  2  2  2
#   Add data for atom_index =   3,  n,l,m,z=  3  2 -2  3
#   Add data for atom_index =   3,  n,l,m,z=  3  2 -1  3
#   Add data for atom_index =   3,  n,l,m,z=  3  2  0  3
#   Add data for atom_index =   3,  n,l,m,z=  3  2  1  3
#   Add data for atom_index =   3,  n,l,m,z=  3  2  2  3
#   Add data for atom_index =   4,  n,l,m,z=  3  2 -2  1
#   Add data for atom_index =   4,  n,l,m,z=  3  2 -1  1
#   Add data for atom_index =   4,  n,l,m,z=  3  2  0  1
#   Add data for atom_index =   4,  n,l,m,z=  3  2  1  1
#   Add data for atom_index =   4,  n,l,m,z=  3  2  2  1
#   Add data for atom_index =   4,  n,l,m,z=  3  2 -2  2
#   Add data for atom_index =   4,  n,l,m,z=  3  2 -1  2
#   Add data for atom_index =   4,  n,l,m,z=  3  2  0  2
#   Add data for atom_index =   4,  n,l,m,z=  3  2  1  2
#   Add data for atom_index =   4,  n,l,m,z=  3  2  2  2
#   Add data for atom_index =   4,  n,l,m,z=  3  2 -2  3
#   Add data for atom_index =   4,  n,l,m,z=  3  2 -1  3
#   Add data for atom_index =   4,  n,l,m,z=  3  2  0  3
#   Add data for atom_index =   4,  n,l,m,z=  3  2  1  3
#   Add data for atom_index =   4,  n,l,m,z=  3  2  2  3
#
#    Energy          spin 1        spin2
#
  -20.0000000     0.00000000     0.00000000
  -19.9599600     0.00000000     0.00000000
  -19.9199199     0.00000000     0.00000000
  -19.8798799     0.00000000     0.00000000
  -19.8398398     0.00000000     0.00000000
  -19.7997998     0.00000000     0.00000000
  -19.7597598     0.00000000     0.00000000
  -19.7197197     0.00000000     0.00000000
  -19.6796797     0.00000000     0.00000000
  -19.6396396     0.00000000     0.00000000
  -19.5995996     0.00000000     0.00000000
  -19.5595596     0.00000000     0.00000000
  -19.5195195     0.00000000     0.00000000
  -19.4794795     0.00000000     0.00000000
  -19.4394394     0.00000000     0.00000000
  -19.3993994     0.00000000     0.00000000
  -19.3593594     0.00000000     0.00000000
  -19.3193193     0.00000000     0.00000000
  -19.2792793     0.00000000     0.00000000
  -19.2392392     0.00000000     0.00000000
  -19.1991992     0.00000000     0.00000000
  -19.1591592     0.00000000     0.00000000
  -19.1191191     0.00000000     0.00000000
  -19.0790791     0.00000000     0.00000000
  -19.0390390     0.00000000     0.00000000
  -18.9989990     0.00000000     0.00000000
  -18.9589590    -0.00000000     0.00000000
  -18.9189189    -0.00000000     0.00000000
  -18.8788789    -0.00000001    -0.00000000
  -18.8388388    -0.00000013    -0.00000000
  -18.7987988    -0.00000122    -0.00000001
  -18.7587588    -0.00000845    -0.00000011
  -18.7187187    -0.00004239    -0.00000110
  -18.6786787    -0.00015430    -0.00000787
  -18.6386386    -0.00040762    -0.00004068
  -18.5985986    -0.00078143    -0.00015257
  -18.5585586    -0.00108710    -0.00041528
  -18.5185185    -0.00109748    -0.00082030
  -18.4784785    -0.00080403    -0.00117583
  -18.4384384    -0.00042746    -0.00122310
  -18.3983984    -0.00016492    -0.00092327
  -18.3583584    -0.00004617    -0.00050576
  -18.3183183    -0.00000938    -0.00020105
  -18.2782783    -0.00000138    -0.00005800
  -18.2382382    -0.00000015    -0.00001214
  -18.1981982    -0.00000000    -0.00000184
  -18.1581582     0.00000013    -0.00000020
  -18.1181181     0.00000133    -0.00000001
  -18.0780781     0.00001011     0.00000011
  -18.0380380     0.00005593     0.00000121
  -17.9979980     0.00022491     0.00000936
  -17.9579580     0.00065764     0.00005273
  -17.9179179     0.00139964     0.00021573
  -17.8778779     0.00217144     0.00064158
  -17.8378378     0.00246141     0.00138774
  -17.7977978     0.00204572     0.00218513
  -17.7577578     0.00125310     0.00250765
  -17.7177177     0.00056983     0.00210073
  -17.6776777     0.00019417     0.00128734
  -17.6376376     0.00005010     0.00057862
  -17.5975976     0.00000988     0.00019137
  -17.5575576     0.00000150     0.00004674
  -17.5175175     0.00000022     0.00000847
  -17.4774775     0.00000066     0.00000115
  -17.4374374     0.00000635     0.00000020
  -17.3973974     0.00004610     0.00000106
  -17.3573574     0.00024629     0.00000939
  -17.3173173     0.00096966     0.00006172
  -17.2772773     0.00281767     0.00030044
  -17.2372372     0.00605111     0.00108578
  -17.1971972     0.00961281     0.00291839
  -17.1571572     0.01130083     0.00583798
  -17.1171171     0.00982993     0.00868674
  -17.0770771     0.00632235     0.00959840
  -17.0370370     0.00300338     0.00785605
  -16.9969970     0.00105227     0.00474894
  -16.9569570     0.00027147     0.00211382
  -16.9169169     0.00005150     0.00069086
  -16.8768769     0.00000741     0.00016539
  -16.8368368     0.00000370     0.00002896
  -16.7967968     0.00002697     0.00000400
  -16.7567568     0.00017897     0.00000397
  -16.7167167     0.00087413     0.00003128
  -16.6766767     0.00314627     0.00019756
  -16.6366366     0.00837130     0.00091756
  -16.5965966     0.01651455     0.00314097
  -16.5565566     0.02421434     0.00794801
  -16.5165165     0.02642713     0.01490727
  -16.4764765     0.02147364     0.02076821
  -16.4364364     0.01297755     0.02151630
  -16.3963964     0.00582096     0.01657715
  -16.3563564     0.00193235     0.00948702
  -16.3163163     0.00047335     0.00402458
  -16.2762763     0.00008627     0.00126237
  -16.2362362     0.00002018     0.00029393
  -16.1961962     0.00005758     0.00006384
  -16.1561562     0.00025986     0.00007374
  -16.1161161     0.00086699     0.00023264
  -16.0760761     0.00210027     0.00057847
  -16.0360360     0.00369802     0.00104625
  -15.9959960     0.00477005     0.00137361
  -15.9559560     0.00471618     0.00131228
  -15.9159159     0.00439248     0.00093942
  -15.8758759     0.00575197     0.00066548
  -15.8358358     0.00975939     0.00108895
  -15.7957958     0.01449926     0.00296596
  -15.7557558     0.01623713     0.00671856
  -15.7157157     0.01343670     0.01120155
  -15.6756757     0.00889502     0.01369928
  -15.6356356     0.00729254     0.01281756
  -15.5955956     0.01168362     0.01105717
  -15.5555556     0.02118545     0.01271692
  -15.5155155     0.03000804     0.01876096
  -15.4754755     0.03120876     0.02461004
  -15.4354354     0.02408622     0.02446348
  -15.3953954     0.01563291     0.01782861
  -15.3553554     0.01389077     0.00970955
  -15.3153153     0.02177534     0.00508012
  -15.2752753     0.03531823     0.00606728
  -15.2352352     0.04580636     0.01305479
  -15.1951952     0.04629811     0.02441593
  -15.1551552     0.03719138     0.03515873
  -15.1151151     0.02424837     0.03952097
  -15.0750751     0.01289418     0.03586875
  -15.0350350     0.00550278     0.02708272
  -14.9949950     0.00183706     0.01708629
  -14.9549550     0.00050727     0.00877562
  -14.9149149     0.00043337     0.00353183
  -14.8748749     0.00204928     0.00108125
  -14.8348348     0.00879750     0.00027542
  -14.7947948     0.02786841     0.00028733
  -14.7547548     0.06491626     0.00145778
  -14.7147147     0.11168952     0.00627742
  -14.6746747     0.14375084     0.01991004
  -14.6346346     0.14353170     0.04643873
  -14.5945946     0.12135790     0.07987273
  -14.5545546     0.09880203     0.10209795
  -14.5145145     0.08051993     0.09958355
  -14.4744745     0.05888721     0.08044720
  -14.4344344     0.03431390     0.06380483
  -14.3943944     0.01500439     0.05557621
  -14.3543544     0.00481901     0.04690553
  -14.3143143     0.00117689     0.03231551
  -14.2742743     0.00060135     0.01675835
  -14.2342342     0.00237977     0.00637244
  -14.1941942     0.00981963     0.00176281
  -14.1541542     0.02968393     0.00035387
  -14.1141141     0.06513970     0.00009108
  -14.0740741     0.10379941     0.00042939
  -14.0340340     0.12029426     0.00250856
  -13.9939940     0.10200274     0.00986794
  -13.9539540     0.06521756     0.02720724
  -13.9139139     0.03707417     0.05361781
  -13.8738739     0.03117893     0.07618239
  -13.8338338     0.04341569     0.07849645
  -13.7937938     0.05910532     0.05960681
  -13.7537538     0.06447994     0.03657852
  -13.7137137     0.06013639     0.02642683
  -13.6736737     0.05964709     0.03186646
  -13.6336336     0.07025934     0.04252986
  -13.5935936     0.08288079     0.04562218
  -13.5535536     0.08655009     0.03767290
  -13.5135135     0.08470237     0.02643979
  -13.4734735     0.08980738     0.02070561
  -13.4334334     0.10828863     0.02160877
  -13.3933934     0.13718270     0.02590684
  -13.3533534     0.16612514     0.03464106
  -13.3133133     0.17800818     0.05292157
  -13.2732733     0.16706563     0.07920708
  -13.2332332     0.16074884     0.10216079
  -13.1931932     0.19496190     0.11438344
  -13.1531532     0.25781769     0.11994170
  -13.1131131     0.28712434     0.12011759
  -13.0730731     0.24169805     0.10609869
  -13.0330330     0.14956864     0.07658855
  -12.9929930     0.06763081     0.04841559
  -12.9529530     0.02236006     0.04150329
  -12.9129129     0.00572573     0.06128469
  -12.8728729     0.00293541     0.09545859
  -12.8328328     0.00827374     0.12438376
  -12.7927928     0.02423513     0.13678931
  -12.7527528     0.05226034     0.13222648
  -12.7127127     0.08197649     0.11139897
  -12.6726727     0.09399605     0.07737566
  -12.6326326     0.08044743     0.04184965
  -12.5925926     0.05613078     0.01700862
  -12.5525526     0.04370666     0.00517003
  -12.5125125     0.05693999     0.00163360
  -12.4724725     0.09649206     0.00271962
  -12.4324324     0.14456467     0.00910264
  -12.3923924     0.16779308     0.02363485
  -12.3523524     0.14895983     0.04481327
  -12.3123123     0.11493669     0.06197037
  -12.2722723     0.11572878     0.06256951
  -12.2322322     0.17377012     0.04628428
  -12.1921922     0.25506745     0.02563463
  -12.1521522     0.29605636     0.01253430
  -12.1121121     0.27024839     0.01077824
  -12.0720721     0.21445452     0.02043657
  -12.0320320     0.17895080     0.04196558
  -11.9919920     0.17686223     0.07128422
  -11.9519520     0.19139672     0.09346280
  -11.9119119     0.20691154     0.09207157
  -11.8718719     0.21479287     0.06907398
  -11.8318318     0.20432996     0.04632366
  -11.7917918     0.17530619     0.04640261
  -11.7517518     0.14945405     0.07949842
  -11.7117117     0.14339933     0.14075509
  -11.6716717     0.14610978     0.20518820
  -11.6316316     0.14378039     0.23267520
  -11.5915916     0.14478236     0.20033912
  -11.5515516     0.15876803     0.12908435
  -11.5115115     0.16961999     0.06169088
  -11.4714715     0.15203381     0.02181103
  -11.4314314     0.10716437     0.00615344
  -11.3913914     0.06454664     0.00396363
  -11.3513514     0.05451193     0.01193375
  -11.3113113     0.09002857     0.03529827
  -11.2712713     0.16319294     0.07857640
  -11.2312312     0.24530512     0.13326783
  -11.1911912     0.30095234     0.17922838
  -11.1511512     0.31910527     0.20143497
  -11.1111111     0.32866810     0.19647265
  -11.0710711     0.36890232     0.16515825
  -11.0310310     0.44772670     0.11466818
  -10.9909910     0.54992685     0.06287850
  -10.9509510     0.67782064     0.02651249
  -10.9109109     0.84231405     0.00913508
  -10.8708709     0.99976661     0.00603853
  -10.8308308     1.04839955     0.01572810
  -10.7907908     0.94022595     0.04273110
  -10.7507508     0.75963816     0.08745749
  -10.7107107     0.63534552     0.13386124
  -10.6706707     0.60234286     0.15685091
  -10.6306306     0.60043198     0.14690305
  -10.5905906     0.60277597     0.11626331
  -10.5505506     0.68087883     0.08069484
  -10.5105105     0.91235880     0.04984530
  -10.4704705     1.29184761     0.03229176
  -10.4304304     1.73995402     0.03629298
  -10.3903904     2.09806304     0.06423983
  -10.3503504     2.14971142     0.10805758
  -10.3103103     1.80996285     0.15095411
  -10.2702703     1.27630601     0.17936455
  -10.2302302     0.87386337     0.19361661
  -10.1901902     0.78775358     0.20033960
  -10.1501502     0.98635287     0.20030059
  -10.1101101     1.31245851     0.19722984
  -10.0700701     1.60352420     0.21241589
  -10.0300300     1.78618252     0.27145655
   -9.9899900     1.89088174     0.36845495
   -9.9499500     1.96187069     0.45663044
   -9.9099099     1.96392308     0.49533312
   -9.8698699     1.80674890     0.49579091
   -9.8298298     1.47523557     0.49628499
   -9.7897898     1.11064773     0.51074323
   -9.7497497     0.89628526     0.52994918
   -9.7097097     0.86771184     0.54757305
   -9.6696697     0.91248009     0.54725546
   -9.6296296     0.92639282     0.49133492
   -9.5895896     0.89353432     0.37307708
   -9.5495496     0.86410777     0.26394074
   -9.5095095     0.90955919     0.26833585
   -9.4694695     1.06358051     0.42815292
   -9.4294294     1.28989354     0.66176703
   -9.3893894     1.50894972     0.80552112
   -9.3493494     1.66720059     0.76814406
   -9.3093093     1.81525439     0.62929516
   -9.2692693     2.05902018     0.53618940
   -9.2292292     2.35724653     0.55574091
   -9.1891892     2.48870521     0.66853463
   -9.1491491     2.33584572     0.82991499
   -9.1091091     2.05856775     0.99297841
   -9.0690691     1.89698817     1.12191464
   -9.0290290     1.94449997     1.19964579
   -8.9889890     2.13949619     1.20160852
   -8.9489490     2.37445427     1.10295331
   -8.9089089     2.63757492     0.94673549
   -8.8688689     3.02026250     0.83312137
   -8.8288288     3.46955089     0.79602272
   -8.7887888     3.67069633     0.76855869
   -8.7487488     3.37518045     0.69747567
   -8.7087087     2.71103812     0.60141048
   -8.6686687     2.02048439     0.50189987
   -8.6286286     1.55066904     0.39494885
   -8.5885886     1.39196938     0.30373905
   -8.5485485     1.52485249     0.27292109
   -8.5085085     1.79172293     0.29613127
   -8.4684685     1.94913457     0.30724459
   -8.4284284     1.92622878     0.26043616
   -8.3883884     1.96774942     0.18980218
   -8.3483484     2.32522814     0.18009101
   -8.3083083     2.88493964     0.29584328
   -8.2682683     3.34787581     0.53108583
   -8.2282282     3.67083467     0.81287632
   -8.1881882     3.99391226     1.07154891
   -8.1481482     4.22292613     1.29252524
   -8.1081081     4.08416070     1.47030454
   -8.0680681     3.59368232     1.56934429
   -8.0280280     3.16369914     1.56258581
   -7.9879880     3.18628986     1.45445296
   -7.9479479     3.65227900     1.28816270
   -7.9079079     4.22589960     1.16870628
   -7.8678679     4.62793052     1.21557196
   -7.8278278     4.81797064     1.45658755
   -7.7877878     4.79465427     1.77628386
   -7.7477478     4.46393081     1.97798187
   -7.7077077     3.84629686     1.93984313
   -7.6676677     3.21176346     1.70357800
   -7.6276276     2.82965867     1.38402745
   -7.5875876     2.68964237     1.07501185
   -7.5475475     2.59093188     0.87813029
   -7.5075075     2.40098391     0.88750869
   -7.4674675     2.10914788     1.06926380
   -7.4274274     1.73641948     1.24051922
   -7.3873874     1.34133847     1.23206330
   -7.3473473     1.05247462     1.04800672
   -7.3073073     0.95656042     0.84480108
   -7.2672673     0.98000119     0.79884948
   -7.2272272     0.96858875     1.03937002
   -7.1871872     0.84822286     1.62205425
   -7.1471472     0.65497850     2.41633701
   -7.1071071     0.46068503     3.03663464
   -7.0670671     0.32597510     3.08142129
   -7.0270270     0.29198268     2.55229688
   -6.9869870     0.36220598     1.89671456
   -6.9469470     0.49032758     1.50871773
   -6.9069069     0.59926594     1.34434035
   -6.8668669     0.61637014     1.14379069
   -6.8268268     0.51528153     0.83684169
   -6.7867868     0.34102186     0.58001547
   -6.7467467     0.17550334     0.52029435
   -6.7067067     0.07186992     0.65134181
   -6.6666667     0.03520901     0.85763899
   -6.6266266     0.05599136     1.02796594
   -6.5865866     0.13815070     1.12935210
   -6.5465466     0.28977077     1.18954554
   -6.5065065     0.49728944     1.22509194
   -6.4664665     0.71694727     1.21360941
   -6.4264264     0.88609859     1.12674256
   -6.3863864     0.94288397     0.97121955
   -6.3463464     0.85798678     0.81474851
   -6.3063063     0.66399912     0.78359240
   -6.2662663     0.44460335     0.98903372
   -6.2262262     0.28303627     1.37929001
   -6.1861862     0.22504875     1.69741984
   -6.1461461     0.28451450     1.71493416
   -6.1061061     0.44106899     1.50319733
   -6.0660661     0.61911321     1.37938923
   -6.0260260     0.72450469     1.59886765
   -5.9859860     0.72173341     2.11846720
   -5.9459459     0.63466499     2.62611547
   -5.9059059     0.49732689     2.82931288
   -5.8658659     0.36164863     2.72284125
   -5.8258258     0.30530773     2.53070961
   -5.7857858     0.36604855     2.44921164
   -5.7457458     0.49933348     2.55926494
   -5.7057057     0.64881359     2.93118694
   -5.6656657     0.82656483     3.61300197
   -5.6256256     1.05094688     4.42286954
   -5.5855856     1.23649710     4.92821156
   -5.5455455     1.25956294     4.84596576
   -5.5055055     1.11771868     4.36127091
   -5.4654655     0.92011260     3.91002344
   -5.4254254     0.74678188     3.82500997
   -5.3853854     0.59946874     4.20054541
   -5.3453453     0.45937817     4.78761448
   -5.3053053     0.32975414     5.02781301
   -5.2652653     0.22872879     4.49154026
   -5.2252252     0.16646311     3.31643278
   -5.1851852     0.13429499     2.06476938
   -5.1451452     0.11340984     1.18821904
   -5.1051051     0.08925517     0.73651383
   -5.0650651     0.05927050     0.51825826
   -5.0250250     0.03107726     0.39219019
   -4.9849850     0.01245292     0.34828830
   -4.9449449     0.00423304     0.39730793
   -4.9049049     0.00326694     0.51227581
   -4.8648649     0.00840764     0.69211271
   -4.8248248     0.02359909     0.97939641
   -4.7847848     0.06004307     1.35236626
   -4.7447447     0.13542569     1.64820444
   -4.7047047     0.25767322     1.66839731
   -4.6646647     0.39939694     1.37717906
   -4.6246246     0.51102623     0.95266367
   -4.5845846     0.57960733     0.62303978
   -4.5445445     0.63599283     0.49426301
   -4.5045045     0.67622187     0.53953139
   -4.4644645     0.63832101     0.67986415
   -4.4244244     0.50156838     0.82725000
   -4.3843844     0.34560493     0.90127060
   -4.3443443     0.26124701     0.88154906
   -4.3043043     0.24661996     0.83780689
   -4.2642643     0.23115195     0.85414482
   -4.2242242     0.17429307     0.94237170
   -4.1841842     0.10138604     1.06315690
   -4.1441441     0.05480439     1.17922139
   -4.1041041     0.04781262     1.27111489
   -4.0640641     0.06425951     1.35970644
   -4.0240240     0.07952248     1.50069724
   -3.9839840     0.08321364     1.70614840
   -3.9439439     0.08898701     1.87200872
   -3.9039039     0.11638754     1.82270445
   -3.8638639     0.16335023     1.48574090
   -3.8238238     0.20370105     0.99941829
   -3.7837838     0.21061926     0.58154577
   -3.7437437     0.17871227     0.34003990
   -3.7037037     0.12714391     0.25110477
   -3.6636637     0.08675723     0.23642241
   -3.6236236     0.08054128     0.22404013
   -3.5835836     0.10784681     0.19606109
   -3.5435435     0.14551851     0.19887202
   -3.5035035     0.16806787     0.28089928
   -3.4634635     0.16464324     0.41828561
   -3.4234234     0.13693151     0.52128161
   -3.3833834     0.09392564     0.52666577
   -3.3433433     0.05111712     0.47475228
   -3.3033033     0.02241676     0.48099875
   -3.2632633     0.01159827     0.62594319
   -3.2232232     0.01510260     0.86101610
   -3.1831832     0.02785998     1.02498727
   -3.1431431     0.04370341     0.98585117
   -3.1031031     0.05575214     0.77895861
   -3.0630631     0.06282805     0.57479571
   -3.0230230     0.07717475     0.50131155
   -2.9829830     0.11898980     0.53470269
   -2.9429429     0.19131633     0.56636175
   -2.9029029     0.26018493     0.52097950
   -2.8628629     0.27654407     0.39710634
   -2.8228228     0.22740890     0.24378961
   -2.7827828     0.15407116     0.11809536
   -2.7427427     0.11271507     0.04805457
   -2.7027027     0.12402750     0.02905268
   -2.6626627     0.16045164     0.04576177
   -2.6226226     0.17683341     0.08400718
   -2.5825826     0.15373750     0.12863644
   -2.5425425     0.10772178     0.16768825
   -2.5025025     0.06443654     0.20052368
   -2.4624625     0.03753848     0.23091760
   -2.4224224     0.03019139     0.25264822
   -2.3823824     0.03967776     0.25209390
   -2.3423423     0.05809422     0.22278971
   -2.3023023     0.07637158     0.17224573
   -2.2622623     0.08918539     0.11919920
   -2.2222222     0.09394640     0.08086518
   -2.1821822     0.08881864     0.05864775
   -2.1421421     0.07566122     0.04370466
   -2.1021021     0.06040511     0.03410806
   -2.0620621     0.04658825     0.03602210
   -2.0220220     0.03309024     0.05051647
   -1.9819820     0.01979279     0.06944031
   -1.9419419     0.00984334     0.08883111
   -1.9019019     0.00607809     0.12141874
   -1.8618619     0.00942072     0.18654369
   -1.8218218     0.02008468     0.28435269
   -1.7817818     0.03798381     0.38361439
   -1.7417417     0.06230641     0.44175889
   -1.7017017     0.09070886     0.43955145
   -1.6616617     0.12017847     0.39248458
   -1.6216216     0.15322100     0.33150551
   -1.5815816     0.20088730     0.27912867
   -1.5415415     0.26799712     0.23983176
   -1.5015015     0.33140992     0.20769122
   -1.4614615     0.34804227     0.18460767
   -1.4214214     0.30080125     0.18423972
   -1.3813814     0.22450628     0.20725063
   -1.3413413     0.16767857     0.22491859
   -1.3013013     0.14390844     0.20675836
   -1.2612613     0.13588996     0.15878117
   -1.2212212     0.12913231     0.11697383
   -1.1811812     0.12491585     0.10422047
   -1.1411411     0.12742692     0.10845041
   -1.1011011     0.13075321     0.10367764
   -1.0610611     0.12132035     0.07995232
   -1.0210210     0.09264764     0.04903823
   -0.9809810     0.05486706     0.02951769
   -0.9409409     0.02438704     0.03440218
   -0.9009009     0.00801440     0.06893292
   -0.8608609     0.00206763     0.12744413
   -0.8208208     0.00129182     0.18892255
   -0.7807808     0.00458357     0.22783811
   -0.7407407     0.01595752     0.24077183
   -0.7007007     0.04161829     0.25666170
   -0.6606607     0.08121576     0.30281072
   -0.6206206     0.12099231     0.36079119
   -0.5805806     0.14541239     0.38215698
   -0.5405405     0.15830186     0.35015840
   -0.5005005     0.17677323     0.29487981
   -0.4604605     0.20129327     0.24765551
   -0.4204204     0.21282665     0.21127575
   -0.3803804     0.20069774     0.17641602
   -0.3403403     0.17104109     0.14312253
   -0.3003003     0.13148903     0.11847006
   -0.2602603     0.08914689     0.10927005
   -0.2202202     0.05968718     0.12585902
   -0.1801802     0.06350054     0.17628134
   -0.1401401     0.11004529     0.24384166
   -0.1001001     0.18269653     0.28393805
   -0.0600601     0.24233020     0.26087923
   -0.0200200     0.26246805     0.18645181
    0.0200200     0.25966819     0.11032690
    0.0600601     0.27095054     0.07371030
    0.1001001     0.30420045     0.07921463
    0.1401401     0.32852284     0.09763419
    0.1801802     0.31496211     0.09734023
    0.2202202     0.27263320     0.07200651
    0.2602603     0.23379366     0.04054243
    0.3003003     0.21087717     0.02506284
    0.3403403     0.18771927     0.04059909
    0.3803804     0.15194505     0.10047840
    0.4204204     0.11292166     0.20963540
    0.4604605     0.08645077     0.34060477
    0.5005005     0.08021400     0.42929316
    0.5405405     0.09354837     0.42157562
    0.5805806     0.12222926     0.33059084
    0.6206206     0.16513026     0.22618193
    0.6606607     0.22439083     0.16410474
    0.7007007     0.29216030     0.14938213
    0.7407407     0.34383191     0.16794669
    0.7807808     0.35878842     0.22562158
    0.8208208     0.33904807     0.33617952
    0.8608609     0.29259567     0.46974800
    0.9009009     0.22030764     0.54467148
    0.9409409     0.13477001     0.50806693
    0.9809810     0.06362332     0.40060472
    1.0210210     0.02387913     0.30532285
    1.0610611     0.01295741     0.26099993
    1.1011011     0.02419332     0.24977859
    1.1411411     0.05562455     0.24221994
    1.1811812     0.10145208     0.23243326
    1.2212212     0.14326361     0.23140096
    1.2612613     0.15825433     0.24042511
    1.3013013     0.13880659     0.24576423
    1.3413413     0.10117135     0.23649781
    1.3813814     0.07366325     0.21966342
    1.4214214     0.07791509     0.21668760
    1.4614615     0.11710295     0.23838981
    1.5015015     0.17150698     0.26112518
    1.5415415     0.20577022     0.24624370
    1.5815816     0.19481643     0.19009700
    1.6216216     0.14670894     0.13187627
    1.6616617     0.09129512     0.10596483
    1.7017017     0.05067293     0.10623585
    1.7417417     0.03038417     0.10393453
    1.7817818     0.02933169     0.08955110
    1.8218218     0.04313968     0.08529306
    1.8618619     0.05979642     0.11636250
    1.9019019     0.06456377     0.17893325
    1.9419419     0.05593052     0.23964869
    1.9819820     0.05296000     0.26305494
    2.0220220     0.08199462     0.23873372
    2.0620621     0.15035956     0.18710904
    2.1021021     0.22582006     0.14001628
    2.1421421     0.25341559     0.11298567
    2.1821822     0.21090712     0.10055078
    2.2222222     0.13598388     0.09446432
    2.2622623     0.08670617     0.09312326
    2.3023023     0.09116583     0.09570919
    2.3423423     0.13564664     0.09910325
    2.3823824     0.18187626     0.10213438
    2.4224224     0.19965105     0.11153272
    2.4624625     0.19372935     0.14032852
    2.5025025     0.18897756     0.18796238
    2.5425425     0.19138301     0.22389063
    2.5825826     0.18755215     0.21207180
    2.6226226     0.17648308     0.15298945
    2.6626627     0.17126350     0.08273886
    2.7027027     0.17395613     0.03320571
    2.7427427     0.17108186     0.00976660
    2.7827828     0.14998982     0.00286349
    2.8228228     0.11080464     0.00513932
    2.8628629     0.06612690     0.01717873
    2.9029029     0.03081903     0.04770759
    2.9429429     0.01093720     0.11140249
    2.9829830     0.00292291     0.21389644
    3.0230230     0.00070640     0.32860417
    3.0630631     0.00074288     0.40470304
    3.1031031     0.00233222     0.41490522
    3.1431431     0.00597951     0.37807570
    3.1831832     0.01150765     0.32590598
    3.2232232     0.01782384     0.27449346
    3.2632633     0.02650742     0.23335382
    3.3033033     0.04511400     0.20929653
    3.3433433     0.08148168     0.19164912
    3.3833834     0.13139423     0.15888609
    3.4234234     0.17523567     0.10738468
    3.4634635     0.19144601     0.05618028
    3.5035035     0.17469967     0.02299896
    3.5435435     0.13889964     0.00996379
    3.5835836     0.10169185     0.01058229
    3.6236236     0.07143629     0.01902542
    3.6636637     0.04907302     0.03214950
    3.7037037     0.03357004     0.04867853
    3.7437437     0.02446589     0.06831542
    3.7837838     0.02381481     0.09164056
    3.8238238     0.03350313     0.12022225
    3.8638639     0.04819300     0.15087106
    3.9039039     0.05643872     0.16833092
    3.9439439     0.05480530     0.15547129
    3.9839840     0.05694001     0.11586231
    4.0240240     0.08070929     0.07477313
    4.0640641     0.12589381     0.05354005
    4.1041041     0.16933312     0.05131739
    4.1441441     0.18449489     0.05290121
    4.1841842     0.16470250     0.04748704
    4.2242242     0.12948417     0.03722276
    4.2642643     0.11180142     0.02998812
    4.3043043     0.13220152     0.02915870
    4.3443443     0.17783752     0.03405989
    4.3843844     0.21150586     0.04481986
    4.4244244     0.20577026     0.05849691
    4.4644645     0.16539095     0.06509083
    4.5045045     0.11942284     0.05854706
    4.5445445     0.09703316     0.04951890
    4.5845846     0.10520773     0.05751145
    4.6246246     0.12442243     0.08898517
    4.6646647     0.13100024     0.12744686
    4.7047047     0.12530755     0.15208592
    4.7447447     0.13034324     0.16720833
    4.7847848     0.15883235     0.19838456
    4.8248248     0.19200817     0.25396365
    4.8648649     0.20217308     0.30645554
    4.9049049     0.18430333     0.31679107
    4.9449449     0.15021868     0.27072113
    4.9849850     0.10901012     0.19673778
    5.0250250     0.06943300     0.14715605
    5.0650651     0.04582895     0.14961240
    5.1051051     0.05152635     0.17825946
    5.1451452     0.09129828     0.18394265
    5.1851852     0.15387796     0.15228252
    5.2252252     0.20710391     0.11679130
    5.2652653     0.21678735     0.11332900
    5.3053053     0.18189435     0.13989932
    5.3453453     0.13636722     0.16642958
    5.3853854     0.10948976     0.17119343
    5.4254254     0.10220679     0.15741033
    5.4654655     0.10378855     0.13855850
    5.5055055     0.11276041     0.12179548
    5.5455455     0.13686881     0.10773826
    5.5855856     0.17828872     0.09554695
    5.6256256     0.22200562     0.08664795
    5.6656657     0.24483068     0.08817996
    5.7057057     0.23994683     0.10949326
    5.7457458     0.22691543     0.14824590
    5.7857858     0.22858301     0.18566619
    5.8258258     0.24099215     0.20970667
    5.8658659     0.23903663     0.23194285
    5.9059059     0.21474892     0.25988265
    5.9459459     0.19700635     0.27149825
    5.9859860     0.21671599     0.24505983
    6.0260260     0.25590494     0.19571052
    6.0660661     0.26154111     0.15858194
    6.1061061     0.21989976     0.14966696
    6.1461461     0.18329579     0.15929988
    6.1861862     0.20689833     0.17308929
    6.2262262     0.28559680     0.18466065
    6.2662663     0.36750166     0.19335307
    6.3063063     0.41084950     0.19857258
    6.3463464     0.41001992     0.19364738
    6.3863864     0.38268461     0.17074607
    6.4264264     0.35455887     0.13713307
    6.4664665     0.34150398     0.11091972
    6.5065065     0.33195678     0.09974620
    6.5465466     0.29944012     0.10365733
    6.5865866     0.23454756     0.13368025
    6.6266266     0.15550131     0.20116197
    6.6666667     0.09024147     0.28445809
    6.7067067     0.05632965     0.33530617
    6.7467467     0.05528248     0.34119512
    6.7867868     0.07713319     0.35373533
    6.8268268     0.10709627     0.41966685
    6.8668669     0.12949035     0.50839325
    6.9069069     0.13069551     0.54856693
    6.9469470     0.10695215     0.51341947
    6.9869870     0.07136557     0.43077814
    7.0270270     0.04895327     0.34050818
    7.0670671     0.06518768     0.27207925
    7.1071071     0.13439961     0.22871770
    7.1471472     0.23949931     0.18546385
    7.1871872     0.32190301     0.12626401
    7.2272272     0.32571293     0.06642532
    7.2672673     0.26395728     0.02698094
    7.3073073     0.21195604     0.01031380
    7.3473473     0.23013587     0.00583331
    7.3873874     0.30756669     0.00355533
    7.4274274     0.37041325     0.00082169
    7.4674675     0.34905844     0.00534128
    7.5075075     0.25134848     0.03283123
    7.5475475     0.15210647     0.09237806
    7.5875876     0.10981798     0.17036645
    7.6276276     0.11836307     0.24620989
    7.6676677     0.13396111     0.33367809
    7.7077077     0.12989004     0.46767998
    7.7477478     0.11829578     0.61957455
    7.7877878     0.11857147     0.68032211
    7.8278278     0.12218513     0.58338548
    7.8678679     0.10719610     0.39883231
    7.9079079     0.07473814     0.25466676
    7.9479479     0.05314445     0.20249645
    7.9879880     0.07761014     0.19585290
    8.0280280     0.17265349     0.17126671
    8.0680681     0.32447781     0.11594133
    8.1081081     0.45683913     0.05824126
    8.1481482     0.47783926     0.02148713
    8.1881882     0.37582334     0.00580484
    8.2282282     0.22985733     0.00115764
    8.2682683     0.11728226     0.00026094
    8.3083083     0.05474794     0.00059645
    8.3483484     0.02409670     0.00263495
    8.3883884     0.00932398     0.00920215
    8.4284284     0.00311093     0.02535900
    8.4684685     0.00225505     0.05663718
    8.5085085     0.00727120     0.10557335
    8.5485485     0.02298188     0.17196925
    8.5885886     0.05317927     0.26174582
    8.6286286     0.08963626     0.38447226
    8.6686687     0.11171450     0.51443449
    8.7087087     0.10769733     0.57098899
    8.7487488     0.09043287     0.49519600
    8.7887888     0.07865169     0.33456569
    8.8288288     0.07215447     0.19601602
    8.8688689     0.05956413     0.13263789
    8.9089089     0.04064138     0.11619291
    8.9489490     0.02890130     0.09870411
    8.9889890     0.04031370     0.06585299
    9.0290290     0.08348782     0.03244609
    9.0690691     0.14672962     0.01165797
    9.1091091     0.19350715     0.00309083
    9.1491491     0.19191152     0.00073501
    9.1891892     0.15035735     0.00045902
    9.2292292     0.10718831     0.00094092
    9.2692693     0.09492234     0.00288165
    9.3093093     0.12633488     0.00915634
    9.3493494     0.19361738     0.02362289
    9.3893894     0.26827149     0.04543086
    9.4294294     0.31621908     0.06391458
    9.4694695     0.32329733     0.06638325
    9.5095095     0.30767725     0.05559243
    9.5495496     0.29880015     0.05472177
    9.5895896     0.29591315     0.09087437
    9.6296296     0.26854084     0.16745060
    9.6696697     0.20557942     0.24563652
    9.7097097     0.13263055     0.26851697
    9.7497497     0.08107935     0.21946874
    9.7897898     0.06947464     0.13818634
    9.8298298     0.10614266     0.07268433
    9.8698699     0.17991676     0.04304490
    9.9099099     0.24762634     0.05331169
    9.9499500     0.25768176     0.10943469
    9.9899900     0.20050633     0.21475650
   10.0300300     0.11939615     0.35653943
   10.0700701     0.06410457     0.49591573
   10.1101101     0.04959387     0.56972260
   10.1501502     0.05803035     0.53055451
   10.1901902     0.06333123     0.40198204
   10.2302302     0.05384619     0.26374866
   10.2702703     0.03881951     0.17657461
   10.3103103     0.03470824     0.14768667
   10.3503504     0.04835194     0.15088340
   10.3903904     0.07550074     0.15084448
   10.4304304     0.11365462     0.12731769
   10.4704705     0.16843828     0.09318967
   10.5105105     0.23705998     0.07700223
   10.5505506     0.29303430     0.08710189
   10.5905906     0.30704954     0.10314434
   10.6306306     0.28033048     0.10099417
   10.6706707     0.23972353     0.07889664
   10.7107107     0.20814946     0.05787755
   10.7507508     0.19907104     0.06201956
   10.7907908     0.22269145     0.10129470
   10.8308308     0.27523689     0.16734269
   10.8708709     0.34050617     0.24083840
   10.9109109     0.41714535     0.30400428
   10.9509510     0.51490982     0.34489027
   10.9909910     0.60291266     0.35128327
   11.0310310     0.60793372     0.31298115
   11.0710711     0.50337013     0.23686152
   11.1111111     0.35490105     0.15204902
   11.1511512     0.24338435     0.09435575
   11.1911912     0.18236892     0.08728629
   11.2312312     0.13733085     0.13342975
   11.2712713     0.09133208     0.21074965
   11.3113113     0.06127566     0.28149455
   11.3513514     0.06715136     0.32250928
   11.3913914     0.10884440     0.34095178
   11.4314314     0.17196683     0.35572478
   11.4714715     0.25111718     0.38382665
   11.5115115     0.35522809     0.43550966
   11.5515516     0.47628740     0.48945161
   11.5915916     0.57185503     0.48922856
   11.6316316     0.59784585     0.40242189
   11.6716717     0.54555452     0.27016615
   11.7117117     0.44614783     0.17024112
   11.7517518     0.35060834     0.14300086
   11.7917918     0.29626307     0.17129523
   11.8318318     0.28384196     0.22007584
   11.8718719     0.29007984     0.26838535
   11.9119119     0.29834748     0.29776419
   11.9519520     0.30394106     0.28625852
   11.9919920     0.29757079     0.23815679
   12.0320320     0.26743819     0.19355720
   12.0720721     0.21658481     0.19559102
   12.1121121     0.16835961     0.25644044
   12.1521522     0.15457598     0.34509156
   12.1921922     0.18906633     0.41626053
   12.2322322     0.25013146     0.46683048
   12.2722723     0.30096876     0.52887214
   12.3123123     0.32241547     0.59186393
   12.3523524     0.31775318     0.59341496
   12.3923924     0.30261898     0.50688988
   12.4324324     0.29089341     0.37582110
   12.4724725     0.27577476     0.25272293
   12.5125125     0.24697348     0.15943768
   12.5525526     0.24019876     0.10535706
   12.5925926     0.33017566     0.09560763
   12.6326326     0.53870678     0.11524713
   12.6726727     0.76117848     0.13470030
   12.7127127     0.83521950     0.14340370
   12.7527528     0.70919248     0.16558309
   12.7927928     0.49369446     0.23310572
   12.8328328     0.32076511     0.34663314
   12.8728729     0.21920691     0.46643258
   12.9129129     0.15654954     0.55086258
   12.9529530     0.13309608     0.61116103
   12.9929930     0.18989662     0.69803130
   13.0330330     0.34301144     0.80785564
   13.0730731     0.52344767     0.85473168
   13.1131131     0.60834733     0.78852509
   13.1531532     0.55261660     0.66902093
   13.1931932     0.45790753     0.56163155
   13.2332332     0.45434282     0.45106381
   13.2732733     0.54313305     0.31080379
   13.3133133     0.60563600     0.17030170
   13.3533534     0.54855074     0.07708331
   13.3933934     0.39621748     0.05360507
   13.4334334     0.24352892     0.11224234
   13.4734735     0.15846415     0.26480289
   13.5135135     0.14054475     0.47527171
   13.5535536     0.14895761     0.63109532
   13.5935936     0.15690516     0.63787609
   13.6336336     0.17604868     0.54410026
   13.6736737     0.22601295     0.49412770
   13.7137137     0.29343702     0.54877537
   13.7537538     0.34156362     0.61305678
   13.7937938     0.36332065     0.56179390
   13.8338338     0.40081732     0.39371386
   13.8738739     0.48419103     0.21660230
   13.9139139     0.56846501     0.11507912
   13.9539540     0.57925013     0.09131082
   13.9939940     0.52089219     0.11068004
   14.0340340     0.48564817     0.15343670
   14.0740741     0.53761637     0.22176901
   14.1141141     0.63776649     0.31650550
   14.1541542     0.71247464     0.41696601
   14.1941942     0.74022967     0.49838627
   14.2342342     0.72709463     0.56047201
   14.2742743     0.65570048     0.60091839
   14.3143143     0.51487989     0.58230215
   14.3543544     0.34366962     0.48559793
   14.3943944     0.21144246     0.36781045
   14.4344344     0.16842336     0.30589949
   14.4744745     0.21298506     0.31957273
   14.5145145     0.28887435     0.39767533
   14.5545546     0.32377113     0.54532212
   14.5945946     0.28942504     0.74156330
   14.6346346     0.22180331     0.89694601
   14.6746747     0.17791566     0.91684751
   14.7147147     0.18076636     0.79079235
   14.7547548     0.21475798     0.60033471
   14.7947948     0.26800424     0.44991690
   14.8348348     0.35004814     0.38319789
   14.8748749     0.45732772     0.36317931
   14.9149149     0.55480848     0.34295396
   14.9549550     0.61088927     0.33216189
   14.9949950     0.62485359     0.36033109
   15.0350350     0.60054911     0.40782140
   15.0750751     0.52103015     0.42471863
   15.1151151     0.38486555     0.38964889
   15.1551552     0.24209042     0.31260028
   15.1951952     0.15685358     0.21432084
   15.2352352     0.15134476     0.12503138
   15.2752753     0.19612044     0.07576497
   15.3153153     0.23862827     0.07817501
   15.3553554     0.24424586     0.11612024
   15.3953954     0.21339944     0.15854495
   15.4354354     0.16148524     0.19211805
   15.4754755     0.10293020     0.23868340
   15.5155155     0.05388873     0.32060644
   15.5555556     0.02981756     0.42174395
   15.5955956     0.04278579     0.50552837
   15.6356356     0.10654710     0.54548808
   15.6756757     0.22917573     0.52382242
   15.7157157     0.39021053     0.44362711
   15.7557558     0.53306262     0.35143840
   15.7957958     0.59057516     0.30521648
   15.8358358     0.53397016     0.31220325
   15.8758759     0.40888000     0.32515531
   15.9159159     0.30006945     0.30406786
   15.9559560     0.24895856     0.25472451
   15.9959960     0.23214024     0.20499660
   16.0360360     0.21549478     0.17448178
   16.0760761     0.20580753     0.16363067
   16.1161161     0.25646565     0.15483098
   16.1561562     0.41686515     0.14000852
   16.1961962     0.65347607     0.15011266
   16.2362362     0.84011002     0.23199028
   16.2762763     0.86293512     0.38400221
   16.3163163     0.72254121     0.52760702
   16.3563564     0.51265620     0.56910043
   16.3963964     0.32962256     0.49641738
   16.4364364     0.22370585     0.39595704
   16.4764765     0.19875667     0.37038701
   16.5165165     0.22274990     0.44850506
   16.5565566     0.25488567     0.56909869
   16.5965966     0.27524284     0.63818987
   16.6366366     0.27652671     0.60261920
   16.6766767     0.25070229     0.49147688
   16.7167167     0.21072136     0.38547532
   16.7567568     0.19003302     0.32622153
   16.7967968     0.19541987     0.28095901
   16.8368368     0.19681153     0.21121781
   16.8768769     0.18042583     0.13086830
   16.9169169     0.17857946     0.08269248
   16.9569570     0.23559513     0.09716846
   16.9969970     0.36331353     0.17798300
   17.0370370     0.52302139     0.29228418
   17.0770771     0.64143725     0.37430612
   17.1171171     0.66326545     0.37452480
   17.1571572     0.58666329     0.31201461
   17.1971972     0.44360028     0.24904459
   17.2372372     0.27784657     0.21331969
   17.2772773     0.13776494     0.17968000
   17.3173173     0.05208494     0.12656432
   17.3573574     0.01469394     0.06918221
   17.3973974     0.00328810     0.03306076
   17.4374374     0.00203726     0.02819274
   17.4774775     0.00724103     0.05537892
   17.5175175     0.02383642     0.12011803
   17.5575576     0.05761376     0.23172940
   17.5975976     0.10241717     0.37891139
   17.6376376     0.13729024     0.50009374
   17.6776777     0.14928452     0.51266249
   17.7177177     0.15358913     0.40409317
   17.7577578     0.17048522     0.25762293
   17.7977978     0.18898416     0.15950942
   17.8378378     0.17842577     0.12302044
   17.8778779     0.13203972     0.11810666
   17.9179179     0.07662618     0.12513380
   17.9579580     0.04258684     0.13526270
   17.9979980     0.04083840     0.13582776
   18.0380380     0.06202128     0.12562396
   18.0780781     0.08351720     0.12230757
   18.1181181     0.08400306     0.13367099
   18.1581582     0.06189106     0.14342617
   18.1981982     0.03496310     0.14085951
   18.2382382     0.02153382     0.13881853
   18.2782783     0.02964002     0.14594776
   18.3183183     0.05868366     0.14747816
   18.3583584     0.09865858     0.12929905
   18.3983984     0.13049787     0.09812409
   18.4384384     0.14165729     0.06923996
   18.4784785     0.14451133     0.05274375
   18.5185185     0.16815351     0.05167581
   18.5585586     0.22857983     0.06072172
   18.5985986     0.31192771     0.07136925
   18.6386386     0.38591958     0.08289364
   18.6786787     0.42883847     0.09762847
   18.7187187     0.44502630     0.10618339
   18.7587588     0.44656591     0.09596432
   18.7987988     0.43627121     0.07713073
   18.8388388     0.41919884     0.08703626
   18.8788789     0.41427285     0.16555624
   18.9189189     0.44418130     0.31654370
   18.9589590     0.51395181     0.47879577
   18.9989990     0.59884250     0.55598883
   19.0390390     0.65471966     0.50296272
   19.0790791     0.64710471     0.36564947
   19.1191191     0.57661225     0.22776919
   19.1591592     0.47286916     0.14896634
   19.1991992     0.36503328     0.15129984
   19.2392392     0.26631815     0.22028061
   19.2792793     0.17983731     0.30681136
   19.3193193     0.10766572     0.35585776
   19.3593594     0.05409432     0.34638951
   19.3993994     0.02188844     0.30026267
   19.4394394     0.00860062     0.25812943
   19.4794795     0.01248754     0.24758485
   19.5195195     0.04533059     0.27592651
   19.5595596     0.13725877     0.35463880
   19.5995996     0.31176102     0.49400151
   19.6396396     0.53614876     0.64908968
   19.6796797     0.71995833     0.72158595
   19.7197197     0.80476279     0.65954059
   19.7597598     0.82611411     0.52659897
   19.7997998     0.83803609     0.44170075
   19.8398398     0.83284772     0.45957931
   19.8798799     0.79495725     0.51947393
   19.9199199     0.76420985     0.51345313
   19.9599600     0.77603302     0.40242568
   20.0000000     0.78973474     0.25080442
