#
#   partial DOS for atom species: Ga
#
#   Add data for atom_index =   1,  n,l,m,z=  4  1 -1  1
#   Add data for atom_index =   1,  n,l,m,z=  4  1  0  1
#   Add data for atom_index =   1,  n,l,m,z=  4  1  1  1
#   Add data for atom_index =   1,  n,l,m,z=  4  1 -1  2
#   Add data for atom_index =   1,  n,l,m,z=  4  1  0  2
#   Add data for atom_index =   1,  n,l,m,z=  4  1  1  2
#   Add data for atom_index =   1,  n,l,m,z=  4  1 -1  3
#   Add data for atom_index =   1,  n,l,m,z=  4  1  0  3
#   Add data for atom_index =   1,  n,l,m,z=  4  1  1  3
#   Add data for atom_index =   2,  n,l,m,z=  4  1 -1  1
#   Add data for atom_index =   2,  n,l,m,z=  4  1  0  1
#   Add data for atom_index =   2,  n,l,m,z=  4  1  1  1
#   Add data for atom_index =   2,  n,l,m,z=  4  1 -1  2
#   Add data for atom_index =   2,  n,l,m,z=  4  1  0  2
#   Add data for atom_index =   2,  n,l,m,z=  4  1  1  2
#   Add data for atom_index =   2,  n,l,m,z=  4  1 -1  3
#   Add data for atom_index =   2,  n,l,m,z=  4  1  0  3
#   Add data for atom_index =   2,  n,l,m,z=  4  1  1  3
#   Add data for atom_index =   3,  n,l,m,z=  4  1 -1  1
#   Add data for atom_index =   3,  n,l,m,z=  4  1  0  1
#   Add data for atom_index =   3,  n,l,m,z=  4  1  1  1
#   Add data for atom_index =   3,  n,l,m,z=  4  1 -1  2
#   Add data for atom_index =   3,  n,l,m,z=  4  1  0  2
#   Add data for atom_index =   3,  n,l,m,z=  4  1  1  2
#   Add data for atom_index =   3,  n,l,m,z=  4  1 -1  3
#   Add data for atom_index =   3,  n,l,m,z=  4  1  0  3
#   Add data for atom_index =   3,  n,l,m,z=  4  1  1  3
#
#    Energy          spin 1        spin2
#
  -20.0000000     0.00000000     0.00000000
  -19.9599600     0.00000000     0.00000000
  -19.9199199     0.00000000     0.00000000
  -19.8798799     0.00000000     0.00000000
  -19.8398398     0.00000000     0.00000000
  -19.7997998     0.00000000     0.00000000
  -19.7597598     0.00000000     0.00000000
  -19.7197197     0.00000000     0.00000000
  -19.6796797     0.00000000     0.00000000
  -19.6396396     0.00000000     0.00000000
  -19.5995996     0.00000000     0.00000000
  -19.5595596     0.00000000     0.00000000
  -19.5195195     0.00000000     0.00000000
  -19.4794795     0.00000000     0.00000000
  -19.4394394     0.00000000     0.00000000
  -19.3993994     0.00000000     0.00000000
  -19.3593594     0.00000000     0.00000000
  -19.3193193     0.00000000     0.00000000
  -19.2792793     0.00000000     0.00000000
  -19.2392392     0.00000000     0.00000000
  -19.1991992     0.00000000     0.00000000
  -19.1591592     0.00000000     0.00000000
  -19.1191191     0.00000000     0.00000000
  -19.0790791     0.00000000     0.00000000
  -19.0390390     0.00000000     0.00000000
  -18.9989990    -0.00000000    -0.00000000
  -18.9589590    -0.00000001    -0.00000001
  -18.9189189    -0.00000016    -0.00000020
  -18.8788789    -0.00000220    -0.00000283
  -18.8388388    -0.00002245    -0.00002859
  -18.7987988    -0.00016594    -0.00020944
  -18.7587588    -0.00089018    -0.00111330
  -18.7187187    -0.00346532    -0.00429446
  -18.6786787    -0.00978946    -0.01202129
  -18.6386386    -0.02006879    -0.02441973
  -18.5985986    -0.02985596    -0.03599797
  -18.5585586    -0.03223208    -0.03850904
  -18.5185185    -0.02525184    -0.02989474
  -18.4784785    -0.01435639    -0.01684125
  -18.4384384    -0.00592304    -0.00688496
  -18.3983984    -0.00177334    -0.00204256
  -18.3583584    -0.00038529    -0.00043974
  -18.3183183    -0.00006075    -0.00006870
  -18.2782783    -0.00000701    -0.00000785
  -18.2382382    -0.00000175    -0.00000182
  -18.1981982    -0.00001784    -0.00001788
  -18.1581582    -0.00019676    -0.00019574
  -18.1181181    -0.00157777    -0.00155869
  -18.0780781    -0.00918136    -0.00900715
  -18.0380380    -0.03877220    -0.03777139
  -17.9979980    -0.11882304    -0.11494599
  -17.9579580    -0.26431158    -0.25387086
  -17.9179179    -0.42705240    -0.40708437
  -17.8778779    -0.50283602    -0.47482628
  -17.8378378    -0.43788145    -0.40669932
  -17.7977978    -0.29981420    -0.26751319
  -17.7577578    -0.19514432    -0.16017519
  -17.7177177    -0.15399999    -0.11874081
  -17.6776777    -0.13405138    -0.10689036
  -17.6376376    -0.09945192    -0.08583964
  -17.5975976    -0.05581546    -0.05260992
  -17.5575576    -0.02294931    -0.02364632
  -17.5175175    -0.00687766    -0.00774509
  -17.4774775    -0.00167027    -0.00201796
  -17.4374374    -0.00167307    -0.00177191
  -17.3973974    -0.00832543    -0.00839242
  -17.3573574    -0.03475171    -0.03477822
  -17.3173173    -0.10567421    -0.10509525
  -17.2772773    -0.23390674    -0.23083588
  -17.2372372    -0.38018802    -0.37036186
  -17.1971972    -0.46898910    -0.44348942
  -17.1571572    -0.48762873    -0.43012648
  -17.1171171    -0.52311791    -0.41786405
  -17.0770771    -0.62918988    -0.48719789
  -17.0370370    -0.71118239    -0.58161158
  -16.9969970    -0.63889319    -0.56923210
  -16.9569570    -0.42717952    -0.41726621
  -16.9169169    -0.20863182    -0.22361941
  -16.8768769    -0.07408175    -0.08711513
  -16.8368368    -0.01921812    -0.02463814
  -16.7967968    -0.00427253    -0.00506347
  -16.7567568    -0.00324297    -0.00079129
  -16.7167167    -0.00792066    -0.00024308
  -16.6766767    -0.01641955    -0.00054648
  -16.6366366    -0.02581451    -0.00171420
  -16.5965966    -0.03573073    -0.00655304
  -16.5565566    -0.06409552    -0.02749731
  -16.5165165    -0.15931277    -0.09827781
  -16.4764765    -0.37029435    -0.26580106
  -16.4364364    -0.65904007    -0.52673290
  -16.3963964    -0.85924617    -0.75910960
  -16.3563564    -0.81426173    -0.79427780
  -16.3163163    -0.56013505    -0.60316231
  -16.2762763    -0.27988188    -0.33241054
  -16.2362362    -0.10336393    -0.13311402
  -16.1961962    -0.03797158    -0.03998488
  -16.1561562    -0.05014278    -0.01589141
  -16.1161161    -0.13060802    -0.03234219
  -16.0760761    -0.27173054    -0.09043866
  -16.0360360    -0.41158719    -0.18977166
  -15.9959960    -0.44904780    -0.28677494
  -15.9559560    -0.34266643    -0.30476189
  -15.9159159    -0.15488012    -0.20836787
  -15.8758759     0.02040071    -0.04870962
  -15.8358358     0.12728603     0.08349691
  -15.7957958     0.15243275     0.13333363
  -15.7557558     0.11700976     0.11047474
  -15.7157157     0.06357080     0.06179957
  -15.6756757     0.02436933     0.02453980
  -15.6356356     0.00304746     0.00653545
  -15.5955956    -0.01787932    -0.00195644
  -15.5555556    -0.06660098    -0.01589186
  -15.5155155    -0.16745454    -0.05498061
  -15.4754755    -0.30471873    -0.13633660
  -15.4354354    -0.40314027    -0.24586791
  -15.3953954    -0.39147125    -0.32529738
  -15.3553554    -0.29362810    -0.32665429
  -15.3153153    -0.21126517    -0.27985448
  -15.2752753    -0.21365128    -0.25964848
  -15.2352352    -0.27835353    -0.28792674
  -15.1951952    -0.33949830    -0.32119174
  -15.1551552    -0.36655976    -0.33232950
  -15.1151151    -0.36773779    -0.33916744
  -15.0750751    -0.33692794    -0.34082167
  -15.0350350    -0.25843284    -0.29933776
  -14.9949950    -0.15374439    -0.20635370
  -14.9549550    -0.06816664    -0.10611220
  -14.9149149    -0.02216933    -0.03995116
  -14.8748749    -0.00534570    -0.01089963
  -14.8348348    -0.00124025    -0.00176776
  -14.7947948    -0.00027923     0.00217000
  -14.7547548     0.00423445     0.01088346
  -14.7147147     0.02333711     0.03502680
  -14.6746747     0.06956057     0.08281845
  -14.6346346     0.14026569     0.14704512
  -14.5945946     0.20865989     0.20349117
  -14.5545546     0.24239352     0.23219333
  -14.5145145     0.22723712     0.22943453
  -14.4744745     0.17151743     0.19568834
  -14.4344344     0.09864134     0.13541325
  -14.3943944     0.03127450     0.06742826
  -14.3543544    -0.02360059     0.01144070
  -14.3143143    -0.06691173    -0.02985701
  -14.2742743    -0.09005300    -0.06043097
  -14.2342342    -0.07981746    -0.07203955
  -14.1941942    -0.03561716    -0.04791821
  -14.1541542     0.02970836     0.01885906
  -14.1141141     0.09448581     0.11360778
  -14.0740741     0.12809809     0.19944026
  -14.0340340     0.11323961     0.23755511
  -13.9939940     0.07314076     0.22171644
  -13.9539540     0.05067826     0.17945963
  -13.9139139     0.07431946     0.13950375
  -13.8738739     0.16272711     0.12406484
  -13.8338338     0.31518088     0.16343619
  -13.7937938     0.46590317     0.27334102
  -13.7537538     0.50656318     0.40307988
  -13.7137137     0.40188693     0.45039489
  -13.6736737     0.23667506     0.36929421
  -13.6336336     0.12290245     0.22975124
  -13.5935936     0.11169137     0.14102696
  -13.5535536     0.18985774     0.15540348
  -13.5135135     0.29133521     0.24815596
  -13.4734735     0.31749019     0.34160207
  -13.4334334     0.21569914     0.35747673
  -13.3933934     0.04025492     0.28298163
  -13.3533534    -0.10495154     0.17424593
  -13.3133133    -0.16449380     0.08907945
  -13.2732733    -0.14988240     0.04299804
  -13.2332332    -0.10021443     0.02380816
  -13.1931932    -0.05052831     0.01520395
  -13.1531532    -0.01685866     0.00470306
  -13.1131131     0.00806773    -0.01072404
  -13.0730731     0.05068195    -0.01882232
  -13.0330330     0.14334856     0.00568467
  -12.9929930     0.28837961     0.08925649
  -12.9529530     0.42054689     0.23367408
  -12.9129129     0.44508496     0.38331551
  -12.8728729     0.34232895     0.44326822
  -12.8328328     0.19407998     0.37170304
  -12.7927928     0.09321652     0.23259348
  -12.7527528     0.07526529     0.12659250
  -12.7127127     0.13088788     0.10204114
  -12.6726727     0.22619184     0.14525785
  -12.6326326     0.30876989     0.21916081
  -12.5925926     0.33701295     0.29656725
  -12.5525526     0.31276062     0.36094302
  -12.5125125     0.27361946     0.38391176
  -12.4724725     0.25575167     0.33918664
  -12.4324324     0.25814189     0.25124270
  -12.3923924     0.24392781     0.18835327
  -12.3523524     0.19143043     0.18908079
  -12.3123123     0.12882201     0.22047735
  -12.2722723     0.10135171     0.22420191
  -12.2322322     0.12008456     0.19082288
  -12.1921922     0.15321915     0.16369383
  -12.1521522     0.16626718     0.17368410
  -12.1121121     0.17185341     0.20797020
  -12.0720721     0.22692661     0.25521597
  -12.0320320     0.36023926     0.33924143
  -11.9919920     0.50615531     0.46839478
  -11.9519520     0.55375754     0.58132628
  -11.9119119     0.48447527     0.59706815
  -11.8718719     0.39543586     0.50335571
  -11.8318318     0.35419637     0.35592827
  -11.7917918     0.32270533     0.21680947
  -11.7517518     0.25592649     0.12352490
  -11.7117117     0.17765745     0.09182837
  -11.6716717     0.13107331     0.11659876
  -11.6316316     0.12569757     0.16826140
  -11.5915916     0.15370691     0.20769613
  -11.5515516     0.22036756     0.22291976
  -11.5115115     0.33194351     0.24677731
  -11.4714715     0.45771687     0.32813981
  -11.4314314     0.54162741     0.47935245
  -11.3913914     0.57033965     0.64167275
  -11.3513514     0.58137895     0.71397358
  -11.3113113     0.58725815     0.64293175
  -11.2712713     0.56035740     0.47812115
  -11.2312312     0.49805684     0.32187798
  -11.1911912     0.42785888     0.24703076
  -11.1511512     0.36322315     0.26691036
  -11.1111111     0.31356859     0.34227881
  -11.0710711     0.30303089     0.41331629
  -11.0310310     0.34645586     0.46064102
  -10.9909910     0.44028551     0.52543781
  -10.9509510     0.56621913     0.63335964
  -10.9109109     0.67085652     0.72241022
  -10.8708709     0.69408809     0.70718764
  -10.8308308     0.65452136     0.60122550
  -10.7907908     0.63565423     0.51978842
  -10.7507508     0.67450261     0.56893975
  -10.7107107     0.75306132     0.75342410
  -10.6706707     0.87747969     0.98673835
  -10.6306306     1.04757700     1.17061675
  -10.5905906     1.16548812     1.23194499
  -10.5505506     1.10137043     1.12919301
  -10.5105105     0.87422520     0.90430000
  -10.4704705     0.67259702     0.68208572
  -10.4304304     0.65283109     0.57113331
  -10.3903904     0.77650111     0.60529355
  -10.3503504     0.88653398     0.74930731
  -10.3103103     0.89254288     0.89955267
  -10.2702703     0.82075150     0.92943697
  -10.2302302     0.72715766     0.79939334
  -10.1901902     0.64197272     0.60463398
  -10.1501502     0.57932187     0.48896672
  -10.1101101     0.55237357     0.52073267
  -10.0700701     0.57049446     0.65576077
  -10.0300300     0.61517832     0.79690612
   -9.9899900     0.63974477     0.86017491
   -9.9499500     0.62599993     0.80666130
   -9.9099099     0.61472926     0.66989609
   -9.8698699     0.64143993     0.54369587
   -9.8298298     0.67240263     0.49764549
   -9.7897898     0.65189049     0.51876124
   -9.7497497     0.58462721     0.54693521
   -9.7097097     0.52441718     0.53178102
   -9.6696697     0.50604762     0.46151785
   -9.6296296     0.52268460     0.37388375
   -9.5895896     0.54937383     0.33195394
   -9.5495496     0.56615525     0.37302721
   -9.5095095     0.57114472     0.47896221
   -9.4694695     0.57796338     0.59249857
   -9.4294294     0.59107308     0.66862933
   -9.3893894     0.59523636     0.70605434
   -9.3493494     0.57969869     0.71941321
   -9.3093093     0.54973207     0.70434148
   -9.2692693     0.50392079     0.65070555
   -9.2292292     0.42832817     0.57432387
   -9.1891892     0.32611243     0.51456588
   -9.1491491     0.22898675     0.50044647
   -9.1091091     0.16794524     0.52263553
   -9.0690691     0.14791927     0.53624032
   -9.0290290     0.15260731     0.50151943
   -8.9889890     0.16015286     0.42602227
   -8.9489490     0.15570352     0.34904603
   -8.9089089     0.13810364     0.29176025
   -8.8688689     0.11770864     0.24801319
   -8.8288288     0.11057494     0.20956915
   -8.7887888     0.12922210     0.17578383
   -8.7487488     0.16819516     0.15175406
   -8.7087087     0.20505012     0.14724173
   -8.6686687     0.22560030     0.16575000
   -8.6286286     0.23503825     0.19769793
   -8.5885886     0.23689725     0.23073967
   -8.5485485     0.22441247     0.25565281
   -8.5085085     0.19906109     0.26214540
   -8.4684685     0.17336008     0.24488282
   -8.4284284     0.15546457     0.21520502
   -8.3883884     0.14835219     0.19668468
   -8.3483484     0.15484325     0.20541372
   -8.3083083     0.17187564     0.23395455
   -8.2682683     0.18956067     0.25586132
   -8.2282282     0.20125092     0.25007386
   -8.1881882     0.20771533     0.21878563
   -8.1481482     0.21020753     0.17940217
   -8.1081081     0.20696839     0.14760530
   -8.0680681     0.19957275     0.13176637
   -8.0280280     0.19553778     0.13355096
   -7.9879880     0.19917949     0.14904898
   -7.9479479     0.20361388     0.17286639
   -7.9079079     0.19532144     0.19738215
   -7.8678679     0.16765351     0.20997338
   -7.8278278     0.13088948     0.20649153
   -7.7877878     0.10503917     0.20156463
   -7.7477478     0.10114991     0.20587724
   -7.7077077     0.11379959     0.20631707
   -7.6676677     0.12996805     0.18665103
   -7.6276276     0.14043723     0.15144576
   -7.5875876     0.14472489     0.11846385
   -7.5475475     0.14880745     0.10167025
   -7.5075075     0.15645490     0.10494741
   -7.4674675     0.16140105     0.12424209
   -7.4274274     0.15300612     0.15522727
   -7.3873874     0.13210907     0.19384641
   -7.3473473     0.11284437     0.22553383
   -7.3073073     0.10397267     0.22983259
   -7.2672673     0.09846636     0.20701592
   -7.2272272     0.08771235     0.18838172
   -7.1871872     0.07666955     0.20872395
   -7.1471472     0.07767561     0.26891520
   -7.1071071     0.09566059     0.33119037
   -7.0670671     0.12620531     0.35532315
   -7.0270270     0.16264591     0.33133969
   -6.9869870     0.19943094     0.27394922
   -6.9469470     0.23391537     0.20699246
   -6.9069069     0.26998067     0.16150658
   -6.8668669     0.31587117     0.16463318
   -6.8268268     0.36977006     0.21712861
   -6.7867868     0.41199609     0.28766512
   -6.7467467     0.42654289     0.33150445
   -6.7067067     0.41892379     0.32317565
   -6.6666667     0.39899241     0.28176692
   -6.6266266     0.36784039     0.25337707
   -6.5865866     0.32524938     0.25858982
   -6.5465466     0.27189158     0.27457238
   -6.5065065     0.21467157     0.27834798
   -6.4664665     0.17432577     0.27874018
   -6.4264264     0.17141402     0.28575201
   -6.3863864     0.20533316     0.28034499
   -6.3463464     0.25717726     0.24312152
   -6.3063063     0.31565249     0.19000992
   -6.2662663     0.38919090     0.15787797
   -6.2262262     0.47568313     0.17100621
   -6.1861862     0.53000032     0.22670266
   -6.1461461     0.49445054     0.29421106
   -6.1061061     0.36690884     0.33373800
   -6.0660661     0.21105865     0.33553791
   -6.0260260     0.09374886     0.32674246
   -5.9859860     0.03549462     0.32916799
   -5.9459459     0.02163975     0.33047373
   -5.9059059     0.03671492     0.30861393
   -5.8658659     0.08146713     0.26994570
   -5.8258258     0.16440586     0.24378515
   -5.7857858     0.27502145     0.24232415
   -5.7457458     0.37136255     0.24459454
   -5.7057057     0.41179325     0.22390135
   -5.6656657     0.39280893     0.17831925
   -5.6256256     0.34127093     0.12743046
   -5.5855856     0.28194131     0.08832504
   -5.5455455     0.22266410     0.06496380
   -5.5055055     0.16372175     0.05787374
   -5.4654655     0.11521385     0.07258279
   -5.4254254     0.09978628     0.11046621
   -5.3853854     0.13215801     0.15459680
   -5.3453453     0.19535319     0.17665800
   -5.3053053     0.24751132     0.16408246
   -5.2652653     0.26043909     0.13331388
   -5.2252252     0.23939764     0.11232516
   -5.1851852     0.20340981     0.11668939
   -5.1451452     0.16887781     0.14157461
   -5.1051051     0.14995370     0.16876375
   -5.0650651     0.15465796     0.18383472
   -5.0250250     0.18222084     0.18935997
   -4.9849850     0.22151271     0.19514302
   -4.9449449     0.24469986     0.20068623
   -4.9049049     0.22526052     0.19939446
   -4.8648649     0.17441506     0.19280018
   -4.8248248     0.13435614     0.18838458
   -4.7847848     0.13589740     0.18848790
   -4.7447447     0.18486533     0.18820742
   -4.7047047     0.26813823     0.18139607
   -4.6646647     0.34421825     0.16691163
   -4.6246246     0.35770537     0.14852078
   -4.5845846     0.29886783     0.12988335
   -4.5445445     0.22571599     0.11428171
   -4.5045045     0.19957191     0.10650243
   -4.4644645     0.21651198     0.10971745
   -4.4244244     0.22175655     0.12289467
   -4.3843844     0.18087954     0.14291662
   -4.3443443     0.11546696     0.17017841
   -4.3043043     0.07149127     0.21268813
   -4.2642643     0.07821241     0.27467257
   -4.2242242     0.13894714     0.33636711
   -4.1841842     0.23507958     0.36589655
   -4.1441441     0.32898981     0.36178627
   -4.1041041     0.37689044     0.35390430
   -4.0640641     0.35545345     0.35876051
   -4.0240240     0.28271807     0.37525714
   -3.9839840     0.20482148     0.40746525
   -3.9439439     0.15880695     0.44274569
   -3.9039039     0.15470471     0.44344499
   -3.8638639     0.18290782     0.39835677
   -3.8238238     0.23107126     0.33796699
   -3.7837838     0.30232634     0.28825517
   -3.7437437     0.39882885     0.25281274
   -3.7037037     0.47995639     0.22730516
   -3.6636637     0.48950733     0.20117143
   -3.6236236     0.43461467     0.16847104
   -3.5835836     0.37259946     0.14831569
   -3.5435435     0.32304072     0.16807322
   -3.5035035     0.26041921     0.22457313
   -3.4634635     0.18358199     0.29130967
   -3.4234234     0.13620147     0.36792127
   -3.3833834     0.15828632     0.47827955
   -3.3433433     0.24118177     0.59888069
   -3.3033033     0.33538602     0.64789538
   -3.2632633     0.40868226     0.58083392
   -3.2232232     0.48554033     0.44223698
   -3.1831832     0.59859654     0.30821821
   -3.1431431     0.71554429     0.23436202
   -3.1031031     0.76155062     0.25216308
   -3.0630631     0.70174220     0.35854105
   -3.0230230     0.55789863     0.49887566
   -2.9829830     0.37441524     0.58752423
   -2.9429429     0.20461338     0.57153490
   -2.9029029     0.09282149     0.47750261
   -2.8628629     0.04763227     0.37429692
   -2.8228228     0.04695908     0.29549751
   -2.7827828     0.06333789     0.22718674
   -2.7427427     0.07775601     0.15580286
   -2.7027027     0.08176728     0.09148828
   -2.6626627     0.08077640     0.04840287
   -2.6226226     0.09791759     0.02701555
   -2.5825826     0.16108163     0.02017962
   -2.5425425     0.26925267     0.02369422
   -2.5025025     0.37385281     0.03687267
   -2.4624625     0.41643307     0.06139781
   -2.4224224     0.39473467     0.10315072
   -2.3823824     0.36244582     0.16787121
   -2.3423423     0.34765297     0.25089753
   -2.3023023     0.31700722     0.33860016
   -2.2622623     0.24746128     0.42564106
   -2.2222222     0.18226728     0.51823021
   -2.1821822     0.18464714     0.60710907
   -2.1421421     0.27206155     0.65738971
   -2.1021021     0.41679952     0.64265773
   -2.0620621     0.58887507     0.56369481
   -2.0220220     0.77189073     0.43412369
   -1.9819820     0.93171529     0.28444604
   -1.9419419     0.99553556     0.16686933
   -1.9019019     0.90056687     0.12751016
   -1.8618619     0.66874517     0.18431533
   -1.8218218     0.40288526     0.32534999
   -1.7817818     0.20239674     0.50455922
   -1.7417417     0.10007266     0.65470757
   -1.7017017     0.07224843     0.72508686
   -1.6616617     0.08352465     0.69562488
   -1.6216216     0.11567597     0.57282571
   -1.5815816     0.16761983     0.40694975
   -1.5415415     0.24136737     0.27913224
   -1.5015015     0.33397383     0.23095397
   -1.4614615     0.43118660     0.23224310
   -1.4214214     0.49849329     0.23375833
   -1.3813814     0.50182486     0.22427766
   -1.3413413     0.45221676     0.23133656
   -1.3013013     0.40561199     0.28438163
   -1.2612613     0.40204336     0.37635127
   -1.2212212     0.42458043     0.46738207
   -1.1811812     0.43733138     0.53670035
   -1.1411411     0.43312977     0.60285252
   -1.1011011     0.41319694     0.67794898
   -1.0610611     0.35976597     0.72952234
   -1.0210210     0.26665911     0.69926831
   -0.9809810     0.17133807     0.56148423
   -0.9409409     0.13274235     0.36247694
   -0.9009009     0.18513705     0.18387050
   -0.8608609     0.30536183     0.07274249
   -0.8208208     0.41185745     0.02472128
   -0.7807808     0.42345336     0.01987735
   -0.7407407     0.33660882     0.05843015
   -0.7007007     0.21741068     0.16481916
   -0.6606607     0.12588563     0.34825509
   -0.6206206     0.08606297     0.54581378
   -0.5805806     0.10974710     0.63723900
   -0.5405405     0.20419785     0.56108671
   -0.5005005     0.35626592     0.39103920
   -0.4604605     0.53387126     0.26000370
   -0.4204204     0.69656610     0.24467377
   -0.3803804     0.78098917     0.34752698
   -0.3403403     0.71843492     0.52542379
   -0.3003003     0.52105576     0.68574131
   -0.2602603     0.30229121     0.71956524
   -0.2202202     0.16928441     0.60463088
   -0.1801802     0.13956652     0.42666818
   -0.1401401     0.17659057     0.27159933
   -0.1001001     0.26319885     0.16060054
   -0.0600601     0.41338324     0.08889962
   -0.0200200     0.62302266     0.05836753
    0.0200200     0.84495634     0.06471289
    0.0600601     1.02046601     0.08588382
    0.1001001     1.10075915     0.09675883
    0.1401401     1.05316185     0.09952532
    0.1801802     0.90070158     0.13776036
    0.2202202     0.72213944     0.26593254
    0.2602603     0.56878703     0.48192624
    0.3003003     0.43608216     0.69062432
    0.3403403     0.33191938     0.78296398
    0.3803804     0.29690202     0.76044528
    0.4204204     0.34533149     0.71523984
    0.4604605     0.45237935     0.69329964
    0.5005005     0.60701114     0.66041236
    0.5405405     0.81622522     0.59720410
    0.5805806     1.04344713     0.54841682
    0.6206206     1.19520336     0.55427771
    0.6606607     1.19833245     0.57835814
    0.7007007     1.07204976     0.54594398
    0.7407407     0.89545491     0.44506948
    0.7807808     0.71319329     0.35916854
    0.8208208     0.52127118     0.39346028
    0.8608609     0.33494693     0.56652656
    0.9009009     0.20869714     0.77322380
    0.9409409     0.19194884     0.88929752
    0.9809810     0.29332234     0.90884556
    1.0210210     0.47558914     0.91394430
    1.0610611     0.67970022     0.93798625
    1.1011011     0.85095305     0.94825545
    1.1411411     0.93077315     0.92641616
    1.1811812     0.87918576     0.87934430
    1.2212212     0.75089067     0.80816550
    1.2612613     0.65999659     0.74847680
    1.3013013     0.62584687     0.78575900
    1.3413413     0.55769209     0.93296311
    1.3813814     0.41145559     1.05026117
    1.4214214     0.25440059     0.98196369
    1.4614615     0.16839671     0.73176089
    1.5015015     0.17962535     0.44524487
    1.5415415     0.28193193     0.26602626
    1.5815816     0.45601541     0.24545201
    1.6216216     0.64293290     0.33765570
    1.6616617     0.73934527     0.43197966
    1.7017017     0.67767339     0.43017815
    1.7417417     0.51252571     0.33923433
    1.7817818     0.37927512     0.26196683
    1.8218218     0.37350423     0.27994614
    1.8618619     0.49290199     0.37458336
    1.9019019     0.65924862     0.46746686
    1.9419419     0.76936376     0.51881209
    1.9819820     0.74947262     0.56898729
    2.0220220     0.59960946     0.66575032
    2.0620621     0.39600402     0.76639582
    2.1021021     0.23226721     0.76883285
    2.1421421     0.15114861     0.64485396
    2.1821822     0.13240410     0.47651479
    2.2222222     0.13489204     0.35329079
    2.2622623     0.14013539     0.29349224
    2.3023023     0.15449979     0.26546541
    2.3423423     0.18186244     0.23363881
    2.3823824     0.20865968     0.18309965
    2.4224224     0.21691855     0.12824909
    2.4624625     0.20521750     0.09617725
    2.5025025     0.18936603     0.09448285
    2.5425425     0.19017271     0.10221208
    2.5825826     0.23458889     0.09682326
    2.6226226     0.34953878     0.08779382
    2.6626627     0.52335954     0.12074773
    2.7027027     0.67824021     0.24278507
    2.7427427     0.71410246     0.44127303
    2.7827828     0.60612842     0.61021000
    2.8228228     0.44289988     0.62680770
    2.8628629     0.33296194     0.48287358
    2.9029029     0.29274417     0.28787520
    2.9429429     0.26735228     0.14298068
    2.9829830     0.23686540     0.07093450
    3.0230230     0.25252353     0.05336491
    3.0630631     0.37236644     0.07671297
    3.1031031     0.57848912     0.14152017
    3.1431431     0.74963034     0.26015881
    3.1831832     0.74542703     0.43696715
    3.2232232     0.55302432     0.61921805
    3.2632633     0.30361140     0.69960297
    3.3033033     0.12563450     0.62340419
    3.3433433     0.04425922     0.45884863
    3.3833834     0.02036098     0.31746454
    3.4234234     0.01972359     0.24923946
    3.4634635     0.03300510     0.23893187
    3.5035035     0.06196604     0.26224616
    3.5435435     0.10598469     0.31896617
    3.5835836     0.16298800     0.41236915
    3.6236236     0.23146189     0.50400021
    3.6636637     0.29694893     0.51718467
    3.7037037     0.32528631     0.41591945
    3.7437437     0.29443928     0.25724572
    3.7837838     0.23624804     0.13166243
    3.8238238     0.22334974     0.08266913
    3.8638639     0.29564678     0.11350534
    3.9039039     0.40320906     0.23228479
    3.9439439     0.44757902     0.43252242
    3.9839840     0.39268979     0.62851255
    4.0240240     0.30549833     0.68934208
    4.0640641     0.27876780     0.59087995
    4.1041041     0.35173343     0.46564454
    4.1441441     0.49790533     0.44557844
    4.1841842     0.64250937     0.51090808
    4.2242242     0.70725017     0.53529436
    4.2642643     0.67558213     0.44368029
    4.3043043     0.59211408     0.28220613
    4.3443443     0.49726055     0.14488325
    4.3843844     0.40622680     0.08302991
    4.4244244     0.33592242     0.09123547
    4.4644645     0.31040110     0.13660480
    4.5045045     0.34380435     0.19123553
    4.5445445     0.41777002     0.26029885
    4.5845846     0.46916774     0.36748555
    4.6246246     0.43216614     0.48771917
    4.6646647     0.31038300     0.53062518
    4.7047047     0.17550299     0.44004161
    4.7447447     0.09333590     0.27460936
    4.7847848     0.09063107     0.14863117
    4.8248248     0.18288759     0.14030715
    4.8648649     0.37500257     0.27619539
    4.9049049     0.61137434     0.52647276
    4.9449449     0.77211312     0.77982920
    4.9849850     0.77099950     0.89606850
    5.0250250     0.63756058     0.82696508
    5.0650651     0.46974128     0.64529619
    5.1051051     0.33871672     0.45515288
    5.1451452     0.26747724     0.31378563
    5.1851852     0.25921908     0.22546801
    5.2252252     0.29854283     0.17241526
    5.2652653     0.34524584     0.14342304
    5.3053053     0.37077317     0.14828177
    5.3453453     0.39500986     0.22129520
    5.3853854     0.45829313     0.39990307
    5.4254254     0.55451751     0.66111170
    5.4654655     0.62394011     0.87832508
    5.5055055     0.64178890     0.91314078
    5.5455455     0.67346211     0.78004096
    5.5855856     0.77809497     0.64024026
    5.6256256     0.89256659     0.59959177
    5.6656657     0.89732970     0.60359293
    5.7057057     0.77670692     0.56358145
    5.7457458     0.62695792     0.48190601
    5.7857858     0.52786363     0.41291915
    5.8258258     0.48651576     0.39460329
    5.8658659     0.47946992     0.44387361
    5.9059059     0.48129050     0.54944431
    5.9459459     0.46773131     0.66349378
    5.9859860     0.42445321     0.73370456
    6.0260260     0.35038131     0.73928423
    6.0660661     0.26592281     0.69453409
    6.1061061     0.22141607     0.63104381
    6.1461461     0.26185325     0.57757581
    6.1861862     0.36762026     0.54228110
    6.2262262     0.45510049     0.50358321
    6.2662663     0.45693970     0.43547413
    6.3063063     0.38415946     0.35085192
    6.3463464     0.29061978     0.28859713
    6.3863864     0.20856442     0.25288801
    6.4264264     0.14533322     0.21022515
    6.4664665     0.10989881     0.14915205
    6.5065065     0.10807956     0.09748649
    6.5465466     0.12237789     0.07800571
    6.5865866     0.12390165     0.08040618
    6.6266266     0.10950908     0.08306583
    6.6666667     0.10993431     0.08465331
    6.7067067     0.15293046     0.10008640
    6.7467467     0.22964773     0.12788241
    6.7867868     0.30682569     0.14077718
    6.8268268     0.36203704     0.11952734
    6.8668669     0.39099561     0.08159632
    6.9069069     0.39374739     0.06665446
    6.9469470     0.37119086     0.10677113
    6.9869870     0.32055113     0.20880865
    7.0270270     0.23761651     0.34388096
    7.0670671     0.13930965     0.45698129
    7.1071071     0.06233067     0.50579315
    7.1471472     0.03130425     0.48524132
    7.1871872     0.04869547     0.41347939
    7.2272272     0.10682762     0.31569219
    7.2672673     0.18784854     0.21820652
    7.3073073     0.26325789     0.13751226
    7.3473473     0.31123916     0.07704116
    7.3873874     0.32239177     0.03710420
    7.4274274     0.28562416     0.01967996
    7.4674675     0.19753171     0.02476982
    7.5075075     0.08666990     0.04573908
    7.5475475     0.00002573     0.06768398
    7.5875876    -0.03457012     0.07873502
    7.6276276    -0.02196342     0.09040695
    7.6676677     0.01471923     0.13237066
    7.7077077     0.05379939     0.21083052
    7.7477478     0.08729216     0.28182041
    7.7877878     0.12109926     0.28710055
    7.8278278     0.16023516     0.21774100
    7.8678679     0.19283624     0.12215747
    7.9079079     0.19623239     0.05115688
    7.9479479     0.16209573     0.01910504
    7.9879880     0.11035118     0.01681226
    8.0280280     0.07189690     0.03463212
    8.0680681     0.05914908     0.06287778
    8.1081081     0.05991997     0.08451907
    8.1481482     0.05921456     0.08784791
    8.1881882     0.06014030     0.08736870
    8.2282282     0.08099768     0.11042322
    8.2682683     0.13537440     0.15606973
    8.3083083     0.21597995     0.18777346
    8.3483484     0.29452077     0.17580184
    8.3883884     0.33770081     0.12924021
    8.4284284     0.32672202     0.07813765
    8.4684685     0.26652447     0.04248481
    8.5085085     0.18567464     0.02862055
    8.5485485     0.12300443     0.04304919
    8.5885886     0.09750281     0.09858712
    8.6286286     0.09307825     0.19950835
    8.6686687     0.08409470     0.31388612
    8.7087087     0.07101450     0.37779542
    8.7487488     0.08312426     0.35186647
    8.7887888     0.14860544     0.26150668
    8.8288288     0.25891441     0.16546237
    8.8688689     0.35951529     0.10409540
    8.9089089     0.39086267     0.08303298
    8.9489490     0.34514955     0.08357507
    8.9889890     0.26848528     0.08339700
    9.0290290     0.20671568     0.07760007
    9.0690691     0.16540431     0.08503210
    9.1091091     0.12997715     0.13484653
    9.1491491     0.11138325     0.23427262
    9.1891892     0.14501721     0.33760157
    9.2292292     0.23564850     0.37059906
    9.2692693     0.32978083     0.30798125
    9.3093093     0.36161059     0.19963251
    9.3493494     0.31213345     0.10799310
    9.3893894     0.21722505     0.05582356
    9.4294294     0.13180538     0.03794329
    9.4694695     0.08987644     0.04661301
    9.5095095     0.08903635     0.07766055
    9.5495496     0.10445632     0.12865528
    9.5895896     0.11651210     0.19631391
    9.6296296     0.12339441     0.27414915
    9.6696697     0.12996997     0.35090652
    9.7097097     0.13942135     0.40340016
    9.7497497     0.15448586     0.39651891
    9.7897898     0.16957011     0.31526972
    9.8298298     0.17057296     0.19452074
    9.8698699     0.15682967     0.09116035
    9.9099099     0.14402976     0.03382135
    9.9499500     0.13594200     0.01683417
    9.9899900     0.11899564     0.02646335
   10.0300300     0.09077179     0.05298899
   10.0700701     0.06825962     0.08377946
   10.1101101     0.06258137     0.10402133
   10.1501502     0.06402763     0.11287664
   10.1901902     0.05750231     0.12718731
   10.2302302     0.04246490     0.15745392
   10.2702703     0.03340818     0.18756575
   10.3103103     0.04787734     0.18918948
   10.3503504     0.09667929     0.15302197
   10.3903904     0.17755857     0.09761329
   10.4304304     0.27464223     0.04963372
   10.4704705     0.36723788     0.02466409
   10.5105105     0.43497782     0.02878106
   10.5505506     0.45423470     0.06997477
   10.5905906     0.40958016     0.15596249
   10.6306306     0.31813398     0.27434328
   10.6706707     0.22331211     0.38275635
   10.7107107     0.15573851     0.43211034
   10.7507508     0.11448877     0.40158252
   10.7907908     0.09100626     0.31243986
   10.8308308     0.09690907     0.21501932
   10.8708709     0.15528433     0.15591883
   10.9109109     0.25986810     0.14537210
   10.9509510     0.35088179     0.15634065
   10.9909910     0.35821919     0.15798617
   11.0310310     0.27634740     0.14566224
   11.0710711     0.17122984     0.13585586
   11.1111111     0.11324590     0.14093633
   11.1511512     0.12501544     0.15683605
   11.1911912     0.18555901     0.17161406
   11.2312312     0.26781156     0.18613998
   11.2712713     0.36583753     0.22673751
   11.3113113     0.46853601     0.32021068
   11.3513514     0.52223139     0.44750514
   11.3913914     0.47919544     0.54351063
   11.4314314     0.37978725     0.55863422
   11.4714715     0.31738640     0.50580108
   11.5115115     0.31897570     0.43356992
   11.5515516     0.32103840     0.37424190
   11.5915916     0.27271770     0.33818091
   11.6316316     0.21134262     0.32582067
   11.6716717     0.21300803     0.31648413
   11.7117117     0.29590097     0.27941347
   11.7517518     0.39265103     0.21782516
   11.7917918     0.42087041     0.17594381
   11.8318318     0.36942270     0.18810916
   11.8718719     0.29132762     0.23226081
   11.9119119     0.23180594     0.25110699
   11.9519520     0.20094808     0.22419991
   11.9919920     0.19243180     0.19346899
   12.0320320     0.19408085     0.20188198
   12.0720721     0.19289861     0.23623495
   12.1121121     0.18423490     0.25383685
   12.1521522     0.16909906     0.24525855
   12.1921922     0.14358935     0.24101719
   12.2322322     0.10402183     0.25973305
   12.2722723     0.05964314     0.28029656
   12.3123123     0.02589480     0.27366644
   12.3523524     0.00851182     0.23531067
   12.3923924     0.00276575     0.17819289
   12.4324324     0.00249254     0.11693516
   12.4724725     0.00437222     0.06428821
   12.5125125     0.00738811     0.02856028
   12.5525526     0.01297576     0.00994978
   12.5925926     0.02581043     0.00267578
   12.6326326     0.05155092     0.00068111
   12.6726727     0.09270970     0.00083516
   12.7127127     0.14663110     0.00300764
   12.7527528     0.20226972     0.00941616
   12.7927928     0.24041584     0.02382395
   12.8328328     0.25438414     0.04999560
   12.8728729     0.26505526     0.09022966
   12.9129129     0.28667107     0.14272529
   12.9529530     0.29545612     0.19332817
   12.9929930     0.26836935     0.21305301
   13.0330330     0.22339429     0.18307944
   13.0730731     0.18721416     0.12409613
   13.1131131     0.15891652     0.08334220
   13.1531532     0.13425239     0.09536216
   13.1931932     0.13334103     0.16150059
   13.2332332     0.17610539     0.25305366
   13.2732733     0.24265867     0.33151611
   13.3133133     0.28270738     0.37502966
   13.3533534     0.27074626     0.37956807
   13.3933934     0.23070549     0.34230125
   13.4334334     0.19619556     0.27055446
   13.4734735     0.17497060     0.19553429
   13.5135135     0.16445548     0.14923584
   13.5535536     0.16854066     0.13969271
   13.5935936     0.18184145     0.15565245
   13.6336336     0.18756660     0.17594847
   13.6736737     0.18777376     0.17913163
   13.7137137     0.20638331     0.16051184
   13.7537538     0.24596211     0.13309291
   13.7937938     0.27162357     0.10745474
   13.8338338     0.25782653     0.08321361
   13.8738739     0.22579577     0.06367215
   13.9139139     0.21313816     0.06665328
   13.9539540     0.22718191     0.11319940
   13.9939940     0.24896649     0.20483393
   14.0340340     0.26132786     0.31159016
   14.0740741     0.25312642     0.38915583
   14.1141141     0.21929298     0.41222901
   14.1541542     0.16995841     0.38773003
   14.1941942     0.12173305     0.34318435
   14.2342342     0.08154499     0.30911963
   14.2742743     0.05016296     0.29793558
   14.3143143     0.03233205     0.28901297
   14.3543544     0.03656334     0.25039640
   14.3943944     0.06703446     0.18616075
   14.4344344     0.11190452     0.14184719
   14.4744745     0.14326488     0.15030327
   14.5145145     0.14435526     0.18847559
   14.5545546     0.13382885     0.20222980
   14.5945946     0.14470683     0.16964806
   14.6346346     0.18560906     0.12032422
   14.6746747     0.23909374     0.08920648
   14.7147147     0.28769986     0.07843603
   14.7547548     0.32627953     0.07225390
   14.7947948     0.35335641     0.06496181
   14.8348348     0.36083920     0.06521263
   14.8748749     0.34050790     0.08655170
   14.9149149     0.29670570     0.13649764
   14.9549550     0.24050469     0.21015130
   14.9949950     0.18228614     0.29911671
   15.0350350     0.14746961     0.39527523
   15.0750751     0.18788814     0.46657202
   15.1151151     0.34527205     0.45791333
   15.1551552     0.57594770     0.35308443
   15.1951952     0.73570917     0.20883534
   15.2352352     0.70830017     0.10147426
   15.2752753     0.54132373     0.06988742
   15.3153153     0.38334236     0.12150793
   15.3553554     0.30959502     0.25252360
   15.3953954     0.27788314     0.43362677
   15.4354354     0.23097620     0.59344937
   15.4754755     0.17387122     0.65360295
   15.5155155     0.14148654     0.59441688
   15.5555556     0.14123762     0.46440536
   15.5955956     0.15910255     0.32362366
   15.6356356     0.19486259     0.20926878
   15.6756757     0.25826182     0.14418835
   15.7157157     0.33521254     0.13309013
   15.7557558     0.37737626     0.14807060
   15.7957958     0.34081860     0.14791220
   15.8358358     0.23730302     0.12159679
   15.8758759     0.12773991     0.10106002
   15.9159159     0.06349726     0.13048851
   15.9559560     0.05486072     0.22433894
   15.9959960     0.08600998     0.33901534
   16.0360360     0.13336503     0.39386111
   16.0760761     0.17132099     0.34868839
   16.1161161     0.17928061     0.24442988
   16.1561562     0.15421111     0.14771756
   16.1961962     0.11362908     0.08726889
   16.2362362     0.07803205     0.05774205
   16.2762763     0.05325151     0.05270779
   16.3163163     0.03566015     0.07408957
   16.3563564     0.02552495     0.11560220
   16.3963964     0.02646313     0.15072560
   16.4364364     0.03704557     0.15238970
   16.4764765     0.04966429     0.12318290
   16.5165165     0.05814417     0.08977072
   16.5565566     0.06444454     0.07124357
   16.5965966     0.07723572     0.06806820
   16.6366366     0.10702173     0.07242157
   16.6766767     0.16375948     0.07427456
   16.7167167     0.24838832     0.06637810
   16.7567568     0.33269363     0.05331895
   16.7967968     0.36057983     0.04867731
   16.8368368     0.30049950     0.06116196
   16.8768769     0.18816084     0.09057339
   16.9169169     0.08895100     0.13220366
   16.9569570     0.03610527     0.17248648
   16.9969970     0.02675247     0.18731997
   17.0370370     0.05401987     0.16517158
   17.0770771     0.11855842     0.12996365
   17.1171171     0.21206155     0.12318006
   17.1571572     0.30378693     0.16314627
   17.1971972     0.35618436     0.23006569
   17.2372372     0.35568408     0.28495445
   17.2772773     0.31948993     0.29508355
   17.3173173     0.26861779     0.25311097
   17.3573574     0.20683838     0.18833928
   17.3973974     0.13573288     0.14830387
   17.4374374     0.07175892     0.15277179
   17.4774775     0.03242989     0.17590124
   17.5175175     0.01889943     0.18469279
   17.5575576     0.01978900     0.17956095
   17.5975976     0.02310238     0.18087296
   17.6376376     0.02344063     0.19078490
   17.6776777     0.02407904     0.18866851
   17.7177177     0.03306875     0.15907762
   17.7577578     0.05510441     0.11206312
   17.7977978     0.08933186     0.07235207
   17.8378378     0.13814615     0.05373043
   17.8778779     0.20787015     0.05320530
   17.9179179     0.28653580     0.06679186
   17.9579580     0.33447341     0.09692591
   17.9979980     0.32006030     0.14233048
   18.0380380     0.25657094     0.18996750
   18.0780781     0.19152870     0.22089073
   18.1181181     0.16645109     0.22325166
   18.1581582     0.18213070     0.19970680
   18.1981982     0.19864007     0.16642292
   18.2382382     0.18213978     0.15002867
   18.2782783     0.14455826     0.17581241
   18.3183183     0.11901526     0.24033708
   18.3583584     0.11418627     0.29876049
   18.3983984     0.11555043     0.30288734
   18.4384384     0.11442593     0.25157776
   18.4784785     0.11508909     0.18391398
   18.5185185     0.12146315     0.13449738
   18.5585586     0.12957657     0.11271301
   18.5985986     0.13513949     0.10935376
   18.6386386     0.14406047     0.11138765
   18.6786787     0.16604912     0.11430740
   18.7187187     0.19521288     0.11733585
   18.7587588     0.20799879     0.11302629
   18.7987988     0.18870058     0.09563849
   18.8388388     0.14733399     0.07320453
   18.8788789     0.10363068     0.06162877
   18.9189189     0.06701470     0.07352634
   18.9589590     0.04077278     0.11359924
   18.9989990     0.03159406     0.17466687
   19.0390390     0.04779434     0.23412595
   19.0790791     0.09388747     0.26005330
   19.1191191     0.16367365     0.23298604
   19.1591592     0.23172603     0.16650138
   19.1991992     0.26418301     0.09797131
   19.2392392     0.26134416     0.05810206
   19.2792793     0.28249690     0.05678904
   19.3193193     0.39065434     0.09767071
   19.3593594     0.55597384     0.19795222
   19.3993994     0.64914735     0.37612679
   19.4394394     0.57413040     0.59794095
   19.4794795     0.38123388     0.75030365
   19.5195195     0.20532982     0.72497404
   19.5595596     0.13503181     0.53595322
   19.5995996     0.17886105     0.30741670
   19.6396396     0.29501871     0.15416752
   19.6796797     0.40275584     0.11343936
   19.7197197     0.41628039     0.16018681
   19.7597598     0.32279384     0.23384908
   19.7997998     0.19862117     0.26961714
   19.8398398     0.12463330     0.24980431
   19.8798799     0.11704088     0.21397270
   19.9199199     0.14200957     0.19823971
   19.9599600     0.16613490     0.19259836
   20.0000000     0.18784540     0.17398993
