#
#   partial DOS for atom species: Ni
#
#   Add data for atom_index =   2,  n,l,m,z=  3  2 -2  1
#   Add data for atom_index =   2,  n,l,m,z=  3  2 -1  1
#   Add data for atom_index =   2,  n,l,m,z=  3  2  0  1
#   Add data for atom_index =   2,  n,l,m,z=  3  2  1  1
#   Add data for atom_index =   2,  n,l,m,z=  3  2  2  1
#   Add data for atom_index =   2,  n,l,m,z=  3  2 -2  2
#   Add data for atom_index =   2,  n,l,m,z=  3  2 -1  2
#   Add data for atom_index =   2,  n,l,m,z=  3  2  0  2
#   Add data for atom_index =   2,  n,l,m,z=  3  2  1  2
#   Add data for atom_index =   2,  n,l,m,z=  3  2  2  2
#   Add data for atom_index =   2,  n,l,m,z=  3  2 -2  3
#   Add data for atom_index =   2,  n,l,m,z=  3  2 -1  3
#   Add data for atom_index =   2,  n,l,m,z=  3  2  0  3
#   Add data for atom_index =   2,  n,l,m,z=  3  2  1  3
#   Add data for atom_index =   2,  n,l,m,z=  3  2  2  3
#   Add data for atom_index =   3,  n,l,m,z=  3  2 -2  1
#   Add data for atom_index =   3,  n,l,m,z=  3  2 -1  1
#   Add data for atom_index =   3,  n,l,m,z=  3  2  0  1
#   Add data for atom_index =   3,  n,l,m,z=  3  2  1  1
#   Add data for atom_index =   3,  n,l,m,z=  3  2  2  1
#   Add data for atom_index =   3,  n,l,m,z=  3  2 -2  2
#   Add data for atom_index =   3,  n,l,m,z=  3  2 -1  2
#   Add data for atom_index =   3,  n,l,m,z=  3  2  0  2
#   Add data for atom_index =   3,  n,l,m,z=  3  2  1  2
#   Add data for atom_index =   3,  n,l,m,z=  3  2  2  2
#   Add data for atom_index =   3,  n,l,m,z=  3  2 -2  3
#   Add data for atom_index =   3,  n,l,m,z=  3  2 -1  3
#   Add data for atom_index =   3,  n,l,m,z=  3  2  0  3
#   Add data for atom_index =   3,  n,l,m,z=  3  2  1  3
#   Add data for atom_index =   3,  n,l,m,z=  3  2  2  3
#
#    Energy          spin 1        spin2
#
  -20.0000000     0.00000000     0.00000000
  -19.9599600     0.00000000     0.00000000
  -19.9199199     0.00000000     0.00000000
  -19.8798799     0.00000000     0.00000000
  -19.8398398     0.00000000     0.00000000
  -19.7997998     0.00000000     0.00000000
  -19.7597598     0.00000000     0.00000000
  -19.7197197     0.00000000     0.00000000
  -19.6796797     0.00000000     0.00000000
  -19.6396396     0.00000000     0.00000000
  -19.5995996     0.00000000     0.00000000
  -19.5595596     0.00000000     0.00000000
  -19.5195195     0.00000000     0.00000000
  -19.4794795     0.00000000     0.00000000
  -19.4394394     0.00000000     0.00000000
  -19.3993994     0.00000000     0.00000000
  -19.3593594     0.00000000     0.00000000
  -19.3193193     0.00000000     0.00000000
  -19.2792793     0.00000000     0.00000000
  -19.2392392     0.00000000     0.00000000
  -19.1991992     0.00000000     0.00000000
  -19.1591592     0.00000000     0.00000000
  -19.1191191     0.00000000     0.00000000
  -19.0790791     0.00000000     0.00000000
  -19.0390390     0.00000000     0.00000000
  -18.9989990     0.00000000     0.00000000
  -18.9589590     0.00000000     0.00000000
  -18.9189189     0.00000000     0.00000000
  -18.8788789     0.00000000     0.00000000
  -18.8388388     0.00000000     0.00000000
  -18.7987988     0.00000000     0.00000000
  -18.7587588     0.00000000     0.00000000
  -18.7187187     0.00000000     0.00000000
  -18.6786787     0.00000000     0.00000000
  -18.6386386     0.00000000     0.00000000
  -18.5985986     0.00000000     0.00000000
  -18.5585586     0.00000000     0.00000000
  -18.5185185     0.00000000     0.00000000
  -18.4784785     0.00000000     0.00000000
  -18.4384384     0.00000000     0.00000000
  -18.3983984     0.00000000     0.00000000
  -18.3583584     0.00000001     0.00000004
  -18.3183183     0.00000007     0.00000036
  -18.2782783     0.00000064     0.00000252
  -18.2382382     0.00000404     0.00001269
  -18.1981982     0.00001860     0.00004640
  -18.1581582     0.00006207     0.00012315
  -18.1181181     0.00015032     0.00023720
  -18.0780781     0.00026425     0.00033158
  -18.0380380     0.00033733     0.00033665
  -17.9979980     0.00031344     0.00024901
  -17.9579580     0.00021401     0.00013615
  -17.9179179     0.00011146     0.00005861
  -17.8778779     0.00005005     0.00002432
  -17.8378378     0.00002430     0.00001260
  -17.7977978     0.00001348     0.00000726
  -17.7577578     0.00000691     0.00000356
  -17.7177177     0.00000278     0.00000138
  -17.6776777     0.00000095     0.00000109
  -17.6376376     0.00000145     0.00000574
  -17.5975976     0.00000911     0.00003176
  -17.5575576     0.00004710     0.00012907
  -17.5175175     0.00017748     0.00038122
  -17.4774775     0.00048689     0.00082134
  -17.4374374     0.00097988     0.00130907
  -17.3973974     0.00148272     0.00162042
  -17.3573574     0.00180918     0.00177822
  -17.3173173     0.00204633     0.00207999
  -17.2772773     0.00239200     0.00257702
  -17.2372372     0.00267779     0.00280702
  -17.1971972     0.00247647     0.00236594
  -17.1571572     0.00173884     0.00147359
  -17.1171171     0.00089850     0.00066928
  -17.0770771     0.00033834     0.00022097
  -17.0370370     0.00009274     0.00005405
  -16.9969970     0.00002024     0.00001871
  -16.9569570     0.00001716     0.00005879
  -16.9169169     0.00008243     0.00025363
  -16.8768769     0.00033819     0.00081115
  -16.8368368     0.00101493     0.00189673
  -16.7967968     0.00223994     0.00328944
  -16.7567568     0.00371920     0.00441054
  -16.7167167     0.00490383     0.00502545
  -16.6766767     0.00564019     0.00551084
  -16.6366366     0.00611857     0.00593681
  -16.5965966     0.00608445     0.00561285
  -16.5565566     0.00502669     0.00417706
  -16.5165165     0.00319691     0.00232153
  -16.4764765     0.00150893     0.00094518
  -16.4364364     0.00052102     0.00028010
  -16.3963964     0.00013093     0.00006029
  -16.3563564     0.00002390     0.00000942
  -16.3163163     0.00000317     0.00000107
  -16.2762763     0.00000030     0.00000009
  -16.2362362     0.00000002     0.00000001
  -16.1961962     0.00000000     0.00000000
  -16.1561562     0.00000000     0.00000000
  -16.1161161     0.00000000     0.00000000
  -16.0760761     0.00000000     0.00000000
  -16.0360360     0.00000000     0.00000000
  -15.9959960     0.00000000     0.00000000
  -15.9559560     0.00000000     0.00000000
  -15.9159159     0.00000000     0.00000000
  -15.8758759     0.00000000     0.00000000
  -15.8358358     0.00000000     0.00000000
  -15.7957958     0.00000000     0.00000001
  -15.7557558     0.00000001     0.00000023
  -15.7157157     0.00000021     0.00000268
  -15.6756757     0.00000247     0.00002220
  -15.6356356     0.00002087     0.00013379
  -15.5955956     0.00012816     0.00058702
  -15.5555556     0.00057341     0.00188349
  -15.5155155     0.00187779     0.00446577
  -15.4754755     0.00454933     0.00800503
  -15.4354354     0.00833549     0.01132920
  -15.3953954     0.01201532     0.01345567
  -15.3553554     0.01436307     0.01400948
  -15.3153153     0.01477185     0.01259076
  -15.2752753     0.01291668     0.00921373
  -15.2352352     0.00914376     0.00519881
  -15.1951952     0.00499122     0.00219207
  -15.1551552     0.00203649     0.00069369
  -15.1151151     0.00061193     0.00021834
  -15.0750751     0.00014280     0.00026418
  -15.0350350     0.00009433     0.00088143
  -14.9949950     0.00043913     0.00297918
  -14.9549550     0.00191246     0.00826138
  -14.9149149     0.00616221     0.01772493
  -14.8748749     0.01477617     0.02940107
  -14.8348348     0.02692382     0.03889011
  -14.7947948     0.03853094     0.04271793
  -14.7547548     0.04498791     0.03969270
  -14.7147147     0.04380543     0.03053314
  -14.6746747     0.03516316     0.01861361
  -14.6346346     0.02245342     0.00865031
  -14.5945946     0.01099417     0.00299052
  -14.5545546     0.00402337     0.00075929
  -14.5145145     0.00108439     0.00014190
  -14.4744745     0.00021362     0.00002827
  -14.4344344     0.00003065     0.00005112
  -14.3943944     0.00000335     0.00018910
  -14.3543544     0.00000178     0.00052599
  -14.3143143     0.00001114     0.00106245
  -14.2742743     0.00005858     0.00155738
  -14.2342342     0.00022377     0.00165663
  -14.1941942     0.00062035     0.00127881
  -14.1541542     0.00124801     0.00071636
  -14.1141141     0.00182197     0.00029121
  -14.0740741     0.00193025     0.00008593
  -14.0340340     0.00148400     0.00001874
  -13.9939940     0.00082797     0.00000681
  -13.9539540     0.00033569     0.00003294
  -13.9139139     0.00010374     0.00019737
  -13.8738739     0.00006278     0.00087988
  -13.8338338     0.00024689     0.00290530
  -13.7937938     0.00104818     0.00714620
  -13.7537538     0.00334468     0.01318534
  -13.7137137     0.00798468     0.01841876
  -13.6736737     0.01436959     0.01979331
  -13.6336336     0.01962775     0.01690828
  -13.5935936     0.02045896     0.01222244
  -13.5535536     0.01644918     0.00816477
  -13.5135135     0.01075075     0.00551465
  -13.4734735     0.00699068     0.00430148
  -13.4334334     0.00612691     0.00484845
  -13.3933934     0.00653348     0.00872064
  -13.3533534     0.00653972     0.01979923
  -13.3133133     0.00682223     0.04183989
  -13.2732733     0.01117030     0.07121782
  -13.2332332     0.02504120     0.09452702
  -13.1931932     0.05090858     0.09964416
  -13.1531532     0.08234177     0.08758325
  -13.1131131     0.10505794     0.06797102
  -13.0730731     0.10860397     0.04776024
  -13.0330330     0.09532105     0.03049071
  -12.9929930     0.07431956     0.01991449
  -12.9529530     0.05212796     0.01728308
  -12.9129129     0.03316965     0.01832071
  -12.8728729     0.02165452     0.01714038
  -12.8328328     0.01790860     0.01219892
  -12.7927928     0.01705407     0.00640785
  -12.7527528     0.01419381     0.00272793
  -12.7127127     0.00902245     0.00208019
  -12.6726727     0.00421558     0.00471051
  -12.6326326     0.00143405     0.01081029
  -12.5925926     0.00035507     0.01881028
  -12.5525526     0.00007277     0.02529870
  -12.5125125     0.00008927     0.02947203
  -12.4724725     0.00052211     0.03574375
  -12.4324324     0.00246829     0.04773526
  -12.3923924     0.00863785     0.06134207
  -12.3523524     0.02251810     0.06785855
  -12.3123123     0.04431457     0.06305791
  -12.2722723     0.06739966     0.05188187
  -12.2322322     0.08233088     0.04551269
  -12.1921922     0.08482488     0.05164217
  -12.1521522     0.07626278     0.06495998
  -12.1121121     0.05934444     0.07285839
  -12.0720721     0.03889835     0.07568748
  -12.0320320     0.02367263     0.09295881
  -11.9919920     0.02277867     0.13936553
  -11.9519520     0.04016098     0.19936875
  -11.9119119     0.06939248     0.23595477
  -11.8718719     0.09472355     0.22474538
  -11.8318318     0.10734113     0.17518304
  -11.7917918     0.12018139     0.12027843
  -11.7517518     0.15461741     0.08695868
  -11.7117117     0.21329822     0.07553983
  -11.6716717     0.27170824     0.06920309
  -11.6316316     0.29416547     0.05910499
  -11.5915916     0.26342789     0.05477372
  -11.5515516     0.19678754     0.07308247
  -11.5115115     0.12605701     0.11944887
  -11.4714715     0.07017789     0.17715158
  -11.4314314     0.03310150     0.21752021
  -11.3913914     0.01278699     0.22396548
  -11.3513514     0.00504575     0.20415062
  -11.3113113     0.00664509     0.18452306
  -11.2712713     0.01907837     0.19759646
  -11.2312312     0.04848814     0.25933644
  -11.1911912     0.09991002     0.34936564
  -11.1511512     0.16762739     0.42413694
  -11.1111111     0.22981428     0.45651273
  -11.0710711     0.26069542     0.45715049
  -11.0310310     0.25412336     0.44771788
  -10.9909910     0.22801365     0.42243044
  -10.9509510     0.20473582     0.36672448
  -10.9109109     0.19658380     0.31007132
  -10.8708709     0.20601574     0.31958945
  -10.8308308     0.22874169     0.43002403
  -10.7907908     0.25870742     0.60196423
  -10.7507508     0.29717812     0.76342691
  -10.7107107     0.35265459     0.88093385
  -10.6706707     0.42115835     0.96982460
  -10.6306306     0.47290970     1.04893641
  -10.5905906     0.48293305     1.12022279
  -10.5505506     0.47246400     1.19107169
  -10.5105105     0.48772163     1.28332381
  -10.4704705     0.54602639     1.40982547
  -10.4304304     0.63970601     1.56547190
  -10.3903904     0.76567013     1.74234966
  -10.3503504     0.90260760     1.91458687
  -10.3103103     0.99169368     2.00569677
  -10.2702703     0.99363746     1.93498616
  -10.2302302     0.95886654     1.74189672
  -10.1901902     1.00588666     1.59778932
  -10.1501502     1.20136212     1.61598265
  -10.1101101     1.46503906     1.73287937
  -10.0700701     1.63938536     1.84314938
  -10.0300300     1.66039739     1.92451053
   -9.9899900     1.59127241     1.97623142
   -9.9499500     1.49178952     1.96623811
   -9.9099099     1.37660286     1.87680212
   -9.8698699     1.32606834     1.71669130
   -9.8298298     1.47872630     1.49958047
   -9.7897898     1.81299062     1.26856332
   -9.7497497     2.07912257     1.09587198
   -9.7097097     2.11300045     1.02838031
   -9.6696697     2.09309063     1.07021788
   -9.6296296     2.28161675     1.19354104
   -9.5895896     2.61503779     1.34231740
   -9.5495496     2.77385485     1.47579860
   -9.5095095     2.60310964     1.60332951
   -9.4694695     2.25032096     1.73484630
   -9.4294294     1.90602618     1.84041876
   -9.3893894     1.61595001     1.88923582
   -9.3493494     1.36797220     1.88565723
   -9.3093093     1.19793724     1.87496499
   -9.2692693     1.16726268     1.92678571
   -9.2292292     1.30753427     2.03358724
   -9.1891892     1.56554466     2.05658683
   -9.1491491     1.75991917     1.92277762
   -9.1091091     1.69388695     1.81787729
   -9.0690691     1.39618184     2.00200379
   -9.0290290     1.13905839     2.46808126
   -8.9889890     1.13059743     2.93999380
   -8.9489490     1.29788046     3.18256919
   -8.9089089     1.45568946     3.16747667
   -8.8688689     1.56909392     2.99733543
   -8.8288288     1.74338663     2.80983541
   -8.7887888     2.07826270     2.67296916
   -8.7487488     2.62129023     2.52444017
   -8.7087087     3.30870157     2.30705557
   -8.6686687     3.88264682     2.10611886
   -8.6286286     4.05501420     2.05885495
   -8.5885886     3.85485041     2.21710885
   -8.5485485     3.66056124     2.54948290
   -8.5085085     3.78647810     2.95786186
   -8.4684685     4.16273421     3.26337632
   -8.4284284     4.47430292     3.29814982
   -8.3883884     4.45702658     3.04569210
   -8.3483484     4.03973730     2.64307265
   -8.3083083     3.37748446     2.26042492
   -8.2682683     2.75038286     2.00519427
   -8.2282282     2.31744998     1.88529137
   -8.1881882     2.02839390     1.80832293
   -8.1481482     1.79410321     1.67215272
   -8.1081081     1.61057116     1.49093852
   -8.0680681     1.49889801     1.36598681
   -8.0280280     1.41600695     1.36338143
   -7.9879880     1.28906576     1.51304860
   -7.9479479     1.13548329     1.85773368
   -7.9079079     1.08883350     2.40487917
   -7.8678679     1.30010559     3.06652781
   -7.8278278     1.80589259     3.68392787
   -7.7877878     2.42270684     4.10963645
   -7.7477478     2.82585294     4.28642296
   -7.7077077     2.84475403     4.24066970
   -7.6676677     2.58976136     3.99909642
   -7.6276276     2.22591165     3.57604365
   -7.5875876     1.81012494     3.04055146
   -7.5475475     1.40866868     2.52729152
   -7.5075075     1.17387705     2.19367583
   -7.4674675     1.23299143     2.17274264
   -7.4274274     1.58463949     2.47044893
   -7.3873874     2.09631537     2.86017677
   -7.3473473     2.57548925     3.01083613
   -7.3073073     2.90699313     2.82614916
   -7.2672673     3.12455615     2.52355263
   -7.2272272     3.28663945     2.31543580
   -7.1871872     3.34722238     2.20138872
   -7.1471472     3.25644811     2.12160187
   -7.1071071     3.13018077     2.12184892
   -7.0670671     3.15271328     2.25615219
   -7.0270270     3.30569649     2.42564663
   -6.9869870     3.35942093     2.46324449
   -6.9469470     3.14511104     2.33841287
   -6.9069069     2.71944599     2.12864818
   -6.8668669     2.27262620     1.86491423
   -6.8268268     1.93963641     1.55670474
   -6.7867868     1.70004221     1.25767537
   -6.7467467     1.45149276     1.00129223
   -6.7067067     1.16721494     0.77985610
   -6.6666667     0.93463080     0.59941534
   -6.6266266     0.83953684     0.46308489
   -6.5865866     0.87625625     0.34687247
   -6.5465466     0.98597037     0.24826478
   -6.5065065     1.13106357     0.20047791
   -6.4664665     1.29425390     0.21866776
   -6.4264264     1.41913232     0.27280104
   -6.3863864     1.41201356     0.31332796
   -6.3463464     1.24581728     0.31072969
   -6.3063063     1.01183225     0.28797586
   -6.2662663     0.81556209     0.31694398
   -6.2262262     0.66755265     0.45407319
   -6.1861862     0.51875749     0.66279282
   -6.1461461     0.36229812     0.81513714
   -6.1061061     0.25422141     0.79525589
   -6.0660661     0.24800135     0.60732733
   -6.0260260     0.34091869     0.36961328
   -5.9859860     0.47814526     0.20368646
   -5.9459459     0.59441362     0.14814192
   -5.9059059     0.65676793     0.17047320
   -5.8658659     0.66175046     0.21891047
   -5.8258258     0.60461971     0.24869794
   -5.7857858     0.49403499     0.23366400
   -5.7457458     0.38075102     0.18055561
   -5.7057057     0.32459446     0.12179805
   -5.6656657     0.34092562     0.08190846
   -5.6256256     0.39238945     0.05957478
   -5.5855856     0.42113833     0.04545324
   -5.5455455     0.39294668     0.04280601
   -5.5055055     0.32429457     0.06242156
   -5.4654655     0.26800498     0.10409493
   -5.4254254     0.26223432     0.15228346
   -5.3853854     0.29256076     0.19302267
   -5.3453453     0.31635549     0.22522153
   -5.3053053     0.31567278     0.24839971
   -5.2652653     0.30192206     0.25568255
   -5.2252252     0.28048950     0.24942709
   -5.1851852     0.24544892     0.25020297
   -5.1451452     0.20624813     0.28196487
   -5.1051051     0.18909356     0.35256272
   -5.0650651     0.20604653     0.44287786
   -5.0250250     0.24061815     0.50367569
   -4.9849850     0.26814307     0.48219455
   -4.9449449     0.27802520     0.37755339
   -4.9049049     0.27401594     0.25094770
   -4.8648649     0.26405001     0.16348375
   -4.8248248     0.25841431     0.12516791
   -4.7847848     0.27440405     0.11005580
   -4.7447447     0.32439256     0.09501948
   -4.7047047     0.39029642     0.07540033
   -4.6646647     0.42692507     0.06089481
   -4.6246246     0.40206008     0.06394207
   -4.5845846     0.32382786     0.08468525
   -4.5445445     0.22734388     0.10791736
   -4.5045045     0.14647395     0.11954208
   -4.4644645     0.09760455     0.11801277
   -4.4244244     0.08105789     0.10573001
   -4.3843844     0.09039270     0.08425215
   -4.3443443     0.11173139     0.06202256
   -4.3043043     0.12287322     0.05243762
   -4.2642643     0.11288571     0.06081744
   -4.2242242     0.09834158     0.07932791
   -4.1841842     0.10645579     0.09643247
   -4.1441441     0.14787446     0.10775937
   -4.1041041     0.21280287     0.11215120
   -4.0640641     0.28556879     0.10468231
   -4.0240240     0.35179301     0.08543707
   -3.9839840     0.39338582     0.06509678
   -3.9439439     0.39345863     0.05130483
   -3.9039039     0.35122820     0.04047400
   -3.8638639     0.28194594     0.02836290
   -3.8238238     0.20560873     0.01881964
   -3.7837838     0.13940590     0.02015860
   -3.7437437     0.09093141     0.03821330
   -3.7037037     0.05778760     0.06914138
   -3.6636637     0.03626375     0.09523754
   -3.6236236     0.02459858     0.09739803
   -3.5835836     0.01990230     0.07701273
   -3.5435435     0.01898645     0.05461984
   -3.5035035     0.02138025     0.04423618
   -3.4634635     0.02986582     0.04068009
   -3.4234234     0.04857839     0.03331629
   -3.3833834     0.07699260     0.02100628
   -3.3433433     0.10394294     0.00978269
   -3.3033033     0.11357410     0.00354165
   -3.2632633     0.10181789     0.00206126
   -3.2232232     0.08382189     0.00483046
   -3.1831832     0.07961511     0.01329201
   -3.1431431     0.09150491     0.02953741
   -3.1031031     0.10073319     0.05430779
   -3.0630631     0.09021042     0.08648975
   -3.0230230     0.06440028     0.12217782
   -2.9829830     0.04007480     0.15421567
   -2.9429429     0.02531643     0.17554710
   -2.9029029     0.01673622     0.18038569
   -2.8628629     0.01070578     0.16260747
   -2.8228228     0.00907121     0.12247883
   -2.7827828     0.01706206     0.07375286
   -2.7427427     0.03852127     0.03448543
   -2.7027027     0.06823899     0.01254358
   -2.6626627     0.08913837     0.00498875
   -2.6226226     0.08665804     0.00790612
   -2.5825826     0.06587853     0.02254044
   -2.5425425     0.04444835     0.05108546
   -2.5025025     0.03279447     0.08622010
   -2.4624625     0.03137556     0.10949883
   -2.4224224     0.03982815     0.10711610
   -2.3823824     0.05778134     0.08395561
   -2.3423423     0.08153806     0.05635564
   -2.3023023     0.10710194     0.03662514
   -2.2622623     0.13140548     0.02825376
   -2.2222222     0.14722061     0.02894755
   -2.1821822     0.14560901     0.03483660
   -2.1421421     0.12613917     0.04559193
   -2.1021021     0.09671114     0.06439866
   -2.0620621     0.06524216     0.08914978
   -2.0220220     0.03861427     0.10709760
   -1.9819820     0.02494569     0.10393250
   -1.9419419     0.03064856     0.07856809
   -1.9019019     0.05437043     0.04526971
   -1.8618619     0.08275996     0.01986952
   -1.8218218     0.09712231     0.00831497
   -1.7817818     0.09029713     0.01009687
   -1.7417417     0.07177055     0.02627868
   -1.7017017     0.05415012     0.05723573
   -1.6616617     0.04238028     0.09189184
   -1.6216216     0.03568075     0.10836864
   -1.5815816     0.03316765     0.09504301
   -1.5415415     0.03535993     0.06580791
   -1.5015015     0.04107237     0.04753532
   -1.4614615     0.04662541     0.05795284
   -1.4214214     0.05007203     0.09452387
   -1.3813814     0.05235649     0.13500236
   -1.3413413     0.05326081     0.15250011
   -1.3013013     0.05038494     0.13798217
   -1.2612613     0.04418122     0.10408645
   -1.2212212     0.04138600     0.06883686
   -1.1811812     0.04865600     0.04570369
   -1.1411411     0.06266329     0.04423938
   -1.1011011     0.07371700     0.06593836
   -1.0610611     0.08188475     0.09805802
   -1.0210210     0.09939615     0.12295682
   -0.9809810     0.12965359     0.13806755
   -0.9409409     0.15459060     0.15309455
   -0.9009009     0.15426546     0.16411410
   -0.8608609     0.13115147     0.15279275
   -0.8208208     0.10632999     0.11636797
   -0.7807808     0.09642937     0.07625135
   -0.7407407     0.09735151     0.05356969
   -0.7007007     0.09178431     0.05004673
   -0.6606607     0.07368950     0.05193137
   -0.6206206     0.05743965     0.04599442
   -0.5805806     0.05999490     0.03160097
   -0.5405405     0.08313132     0.01799132
   -0.5005005     0.11397079     0.01318296
   -0.4604605     0.13498064     0.01825123
   -0.4204204     0.13512789     0.02822627
   -0.3803804     0.11900517     0.03575925
   -0.3403403     0.10227142     0.03670686
   -0.3003003     0.09322750     0.03243977
   -0.2602603     0.08663650     0.02577215
   -0.2202202     0.07883069     0.01806795
   -0.1801802     0.07527520     0.01130800
   -0.1401401     0.07766290     0.00924113
   -0.1001001     0.07698693     0.01532057
   -0.0600601     0.06590650     0.02934752
   -0.0200200     0.04845849     0.04501432
    0.0200200     0.03352852     0.05413652
    0.0600601     0.02502415     0.05609747
    0.1001001     0.02061217     0.05749748
    0.1401401     0.01650517     0.06104491
    0.1801802     0.01134943     0.06302406
    0.2202202     0.00628308     0.06102859
    0.2602603     0.00287148     0.05664061
    0.3003003     0.00199088     0.05409407
    0.3403403     0.00476105     0.05942570
    0.3803804     0.01334857     0.07362429
    0.4204204     0.02826130     0.08625955
    0.4604605     0.04368602     0.08395854
    0.5005005     0.04984548     0.06592748
    0.5405405     0.04443269     0.04581030
    0.5805806     0.03747574     0.03717835
    0.6206206     0.03999023     0.04000445
    0.6606607     0.05203468     0.04300634
    0.7007007     0.06606157     0.03823502
    0.7407407     0.07728993     0.02965800
    0.7807808     0.08508164     0.02628241
    0.8208208     0.08733052     0.03229164
    0.8608609     0.08004533     0.04562162
    0.9009009     0.06336752     0.05966392
    0.9409409     0.04520177     0.06622727
    0.9809810     0.03574598     0.06497717
    1.0210210     0.03733307     0.06757820
    1.0610611     0.04253905     0.08249527
    1.1011011     0.04435732     0.09979949
    1.1411411     0.04377174     0.10273479
    1.1811812     0.04342491     0.09052883
    1.2212212     0.04074695     0.07726723
    1.2612613     0.03427264     0.07133948
    1.3013013     0.03081386     0.06725666
    1.3413413     0.03987751     0.05629230
    1.3813814     0.06427140     0.03807802
    1.4214214     0.09921980     0.02033012
    1.4614615     0.13721747     0.01032007
    1.5015015     0.16942558     0.00997661
    1.5415415     0.18341278     0.01754662
    1.5815816     0.16754160     0.03069946
    1.6216216     0.12393984     0.04943068
    1.6616617     0.07196312     0.07574431
    1.7017017     0.03256054     0.10656630
    1.7417417     0.01343701     0.13100809
    1.7817818     0.01142225     0.14111201
    1.8218218     0.02093844     0.13939100
    1.8618619     0.03481302     0.13201631
    1.9019019     0.04300238     0.12207011
    1.9419419     0.03941113     0.10950372
    1.9819820     0.02978022     0.09242581
    2.0220220     0.02767103     0.07111546
    2.0620621     0.04190705     0.05070583
    2.1021021     0.06724361     0.03592995
    2.1421421     0.08669038     0.02738218
    2.1821822     0.08705947     0.02500740
    2.2222222     0.07159182     0.02835006
    2.2622623     0.05461240     0.03269060
    2.3023023     0.05047790     0.03245577
    2.3423423     0.06820621     0.02986922
    2.3823824     0.10423343     0.03477587
    2.4224224     0.13775823     0.05389710
    2.4624625     0.14491999     0.08162903
    2.5025025     0.12183532     0.10240106
    2.5425425     0.08692404     0.10520753
    2.5825826     0.06056691     0.09794749
    2.6226226     0.04864118     0.10244409
    2.6626627     0.04583304     0.13037634
    2.7027027     0.05001905     0.16870692
    2.7427427     0.06796159     0.19240166
    2.7827828     0.10441455     0.18510443
    2.8228228     0.14765111     0.14774522
    2.8628629     0.17072604     0.09710209
    2.9029029     0.15409333     0.05656209
    2.9429429     0.10671840     0.04256499
    2.9829830     0.05753123     0.05758789
    3.0230230     0.02960384     0.09149932
    3.0630631     0.03006500     0.12583257
    3.1031031     0.05590050     0.14135770
    3.1431431     0.09569227     0.12991063
    3.1831832     0.12913491     0.10128252
    3.2232232     0.13766477     0.07371268
    3.2632633     0.11849784     0.05613083
    3.3033033     0.08551941     0.04419143
    3.3433433     0.05843107     0.03233770
    3.3833834     0.05120547     0.02181995
    3.4234234     0.06660894     0.01581784
    3.4634635     0.09799159     0.01442164
    3.5035035     0.13305186     0.01828904
    3.5435435     0.15722518     0.03240025
    3.5835836     0.16138287     0.06003719
    3.6236236     0.14734779     0.09307970
    3.6636637     0.12230391     0.11563724
    3.7037037     0.09318972     0.12097784
    3.7437437     0.06695061     0.11650614
    3.7837838     0.04797791     0.10932613
    3.8238238     0.03648276     0.09922308
    3.8638639     0.03265926     0.08822956
    3.9039039     0.03715439     0.08472702
    3.9439439     0.04615763     0.09544724
    3.9839840     0.05340647     0.11950754
    4.0240240     0.05911044     0.15085279
    4.0640641     0.06909111     0.18164876
    4.1041041     0.08288275     0.20026531
    4.1441441     0.09227575     0.19503359
    4.1841842     0.09691644     0.16694793
    4.2242242     0.11082877     0.12972112
    4.2642643     0.14208907     0.09741307
    4.3043043     0.17477188     0.07976421
    4.3443443     0.18416465     0.08031198
    4.3843844     0.16188284     0.09047045
    4.4244244     0.11901042     0.09429047
    4.4644645     0.07668360     0.08501478
    4.5045045     0.05705582     0.06983763
    4.5445445     0.07151743     0.05746635
    4.5845846     0.11034247     0.05191121
    4.6246246     0.14656202     0.05720579
    4.6646647     0.15801037     0.07422611
    4.7047047     0.14698951     0.09270411
    4.7447447     0.13269590     0.09752003
    4.7847848     0.12577371     0.08326131
    4.8248248     0.11887157     0.05732802
    4.8648649     0.10428493     0.03166401
    4.9049049     0.08901380     0.01449709
    4.9449449     0.08387090     0.00747707
    4.9849850     0.08686879     0.00834436
    5.0250250     0.08510084     0.01568915
    5.0650651     0.06952651     0.03087694
    5.1051051     0.04462109     0.05385919
    5.1451452     0.02314351     0.07725455
    5.1851852     0.01466047     0.09089268
    5.2252252     0.02170437     0.09386993
    5.2652653     0.04062448     0.09276801
    5.3053053     0.06036410     0.08917484
    5.3453453     0.06716465     0.08213673
    5.3853854     0.05775684     0.07791901
    5.4254254     0.04297023     0.08248622
    5.4654655     0.03511174     0.09056789
    5.5055055     0.03880934     0.09557567
    5.5455455     0.05380860     0.10464745
    5.5855856     0.07618461     0.12853777
    5.6256256     0.09633394     0.15733116
    5.6656657     0.10446764     0.16442316
    5.7057057     0.09785106     0.13946833
    5.7457458     0.08076379     0.10190210
    5.7857858     0.06395126     0.07878525
    5.8258258     0.06231754     0.07887492
    5.8658659     0.08340200     0.08782236
    5.9059059     0.12020868     0.08618011
    5.9459459     0.16048403     0.07116815
    5.9859860     0.19496324     0.05526398
    6.0260260     0.21394871     0.04744048
    6.0660661     0.21162222     0.04695469
    6.1061061     0.19578585     0.05171559
    6.1461461     0.17704249     0.06079239
    6.1861862     0.15194904     0.06981611
    6.2262262     0.11281168     0.07336012
    6.2662663     0.06703278     0.07217094
    6.3063063     0.03156815     0.07056486
    6.3463464     0.01449700     0.06784836
    6.3863864     0.01203091     0.06045580
    6.4264264     0.01799587     0.05056734
    6.4664665     0.02987625     0.04558421
    6.5065065     0.04735596     0.05196225
    6.5465466     0.06798989     0.07208058
    6.5865866     0.08644592     0.09872068
    6.6266266     0.10010499     0.11248636
    6.6666667     0.11315193     0.09845241
    6.7067067     0.12711053     0.06462729
    6.7467467     0.12993845     0.03225502
    6.7867868     0.11008608     0.01347947
    6.8268268     0.07829153     0.00668880
    6.8668669     0.05778394     0.00581095
    6.9069069     0.05639291     0.00738642
    6.9469470     0.06084811     0.01190042
    6.9869870     0.05556419     0.02139802
    7.0270270     0.03896416     0.03617245
    7.0670671     0.02082309     0.05480880
    7.1071071     0.00952608     0.07764242
    7.1471472     0.00608131     0.10859704
    7.1871872     0.00722813     0.15081078
    7.2272272     0.01000500     0.19665004
    7.2672673     0.01364814     0.22707096
    7.3073073     0.01843790     0.23111899
    7.3473473     0.02362197     0.21929058
    7.3873874     0.02779407     0.20685664
    7.4274274     0.03119424     0.19408320
    7.4674675     0.03918912     0.17494817
    7.5075075     0.06689940     0.15428024
    7.5475475     0.13305773     0.13862107
    7.5875876     0.23276286     0.11995788
    7.6276276     0.31918388     0.08878011
    7.6676677     0.33859000     0.05400694
    7.7077077     0.28724502     0.03495473
    7.7477478     0.20996014     0.04199841
    7.7877878     0.14993099     0.06965942
    7.8278278     0.12465454     0.10087039
    7.8678679     0.13174161     0.12061388
    7.9079079     0.15061077     0.12964137
    7.9479479     0.15374832     0.13736388
    7.9879880     0.13360310     0.14199220
    8.0280280     0.10866340     0.13231524
    8.0680681     0.10075882     0.11084918
    8.1081081     0.11611778     0.09775244
    8.1481482     0.14583691     0.10393338
    8.1881882     0.17316437     0.11400998
    8.2282282     0.17872827     0.10629521
    8.2682683     0.15185452     0.08108841
    8.3083083     0.10299159     0.05907312
    8.3483484     0.05633763     0.05580825
    8.3883884     0.03000392     0.06579113
    8.4284284     0.02866068     0.07238914
    8.4684685     0.04712418     0.06852015
    8.5085085     0.07175256     0.06151999
    8.5485485     0.08660233     0.05983726
    8.5885886     0.08945871     0.06377162
    8.6286286     0.09454818     0.07079250
    8.6686687     0.11034614     0.08364103
    8.7087087     0.12443862     0.10588673
    8.7487488     0.11912722     0.12926586
    8.7887888     0.09390148     0.13642900
    8.8288288     0.06592187     0.12307518
    8.8688689     0.05467418     0.10933651
    8.9089089     0.06968932     0.12005363
    8.9489490     0.10497711     0.15719480
    8.9889890     0.13954645     0.20129460
    9.0290290     0.14970937     0.23854661
    9.0690691     0.12769424     0.26988207
    9.1091091     0.08677868     0.28807675
    9.1491491     0.04823419     0.27285447
    9.1891892     0.02730317     0.22578606
    9.2292292     0.03123902     0.18163448
    9.2692693     0.06458452     0.16530487
    9.3093093     0.12773190     0.16378393
    9.3493494     0.20584689     0.15838164
    9.3893894     0.26823575     0.15836551
    9.4294294     0.29233101     0.17907071
    9.4694695     0.28614244     0.20756254
    9.5095095     0.27850190     0.21778132
    9.5495496     0.28868936     0.20682179
    9.5895896     0.30893119     0.19353015
    9.6296296     0.31682218     0.18868480
    9.6696697     0.29949046     0.18028642
    9.7097097     0.26076569     0.15062945
    9.7497497     0.21385304     0.10448033
    9.7897898     0.17390320     0.06997946
    9.8298298     0.14946063     0.06970304
    9.8698699     0.13759885     0.09753377
    9.9099099     0.13361507     0.12340582
    9.9499500     0.14005760     0.12131056
    9.9899900     0.15350817     0.09314275
   10.0300300     0.15322391     0.06165101
   10.0700701     0.12356104     0.04678801
   10.1101101     0.07868446     0.05335386
   10.1501502     0.04904630     0.07146484
   10.1901902     0.05259741     0.08617276
   10.2302302     0.08331668     0.09246956
   10.2702703     0.11646617     0.09813849
   10.3103103     0.12882567     0.11271293
   10.3503504     0.12154627     0.14075553
   10.3903904     0.11417295     0.17623558
   10.4304304     0.11781957     0.19617298
   10.4704705     0.13041397     0.17949065
   10.5105105     0.15222832     0.13955738
   10.5505506     0.18442708     0.11741931
   10.5905906     0.21397265     0.13516879
   10.6306306     0.21823771     0.16796109
   10.6706707     0.18688745     0.17121710
   10.7107107     0.13194984     0.13166709
   10.7507508     0.07880509     0.07799623
   10.7907908     0.05202017     0.04460906
   10.8308308     0.06593332     0.04567452
   10.8708709     0.11582670     0.08302372
   10.9109109     0.16967079     0.15449035
   10.9509510     0.18432916     0.24175278
   10.9909910     0.14820802     0.30306891
   11.0310310     0.09592972     0.29887756
   11.0710711     0.07016529     0.22921150
   11.1111111     0.08107692     0.13572654
   11.1511512     0.10415232     0.06375827
   11.1911912     0.10962987     0.03047007
   11.2312312     0.09591670     0.02785271
   11.2712713     0.09251324     0.04132864
   11.3113113     0.12694337     0.06034321
   11.3513514     0.19234287     0.07788267
   11.3913914     0.25013856     0.08616958
   11.4314314     0.26565135     0.08033521
   11.4714715     0.23749846     0.06727583
   11.5115115     0.18817223     0.05937592
   11.5515516     0.13635571     0.05741530
   11.5915916     0.08882470     0.05107769
   11.6316316     0.04943134     0.03606164
   11.6716717     0.02236505     0.01987420
   11.7117117     0.00820110     0.01222976
   11.7517518     0.00382645     0.01888883
   11.7917918     0.00715974     0.04183663
   11.8318318     0.01976793     0.07499942
   11.8718719     0.04315372     0.10132845
   11.9119119     0.07179855     0.10733018
   11.9519520     0.09272577     0.10294985
   11.9919920     0.09604442     0.11640809
   12.0320320     0.08656278     0.16975544
   12.0720721     0.08271248     0.26364089
   12.1121121     0.09838410     0.37067557
   12.1521522     0.12285761     0.43753987
   12.1921922     0.12800211     0.41927930
   12.2322322     0.10162310     0.32436333
   12.2722723     0.06319798     0.21039261
   12.3123123     0.04510458     0.13123943
   12.3523524     0.07274295     0.09680628
   12.3923924     0.15489679     0.08222138
   12.4324324     0.26606642     0.06689273
   12.4724725     0.34675969     0.05898442
   12.5125125     0.35536513     0.08563432
   12.5525526     0.30809965     0.16328744
   12.5925926     0.24287509     0.26799791
   12.6326326     0.17761645     0.33633406
   12.6726727     0.12702574     0.32003402
   12.7127127     0.12127416     0.23862808
   12.7527528     0.17995556     0.15569945
   12.7927928     0.27561838     0.11555269
   12.8328328     0.34187728     0.11674104
   12.8728729     0.33321960     0.12704580
   12.9129129     0.26473987     0.11676148
   12.9529530     0.18100209     0.08733874
   12.9929930     0.11165655     0.06552475
   13.0330330     0.06773365     0.07064265
   13.0730731     0.05307868     0.09576577
   13.1131131     0.06656922     0.11973178
   13.1531532     0.09928365     0.12956191
   13.1931932     0.13084123     0.12498572
   13.2332332     0.13842495     0.10833546
   13.2732733     0.12041540     0.08420322
   13.3133133     0.10078927     0.06496543
   13.3533534     0.10108109     0.06365667
   13.3933934     0.11600603     0.08234239
   13.4334334     0.12282873     0.11178929
   13.4734735     0.11249796     0.13876185
   13.5135135     0.10192484     0.15446141
   13.5535536     0.10972024     0.16096184
   13.5935936     0.13194459     0.16418963
   13.6336336     0.15124956     0.15959036
   13.6736737     0.15989744     0.13971372
   13.7137137     0.16308346     0.11955430
   13.7537538     0.16465754     0.13823336
   13.7937938     0.16216471     0.22126521
   13.8338338     0.15556418     0.33572586
   13.8738739     0.14967522     0.39823984
   13.9139139     0.15166466     0.35537203
   13.9539540     0.17258154     0.24456761
   13.9939940     0.21509721     0.14657682
   14.0340340     0.25527252     0.09828544
   14.0740741     0.26370761     0.07931125
   14.1141141     0.24714928     0.06165179
   14.1541542     0.23611316     0.04260059
   14.1941942     0.23334569     0.03367283
   14.2342342     0.21063523     0.03816435
   14.2742743     0.15531413     0.04690869
   14.3143143     0.08895419     0.04974866
   14.3543544     0.03921087     0.04551511
   14.3943944     0.01531659     0.04141482
   14.4344344     0.01373630     0.04614753
   14.4744745     0.03281655     0.06258036
   14.5145145     0.07257023     0.08436840
   14.5545546     0.12127043     0.10119768
   14.5945946     0.15252939     0.10851985
   14.6346346     0.14621541     0.11305143
   14.6746747     0.10856954     0.13003807
   14.7147147     0.06473122     0.16852764
   14.7547548     0.03664146     0.21381030
   14.7947948     0.03109066     0.23787883
   14.8348348     0.04102803     0.23384179
   14.8748749     0.05496515     0.21703407
   14.9149149     0.07233085     0.19204659
   14.9549550     0.10927864     0.15316438
   14.9949950     0.17478295     0.11327210
   15.0350350     0.24024023     0.09805900
   15.0750751     0.25900851     0.11571221
   15.1151151     0.22543835     0.15482879
   15.1551552     0.18507411     0.20399801
   15.1951952     0.17698257     0.25509532
   15.2352352     0.19284454     0.29818807
   15.2752753     0.19910934     0.32770053
   15.3153153     0.18442606     0.33981128
   15.3553554     0.17784773     0.32398401
   15.3953954     0.21673063     0.27905804
   15.4354354     0.30199636     0.22904061
   15.4754755     0.39237555     0.20271205
   15.5155155     0.43370792     0.20774180
   15.5555556     0.39449206     0.23551408
   15.5955956     0.29369099     0.27358732
   15.6356356     0.19323733     0.30407040
   15.6756757     0.14595910     0.30978438
   15.7157157     0.15362448     0.28888115
   15.7557558     0.18337219     0.25170943
   15.7957958     0.21223364     0.20696122
   15.8358358     0.23816497     0.16095345
   15.8758759     0.25860513     0.12438841
   15.9159159     0.26501886     0.10888866
   15.9559560     0.25749338     0.11898623
   15.9959960     0.24802637     0.15063108
   16.0360360     0.24714029     0.19081431
   16.0760761     0.25273068     0.21787688
   16.1161161     0.25652894     0.21298794
   16.1561562     0.25646928     0.17930576
   16.1961962     0.25068207     0.14901581
   16.2362362     0.22913991     0.16367443
   16.2762763     0.19066928     0.23453962
   16.3163163     0.15437299     0.31949689
   16.3563564     0.13902914     0.35605474
   16.3963964     0.15029305     0.32658265
   16.4364364     0.18933966     0.27521736
   16.4764765     0.24652560     0.25022165
   16.5165165     0.29336812     0.24911498
   16.5565566     0.30540498     0.24090432
   16.5965966     0.28291345     0.22114566
   16.6366366     0.24517651     0.21053605
   16.6766767     0.21962028     0.21340673
   16.7167167     0.21999491     0.20944267
   16.7567568     0.22295471     0.18333645
   16.7967968     0.19337632     0.14871429
   16.8368368     0.13533292     0.13754171
   16.8768769     0.09301433     0.16513986
   16.9169169     0.10947729     0.21117088
   16.9569570     0.19574115     0.23956788
   16.9969970     0.31522697     0.23516297
   17.0370370     0.39142311     0.21574252
   17.0770771     0.36568262     0.20939022
   17.1171171     0.25889325     0.22708740
   17.1571572     0.15222889     0.25635805
   17.1971972     0.11013784     0.27324403
   17.2372372     0.13790057     0.25912490
   17.2772773     0.19557628     0.21464692
   17.3173173     0.23722403     0.16235805
   17.3573574     0.24404028     0.13087432
   17.3973974     0.22152596     0.13161131
   17.4374374     0.17702959     0.14850973
   17.4774775     0.12092303     0.15276380
   17.5175175     0.07610811     0.13475145
   17.5575576     0.06425825     0.11833085
   17.5975976     0.08989404     0.13569444
   17.6376376     0.14432653     0.19208512
   17.6776777     0.21174435     0.26085760
   17.7177177     0.26593304     0.30877546
   17.7577578     0.28336284     0.31727062
   17.7977978     0.27373830     0.28166872
   17.8378378     0.27307167     0.21120266
   17.8778779     0.29619085     0.13757991
   17.9179179     0.32162760     0.10320124
   17.9579580     0.32169252     0.13015963
   17.9979980     0.28323435     0.20341078
   18.0380380     0.21128209     0.28763617
   18.0780781     0.13229831     0.36474613
   18.1181181     0.07946213     0.43448499
   18.1581582     0.06497542     0.47104156
   18.1981982     0.07638815     0.43652570
   18.2382382     0.10093084     0.35302311
   18.2782783     0.15027554     0.29148791
   18.3183183     0.25729721     0.28274009
   18.3583584     0.42931837     0.29703767
   18.3983984     0.60103894     0.29675528
   18.4384384     0.67480282     0.26408693
   18.4784785     0.62235135     0.19893544
   18.5185185     0.50171103     0.12068916
   18.5585586     0.37494169     0.05796745
   18.5985986     0.26289927     0.02755508
   18.6386386     0.17107629     0.03243035
   18.6786787     0.10941931     0.07186689
   18.7187187     0.08028111     0.13531391
   18.7587588     0.06915223     0.19292437
   18.7987988     0.06009571     0.22333472
   18.8388388     0.05701136     0.25626446
   18.8788789     0.08084101     0.34480149
   18.9189189     0.14258580     0.47462992
   18.9589590     0.22130541     0.55044800
   18.9989990     0.27719057     0.50957762
   19.0390390     0.28940511     0.39691292
   19.0790791     0.27261249     0.29007486
   19.1191191     0.26327412     0.21367192
   19.1591592     0.29654601     0.15759862
   19.1991992     0.37340978     0.11681217
   19.2392392     0.44569927     0.08743316
   19.2792793     0.46023227     0.06104267
   19.3193193     0.41084924     0.03548069
   19.3593594     0.32507802     0.01602678
   19.3993994     0.22671601     0.00605501
   19.4394394     0.13366539     0.00518839
   19.4794795     0.06360138     0.01609016
   19.5195195     0.02393167     0.04972784
   19.5595596     0.00874496     0.12113992
   19.5995996     0.01071255     0.23311969
   19.6396396     0.03274041     0.35823933
   19.6796797     0.08849430     0.44283720
   19.7197197     0.18684933     0.44702544
   19.7597598     0.30560025     0.39172030
   19.7997998     0.38584962     0.34758387
   19.8398398     0.37583974     0.35744700
   19.8798799     0.28882302     0.39193870
   19.9199199     0.20141952     0.40014130
   19.9599600     0.18559395     0.36668566
   20.0000000     0.24300523     0.30164114
