              -2763.2129480126
          0.000048855       0.000000000      -0.000000000
          0.000000000       0.000004584       0.000000000
         -0.000000000       0.000000000      -0.000029807
          10
  1    28      -0.000000001       0.001414235      -0.000000015  Ni
  1    28       0.000000004      -0.001618970      -0.000000000  Ni
  1    28       0.000000002       0.000104514       0.000000010  Ni
  1    28       0.000000002       0.001244423      -0.000000007  Ni
  1    28       0.000000001      -0.001939448       0.000000005  Ni
  2    25       0.000000004       0.000082174      -0.000000002  Mn
  2    25      -0.000000002       0.001624923      -0.000000006  Mn
  2    25       0.000000001      -0.000330420      -0.000000006  Mn
  2    25      -0.000000000      -0.000322221      -0.000000007  Mn
  2    25      -0.000000000       0.000118818      -0.000000015  Mn
