              -1674.8753992035
          0.000003614       0.000000000      -0.000000000
          0.000000000       0.000003750      -0.000000000
         -0.000000000      -0.000000000       0.000013077
           8
  1    31       0.000004293      -0.000000043       0.000000587  Ga
  2    25       0.000012304       0.000000063      -0.000001325  Mn
  2    25      -0.000045229      -0.000000070      -0.000000256  Mn
  2    25       0.000030377       0.000000002      -0.000000063  Mn
  2    25       0.000186972      -0.000000014       0.000000815  Mn
  2    25      -0.000415520       0.000000049      -0.000000328  Mn
  2    25       0.000424584       0.000000063      -0.000000323  Mn
  2    25      -0.000196016       0.000000018       0.000000646  Mn
