#
#   partial DOS for atom species: Ga
#
#   Add data for atom_index =   1,  n,l,m,z=  4  1 -1  1
#   Add data for atom_index =   1,  n,l,m,z=  4  1  0  1
#   Add data for atom_index =   1,  n,l,m,z=  4  1  1  1
#   Add data for atom_index =   1,  n,l,m,z=  4  1 -1  2
#   Add data for atom_index =   1,  n,l,m,z=  4  1  0  2
#   Add data for atom_index =   1,  n,l,m,z=  4  1  1  2
#   Add data for atom_index =   1,  n,l,m,z=  4  1 -1  3
#   Add data for atom_index =   1,  n,l,m,z=  4  1  0  3
#   Add data for atom_index =   1,  n,l,m,z=  4  1  1  3
#   Add data for atom_index =   2,  n,l,m,z=  4  1 -1  1
#   Add data for atom_index =   2,  n,l,m,z=  4  1  0  1
#   Add data for atom_index =   2,  n,l,m,z=  4  1  1  1
#   Add data for atom_index =   2,  n,l,m,z=  4  1 -1  2
#   Add data for atom_index =   2,  n,l,m,z=  4  1  0  2
#   Add data for atom_index =   2,  n,l,m,z=  4  1  1  2
#   Add data for atom_index =   2,  n,l,m,z=  4  1 -1  3
#   Add data for atom_index =   2,  n,l,m,z=  4  1  0  3
#   Add data for atom_index =   2,  n,l,m,z=  4  1  1  3
#   Add data for atom_index =   3,  n,l,m,z=  4  1 -1  1
#   Add data for atom_index =   3,  n,l,m,z=  4  1  0  1
#   Add data for atom_index =   3,  n,l,m,z=  4  1  1  1
#   Add data for atom_index =   3,  n,l,m,z=  4  1 -1  2
#   Add data for atom_index =   3,  n,l,m,z=  4  1  0  2
#   Add data for atom_index =   3,  n,l,m,z=  4  1  1  2
#   Add data for atom_index =   3,  n,l,m,z=  4  1 -1  3
#   Add data for atom_index =   3,  n,l,m,z=  4  1  0  3
#   Add data for atom_index =   3,  n,l,m,z=  4  1  1  3
#
#    Energy          spin 1        spin2
#
  -20.0000000     0.00000000     0.00000000
  -19.9599600     0.00000000     0.00000000
  -19.9199199     0.00000000     0.00000000
  -19.8798799     0.00000000     0.00000000
  -19.8398398     0.00000000     0.00000000
  -19.7997998     0.00000000     0.00000000
  -19.7597598     0.00000000     0.00000000
  -19.7197197     0.00000000     0.00000000
  -19.6796797     0.00000000     0.00000000
  -19.6396396     0.00000000     0.00000000
  -19.5995996     0.00000000     0.00000000
  -19.5595596     0.00000000     0.00000000
  -19.5195195     0.00000000     0.00000000
  -19.4794795     0.00000000     0.00000000
  -19.4394394     0.00000000     0.00000000
  -19.3993994     0.00000000     0.00000000
  -19.3593594     0.00000000     0.00000000
  -19.3193193     0.00000000     0.00000000
  -19.2792793     0.00000000     0.00000000
  -19.2392392     0.00000000     0.00000000
  -19.1991992     0.00000000     0.00000000
  -19.1591592     0.00000000    -0.00000000
  -19.1191191     0.00000000    -0.00000005
  -19.0790791     0.00000000    -0.00000090
  -19.0390390    -0.00000000    -0.00001169
  -18.9989990    -0.00000011    -0.00011035
  -18.9589590    -0.00000172    -0.00075569
  -18.9189189    -0.00002025    -0.00375538
  -18.8788789    -0.00017268    -0.01354287
  -18.8388388    -0.00106842    -0.03544177
  -18.7987988    -0.00479736    -0.06730812
  -18.7587588    -0.01563178    -0.09276132
  -18.7187187    -0.03696254    -0.09277132
  -18.6786787    -0.06342534    -0.06732990
  -18.6386386    -0.07897891    -0.03546089
  -18.5985986    -0.07136855    -0.01355310
  -18.5585586    -0.04680045    -0.00375902
  -18.5185185    -0.02227104    -0.00075659
  -18.4784785    -0.00769092    -0.00011052
  -18.4384384    -0.00192736    -0.00001192
  -18.3983984    -0.00035051    -0.00000446
  -18.3583584    -0.00004627    -0.00004523
  -18.3183183    -0.00000465    -0.00041641
  -18.2782783    -0.00000382    -0.00278499
  -18.2382382    -0.00004028    -0.01351672
  -18.1981982    -0.00033525    -0.04760748
  -18.1581582    -0.00202580    -0.12169178
  -18.1181181    -0.00888556    -0.22581385
  -18.0780781    -0.02830191    -0.30456626
  -18.0380380    -0.06553543    -0.30021894
  -17.9979980    -0.11064962    -0.22144591
  -17.9579580    -0.13726597    -0.13375380
  -17.9179179    -0.12751806    -0.08298636
  -17.8778779    -0.09255296    -0.06243960
  -17.8378378    -0.05648137    -0.04732546
  -17.7977978    -0.03113322    -0.02906265
  -17.7577578    -0.01548698    -0.01331520
  -17.7177177    -0.00646722    -0.00446067
  -17.6776777    -0.00210768    -0.00115255
  -17.6376376    -0.00051461    -0.00081035
  -17.5975976    -0.00010005    -0.00404030
  -17.5575576    -0.00010085    -0.01890948
  -17.5175175    -0.00072464    -0.06466440
  -17.4774775    -0.00430502    -0.16104591
  -17.4374374    -0.01882651    -0.29452106
  -17.3973974    -0.06120918    -0.40645840
  -17.3573574    -0.15084464    -0.45742690
  -17.3173173    -0.28980527    -0.48710585
  -17.2772773    -0.44742445    -0.54170384
  -17.2372372    -0.56471941    -0.57108484
  -17.1971972    -0.57803962    -0.49161896
  -17.1571572    -0.46690197    -0.31953531
  -17.1171171    -0.28872529    -0.15253270
  -17.0770771    -0.13359139    -0.05302456
  -17.0370370    -0.04559664    -0.01338997
  -16.9969970    -0.01138960    -0.00245463
  -16.9569570    -0.00207348    -0.00032951
  -16.9169169    -0.00027526    -0.00007180
  -16.8768769    -0.00003831    -0.00040073
  -16.8368368    -0.00014044    -0.00289869
  -16.7967968    -0.00117443    -0.01550698
  -16.7567568    -0.00724545    -0.06104247
  -16.7167167    -0.03257059    -0.17680338
  -16.6766767    -0.10674860    -0.37664381
  -16.6366366    -0.25526272    -0.58970778
  -16.5965966    -0.44568964    -0.67792154
  -16.5565566    -0.56864147    -0.57155024
  -16.5165165    -0.53057025    -0.35295673
  -16.4764765    -0.36229641    -0.15945498
  -16.4364364    -0.18116880    -0.05263637
  -16.3963964    -0.06637853    -0.01268209
  -16.3563564    -0.01782594    -0.00222946
  -16.3163163    -0.00350939    -0.00030745
  -16.2762763    -0.00050658    -0.00027945
  -16.2362362    -0.00005581    -0.00209001
  -16.1961962    -0.00003675    -0.01254095
  -16.1561562    -0.00034394    -0.05477327
  -16.1161161    -0.00262973    -0.17397885
  -16.0760761    -0.01460163    -0.40188830
  -16.0360360    -0.05883866    -0.67512748
  -15.9959960    -0.17206566    -0.82475398
  -15.9559560    -0.36517045    -0.73266320
  -15.9159159    -0.56242808    -0.47326620
  -15.8758759    -0.62864903    -0.22228216
  -15.8358358    -0.50994031    -0.07590597
  -15.7957958    -0.30019276    -0.01884481
  -15.7557558    -0.12824806    -0.00340127
  -15.7157157    -0.03976226    -0.00044914
  -15.6756757    -0.00894667    -0.00008313
  -15.6356356    -0.00146109    -0.00041137
  -15.5955956    -0.00017660    -0.00299249
  -15.5555556    -0.00006204    -0.01597257
  -15.5155155    -0.00046532    -0.06221037
  -15.4754755    -0.00332379    -0.17724467
  -15.4354354    -0.01728901    -0.37096881
  -15.3953954    -0.06537294    -0.57430452
  -15.3553554    -0.17972397    -0.66467258
  -15.3153153    -0.35933321    -0.58373518
  -15.2752753    -0.52261711    -0.39595677
  -15.2352352    -0.55307501    -0.21068884
  -15.1951952    -0.42601455    -0.08851322
  -15.1551552    -0.23891076    -0.02917945
  -15.1151151    -0.09757798    -0.00743177
  -15.0750751    -0.02903400    -0.00143577
  -15.0350350    -0.00629530    -0.00020127
  -14.9949950    -0.00099089     0.00004997
  -14.9549550    -0.00006302     0.00061997
  -14.9149149     0.00045298     0.00389088
  -14.8748749     0.00300569     0.01767202
  -14.8348348     0.01417704     0.05824528
  -14.7947948     0.04851669     0.13931008
  -14.7547548     0.12048785     0.24179747
  -14.7147147     0.21714145     0.30455686
  -14.6746747     0.28398122     0.27837640
  -14.6346346     0.26951560     0.18464767
  -14.5945946     0.18562035     0.08887972
  -14.5545546     0.09277147     0.03104623
  -14.5145145     0.03364669     0.00786975
  -14.4744745     0.00884904     0.00144774
  -14.4344344     0.00164066     0.00019769
  -14.3943944    -0.00003670     0.00006999
  -14.3543544    -0.00102631     0.00034989
  -14.3143143    -0.00294799     0.00158227
  -14.2742743    -0.00601060     0.00500860
  -14.2342342    -0.00886104     0.01132206
  -14.1941942    -0.00931670     0.01876618
  -14.1541542    -0.00639706     0.02422399
  -14.1141141    -0.00088318     0.02803274
  -14.0740741     0.00600113     0.03437820
  -14.0340340     0.01292767     0.04330644
  -13.9939940     0.01839163     0.04696008
  -13.9539540     0.02244754     0.03914664
  -13.9139139     0.02665304     0.02416669
  -13.8738739     0.03000562     0.01165803
  -13.8338338     0.02839643     0.00905399
  -13.7937938     0.02050250     0.02648993
  -13.7537538     0.00987416     0.08656205
  -13.7137137    -0.00082512     0.21222412
  -13.6736737    -0.01286619     0.38217098
  -13.6336336    -0.02318132     0.51158348
  -13.5935936    -0.01025305     0.52471754
  -13.5535536     0.06534742     0.44032414
  -13.5135135     0.22633416     0.33928978
  -13.4734735     0.42946934     0.26905907
  -13.4334334     0.57110455     0.21843082
  -13.3933934     0.57892124     0.16220065
  -13.3533534     0.48438332     0.09918219
  -13.3133133     0.36910322     0.04786326
  -13.2732733     0.27218834     0.02302327
  -13.2332332     0.18750109     0.03190754
  -13.1931932     0.11546458     0.08646915
  -13.1531532     0.08029615     0.19426399
  -13.1131131     0.10941279     0.32075554
  -13.0730731     0.20400158     0.38356703
  -13.0330330     0.31245729     0.32625035
  -12.9929930     0.34879379     0.18936443
  -12.9529530     0.27573182     0.07146780
  -12.9129129     0.15018652     0.03176974
  -12.8728729     0.05549880     0.05356467
  -12.8328328     0.02256893     0.08305981
  -12.7927928     0.03530487     0.08391171
  -12.7527528     0.06776202     0.05980125
  -12.7127127     0.09443304     0.03604590
  -12.6726727     0.09500869     0.02991152
  -12.6326326     0.06943699     0.03963657
  -12.5925926     0.03688746     0.05238150
  -12.5525526     0.01425973     0.06136237
  -12.5125125     0.00419813     0.07944347
  -12.4724725     0.00208199     0.12797984
  -12.4324324     0.00595019     0.20341844
  -12.3923924     0.02056013     0.26805742
  -12.3523524     0.05627738     0.29112691
  -12.3123123     0.12027519     0.28152962
  -12.2722723     0.19954453     0.26336911
  -12.2322322     0.25449936     0.25012641
  -12.1921922     0.24953683     0.25086740
  -12.1521522     0.19856372     0.26140018
  -12.1121121     0.15964951     0.25285151
  -12.0720721     0.17577274     0.20514349
  -12.0320320     0.23852426     0.14252723
  -11.9919920     0.31137369     0.11436014
  -11.9519520     0.36224231     0.14940548
  -11.9119119     0.36675491     0.23422722
  -11.8718719     0.31960653     0.32981957
  -11.8318318     0.25969231     0.41236055
  -11.7917918     0.24172289     0.48643941
  -11.7517518     0.27462077     0.53928143
  -11.7117117     0.33185348     0.52069913
  -11.6716717     0.41170547     0.41229632
  -11.6316316     0.51679673     0.26919263
  -11.5915916     0.58209269     0.15868850
  -11.5515516     0.52104567     0.10846711
  -11.5115115     0.34975622     0.12475118
  -11.4714715     0.17799006     0.21147293
  -11.4314314     0.08543435     0.35579773
  -11.3913914     0.07331551     0.50438358
  -11.3513514     0.11346354     0.57016384
  -11.3113113     0.19128209     0.50044053
  -11.2712713     0.30700614     0.34041507
  -11.2312312     0.45238511     0.19110813
  -11.1911912     0.57934293     0.11788199
  -11.1511512     0.61231454     0.12673778
  -11.1111111     0.52717437     0.19342858
  -11.0710711     0.39271432     0.28729066
  -11.0310310     0.30298925     0.38685424
  -10.9909910     0.29264493     0.48186993
  -10.9509510     0.32476186     0.56046968
  -10.9109109     0.33688412     0.60928245
  -10.8708709     0.29949451     0.62061016
  -10.8308308     0.24213238     0.59466300
  -10.7907908     0.22030824     0.55550189
  -10.7507508     0.25706229     0.54558939
  -10.7107107     0.33117852     0.56948186
  -10.6706707     0.41947167     0.57209001
  -10.6306306     0.51524040     0.50810962
  -10.5905906     0.59988218     0.41224163
  -10.5505506     0.64020509     0.37900135
  -10.5105105     0.62561797     0.47569672
  -10.4704705     0.57795757     0.66386947
  -10.4304304     0.52797852     0.80703592
  -10.3903904     0.50240167     0.79635940
  -10.3503504     0.50673680     0.66833797
  -10.3103103     0.50647355     0.54645505
  -10.2702703     0.46308555     0.48706684
  -10.2302302     0.38436562     0.45643021
  -10.1901902     0.30924416     0.44161868
  -10.1501502     0.26458443     0.49049160
  -10.1101101     0.25188783     0.61889666
  -10.0700701     0.26145972     0.75041774
  -10.0300300     0.29972141     0.78803746
   -9.9899900     0.39273335     0.70534340
   -9.9499500     0.53966961     0.55049789
   -9.9099099     0.68224874     0.40343443
   -9.8698699     0.75397438     0.34034918
   -9.8298298     0.74618752     0.39847113
   -9.7897898     0.71476760     0.55181841
   -9.7497497     0.73796396     0.73332625
   -9.7097097     0.84275947     0.87965511
   -9.6696697     0.94934363     0.94015777
   -9.6296296     0.93649947     0.87466192
   -9.5895896     0.78256705     0.69225080
   -9.5495496     0.59098515     0.47347038
   -9.5095095     0.47559657     0.30814412
   -9.4694695     0.47447077     0.21899664
   -9.4294294     0.56453437     0.16956161
   -9.3893894     0.69032305     0.12890191
   -9.3493494     0.77255662     0.10462042
   -9.3093093     0.75545061     0.12191625
   -9.2692693     0.66149886     0.18718163
   -9.2292292     0.55956568     0.27123043
   -9.1891892     0.48825997     0.32610368
   -9.1491491     0.44188465     0.32441318
   -9.1091091     0.41285938     0.28230520
   -9.0690691     0.41819640     0.24000382
   -9.0290290     0.47835583     0.22264936
   -8.9889890     0.57869293     0.22263092
   -8.9489490     0.66791545     0.21774395
   -8.9089089     0.69350211     0.20398221
   -8.8688689     0.62886328     0.20406901
   -8.8288288     0.48825574     0.23742288
   -8.7887888     0.32863806     0.29027215
   -8.7487488     0.21621705     0.32448887
   -8.7087087     0.19209675     0.31107088
   -8.6686687     0.27052737     0.25455954
   -8.6286286     0.43086877     0.18686034
   -8.5885886     0.59332601     0.13501618
   -8.5485485     0.65265620     0.10231038
   -8.5085085     0.57700300     0.08433442
   -8.4684685     0.43658563     0.08988878
   -8.4284284     0.31512096     0.13542601
   -8.3883884     0.24371616     0.22045032
   -8.3483484     0.22347151     0.31623339
   -8.3083083     0.24766442     0.38862418
   -8.2682683     0.28787969     0.42525331
   -8.2282282     0.30519459     0.42781064
   -8.1881882     0.29319910     0.39883758
   -8.1481482     0.28547810     0.35309703
   -8.1081081     0.31548917     0.31436596
   -8.0680681     0.38653917     0.29031350
   -8.0280280     0.47430803     0.27321102
   -7.9879880     0.54032803     0.26314524
   -7.9479479     0.54617108     0.27123890
   -7.9079079     0.47402851     0.30032212
   -7.8678679     0.34940848     0.32889666
   -7.8278278     0.23655934     0.31996907
   -7.7877878     0.19511557     0.25811519
   -7.7477478     0.23692512     0.17568120
   -7.7077077     0.31967889     0.12804898
   -7.6676677     0.37969285     0.14548495
   -7.6276276     0.38248009     0.21422024
   -7.5875876     0.34350466     0.29483058
   -7.5475475     0.29339153     0.35007647
   -7.5075075     0.23949412     0.35914914
   -7.4674675     0.17732185     0.32545930
   -7.4274274     0.11791070     0.28382918
   -7.3873874     0.08147289     0.28151946
   -7.3473473     0.07376206     0.33059681
   -7.3073073     0.08350053     0.38662585
   -7.2672673     0.10367397     0.39341372
   -7.2272272     0.14344616     0.34160429
   -7.1871872     0.20466236     0.26697514
   -7.1471472     0.25479468     0.21182617
   -7.1071071     0.25070289     0.20417254
   -7.0670671     0.19217412     0.24415859
   -7.0270270     0.12710981     0.29450391
   -6.9869870     0.10011486     0.30855893
   -6.9469470     0.11417075     0.27589920
   -6.9069069     0.14126214     0.22691918
   -6.8668669     0.15535540     0.20232062
   -6.8268268     0.15532162     0.22879045
   -6.7867868     0.16396119     0.29856237
   -6.7467467     0.20181314     0.36108751
   -6.7067067     0.26154061     0.37009620
   -6.6666667     0.31901138     0.34334262
   -6.6266266     0.36276331     0.33585299
   -6.5865866     0.39827875     0.36290067
   -6.5465466     0.43334909     0.38556962
   -6.5065065     0.46152217     0.35993494
   -6.4664665     0.45641314     0.28011840
   -6.4264264     0.40249768     0.17969532
   -6.3863864     0.32487921     0.09955671
   -6.3463464     0.26239907     0.05761508
   -6.3063063     0.22931378     0.04644658
   -6.2662663     0.21995683     0.05050041
   -6.2262262     0.22721947     0.06043477
   -6.1861862     0.24247185     0.07587392
   -6.1461461     0.25144219     0.10221568
   -6.1061061     0.24726442     0.14365771
   -6.0660661     0.24439754     0.19432938
   -6.0260260     0.25915598     0.24179546
   -5.9859860     0.27759003     0.28550545
   -5.9459459     0.26694640     0.33892559
   -5.9059059     0.21905445     0.40108150
   -5.8658659     0.16128659     0.44757776
   -5.8258258     0.13032837     0.46661665
   -5.7857858     0.15067261     0.47131826
   -5.7457458     0.21981625     0.46142777
   -5.7057057     0.29705749     0.41722025
   -5.6656657     0.32950567     0.34555598
   -5.6256256     0.30452770     0.29072260
   -5.5855856     0.25853831     0.29254539
   -5.5455455     0.23116556     0.35891316
   -5.5055055     0.22839002     0.46559909
   -5.4654655     0.22923481     0.55675426
   -5.4254254     0.21469255     0.56891164
   -5.3853854     0.18791248     0.49207928
   -5.3453453     0.16977484     0.39392061
   -5.3053053     0.17633972     0.35445670
   -5.2652653     0.20617459     0.38300264
   -5.2252252     0.24885680     0.41357644
   -5.1851852     0.29143644     0.38080375
   -5.1451452     0.31659425     0.28596002
   -5.1051051     0.31234729     0.17931913
   -5.0650651     0.28649976     0.10180504
   -5.0250250     0.25908369     0.06438021
   -4.9849850     0.23808383     0.06143382
   -4.9449449     0.21579548     0.08028315
   -4.9049049     0.19351894     0.10543131
   -4.8648649     0.18981246     0.12666555
   -4.8248248     0.21531602     0.14565505
   -4.7847848     0.25789454     0.18021294
   -4.7447447     0.29556380     0.26443758
   -4.7047047     0.31063860     0.42332818
   -4.6646647     0.29637809     0.62378467
   -4.6246246     0.26202388     0.77415909
   -4.5845846     0.23218007     0.80735677
   -4.5445445     0.23089065     0.73529932
   -4.5045045     0.25649444     0.60571020
   -4.4644645     0.28009928     0.46141468
   -4.4244244     0.28164094     0.34285299
   -4.3843844     0.27841872     0.27139030
   -4.3443443     0.29622602     0.23165061
   -4.3043043     0.32624400     0.19983226
   -4.2642643     0.35087237     0.18112494
   -4.2242242     0.39457869     0.20399715
   -4.1841842     0.49662943     0.27443581
   -4.1441441     0.64572110     0.34861938
   -4.1041041     0.77325500     0.38090649
   -4.0640641     0.79800445     0.38788358
   -4.0240240     0.69028026     0.41535748
   -3.9839840     0.52271747     0.45992893
   -3.9439439     0.42110922     0.47702368
   -3.9039039     0.42847704     0.44035402
   -3.8638639     0.45712881     0.35733558
   -3.8238238     0.40935460     0.25888998
   -3.7837838     0.30367561     0.19118963
   -3.7437437     0.23923828     0.18822928
   -3.7037037     0.27052757     0.23690019
   -3.6636637     0.35399041     0.28153133
   -3.6236236     0.39829048     0.28059908
   -3.5835836     0.35309128     0.25271613
   -3.5435435     0.25584442     0.25632831
   -3.5035035     0.19170987     0.34270068
   -3.4634635     0.21323597     0.52944192
   -3.4234234     0.30567308     0.78560345
   -3.3833834     0.41680681     1.01976322
   -3.3433433     0.50168131     1.10033160
   -3.3033033     0.54549753     0.95304889
   -3.2632633     0.56560888     0.65784846
   -3.2232232     0.58073162     0.38047683
   -3.1831832     0.56930210     0.21038198
   -3.1431431     0.49360015     0.12786103
   -3.1031031     0.36587447     0.08909708
   -3.0630631     0.25708283     0.07514119
   -3.0230230     0.24588406     0.08148934
   -2.9829830     0.35847408     0.10343334
   -2.9429429     0.52771943     0.12858580
   -2.9029029     0.62251244     0.13580759
   -2.8628629     0.56234735     0.11427513
   -2.8228228     0.39473359     0.08387720
   -2.7827828     0.22831394     0.08446995
   -2.7427427     0.12183801     0.14450783
   -2.7027027     0.07134789     0.25321824
   -2.6626627     0.06372219     0.35349013
   -2.6226226     0.09662939     0.38476128
   -2.5825826     0.15507167     0.36006028
   -2.5425425     0.20007811     0.38178710
   -2.5025025     0.20027846     0.53968078
   -2.4624625     0.16619967     0.78427824
   -2.4224224     0.13908072     0.94455859
   -2.3823824     0.15891360     0.90801173
   -2.3423423     0.24680008     0.73860404
   -2.3023023     0.39566541     0.57349801
   -2.2622623     0.57407278     0.46493671
   -2.2222222     0.73526877     0.37457164
   -2.1821822     0.81431691     0.26790474
   -2.1421421     0.76142535     0.16077756
   -2.1021021     0.60130410     0.09385409
   -2.0620621     0.41091121     0.09631397
   -2.0220220     0.24595680     0.16927103
   -1.9819820     0.12717552     0.27858892
   -1.9419419     0.06320384     0.37122439
   -1.9019019     0.05583757     0.42397149
   -1.8618619     0.09669850     0.45892382
   -1.8218218     0.16459317     0.49907671
   -1.7817818     0.23379499     0.54879653
   -1.7417417     0.30038076     0.61154630
   -1.7017017     0.38639309     0.66623567
   -1.6616617     0.49454472     0.64893007
   -1.6216216     0.57509246     0.52871829
   -1.5815816     0.57699921     0.37129761
   -1.5415415     0.53072728     0.26613823
   -1.5015015     0.52219542     0.22537905
   -1.4614615     0.56920631     0.19975325
   -1.4214214     0.59291550     0.16573364
   -1.3813814     0.52989105     0.16241014
   -1.3413413     0.40586074     0.24703957
   -1.3013013     0.28913165     0.41897380
   -1.2612613     0.22155525     0.58933520
   -1.2212212     0.19827611     0.65551367
   -1.1811812     0.19807093     0.60521773
   -1.1411411     0.23350812     0.49946803
   -1.1011011     0.34993209     0.38197506
   -1.0610611     0.55630584     0.27558751
   -1.0210210     0.77491348     0.22424086
   -0.9809810     0.88081785     0.25964809
   -0.9409409     0.80693016     0.34186891
   -0.9009009     0.62050742     0.38473547
   -0.8608609     0.46638493     0.34875313
   -0.8208208     0.41321650     0.27962156
   -0.7807808     0.39775839     0.24465832
   -0.7407407     0.33541631     0.25578467
   -0.7007007     0.22545338     0.27291381
   -0.6606607     0.12270417     0.27349720
   -0.6206206     0.06062284     0.28093428
   -0.5805806     0.03601709     0.30486939
   -0.5405405     0.04160210     0.30257640
   -0.5005005     0.08696015     0.23912915
   -0.4604605     0.18609114     0.14386846
   -0.4204204     0.32602537     0.07644880
   -0.3803804     0.45324198     0.07553249
   -0.3403403     0.50226752     0.15411522
   -0.3003003     0.44667419     0.29960968
   -0.2602603     0.33093114     0.45988639
   -0.2202202     0.24539251     0.56389229
   -0.1801802     0.24779832     0.57951886
   -0.1401401     0.30714974     0.54808551
   -0.1001001     0.34362036     0.55830463
   -0.0600601     0.32736876     0.66521398
   -0.0200200     0.31161231     0.82264996
    0.0200200     0.35948983     0.93214397
    0.0600601     0.46657301     0.96335369
    0.1001001     0.56469895     0.95799235
    0.1401401     0.59205293     0.92306458
    0.1801802     0.56099781     0.82873167
    0.2202202     0.54837895     0.69207993
    0.2602603     0.61009659     0.55400055
    0.3003003     0.73074874     0.41485334
    0.3403403     0.86433640     0.26845514
    0.3803804     0.96875478     0.14654589
    0.4204204     0.99508264     0.08810316
    0.4604605     0.91655296     0.10119561
    0.5005005     0.76293328     0.16808354
    0.5405405     0.57982146     0.26982180
    0.5805806     0.39203121     0.39559046
    0.6206206     0.22595702     0.51981020
    0.6606607     0.11706662     0.59149619
    0.7007007     0.08311620     0.57817649
    0.7407407     0.11810250     0.49517783
    0.7807808     0.21345444     0.37838705
    0.8208208     0.36173229     0.26827272
    0.8608609     0.52427572     0.21065012
    0.9009009     0.62449478     0.22979629
    0.9409409     0.61858987     0.30104933
    0.9809810     0.54674763     0.36624219
    1.0210210     0.47030494     0.38885302
    1.0610611     0.39542576     0.38675837
    1.1011011     0.29994717     0.38506814
    1.1411411     0.20077285     0.36297498
    1.1811812     0.14928711     0.29449051
    1.2212212     0.16922942     0.20872739
    1.2612613     0.22702649     0.15822184
    1.3013013     0.27236533     0.15380286
    1.3413413     0.29866831     0.17244013
    1.3813814     0.33809243     0.21559371
    1.4214214     0.40535070     0.31917161
    1.4614615     0.49383956     0.48309987
    1.5015015     0.60740308     0.61748770
    1.5415415     0.72565928     0.61838674
    1.5815816     0.76461146     0.48933952
    1.6216216     0.65611997     0.32354839
    1.6616617     0.44500496     0.19304384
    1.7017017     0.24091427     0.11924977
    1.7417417     0.10741409     0.11275048
    1.7817818     0.04087542     0.17859529
    1.8218218     0.01630152     0.28322199
    1.8618619     0.02091747     0.35086586
    1.9019019     0.06376960     0.32854014
    1.9419419     0.16510525     0.24994765
    1.9819820     0.31645125     0.20023440
    2.0220220     0.44586893     0.22784947
    2.0620621     0.46350352     0.33000943
    2.1021021     0.36301873     0.51097118
    2.1421421     0.24000471     0.77999980
    2.1821822     0.19821579     1.05506116
    2.2222222     0.26548097     1.15767274
    2.2622623     0.38904639     0.99291208
    2.3023023     0.48943498     0.67839097
    2.3423423     0.53747187     0.43259038
    2.3823824     0.58722481     0.37901102
    2.4224224     0.69975707     0.47257364
    2.4624625     0.83691650     0.56781496
    2.5025025     0.89816763     0.55490462
    2.5425425     0.86252156     0.45121524
    2.5825826     0.80403966     0.35869404
    2.6226226     0.76429639     0.34351325
    2.6626627     0.70401801     0.37431156
    2.7027027     0.60248337     0.37700314
    2.7427427     0.52694978     0.33899811
    2.7827828     0.55289730     0.32342149
    2.8228228     0.64742223     0.36506176
    2.8628629     0.68300562     0.41042545
    2.9029029     0.57556278     0.40986361
    2.9429429     0.37239919     0.42290249
    2.9829830     0.18825480     0.55711588
    3.0230230     0.09973788     0.80311279
    3.0630631     0.12685208     0.99389713
    3.1031031     0.26186691     0.97323646
    3.1431431     0.45841783     0.77025652
    3.1831832     0.62307503     0.54986069
    3.2232232     0.68832995     0.43480574
    3.2632633     0.68062500     0.44212534
    3.3033033     0.66469154     0.52567672
    3.3433433     0.66018699     0.60576551
    3.3833834     0.64671129     0.61546987
    3.4234234     0.59909304     0.55898169
    3.4634635     0.51217472     0.48162392
    3.5035035     0.41686226     0.39789520
    3.5435435     0.34618112     0.30076001
    3.5835836     0.29848989     0.21092892
    3.6236236     0.26900278     0.16046894
    3.6636637     0.27509263     0.14361919
    3.7037037     0.31734047     0.12629974
    3.7437437     0.35409122     0.09800158
    3.7837838     0.33848298     0.08790814
    3.8238238     0.26925012     0.13370565
    3.8638639     0.19620327     0.24515902
    3.9039039     0.16978297     0.38871168
    3.9439439     0.19057634     0.50333307
    3.9839840     0.22073771     0.54251331
    4.0240240     0.23739269     0.51457302
    4.0640641     0.26021558     0.48353875
    4.1041041     0.33414955     0.50230413
    4.1441441     0.49030746     0.53685550
    4.1841842     0.69782273     0.50682135
    4.2242242     0.84703645     0.40360407
    4.2642643     0.82589410     0.29556383
    4.3043043     0.63682090     0.22324538
    4.3443443     0.40239304     0.17005788
    4.3843844     0.24219052     0.12885784
    4.4244244     0.17735209     0.13144293
    4.4644645     0.15678431     0.20367032
    4.5045045     0.13601255     0.31538402
    4.5445445     0.11700906     0.39018878
    4.5845846     0.13233644     0.37539213
    4.6246246     0.20010972     0.28789131
    4.6646647     0.28996595     0.18107515
    4.7047047     0.34317064     0.09404442
    4.7447447     0.33415244     0.03947704
    4.7847848     0.29034081     0.01294341
    4.8248248     0.24240653     0.00323669
    4.8648649     0.18934446     0.00072099
    4.9049049     0.12575032     0.00062545
    4.9449449     0.06708823     0.00177515
    4.9849850     0.03156490     0.00454927
    5.0250250     0.01954992     0.00989749
    5.0650651     0.01912956     0.01941555
    5.1051051     0.02104078     0.03623000
    5.1451452     0.02514113     0.06941545
    5.1851852     0.03491907     0.14634334
    5.2252252     0.04842861     0.31425204
    5.2652653     0.06256525     0.58462929
    5.3053053     0.09498242     0.85170952
    5.3453453     0.19690738     0.94136983
    5.3853854     0.41376256     0.79893592
    5.4254254     0.69593894     0.55173651
    5.4654655     0.87718867     0.35893193
    5.5055055     0.82630144     0.28697658
    5.5455455     0.60588161     0.31228375
    5.5855856     0.39278647     0.35455195
    5.6256256     0.27946571     0.33218108
    5.6656657     0.23567973     0.23677305
    5.7057057     0.21420722     0.13111061
    5.7457458     0.21217845     0.07197731
    5.7857858     0.23791954     0.06672530
    5.8258258     0.26765385     0.08985301
    5.8658659     0.26368033     0.11054883
    5.9059059     0.22261672     0.11075263
    5.9459459     0.17309381     0.09178450
    5.9859860     0.13416747     0.06623571
    6.0260260     0.10564726     0.04556258
    6.0660661     0.08631479     0.03698848
    6.1061061     0.07888433     0.05327135
    6.1461461     0.09036130     0.12290701
    6.1861862     0.14061473     0.26920898
    6.2262262     0.24851013     0.45369849
    6.2662663     0.38596013     0.56630617
    6.3063063     0.47127967     0.53082750
    6.3463464     0.44935727     0.40224758
    6.3863864     0.35497242     0.30080578
    6.4264264     0.26255538     0.28076526
    6.4664665     0.21107722     0.31188695
    6.5065065     0.19601109     0.34971065
    6.5465466     0.19270882     0.37030574
    6.5865866     0.18247996     0.35183098
    6.6266266     0.17660663     0.27993998
    6.6666667     0.20626096     0.18165325
    6.7067067     0.28378074     0.11202327
    6.7467467     0.37651766     0.09940866
    6.7867868     0.41402124     0.12275586
    6.8268268     0.34355958     0.14045483
    6.8668669     0.19592926     0.13548534
    6.9069069     0.06177513     0.12834517
    6.9469470    -0.00334446     0.14851345
    6.9869870    -0.01152560     0.21790548
    7.0270270     0.00976618     0.36114952
    7.0670671     0.06779506     0.57271910
    7.1071071     0.20628000     0.75319376
    7.1471472     0.45286774     0.76143633
    7.1871872     0.73474782     0.57459365
    7.2272272     0.87848795     0.32158165
    7.2672673     0.77151654     0.13680956
    7.3073073     0.49735706     0.05271304
    7.3473473     0.23811321     0.03256572
    7.3873874     0.09299974     0.04062284
    7.4274274     0.04873273     0.07256268
    7.4674675     0.06405956     0.15088395
    7.5075075     0.12181290     0.29180598
    7.5475475     0.21115387     0.45641629
    7.5875876     0.29664798     0.55448588
    7.6276276     0.33974325     0.53835333
    7.6676677     0.34768203     0.46199614
    7.7077077     0.35977253     0.39842618
    7.7477478     0.38344221     0.35287624
    7.7877878     0.38314723     0.30328989
    7.8278278     0.33762105     0.25744666
    7.8678679     0.27364414     0.22540471
    7.9079079     0.22544994     0.18743104
    7.9479479     0.19121933     0.12626213
    7.9879880     0.15489057     0.06207793
    8.0280280     0.12300153     0.02831873
    8.0680681     0.11635522     0.03159362
    8.1081081     0.14161651     0.05270855
    8.1481482     0.17968646     0.07295567
    8.1881882     0.19511226     0.09071903
    8.2282282     0.16589603     0.11791616
    8.2682683     0.10842018     0.16042065
    8.3083083     0.06135876     0.20337048
    8.3483484     0.05016287     0.22162215
    8.3883884     0.07521990     0.20283927
    8.4284284     0.12005445     0.15655817
    8.4684685     0.16091625     0.10579755
    8.5085085     0.17830120     0.07294542
    8.5485485     0.17008017     0.06767406
    8.5885886     0.15246905     0.08292731
    8.6286286     0.14223095     0.10072405
    8.6686687     0.14028387     0.10424636
    8.7087087     0.13746150     0.09267996
    8.7487488     0.12985064     0.08537645
    8.7887888     0.12030703     0.10180429
    8.8288288     0.11046222     0.13555590
    8.8688689     0.10269301     0.15768769
    8.9089089     0.10589542     0.15161179
    8.9489490     0.12525289     0.13572272
    8.9889890     0.14971731     0.13823007
    9.0290290     0.16263146     0.15687383
    9.0690691     0.16017169     0.16311752
    9.1091091     0.14983212     0.14087061
    9.1491491     0.13802569     0.09739779
    9.1891892     0.12461885     0.04150775
    9.2292292     0.10091157    -0.02152294
    9.2692693     0.05445524    -0.07500187
    9.3093093    -0.01027203    -0.09560136
    9.3493494    -0.06137331    -0.07881985
    9.3893894    -0.06892121    -0.04468714
    9.4294294    -0.03890726    -0.01293188
    9.4694695    -0.00110683     0.01834959
    9.5095095     0.02906045     0.06721891
    9.5495496     0.06388847     0.14151593
    9.5895896     0.11969485     0.21496637
    9.6296296     0.18305661     0.24350820
    9.6696697     0.21149476     0.21676950
    9.7097097     0.18026718     0.16977217
    9.7497497     0.11491018     0.13376759
    9.7897898     0.06199356     0.10798898
    9.8298298     0.04331203     0.08698626
    9.8698699     0.04801661     0.08173594
    9.9099099     0.05513823     0.10134562
    9.9499500     0.05775616     0.13355578
    9.9899900     0.06553453     0.15571744
   10.0300300     0.08240367     0.15729687
   10.0700701     0.09490455     0.14326152
   10.1101101     0.09420285     0.12409639
   10.1501502     0.09595113     0.11169852
   10.1901902     0.12278997     0.11602920
   10.2302302     0.17455337     0.13516932
   10.2702703     0.22858733     0.15106127
   10.3103103     0.26456402     0.14327707
   10.3503504     0.27603993     0.10898075
   10.3903904     0.26191883     0.06483395
   10.4304304     0.21809421     0.02970493
   10.4704705     0.13801179     0.01034699
   10.5105105     0.03050688     0.00270973
   10.5505506    -0.06173696     0.00052960
   10.5905906    -0.09251233     0.00007907
   10.6306306    -0.06524072    -0.00000543
   10.6706707    -0.02455721    -0.00020935
   10.7107107    -0.00197691    -0.00122002
   10.7507508     0.00323147    -0.00427562
   10.7907908     0.00320044    -0.00991812
   10.8308308     0.00545524    -0.01564878
   10.8708709     0.01293288    -0.01636838
   10.9109109     0.02608951    -0.00848359
   10.9509510     0.04083347     0.00772511
   10.9909910     0.04705905     0.02690813
   11.0310310     0.03449890     0.03513021
   11.0710711     0.00142417     0.01776729
   11.1111111    -0.04670896    -0.01655042
   11.1511512    -0.10134812    -0.03541349
   11.1911912    -0.14265346    -0.02122605
   11.2312312    -0.14217246     0.01143860
   11.2712713    -0.09286634     0.04756132
   11.3113113    -0.02091041     0.09165106
   11.3513514     0.04399585     0.14434406
   11.3913914     0.09187977     0.18614596
   11.4314314     0.12455384     0.20212781
   11.4714715     0.14345313     0.20110703
   11.5115115     0.14737335     0.19074904
   11.5515516     0.13292317     0.15965861
   11.5915916     0.09870530     0.10578224
   11.6316316     0.05248007     0.05529450
   11.6716717     0.00896250     0.03585658
   11.7117117    -0.01891476     0.05071941
   11.7517518    -0.02183655     0.08589650
   11.7917918     0.00720147     0.13130500
   11.8318318     0.06808608     0.18724464
   11.8718719     0.14413909     0.24565245
   11.9119119     0.20177849     0.27832102
   11.9519520     0.21349733     0.26273813
   11.9919920     0.18668958     0.20745806
   12.0320320     0.16262117     0.14059364
   12.0720721     0.18044664     0.08808067
   12.1121121     0.23429942     0.06294851
   12.1521522     0.27031190     0.06104729
   12.1921922     0.24586933     0.06851769
   12.2322322     0.18231829     0.07755088
   12.2722723     0.13355358     0.08795629
   12.3123123     0.11975825     0.09466744
   12.3523524     0.11812542     0.08810773
   12.3923924     0.10394363     0.06995625
   12.4324324     0.07770491     0.06050656
   12.4724725     0.05396544     0.09033897
   12.5125125     0.04136701     0.18141750
   12.5525526     0.04514424     0.31812251
   12.5925926     0.08288878     0.43306493
   12.6326326     0.17978270     0.45087296
   12.6726727     0.32862569     0.36430637
   12.7127127     0.45560166     0.24458823
   12.7527528     0.46589400     0.16416886
   12.7927928     0.34539346     0.13351622
   12.8328328     0.17912108     0.12002104
   12.8728729     0.05735446     0.09840831
   12.9129129     0.00364011     0.06774711
   12.9529530    -0.00749634     0.03878300
   12.9929930    -0.00477173     0.02121143
   13.0330330    -0.00110816     0.01971953
   13.0730731     0.00265063     0.03420598
   13.1131131     0.01124039     0.05861205
   13.1531532     0.03170268     0.07842544
   13.1931932     0.06845321     0.07327811
   13.2332332     0.11513761     0.02761793
   13.2732733     0.14956798    -0.05238068
   13.3133133     0.13845941    -0.12652894
   13.3533534     0.05984718    -0.13900646
   13.3933934    -0.05888425    -0.06255713
   13.4334334    -0.13344001     0.08207830
   13.4734735    -0.09046503     0.24098132
   13.5135135     0.04897931     0.35048193
   13.5535536     0.18351261     0.37802465
   13.5935936     0.23933402     0.35357820
   13.6336336     0.23815431     0.33151041
   13.6736737     0.24145065     0.32785696
   13.7137137     0.25930071     0.32144525
   13.7537538     0.25618840     0.29660263
   13.7937938     0.22677994     0.26222320
   13.8338338     0.21016598     0.24310304
   13.8738739     0.22942638     0.25492003
   13.9139139     0.26279391     0.27611295
   13.9539540     0.28507306     0.26154483
   13.9939940     0.30500524     0.19667086
   14.0340340     0.33602031     0.11455078
   14.0740741     0.35156022     0.05368438
   14.1141141     0.31051220     0.02540165
   14.1541542     0.21668914     0.02485648
   14.1941942     0.11650830     0.05147060
   14.2342342     0.04753186     0.10650068
   14.2742743     0.01460709     0.17202592
   14.3143143     0.00658798     0.20817339
   14.3543544     0.01824150     0.19055321
   14.3943944     0.05683702     0.14486150
   14.4344344     0.12989475     0.12692174
   14.4744745     0.22163837     0.16599424
   14.5145145     0.28887817     0.22840084
   14.5545546     0.29567615     0.24516183
   14.5945946     0.24624742     0.19283373
   14.6346346     0.17128525     0.12958151
   14.6746747     0.09400053     0.12199999
   14.7147147     0.02405159     0.16103353
   14.7547548    -0.02508478     0.18365529
   14.7947948    -0.03489121     0.15421992
   14.8348348    -0.00675969     0.09307282
   14.8748749     0.02717897     0.04313707
   14.9149149     0.03423040     0.03316567
   14.9549550     0.01457989     0.06076375
   14.9949950    -0.00660012     0.09493835
   15.0350350    -0.01107967     0.10228823
   15.0750751     0.00145097     0.07724241
   15.1151151     0.02569137     0.04081485
   15.1551552     0.05709569     0.01332553
   15.1951952     0.08948638     0.00164202
   15.2352352     0.12192860     0.01121075
   15.2752753     0.16313015     0.05402237
   15.3153153     0.21061846     0.13085508
   15.3553554     0.23546784     0.20840016
   15.3953954     0.21279338     0.23827764
   15.4354354     0.16006262     0.21272051
   15.4754755     0.12568537     0.17750567
   15.5155155     0.14147352     0.17188248
   15.5555556     0.19185099     0.18028042
   15.5955956     0.23197184     0.16442306
   15.6356356     0.23426539     0.12156891
   15.6756757     0.20714488     0.08401499
   15.7157157     0.17413083     0.07295838
   15.7557558     0.15069920     0.07811332
   15.7957958     0.13710532     0.08152124
   15.8358358     0.12302818     0.08412033
   15.8758759     0.09974454     0.09888961
   15.9159159     0.07116660     0.12256555
   15.9559560     0.05304174     0.12993645
   15.9959960     0.06160592     0.10545568
   16.0360360     0.10119584     0.06812388
   16.0760761     0.15652996     0.05066964
   16.1161161     0.19662912     0.06197271
   16.1561562     0.19427107     0.08321796
   16.1961962     0.14739917     0.10112425
   16.2362362     0.08280820     0.13467989
   16.2762763     0.03915408     0.21378131
   16.3163163     0.04238940     0.32833099
   16.3563564     0.09133441     0.41669535
   16.3963964     0.16658253     0.41804661
   16.4364364     0.24956168     0.33125687
   16.4764765     0.31999736     0.21647725
   16.5165165     0.34370351     0.13821825
   16.5565566     0.29624285     0.11085235
   16.5965966     0.19932746     0.10292631
   16.6366366     0.10550453     0.08410376
   16.6766767     0.05029806     0.05379776
   16.7167167     0.03772054     0.02887462
   16.7567568     0.05897362     0.02206765
   16.7967968     0.09988951     0.03595755
   16.8368368     0.13336455     0.06282735
   16.8768769     0.13128636     0.08458177
   16.9169169     0.09294344     0.08641376
   16.9569570     0.04532572     0.08061367
   16.9969970     0.01412649     0.11261044
   17.0370370     0.00948886     0.23189227
   17.0770771     0.03606998     0.43053311
   17.1171171     0.09786426     0.60223359
   17.1571572     0.18337066     0.61941769
   17.1971972     0.25605515     0.48142266
   17.2372372     0.27946880     0.32361890
   17.2772773     0.25602854     0.26416015
   17.3173173     0.23476098     0.29848036
   17.3573574     0.27751041     0.33895434
   17.3973974     0.39844299     0.31446223
   17.4374374     0.52496409     0.22774090
   17.4774775     0.54969562     0.13491248
   17.5175175     0.44023843     0.09104811
   17.5575576     0.26810674     0.11981330
   17.5975976     0.12542111     0.20704846
   17.6376376     0.05026325     0.30392405
   17.6776777     0.03312168     0.35795551
   17.7177177     0.05666244     0.35401932
   17.7577578     0.11212960     0.30974529
   17.7977978     0.18751710     0.24623541
   17.8378378     0.25323220     0.18546224
   17.8778779     0.27847423     0.14640404
   17.9179179     0.27256214     0.12408122
   17.9579580     0.28312204     0.09816810
   17.9979980     0.33010010     0.06471843
   18.0380380     0.36966180     0.03696754
   18.0780781     0.34674042     0.02233566
   18.1181181     0.25840506     0.01788231
   18.1581582     0.14867321     0.02470445
   18.1981982     0.06140440     0.05603339
   18.2382382     0.01501062     0.12449912
   18.2782783     0.01369550     0.21345031
   18.3183183     0.05907309     0.27035409
   18.3583584     0.13653381     0.25723975
   18.3983984     0.20540268     0.20531724
   18.4384384     0.22916548     0.18785555
   18.4784785     0.21878464     0.23820428
   18.5185185     0.22654096     0.31527122
   18.5585586     0.28310330     0.35063893
   18.5985986     0.35092896     0.31449222
   18.6386386     0.36038872     0.22911884
   18.6786787     0.28788502     0.13645705
   18.7187187     0.17634602     0.06797792
   18.7587588     0.08371387     0.03545230
   18.7987988     0.03568258     0.03549764
   18.8388388     0.02671544     0.05512152
   18.8788789     0.04111690     0.07391104
   18.9189189     0.06189770     0.07373782
   18.9589590     0.07268331     0.05409546
   18.9989990     0.06588516     0.03186401
   19.0390390     0.04938763     0.02653742
   19.0790791     0.03968135     0.05288727
   19.1191191     0.04767615     0.11802107
   19.1591592     0.07200405     0.20543808
   19.1991992     0.10295681     0.26404110
   19.2392392     0.12727757     0.23889791
   19.2792793     0.12890051     0.12732016
   19.3193193     0.09668738    -0.00600947
   19.3593594     0.04244405    -0.08099076
   19.3993994     0.00312785    -0.07013634
   19.4394394     0.00734300    -0.01199337
   19.4794795     0.04164782     0.04222356
   19.5195195     0.07047474     0.08626769
   19.5595596     0.08156857     0.15855619
   19.5995996     0.08456197     0.28664826
   19.6396396     0.08494140     0.43038387
   19.6796797     0.09425909     0.49477374
   19.7197197     0.14643169     0.42718096
   19.7597598     0.26540986     0.28389240
   19.7997998     0.41043207     0.16536561
   19.8398398     0.48532167     0.11186947
   19.8798799     0.43599361     0.09379869
   19.9199199     0.31211311     0.07571839
   19.9599600     0.19743690     0.05653792
   20.0000000     0.12193146     0.05538377
