#
#   partial DOS for atom species: Mn
#
#   Add data for atom_index =   5,  n,l,m,z=  4  0  0  1
#   Add data for atom_index =   5,  n,l,m,z=  4  0  0  2
#   Add data for atom_index =   5,  n,l,m,z=  4  0  0  3
#   Add data for atom_index =   6,  n,l,m,z=  4  0  0  1
#   Add data for atom_index =   6,  n,l,m,z=  4  0  0  2
#   Add data for atom_index =   6,  n,l,m,z=  4  0  0  3
#   Add data for atom_index =   7,  n,l,m,z=  4  0  0  1
#   Add data for atom_index =   7,  n,l,m,z=  4  0  0  2
#   Add data for atom_index =   7,  n,l,m,z=  4  0  0  3
#   Add data for atom_index =   8,  n,l,m,z=  4  0  0  1
#   Add data for atom_index =   8,  n,l,m,z=  4  0  0  2
#   Add data for atom_index =   8,  n,l,m,z=  4  0  0  3
#
#    Energy          spin 1        spin2
#
  -20.0000000     0.00000000     0.00000000
  -19.9599600     0.00000000     0.00000000
  -19.9199199     0.00000000     0.00000000
  -19.8798799     0.00000000     0.00000000
  -19.8398398     0.00000000     0.00000000
  -19.7997998     0.00000000     0.00000000
  -19.7597598     0.00000000     0.00000000
  -19.7197197     0.00000000     0.00000000
  -19.6796797     0.00000000     0.00000000
  -19.6396396     0.00000000     0.00000000
  -19.5995996     0.00000000     0.00000000
  -19.5595596     0.00000000     0.00000000
  -19.5195195     0.00000000     0.00000000
  -19.4794795     0.00000000     0.00000000
  -19.4394394     0.00000000     0.00000000
  -19.3993994     0.00000000     0.00000000
  -19.3593594     0.00000000     0.00000000
  -19.3193193     0.00000000     0.00000000
  -19.2792793     0.00000000     0.00000000
  -19.2392392     0.00000000     0.00000000
  -19.1991992     0.00000000     0.00000000
  -19.1591592     0.00000000     0.00000000
  -19.1191191     0.00000000     0.00000000
  -19.0790791     0.00000000     0.00000000
  -19.0390390     0.00000000     0.00000000
  -18.9989990     0.00000000     0.00000000
  -18.9589590     0.00000000     0.00000000
  -18.9189189     0.00000000     0.00000000
  -18.8788789     0.00000000    -0.00000000
  -18.8388388    -0.00000000    -0.00000000
  -18.7987988    -0.00000003    -0.00000009
  -18.7587588    -0.00000049    -0.00000139
  -18.7187187    -0.00000626    -0.00001591
  -18.6786787    -0.00005912    -0.00013413
  -18.6386386    -0.00041115    -0.00083248
  -18.5985986    -0.00211478    -0.00381246
  -18.5585586    -0.00807501    -0.01290802
  -18.5185185    -0.02296485    -0.03235642
  -18.4784785    -0.04875441    -0.06009143
  -18.4384384    -0.07732893    -0.08267170
  -18.3983984    -0.09155502    -0.08417433
  -18.3583584    -0.08072974    -0.06332504
  -18.3183183    -0.05283954    -0.03512730
  -18.2782783    -0.02557568    -0.01433505
  -18.2382382    -0.00912062    -0.00429393
  -18.1981982    -0.00238834    -0.00094210
  -18.1581582    -0.00045795    -0.00015112
  -18.1181181    -0.00006416    -0.00001776
  -18.0780781    -0.00000672    -0.00000249
  -18.0380380    -0.00000273    -0.00001128
  -17.9979980    -0.00002151    -0.00009360
  -17.9579580    -0.00014841    -0.00056732
  -17.9179179    -0.00072204    -0.00245242
  -17.8778779    -0.00232010    -0.00727340
  -17.8378378    -0.00386068    -0.01316986
  -17.7977978     0.00331680    -0.00668013
  -17.7577578     0.03935003     0.03611639
  -17.7177177     0.11950096     0.12136414
  -17.6776777     0.21985746     0.20771322
  -17.6376376     0.27723293     0.23370146
  -17.5975976     0.25000282     0.18468867
  -17.5575576     0.16440415     0.10519761
  -17.5175175     0.08010239     0.04370426
  -17.4774775     0.03118705     0.01341563
  -17.4374374     0.01567684     0.00356435
  -17.3973974     0.01830288     0.00262541
  -17.3573574     0.02438760     0.00558804
  -17.3173173     0.02161671     0.00996974
  -17.2772773     0.00318630     0.01115932
  -17.2372372    -0.02720843     0.00273322
  -17.1971972    -0.05472346    -0.01733807
  -17.1571572    -0.06115299    -0.03948834
  -17.1171171    -0.03835016    -0.04458083
  -17.0770771     0.00589366    -0.02123255
  -17.0370370     0.05317173     0.01738712
  -16.9969970     0.08207821     0.04333753
  -16.9569570     0.08000366     0.04280049
  -16.9169169     0.05480738     0.02633082
  -16.8768769     0.02723780     0.01087800
  -16.8368368     0.01141364     0.00304839
  -16.7967968     0.00947275     0.00060868
  -16.7567568     0.01941139     0.00031234
  -16.7167167     0.03772019     0.00089323
  -16.6766767     0.05387294     0.00206394
  -16.6366366     0.05027015     0.00201987
  -16.5965966     0.01748180    -0.00528339
  -16.5565566    -0.02906617    -0.02799019
  -16.5165165    -0.05860534    -0.06483874
  -16.4764765    -0.05634000    -0.09663310
  -16.4364364    -0.03520598    -0.10073297
  -16.3963964    -0.01533695    -0.07587246
  -16.3563564    -0.00477844    -0.04198881
  -16.3163163    -0.00107871    -0.01724628
  -16.2762763    -0.00019046    -0.00528984
  -16.2362362    -0.00013132    -0.00121693
  -16.1961962    -0.00066145    -0.00022949
  -16.1561562    -0.00287829    -0.00019734
  -16.1161161    -0.00917834    -0.00103816
  -16.0760761    -0.02162434    -0.00458315
  -16.0360360    -0.03863393    -0.01484727
  -15.9959960    -0.05521620    -0.03561124
  -15.9559560    -0.06824515    -0.06475834
  -15.9159159    -0.07664105    -0.09320765
  -15.8758759    -0.07545906    -0.11234321
  -15.8358358    -0.05947953    -0.11743117
  -15.7957958    -0.03331783    -0.10429506
  -15.7557558    -0.00881573    -0.07442107
  -15.7157157     0.00602787    -0.04076608
  -15.6756757     0.01115457    -0.01665299
  -15.6356356     0.01234512    -0.00287529
  -15.5955956     0.01765695     0.00907820
  -15.5555556     0.03229084     0.02631163
  -15.5155155     0.05415069     0.04737703
  -15.4754755     0.07432016     0.06216288
  -15.4354354     0.08376667     0.06184658
  -15.3953954     0.08170943     0.05083250
  -15.3553554     0.07641108     0.04352452
  -15.3153153     0.07517390     0.04723946
  -15.2752753     0.07538219     0.05365607
  -15.2352352     0.06895484     0.05022227
  -15.1951952     0.05216014     0.03450541
  -15.1551552     0.02436186     0.00997726
  -15.1151151    -0.02165658    -0.02949478
  -15.0750751    -0.09843119    -0.09801880
  -15.0350350    -0.20201876    -0.19072580
  -14.9949950    -0.29276931    -0.26723479
  -14.9549550    -0.31806875    -0.28337207
  -14.9149149    -0.26478106    -0.23744507
  -14.8748749    -0.17376027    -0.16582135
  -14.8348348    -0.09845375    -0.10283115
  -14.7947948    -0.06520237    -0.06335778
  -14.7547548    -0.07040370    -0.05086652
  -14.7147147    -0.09411909    -0.06526552
  -14.6746747    -0.11146241    -0.10393976
  -14.6346346    -0.10495655    -0.15437075
  -14.5945946    -0.07583308    -0.18757388
  -14.5545546    -0.04100943    -0.17656835
  -14.5145145    -0.01659870    -0.12664815
  -14.4744745    -0.00838289    -0.07062530
  -14.4344344    -0.01804857    -0.03552413
  -14.3943944    -0.05090710    -0.02977374
  -14.3543544    -0.11082329    -0.05423504
  -14.3143143    -0.18652279    -0.10413528
  -14.2742743    -0.24873145    -0.15865991
  -14.2342342    -0.26926155    -0.18704181
  -14.1941942    -0.24564379    -0.17756815
  -14.1541542    -0.20158455    -0.15173001
  -14.1141141    -0.16021259    -0.13953075
  -14.0740741    -0.12564008    -0.14944100
  -14.0340340    -0.09253881    -0.16837425
  -13.9939940    -0.06016865    -0.17654751
  -13.9539540    -0.03331310    -0.15822608
  -13.9139139    -0.01775774    -0.11420629
  -13.8738739    -0.01855913    -0.06538576
  -13.8338338    -0.04011312    -0.03606445
  -13.7937938    -0.08021262    -0.03877743
  -13.7537538    -0.12015101    -0.07309340
  -13.7137137    -0.13223632    -0.12443778
  -13.6736737    -0.10729755    -0.16572000
  -13.6336336    -0.06537999    -0.17460181
  -13.5935936    -0.03293468    -0.14889488
  -13.5535536    -0.01972652    -0.10086567
  -13.5135135    -0.02104693    -0.04508944
  -13.4734735    -0.03043724     0.00509817
  -13.4334334    -0.04229852     0.03710781
  -13.3933934    -0.04868554     0.04210913
  -13.3533534    -0.04322151     0.02171884
  -13.3133133    -0.02831565    -0.01082252
  -13.2732733    -0.01441995    -0.03883131
  -13.2332332    -0.01175466    -0.05219743
  -13.1931932    -0.02240392    -0.05301126
  -13.1531532    -0.03889445    -0.05136633
  -13.1131131    -0.05090145    -0.05286402
  -13.0730731    -0.05345977    -0.05427340
  -13.0330330    -0.04689509    -0.05303838
  -12.9929930    -0.03022922    -0.05314959
  -12.9529530    -0.00276369    -0.05792275
  -12.9129129     0.02503116    -0.06316706
  -12.8728729     0.03310906    -0.06171738
  -12.8328328     0.01016743    -0.05142469
  -12.7927928    -0.03464943    -0.03748565
  -12.7527528    -0.07644402    -0.03191985
  -12.7127127    -0.09101077    -0.04787890
  -12.6726727    -0.07678131    -0.08240380
  -12.6326326    -0.05917488    -0.10918278
  -12.5925926    -0.06443165    -0.10609657
  -12.5525526    -0.09121318    -0.08488643
  -12.5125125    -0.11303479    -0.07657716
  -12.4724725    -0.10662959    -0.09369520
  -12.4324324    -0.07347614    -0.11935576
  -12.3923924    -0.03771799    -0.12970907
  -12.3523524    -0.02708999    -0.11690327
  -12.3123123    -0.04786031    -0.08838035
  -12.2722723    -0.07689581    -0.05521229
  -12.2322322    -0.08533633    -0.02834690
  -12.1921922    -0.06670528    -0.01781805
  -12.1521522    -0.03685916    -0.02799125
  -12.1121121    -0.01437145    -0.05475321
  -12.0720721    -0.00791594    -0.08763104
  -12.0320320    -0.01496095    -0.11205878
  -11.9919920    -0.02469007    -0.11509414
  -11.9519520    -0.02584960    -0.09711667
  -11.9119119    -0.01656170    -0.07230499
  -11.8718719    -0.00608117    -0.05292877
  -11.8318318    -0.00521840    -0.04143858
  -11.7917918    -0.01439568    -0.03725488
  -11.7517518    -0.02399066    -0.03908298
  -11.7117117    -0.02831271    -0.04107745
  -11.6716717    -0.03402497    -0.03790713
  -11.6316316    -0.05054643    -0.03326609
  -11.5915916    -0.07573177    -0.03497137
  -11.5515516    -0.09708220    -0.04276410
  -11.5115115    -0.10829849    -0.04788446
  -11.4714715    -0.11789497    -0.04547389
  -11.4314314    -0.13572738    -0.04329637
  -11.3913914    -0.15652114    -0.05504254
  -11.3513514    -0.16306395    -0.08442693
  -11.3113113    -0.14295059    -0.11845041
  -11.2712713    -0.10097932    -0.14017643
  -11.2312312    -0.05786523    -0.14537754
  -11.1911912    -0.03599032    -0.14021169
  -11.1511512    -0.04527775    -0.12853353
  -11.1111111    -0.08073479    -0.11198686
  -11.0710711    -0.12649375    -0.09622296
  -11.0310310    -0.16000907    -0.08572385
  -10.9909910    -0.16391764    -0.07756590
  -10.9509510    -0.14212250    -0.06892080
  -10.9109109    -0.11490215    -0.06451008
  -10.8708709    -0.09510822    -0.07057016
  -10.8308308    -0.08070633    -0.08886999
  -10.7907908    -0.06833868    -0.11779995
  -10.7507508    -0.06037246    -0.14944138
  -10.7107107    -0.05897657    -0.16726074
  -10.6706707    -0.06116532    -0.15750306
  -10.6306306    -0.06090731    -0.12472667
  -10.5905906    -0.05502098    -0.09014754
  -10.5505506    -0.04558831    -0.07072737
  -10.5105105    -0.03618042    -0.06486733
  -10.4704705    -0.02912502    -0.06367952
  -10.4304304    -0.02676017    -0.06695078
  -10.3903904    -0.03038651    -0.07775471
  -10.3503504    -0.03663921    -0.08940512
  -10.3103103    -0.03898397    -0.09056506
  -10.2702703    -0.03493915    -0.07968312
  -10.2302302    -0.02906687    -0.06482552
  -10.1901902    -0.02676652    -0.05257462
  -10.1501502    -0.02789004    -0.04348147
  -10.1101101    -0.02877000    -0.03556252
  -10.0700701    -0.02729234    -0.02860606
  -10.0300300    -0.02337305    -0.02547574
   -9.9899900    -0.01769226    -0.02941805
   -9.9499500    -0.01244709    -0.03978973
   -9.9099099    -0.01116570    -0.05058797
   -9.8698699    -0.01571934    -0.05415278
   -9.8298298    -0.02381827    -0.04849566
   -9.7897898    -0.03019129    -0.04042221
   -9.7497497    -0.03082702    -0.03818444
   -9.7097097    -0.02664191    -0.04207621
   -9.6696697    -0.02219365    -0.04573557
   -9.6296296    -0.02020217    -0.04499518
   -9.5895896    -0.01927653    -0.04125022
   -9.5495496    -0.01748273    -0.03739173
   -9.5095095    -0.01548768    -0.03492858
   -9.4694695    -0.01529178    -0.03482505
   -9.4294294    -0.01733116    -0.03718596
   -9.3893894    -0.01946432    -0.03925919
   -9.3493494    -0.01838366    -0.03682200
   -9.3093093    -0.01217466    -0.02937451
   -9.2692693    -0.00228989    -0.02161178
   -9.2292292     0.00697284    -0.01787271
   -9.1891892     0.01152141    -0.01746813
   -9.1491491     0.01027799    -0.01684285
   -9.1091091     0.00510927    -0.01385817
   -9.0690691    -0.00159575    -0.00895753
   -9.0290290    -0.00838157    -0.00409982
   -8.9889890    -0.01373335    -0.00128617
   -8.9489490    -0.01543276    -0.00132135
   -8.9089089    -0.01218410    -0.00345642
   -8.8688689    -0.00502267    -0.00591385
   -8.8288288     0.00352368    -0.00709316
   -8.7887888     0.01087570    -0.00681141
   -8.7487488     0.01511375    -0.00621994
   -8.7087087     0.01575469    -0.00635507
   -8.6686687     0.01405255    -0.00684172
   -8.6286286     0.01133796    -0.00617277
   -8.5885886     0.00764919    -0.00334998
   -8.5485485     0.00334284     0.00123593
   -8.5085085     0.00034780     0.00654772
   -8.4684685     0.00002401     0.01155084
   -8.4284284     0.00132165     0.01492825
   -8.3883884     0.00207457     0.01522175
   -8.3483484     0.00107695     0.01195810
   -8.3083083    -0.00113675     0.00603396
   -8.2682683    -0.00308308    -0.00130604
   -8.2282282    -0.00394635    -0.00911582
   -8.1881882    -0.00405284    -0.01649145
   -8.1481482    -0.00392416    -0.02222750
   -8.1081081    -0.00392968    -0.02469927
   -8.0680681    -0.00484706    -0.02317600
   -8.0280280    -0.00750127    -0.01939757
   -7.9879880    -0.01139871    -0.01551449
   -7.9479479    -0.01458241    -0.01088506
   -7.9079079    -0.01570370    -0.00379648
   -7.8678679    -0.01582788     0.00464968
   -7.8278278    -0.01706186     0.01134859
   -7.7877878    -0.01987088     0.01477378
   -7.7477478    -0.02309820     0.01531656
   -7.7077077    -0.02568838     0.01352559
   -7.6676677    -0.02696112     0.01016487
   -7.6276276    -0.02641558     0.00677075
   -7.5875876    -0.02431033     0.00427187
   -7.5475475    -0.02135368     0.00168758
   -7.5075075    -0.01772632    -0.00214616
   -7.4674675    -0.01350932    -0.00598367
   -7.4274274    -0.00975983    -0.00732406
   -7.3873874    -0.00818121    -0.00584692
   -7.3473473    -0.00963292    -0.00357795
   -7.3073073    -0.01315682    -0.00218461
   -7.2672673    -0.01635786    -0.00171943
   -7.2272272    -0.01690410    -0.00102278
   -7.1871872    -0.01454450     0.00142733
   -7.1471472    -0.01184627     0.00561304
   -7.1071071    -0.01158053     0.00894591
   -7.0670671    -0.01320525     0.00889402
   -7.0270270    -0.01365347     0.00599386
   -6.9869870    -0.01117098     0.00286230
   -6.9469470    -0.00658655     0.00155577
   -6.9069069    -0.00204036     0.00272175
   -6.8668669     0.00009990     0.00561785
   -6.8268268    -0.00125399     0.00825951
   -6.7867868    -0.00454721     0.00883336
   -6.7467467    -0.00720016     0.00732274
   -6.7067067    -0.00890422     0.00503776
   -6.6666667    -0.01171159     0.00294073
   -6.6266266    -0.01638605     0.00119021
   -6.5865866    -0.02058914    -0.00022129
   -6.5465466    -0.02179243    -0.00109076
   -6.5065065    -0.01984218    -0.00109963
   -6.4664665    -0.01544098    -0.00036541
   -6.4264264    -0.00847076    -0.00003107
   -6.3863864     0.00122732    -0.00132389
   -6.3463464     0.01281815    -0.00375818
   -6.3063063     0.02377641    -0.00583314
   -6.2662663     0.02984487    -0.00742027
   -6.2262262     0.02780668    -0.00927944
   -6.1861862     0.01906261    -0.01071143
   -6.1461461     0.00897078    -0.01032859
   -6.1061061     0.00254820    -0.00874553
   -6.0660661     0.00161061    -0.00804834
   -6.0260260     0.00527496    -0.00849730
   -5.9859860     0.01147398    -0.00772409
   -5.9459459     0.01717272    -0.00424681
   -5.9059059     0.01870117    -0.00004394
   -5.8658659     0.01444874     0.00246709
   -5.8258258     0.00693279     0.00411410
   -5.7857858     0.00040102     0.00685435
   -5.7457458    -0.00304894     0.00980975
   -5.7057057    -0.00397142     0.01033107
   -5.6656657    -0.00333233     0.00768271
   -5.6256256    -0.00126741     0.00311907
   -5.5855856     0.00202028    -0.00241126
   -5.5455455     0.00540035    -0.00832139
   -5.5055055     0.00735453    -0.01330528
   -5.4654655     0.00666523    -0.01588596
   -5.4254254     0.00280488    -0.01564179
   -5.3853854    -0.00332373    -0.01345712
   -5.3453453    -0.00965955    -0.01043004
   -5.3053053    -0.01470262    -0.00650946
   -5.2652653    -0.01801259    -0.00103164
   -5.2252252    -0.01901083     0.00512354
   -5.1851852    -0.01693094     0.00888940
   -5.1451452    -0.01248468     0.00749732
   -5.1051051    -0.00828160     0.00184711
   -5.0650651    -0.00681891    -0.00384427
   -5.0250250    -0.00845604    -0.00662338
   -4.9849850    -0.01124059    -0.00773037
   -4.9449449    -0.01231782    -0.01060611
   -4.9049049    -0.01013292    -0.01677809
   -4.8648649    -0.00580457    -0.02338071
   -4.8248248    -0.00188757    -0.02505136
   -4.7847848     0.00001594    -0.01909410
   -4.7447447    -0.00014612    -0.00808688
   -4.7047047    -0.00167214     0.00272636
   -4.6646647    -0.00340691     0.00940936
   -4.6246246    -0.00382453     0.01105239
   -4.5845846    -0.00202905     0.00940633
   -4.5445445     0.00099118     0.00746000
   -4.5045045     0.00290881     0.00750351
   -4.4644645     0.00241172     0.00987990
   -4.4244244     0.00039935     0.01303347
   -4.3843844    -0.00138019     0.01445007
   -4.3443443    -0.00205471     0.01258274
   -4.3043043    -0.00189976     0.00847605
   -4.2642643    -0.00133414     0.00474735
   -4.2242242     0.00003623     0.00296816
   -4.1841842     0.00211846     0.00277790
   -4.1441441     0.00196686     0.00330360
   -4.1041041    -0.00451468     0.00448148
   -4.0640641    -0.01690246     0.00655564
   -4.0240240    -0.02831766     0.00871776
   -3.9839840    -0.03167074     0.00926227
   -3.9439439    -0.02732175     0.00751087
   -3.9039039    -0.02210257     0.00485391
   -3.8638639    -0.02119852     0.00335094
   -3.8238238    -0.02396494     0.00330666
   -3.7837838    -0.02748156     0.00253447
   -3.7437437    -0.03033852    -0.00146265
   -3.7037037    -0.03180936    -0.00923831
   -3.6636637    -0.03091199    -0.01958540
   -3.6236236    -0.02778690    -0.02981384
   -3.5835836    -0.02361787    -0.03570261
   -3.5435435    -0.01916482    -0.03447943
   -3.5035035    -0.01506860    -0.02839275
   -3.4634635    -0.01238835    -0.02278264
   -3.4234234    -0.01124577    -0.02044628
   -3.3833834    -0.01013701    -0.01946503
   -3.3433433    -0.00802744    -0.01672798
   -3.3033033    -0.00661224    -0.01240912
   -3.2632633    -0.00977621    -0.00994888
   -3.2232232    -0.02076034    -0.01255739
   -3.1831832    -0.03841001    -0.02062729
   -3.1431431    -0.05510440    -0.03100937
   -3.1031031    -0.06114772    -0.03846188
   -3.0630631    -0.05338094    -0.03973573
   -3.0230230    -0.03752870    -0.03617806
   -2.9829830    -0.02186430    -0.03137118
   -2.9429429    -0.01114018    -0.02716114
   -2.9029029    -0.00583571    -0.02287439
   -2.8628629    -0.00411618    -0.01793958
   -2.8228228    -0.00436589    -0.01387757
   -2.7827828    -0.00716501    -0.01293080
   -2.7427427    -0.01400641    -0.01559543
   -2.7027027    -0.02296291    -0.02012772
   -2.6626627    -0.02774896    -0.02427559
   -2.6226226    -0.02375920    -0.02739265
   -2.5825826    -0.01327481    -0.02975755
   -2.5425425    -0.00253908    -0.02983844
   -2.5025025     0.00415131    -0.02554203
   -2.4624625     0.00611304    -0.01843629
   -2.4224224     0.00442432    -0.01302836
   -2.3823824     0.00077148    -0.01182976
   -2.3423423    -0.00190628    -0.01322849
   -2.3023023    -0.00030771    -0.01359930
   -2.2622623     0.00548306    -0.01069128
   -2.2222222     0.01123597    -0.00543267
   -2.1821822     0.01388256    -0.00082828
   -2.1421421     0.01500297     0.00074761
   -2.1021021     0.01708639    -0.00031395
   -2.0620621     0.01963639    -0.00087446
   -2.0220220     0.02079099     0.00177326
   -1.9819820     0.01940389     0.00612468
   -1.9419419     0.01469713     0.00757769
   -1.9019019     0.00758026     0.00378734
   -1.8618619     0.00191000    -0.00306311
   -1.8218218     0.00112320    -0.00868388
   -1.7817818     0.00463134    -0.00934329
   -1.7417417     0.00897959    -0.00403825
   -1.7017017     0.01117629     0.00418065
   -1.6616617     0.01092135     0.01092687
   -1.6216216     0.01081612     0.01462664
   -1.5815816     0.01357547     0.01621604
   -1.5415415     0.01829257     0.01664317
   -1.5015015     0.02091300     0.01663734
   -1.4614615     0.01890116     0.01666563
   -1.4214214     0.01374056     0.01619436
   -1.3813814     0.00818872     0.01495518
   -1.3413413     0.00274113     0.01446825
   -1.3013013    -0.00343536     0.01619720
   -1.2612613    -0.00881217     0.01888119
   -1.2212212    -0.00985392     0.02003224
   -1.1811812    -0.00587466     0.01951600
   -1.1411411    -0.00029525     0.01911642
   -1.1011011     0.00382901     0.01936878
   -1.0610611     0.00626394     0.01890707
   -1.0210210     0.00735631     0.01540702
   -0.9809810     0.00687885     0.00683658
   -0.9409409     0.00574771    -0.00497511
   -0.9009009     0.00595291    -0.01292647
   -0.8608609     0.00797066    -0.01135153
   -0.8208208     0.01075079    -0.00347207
   -0.7807808     0.01427518     0.00082560
   -0.7407407     0.01912384    -0.00583196
   -0.7007007     0.02475204    -0.02063196
   -0.6606607     0.03118172    -0.03151412
   -0.6206206     0.03906238    -0.02874565
   -0.5805806     0.04585417    -0.01434728
   -0.5405405     0.04741326     0.00268294
   -0.5005005     0.04455353     0.01560301
   -0.4604605     0.04191935     0.02163472
   -0.4204204     0.04079052     0.02054335
   -0.3803804     0.03873057     0.01539598
   -0.3403403     0.03439225     0.01213497
   -0.3003003     0.02760887     0.01554721
   -0.2602603     0.01737415     0.02492962
   -0.2202202     0.00490969     0.03447989
   -0.1801802    -0.00228949     0.03930716
   -0.1401401     0.00665537     0.03965467
   -0.1001001     0.03686751     0.03745229
   -0.0600601     0.07879901     0.03261658
   -0.0200200     0.11001985     0.02603204
    0.0200200     0.11467460     0.02204858
    0.0600601     0.10058729     0.02430427
    0.1001001     0.08721119     0.03166697
    0.1401401     0.08262211     0.04108810
    0.1801802     0.08273293     0.05293054
    0.2202202     0.08170524     0.07053015
    0.2602603     0.07347706     0.09234246
    0.3003003     0.05465918     0.10624669
    0.3403403     0.03125651     0.10045286
    0.3803804     0.01523511     0.08253300
    0.4204204     0.01457184     0.07364754
    0.4604605     0.02746951     0.07894569
    0.5005005     0.04216400     0.08112186
    0.5405405     0.04550773     0.06858787
    0.5805806     0.03612792     0.05221750
    0.6206206     0.02475652     0.04872410
    0.6606607     0.02035367     0.05926147
    0.7007007     0.02263112     0.06854110
    0.7407407     0.02929695     0.06180382
    0.7807808     0.04239846     0.03983210
    0.8208208     0.06213904     0.01514736
    0.8608609     0.08053667    -0.00208031
    0.9009009     0.08871996    -0.00937510
    0.9409409     0.08657475    -0.00837913
    0.9809810     0.08180748    -0.00223000
    1.0210210     0.08602434     0.00507421
    1.0610611     0.10994846     0.01070501
    1.1011011     0.15056501     0.01524961
    1.1411411     0.18462651     0.02243143
    1.1811812     0.18908627     0.03617266
    1.2212212     0.16517128     0.05559614
    1.2612613     0.12903221     0.07231117
    1.3013013     0.09096645     0.07806282
    1.3413413     0.05952118     0.07597984
    1.3813814     0.05029341     0.07633770
    1.4214214     0.07233157     0.08240557
    1.4614615     0.11016317     0.08956394
    1.5015015     0.13156689     0.09453059
    1.5415415     0.11704489     0.09622588
    1.5815816     0.07632298     0.09056712
    1.6216216     0.03512875     0.07391916
    1.6616617     0.01320184     0.05265521
    1.7017017     0.01595935     0.04052115
    1.7417417     0.03950300     0.04434508
    1.7817818     0.07710300     0.05809365
    1.8218218     0.11700784     0.06941581
    1.8618619     0.13825663     0.06879926
    1.9019019     0.12431853     0.05602548
    1.9419419     0.08441229     0.03956681
    1.9819820     0.04761004     0.02881973
    2.0220220     0.03540164     0.02775767
    2.0620621     0.04787019     0.03492967
    2.1021021     0.06951500     0.04556200
    2.1421421     0.08353998     0.05473480
    2.1821822     0.08649146     0.06309394
    2.2222222     0.08774310     0.07543123
    2.2622623     0.09353936     0.08977328
    2.3023023     0.10205917     0.09633330
    2.3423423     0.11398072     0.09119410
    2.3823824     0.13076666     0.08084593
    2.4224224     0.14215897     0.07144876
    2.4624625     0.13518156     0.06457268
    2.5025025     0.11503485     0.06116439
    2.5425425     0.09892584     0.05945741
    2.5825826     0.09241553     0.05416672
    2.6226226     0.08546200     0.04438990
    2.6626627     0.06853320     0.03637759
    2.7027027     0.04450837     0.03656796
    2.7427427     0.02469051     0.04751756
    2.7827828     0.01683172     0.06948219
    2.8228228     0.01880351     0.09880434
    2.8628629     0.02230532     0.12279841
    2.9029029     0.02241526     0.12441710
    2.9429429     0.02409351     0.10014526
    2.9829830     0.03711732     0.06689945
    3.0230230     0.06395797     0.04326067
    3.0630631     0.09400735     0.03154475
    3.1031031     0.10989306     0.02368393
    3.1431431     0.10035074     0.01531999
    3.1831832     0.06754666     0.00836036
    3.2232232     0.02340541     0.00582334
    3.2632633    -0.01632612     0.00994560
    3.3033033    -0.03678689     0.02290026
    3.3433433    -0.03310610     0.04257443
    3.3833834    -0.01553590     0.05747320
    3.4234234     0.00026351     0.05570078
    3.4634635     0.00601308     0.04016928
    3.5035035     0.00277708     0.02378530
    3.5435435    -0.00296648     0.01328867
    3.5835836    -0.00364274     0.00860533
    3.6236236     0.00395963     0.00972182
    3.6636637     0.01775203     0.01485156
    3.7037037     0.03554385     0.01824169
    3.7437437     0.05598124     0.01635903
    3.7837838     0.07392560     0.01327923
    3.8238238     0.08146063     0.01563607
    3.8638639     0.07497649     0.02502815
    3.9039039     0.05837191     0.03855615
    3.9439439     0.03997523     0.05265249
    3.9839840     0.02733436     0.06349390
    4.0240240     0.02340836     0.06811697
    4.0640641     0.02645225     0.06851848
    4.1041041     0.03287912     0.07076555
    4.1441441     0.04048137     0.07667575
    4.1841842     0.04992808     0.08076355
    4.2242242     0.06301685     0.07872130
    4.2642643     0.07935994     0.07371849
    4.3043043     0.09553985     0.07004351
    4.3443443     0.10628366     0.06552440
    4.3843844     0.10638394     0.05652907
    4.4244244     0.09715142     0.04738580
    4.4644645     0.09142067     0.04732458
    4.5045045     0.10258713     0.05737842
    4.5445445     0.12649224     0.06569024
    4.5845846     0.14290098     0.06002412
    4.6246246     0.13753020     0.04284106
    4.6646647     0.11432146     0.02821957
    4.7047047     0.08472155     0.02694521
    4.7447447     0.05753286     0.04058548
    4.7847848     0.04033295     0.06320046
    4.8248248     0.03791917     0.08472949
    4.8648649     0.04937202     0.09929447
    4.9049049     0.07137162     0.10644925
    4.9449449     0.09831944     0.10242798
    4.9849850     0.11894421     0.08461792
    5.0250250     0.12245790     0.06275003
    5.0650651     0.10930006     0.04904847
    5.1051051     0.08913285     0.04329624
    5.1451452     0.07020688     0.03898071
    5.1851852     0.05686950     0.03526592
    5.2252252     0.05385259     0.03537860
    5.2652653     0.06619632     0.04002029
    5.3053053     0.09286023     0.04741257
    5.3453453     0.12110184     0.05549829
    5.3853854     0.13320428     0.06056209
    5.4254254     0.12299498     0.05775932
    5.4654655     0.09992315     0.04715811
    5.5055055     0.07611940     0.03681720
    5.5455455     0.05757063     0.03660083
    5.5855856     0.04645126     0.05024265
    5.6256256     0.04334530     0.07418813
    5.6656657     0.04681072     0.10011230
    5.7057057     0.05422940     0.11752869
    5.7457458     0.06208110     0.11983921
    5.7857858     0.06563282     0.10987325
    5.8258258     0.06137231     0.09620571
    5.8658659     0.05035358     0.08477715
    5.9059059     0.03902896     0.07549459
    5.9459459     0.03616359     0.06479287
    5.9859860     0.04543791     0.05087031
    6.0260260     0.05932446     0.03744712
    6.0660661     0.06379184     0.03158203
    6.1061061     0.05233982     0.03617525
    6.1461461     0.03276064     0.04527946
    6.1861862     0.01841405     0.04922213
    6.2262262     0.01760515     0.04382542
    6.2662663     0.03172684     0.03251374
    6.3063063     0.05593153     0.02177945
    6.3463464     0.07860198     0.01698465
    6.3863864     0.08616996     0.01950341
    6.4264264     0.07396003     0.02547485
    6.4664665     0.05160009     0.02955987
    6.5065065     0.03515965     0.03154172
    6.5465466     0.03382908     0.03624475
    6.5865866     0.04381381     0.04521223
    6.6266266     0.05336688     0.05286424
    6.6666667     0.05378697     0.05358187
    6.7067067     0.04627332     0.04908978
    6.7467467     0.03879604     0.04715223
    6.7867868     0.03750216     0.05425171
    6.8268268     0.04108170     0.06874601
    6.8668669     0.04346790     0.08174369
    6.9069069     0.04151905     0.08578076
    6.9469470     0.03741743     0.07952678
    6.9869870     0.03406664     0.06555327
    7.0270270     0.03226054     0.05057296
    7.0670671     0.03244347     0.04443182
    7.1071071     0.03507949     0.05039828
    7.1471472     0.03793797     0.05953662
    7.1871872     0.03665454     0.06140293
    7.2272272     0.03053890     0.05677421
    7.2672673     0.02472931     0.05281556
    7.3073073     0.02390578     0.05034805
    7.3473473     0.02648725     0.04501036
    7.3873874     0.02720303     0.03691796
    7.4274274     0.02335273     0.03045373
    7.4674675     0.01680029     0.02718295
    7.5075075     0.01146609     0.02475225
    7.5475475     0.01022117     0.02115457
    7.5875876     0.01276830     0.01681289
    7.6276276     0.01558166     0.01307809
    7.6676677     0.01515786     0.01104441
    7.7077077     0.01166478     0.01175374
    7.7477478     0.00802582     0.01502468
    7.7877878     0.00606941     0.01806195
    7.8278278     0.00590627     0.01786691
    7.8678679     0.00836739     0.01486725
    7.9079079     0.01510529     0.01181400
    7.9479479     0.02622629     0.00995449
    7.9879880     0.03962647     0.00840415
    8.0280280     0.05205636     0.00636489
    8.0680681     0.06090817     0.00470706
    8.1081081     0.06705913     0.00548307
    8.1481482     0.07399903     0.00986793
    8.1881882     0.08156499     0.01770390
    8.2282282     0.08368531     0.02980675
    8.2682683     0.07552219     0.04708336
    8.3083083     0.06141480     0.06570965
    8.3483484     0.05218538     0.07832771
    8.3883884     0.05346259     0.08107583
    8.4284284     0.06001530     0.07586382
    8.4684685     0.06337993     0.06844052
    8.5085085     0.06087552     0.06666258
    8.5485485     0.05544284     0.07460688
    8.5885886     0.05135546     0.08506856
    8.6286286     0.05108578     0.08492545
    8.6686687     0.05318931     0.07139126
    8.7087087     0.05365431     0.05538341
    8.7487488     0.05130771     0.04618889
    8.7887888     0.05028614     0.04116157
    8.8288288     0.05374468     0.03416956
    8.8688689     0.05711698     0.02679781
    8.9089089     0.05279712     0.02572729
    8.9489490     0.03998207     0.03273566
    8.9889890     0.02529793     0.04188018
    9.0290290     0.01514446     0.04626792
    9.0690691     0.01106567     0.04480354
    9.1091091     0.01121684     0.04084267
    9.1491491     0.01291997     0.03676506
    9.1891892     0.01436294     0.03255533
    9.2292292     0.01596341     0.02816777
    9.2692693     0.01947080     0.02466079
    9.3093093     0.02466355     0.02271732
    9.3493494     0.02816814     0.02173093
    9.3893894     0.02685990     0.02125599
    9.4294294     0.02152256     0.02179724
    9.4694695     0.01638826     0.02314742
    9.5095095     0.01643245     0.02363224
    9.5495496     0.02486659     0.02221319
    9.5895896     0.03985235     0.01990703
    9.6296296     0.05271905     0.01807863
    9.6696697     0.05378840     0.01655228
    9.7097097     0.04261912     0.01465085
    9.7497497     0.02910551     0.01352793
    9.7897898     0.02333121     0.01622211
    9.8298298     0.02733781     0.02496662
    9.8698699     0.03546629     0.03797851
    9.9099099     0.04003306     0.04938559
    9.9499500     0.03825001     0.05423160
    9.9899900     0.03439816     0.05251014
   10.0300300     0.03444175     0.04676964
   10.0700701     0.03940412     0.03912348
   10.1101101     0.04448373     0.03221251
   10.1501502     0.04425233     0.02971253
   10.1901902     0.03840640     0.03405560
   10.2302302     0.03123124     0.04360267
   10.2702703     0.02606802     0.05240097
   10.3103103     0.02314642     0.05472178
   10.3503504     0.02211639     0.04987298
   10.3903904     0.02364603     0.04084191
   10.4304304     0.02872562     0.03039656
   10.4704705     0.03707665     0.02077357
   10.5105105     0.04525767     0.01438438
   10.5505506     0.04834824     0.01245557
   10.5905906     0.04557907     0.01360911
   10.6306306     0.04050885     0.01480525
   10.6706707     0.03478148     0.01446273
   10.7107107     0.02742687     0.01379108
   10.7507508     0.02008845     0.01410969
   10.7907908     0.01761900     0.01494200
   10.8308308     0.02302572     0.01642403
   10.8708709     0.03283602     0.02114493
   10.9109109     0.03768792     0.03020033
   10.9509510     0.03025495     0.03825347
   10.9909910     0.01333928     0.03724057
   11.0310310    -0.00221928     0.02593407
   11.0710711    -0.00674679     0.01154628
   11.1111111     0.00202763     0.00213631
   11.1511512     0.01875962     0.00152771
   11.1911912     0.03493696     0.00957204
   11.2312312     0.04482345     0.02236673
   11.2712713     0.04742133     0.03319019
   11.3113113     0.04362673     0.03763827
   11.3513514     0.03467609     0.03750591
   11.3913914     0.02361496     0.03711358
   11.4314314     0.01464710     0.03857953
   11.4714715     0.01035369     0.04193508
   11.5115115     0.01107380     0.04516732
   11.5515516     0.01552325     0.04433042
   11.5915916     0.02092931     0.03788303
   11.6316316     0.02491647     0.02915110
   11.6716717     0.02803787     0.02208236
   11.7117117     0.03198189     0.01740075
   11.7517518     0.03571738     0.01445584
   11.7917918     0.03749477     0.01409970
   11.8318318     0.04035197     0.01758728
   11.8718719     0.04954754     0.02387396
   11.9119119     0.06286551     0.02995101
   11.9519520     0.06975870     0.03359456
   11.9919920     0.06319688     0.03462822
   12.0320320     0.04800043     0.03434085
   12.0720721     0.03535148     0.03515244
   12.1121121     0.03164195     0.03905205
   12.1521522     0.03387307     0.04434810
   12.1921922     0.03516818     0.04636463
   12.2322322     0.03370732     0.04296122
   12.2722723     0.03425395     0.03691436
   12.3123123     0.03977988     0.03235728
   12.3523524     0.04473111     0.03157351
   12.3923924     0.04111433     0.03486800
   12.4324324     0.02936516     0.04058629
   12.4724725     0.01760819     0.04608419
   12.5125125     0.01181098     0.04955772
   12.5525526     0.01146291     0.04916212
   12.5925926     0.01293429     0.04308238
   12.6326326     0.01341395     0.03297058
   12.6726727     0.01303151     0.02327109
   12.7127127     0.01498390     0.01631031
   12.7527528     0.02193683     0.01138686
   12.7927928     0.03223768     0.00760907
   12.8328328     0.04287044     0.00526254
   12.8728729     0.05534724     0.00546930
   12.9129129     0.07274355     0.01014420
   12.9529530     0.09031681     0.02254898
   12.9929930     0.09715156     0.04661068
   13.0330330     0.09047929     0.08206900
   13.0730731     0.08039989     0.11776244
   13.1131131     0.07775566     0.13482414
   13.1531532     0.08618606     0.12406133
   13.1931932     0.10537313     0.09636169
   13.2332332     0.12946151     0.06924253
   13.2732733     0.14340360     0.05053950
   13.3133133     0.13588869     0.04061899
   13.3533534     0.11592742     0.04024341
   13.3933934     0.10352623     0.05097237
   13.4334334     0.10488900     0.07301654
   13.4734735     0.10735225     0.10252396
   13.5135135     0.09806276     0.12979168
   13.5535536     0.07921271     0.14458982
   13.5935936     0.06378357     0.14384684
   13.6336336     0.06128535     0.13293422
   13.6736737     0.06985905     0.12090592
   13.7137137     0.08173507     0.11271141
   13.7537538     0.09275311     0.10612943
   13.7937938     0.10303353     0.09829171
   13.8338338     0.11261242     0.08994935
   13.8738739     0.11978034     0.08136204
   13.9139139     0.11991359     0.07167364
   13.9539540     0.10817225     0.06452684
   13.9939940     0.08859320     0.06891119
   14.0340340     0.07447476     0.09032862
   14.0740741     0.07424147     0.11992606
   14.1141141     0.08364484     0.13694158
   14.1541542     0.09433082     0.12782084
   14.1941942     0.10221908     0.10058016
   14.2342342     0.10699580     0.07695244
   14.2742743     0.11032148     0.07363142
   14.3143143     0.11698131     0.09094109
   14.3543544     0.13417306     0.11431807
   14.3943944     0.16172696     0.12785750
   14.4344344     0.18382276     0.12955667
   14.4744745     0.18121213     0.12948884
   14.5145145     0.15187854     0.13278353
   14.5545546     0.11259787     0.13131197
   14.5945946     0.08178250     0.11518217
   14.6346346     0.06492747     0.08746753
   14.6746747     0.05606915     0.06101864
   14.7147147     0.05065105     0.04382737
   14.7547548     0.05176537     0.03506812
   14.7947948     0.06082618     0.03302170
   14.8348348     0.06963364     0.03974081
   14.8748749     0.06950299     0.05744052
   14.9149149     0.06334232     0.08288569
   14.9549550     0.06234497     0.10601214
   14.9949950     0.07408197     0.11637855
   15.0350350     0.09499318     0.11320518
   15.0750751     0.11097863     0.10565665
   15.1151151     0.10842383     0.10210647
   15.1551552     0.08764359     0.10350934
   15.1951952     0.06209519     0.10538217
   15.2352352     0.04516932     0.10257292
   15.2752753     0.04145328     0.09387375
   15.3153153     0.04738910     0.08108305
   15.3553554     0.05542565     0.06474672
   15.3953954     0.05911936     0.04636658
   15.4354354     0.05676856     0.03193792
   15.4754755     0.05008413     0.02764451
   15.5155155     0.04127064     0.03394453
   15.5555556     0.03356363     0.04567294
   15.5955956     0.03199710     0.05596811
   15.6356356     0.03969223     0.05978149
   15.6756757     0.05342508     0.05562459
   15.7157157     0.06575257     0.04567176
   15.7557558     0.07336484     0.03478723
   15.7957958     0.08166300     0.02992850
   15.8358358     0.09744156     0.03909834
   15.8758759     0.11650165     0.06574855
   15.9159159     0.12359504     0.10158796
   15.9559560     0.10839295     0.12882852
   15.9959960     0.07691381     0.13344691
   16.0360360     0.04419313     0.11664468
   16.0760761     0.02122547     0.09224608
   16.1161161     0.01097786     0.07178327
   16.1561562     0.01144189     0.05511536
   16.1961962     0.01828715     0.03785347
   16.2362362     0.02618474     0.02109537
   16.2762763     0.03300256     0.00928367
   16.3163163     0.04457988     0.00433138
   16.3563564     0.07025582     0.00589282
   16.3963964     0.11034669     0.01408769
   16.4364364     0.15124999     0.02889775
   16.4764765     0.17468748     0.04846187
   16.5165165     0.17104232     0.07090772
   16.5565566     0.14694169     0.09580127
   16.5965966     0.12242901     0.11925606
   16.6366366     0.11771625     0.13158822
   16.6766767     0.13827546     0.12737912
   16.7167167     0.16944519     0.11397054
   16.7567568     0.18544550     0.10294183
   16.7967968     0.16862205     0.09798695
   16.8368368     0.12412695     0.09621370
   16.8768769     0.07525227     0.09498112
   16.9169169     0.04570003     0.09213694
   16.9569570     0.04874834     0.08462367
   16.9969970     0.08519350     0.07391175
   17.0370370     0.13811861     0.07151729
   17.0770771     0.17370775     0.09049223
   17.1171171     0.16579745     0.12760631
   17.1571572     0.12196591     0.16204683
   17.1971972     0.07349833     0.17710436
   17.2372372     0.04268548     0.17313309
   17.2772773     0.03032578     0.15581541
   17.3173173     0.02989669     0.12681592
   17.3573574     0.04090647     0.09084895
   17.3973974     0.06398337     0.06051967
   17.4374374     0.08901623     0.04852353
   17.4774775     0.09845953     0.05656608
   17.5175175     0.08525351     0.07301439
   17.5575576     0.05968856     0.08349241
   17.5975976     0.03632918     0.08501513
   17.6376376     0.02215981     0.08603946
   17.6776777     0.01819966     0.09080298
   17.7177177     0.02428275     0.09091476
   17.7577578     0.03829475     0.07804696
   17.7977978     0.05371152     0.05708726
   17.8378378     0.06349772     0.03978234
   17.8778779     0.06762710     0.03250043
   17.9179179     0.07088652     0.03560240
   17.9579580     0.07341889     0.04765643
   17.9979980     0.07179085     0.06453259
   18.0380380     0.06760598     0.07976011
   18.0780781     0.06522103     0.08978150
   18.1181181     0.06291761     0.09432033
   18.1581582     0.05554293     0.09233166
   18.1981982     0.04435480     0.08386063
   18.2382382     0.03651865     0.07326338
   18.2782783     0.03613276     0.06501688
   18.3183183     0.04125469     0.05961528
   18.3583584     0.04692160     0.05657758
   18.3983984     0.04721930     0.05677811
   18.4384384     0.03900115     0.05966789
   18.4784785     0.02598158     0.06101319
   18.5185185     0.01514302     0.05535266
   18.5585586     0.00969852     0.04179156
   18.5985986     0.00906108     0.02584728
   18.6386386     0.01383699     0.01387347
   18.6786787     0.02659362     0.00784594
   18.7187187     0.04638826     0.00639795
   18.7587588     0.06500811     0.00821493
   18.7987988     0.07247571     0.01335200
   18.8388388     0.06662118     0.02233122
   18.8788789     0.05463686     0.03348462
   18.9189189     0.04598206     0.04147246
   18.9589590     0.04691593     0.04220266
   18.9989990     0.06098731     0.03928056
   19.0390390     0.09052122     0.04048513
   19.0790791     0.13331027     0.04766115
   19.1191191     0.17421783     0.05443300
   19.1591592     0.18747186     0.05492658
   19.1991992     0.16238855     0.05249142
   19.2392392     0.12013723     0.05850370
   19.2792793     0.08877288     0.08225165
   19.3193193     0.07243234     0.11883302
   19.3593594     0.05894263     0.14765031
   19.3993994     0.04457350     0.15126499
   19.4394394     0.03693640     0.13459134
   19.4794795     0.03973689     0.11650325
   19.5195195     0.04522733     0.10731869
   19.5595596     0.04343083     0.10321506
   19.5995996     0.03527148     0.09777547
   19.6396396     0.03242169     0.08980814
   19.6796797     0.04404314     0.07956689
   19.7197197     0.06563718     0.06500877
   19.7597598     0.08098018     0.04619771
   19.7997998     0.07674911     0.02896362
   19.8398398     0.05604134     0.02042670
   19.8798799     0.03432424     0.02293915
   19.9199199     0.02407799     0.03230422
   19.9599600     0.02866530     0.03991292
   20.0000000     0.04611934     0.03895082
