              -1720.0066688846
          0.000014265       0.000000000       0.000000000
          0.000000000      -0.000019608      -0.000000000
          0.000000000      -0.000000000      -0.000006675
          10
  1    31      -0.000924161      -0.000000064      -0.000000010  Ga
  1    31       0.000036651       0.000000090      -0.000000020  Ga
  1    31      -0.000653978       0.000000092      -0.000000004  Ga
  1    31       0.000375914       0.000000052       0.000000022  Ga
  1    31      -0.000260166       0.000000011       0.000000062  Ga
  1    31       0.000537933      -0.000000088      -0.000000002  Ga
  1    31      -0.001559117       0.000000223      -0.000000002  Ga
  2    25       0.000508868       0.000000030       0.000000042  Mn
  2    25       0.000747382      -0.000000497      -0.000000058  Mn
  2    25       0.001448803       0.000000534      -0.000000049  Mn
