              -1963.0166224250
         -0.000012263      -0.000000000       0.000000000
          0.000000000       0.000011853      -0.000000000
          0.000000000      -0.000000000       0.000001006
           8
  1    31      -0.000669940       0.000000002       0.000000018  Ga
  1    31      -0.000290740       0.000000009      -0.000000039  Ga
  2    28       0.000543200      -0.000000002       0.000000017  Ni
  2    28       0.000238839       0.000000007       0.000000005  Ni
  2    28       0.000858272      -0.000000015       0.000000096  Ni
  3    25      -0.000529162       0.000000041       0.000000030  Mn
  3    25      -0.000206400      -0.000000036      -0.000000017  Mn
  3    25       0.000473721      -0.000000040       0.000000020  Mn
