#
#   partial DOS for atom species: Mn
#
#   Add data for atom_index =   8,  n,l,m,z=  3  2 -2  1
#   Add data for atom_index =   8,  n,l,m,z=  3  2 -1  1
#   Add data for atom_index =   8,  n,l,m,z=  3  2  0  1
#   Add data for atom_index =   8,  n,l,m,z=  3  2  1  1
#   Add data for atom_index =   8,  n,l,m,z=  3  2  2  1
#   Add data for atom_index =   8,  n,l,m,z=  3  2 -2  2
#   Add data for atom_index =   8,  n,l,m,z=  3  2 -1  2
#   Add data for atom_index =   8,  n,l,m,z=  3  2  0  2
#   Add data for atom_index =   8,  n,l,m,z=  3  2  1  2
#   Add data for atom_index =   8,  n,l,m,z=  3  2  2  2
#   Add data for atom_index =   8,  n,l,m,z=  3  2 -2  3
#   Add data for atom_index =   8,  n,l,m,z=  3  2 -1  3
#   Add data for atom_index =   8,  n,l,m,z=  3  2  0  3
#   Add data for atom_index =   8,  n,l,m,z=  3  2  1  3
#   Add data for atom_index =   8,  n,l,m,z=  3  2  2  3
#
#    Energy          spin 1        spin2
#
  -20.0000000     0.00000000     0.00000000
  -19.9599600     0.00000000     0.00000000
  -19.9199199     0.00000000     0.00000000
  -19.8798799     0.00000000     0.00000000
  -19.8398398     0.00000000     0.00000000
  -19.7997998     0.00000000     0.00000000
  -19.7597598     0.00000000     0.00000000
  -19.7197197     0.00000000     0.00000000
  -19.6796797     0.00000000     0.00000000
  -19.6396396     0.00000000     0.00000000
  -19.5995996     0.00000000     0.00000000
  -19.5595596     0.00000000     0.00000000
  -19.5195195     0.00000000     0.00000000
  -19.4794795     0.00000000     0.00000000
  -19.4394394     0.00000000     0.00000000
  -19.3993994     0.00000000     0.00000000
  -19.3593594     0.00000000     0.00000000
  -19.3193193     0.00000000     0.00000000
  -19.2792793     0.00000000     0.00000000
  -19.2392392     0.00000000     0.00000000
  -19.1991992     0.00000000     0.00000000
  -19.1591592     0.00000000     0.00000000
  -19.1191191     0.00000000     0.00000000
  -19.0790791     0.00000000     0.00000000
  -19.0390390     0.00000000     0.00000000
  -18.9989990     0.00000000     0.00000000
  -18.9589590     0.00000000     0.00000000
  -18.9189189     0.00000000     0.00000000
  -18.8788789     0.00000000     0.00000000
  -18.8388388     0.00000000     0.00000000
  -18.7987988     0.00000000     0.00000000
  -18.7587588     0.00000000     0.00000000
  -18.7187187     0.00000000     0.00000000
  -18.6786787     0.00000000     0.00000000
  -18.6386386     0.00000000     0.00000000
  -18.5985986     0.00000000     0.00000000
  -18.5585586     0.00000000     0.00000000
  -18.5185185     0.00000001     0.00000002
  -18.4784785     0.00000008     0.00000017
  -18.4384384     0.00000035     0.00000092
  -18.3983984     0.00000111     0.00000360
  -18.3583584     0.00000257     0.00001025
  -18.3183183     0.00000432     0.00002116
  -18.2782783     0.00000528     0.00003171
  -18.2382382     0.00000467     0.00003448
  -18.1981982     0.00000300     0.00002720
  -18.1581582     0.00000140     0.00001558
  -18.1181181     0.00000047     0.00000647
  -18.0780781     0.00000012     0.00000195
  -18.0380380     0.00000002     0.00000043
  -17.9979980     0.00000000     0.00000007
  -17.9579580     0.00000001     0.00000001
  -17.9179179     0.00000013     0.00000002
  -17.8778779     0.00000116     0.00000027
  -17.8378378     0.00000758     0.00000223
  -17.7977978     0.00003610     0.00001367
  -17.7577578     0.00012494     0.00006073
  -17.7177177     0.00031542     0.00019630
  -17.6776777     0.00058608     0.00046343
  -17.6376376     0.00082099     0.00080773
  -17.5975976     0.00091677     0.00106771
  -17.5575576     0.00089640     0.00113423
  -17.5175175     0.00082551     0.00105676
  -17.4774775     0.00069229     0.00091260
  -17.4374374     0.00047967     0.00070113
  -17.3973974     0.00025518     0.00043878
  -17.3573574     0.00010066     0.00020977
  -17.3173173     0.00002904     0.00007427
  -17.2772773     0.00000617     0.00001924
  -17.2372372     0.00000162     0.00000374
  -17.1971972     0.00000503     0.00000166
  -17.1571572     0.00002645     0.00000830
  -17.1171171     0.00010667     0.00004334
  -17.0770771     0.00032661     0.00016979
  -17.0370370     0.00077738     0.00050207
  -16.9969970     0.00150409     0.00115043
  -16.9569570     0.00250159     0.00214021
  -16.9169169     0.00367158     0.00341340
  -16.8768769     0.00460303     0.00476896
  -16.8368368     0.00463538     0.00563810
  -16.7967968     0.00356823     0.00531737
  -16.7567568     0.00204158     0.00381965
  -16.7167167     0.00085663     0.00203619
  -16.6766767     0.00026211     0.00079555
  -16.6366366     0.00005934     0.00022696
  -16.5965966     0.00001837     0.00005121
  -16.5565566     0.00005581     0.00003758
  -16.5165165     0.00024265     0.00015717
  -16.4764765     0.00078255     0.00058196
  -16.4364364     0.00184560     0.00157450
  -16.3963964     0.00322422     0.00311370
  -16.3563564     0.00432017     0.00457358
  -16.3163163     0.00480243     0.00524093
  -16.2762763     0.00498418     0.00528280
  -16.2362362     0.00514361     0.00550013
  -16.1961962     0.00498100     0.00600311
  -16.1561562     0.00417948     0.00599418
  -16.1161161     0.00297938     0.00498783
  -16.0760761     0.00186671     0.00346010
  -16.0360360     0.00107013     0.00214497
  -15.9959960     0.00055979     0.00128363
  -15.9559560     0.00028220     0.00074414
  -15.9159159     0.00025490     0.00046291
  -15.8758759     0.00056484     0.00057934
  -15.8358358     0.00131213     0.00131906
  -15.7957958     0.00241889     0.00270905
  -15.7557558     0.00352765     0.00427402
  -15.7157157     0.00441578     0.00539947
  -15.6756757     0.00551561     0.00634203
  -15.6356356     0.00730912     0.00813208
  -15.5955956     0.00899830     0.01067335
  -15.5555556     0.00890785     0.01190495
  -15.5155155     0.00669155     0.01016423
  -15.4754755     0.00399023     0.00650675
  -15.4354354     0.00260260     0.00350198
  -15.3953954     0.00291648     0.00272280
  -15.3553554     0.00400501     0.00403335
  -15.3153153     0.00461350     0.00608565
  -15.2752753     0.00422932     0.00716076
  -15.2352352     0.00342140     0.00655064
  -15.1951952     0.00312645     0.00526355
  -15.1551552     0.00370232     0.00487217
  -15.1151151     0.00464357     0.00586591
  -15.0750751     0.00518619     0.00742696
  -15.0350350     0.00514809     0.00860328
  -14.9949950     0.00485924     0.00913966
  -14.9549550     0.00438690     0.00892976
  -14.9149149     0.00347829     0.00757752
  -14.8748749     0.00221255     0.00518470
  -14.8348348     0.00108123     0.00272234
  -14.7947948     0.00045689     0.00109675
  -14.7547548     0.00042013     0.00049059
  -14.7147147     0.00104820     0.00081240
  -14.6746747     0.00250930     0.00228359
  -14.6346346     0.00473949     0.00527541
  -14.5945946     0.00717856     0.00955007
  -14.5545546     0.00895376     0.01379949
  -14.5145145     0.00930501     0.01616553
  -14.4744745     0.00803614     0.01552980
  -14.4344344     0.00578377     0.01253233
  -14.3943944     0.00366032     0.00904857
  -14.3543544     0.00246359     0.00645377
  -14.3143143     0.00219845     0.00474555
  -14.2742743     0.00228489     0.00336123
  -14.2342342     0.00232457     0.00232983
  -14.1941942     0.00268609     0.00245835
  -14.1541542     0.00403676     0.00463209
  -14.1141141     0.00618400     0.00871857
  -14.0740741     0.00786447     0.01293112
  -14.0340340     0.00813228     0.01508593
  -13.9939940     0.00742554     0.01471400
  -13.9539540     0.00674909     0.01297464
  -13.9139139     0.00663583     0.01126688
  -13.8738739     0.00741588     0.01116761
  -13.8338338     0.00945499     0.01401992
  -13.7937938     0.01234397     0.01904120
  -13.7537538     0.01451839     0.02328260
  -13.7137137     0.01447011     0.02440461
  -13.6736737     0.01209128     0.02231552
  -13.6336336     0.00862885     0.01820696
  -13.5935936     0.00564576     0.01345248
  -13.5535536     0.00387855     0.00910490
  -13.5135135     0.00299460     0.00576443
  -13.4734735     0.00267299     0.00429736
  -13.4334334     0.00367618     0.00661828
  -13.3933934     0.00748822     0.01511413
  -13.3533534     0.01465793     0.02996557
  -13.3133133     0.02341188     0.04641152
  -13.2732733     0.03045084     0.05699155
  -13.2332332     0.03334565     0.05813201
  -13.1931932     0.03165179     0.05235647
  -13.1531532     0.02631884     0.04375463
  -13.1131131     0.01933023     0.03489206
  -13.0730731     0.01366971     0.02854794
  -13.0330330     0.01218714     0.02822085
  -12.9929930     0.01537381     0.03426222
  -12.9529530     0.02024932     0.04129523
  -12.9129129     0.02242980     0.04227197
  -12.8728729     0.01990640     0.03509564
  -12.8328328     0.01444988     0.02400534
  -12.7927928     0.00938717     0.01508830
  -12.7527528     0.00680001     0.01169187
  -12.7127127     0.00697199     0.01385503
  -12.6726727     0.00927533     0.02006521
  -12.6326326     0.01241345     0.02798438
  -12.5925926     0.01493440     0.03590214
  -12.5525526     0.01740748     0.04599962
  -12.5125125     0.02265575     0.06143272
  -12.4724725     0.03088034     0.07631986
  -12.4324324     0.03626775     0.07687678
  -12.3923924     0.03276723     0.05849058
  -12.3523524     0.02190518     0.03274614
  -12.3123123     0.01071229     0.01337487
  -12.2722723     0.00381935     0.00398200
  -12.2322322     0.00099897     0.00094119
  -12.1921922     0.00025617     0.00073970
  -12.1521522     0.00045844     0.00322581
  -12.1121121     0.00198138     0.01245498
  -12.0720721     0.00665014     0.03548705
  -12.0320320     0.01662152     0.07483914
  -11.9919920     0.03157917     0.11812625
  -11.9519520     0.04723402     0.14171851
  -11.9119119     0.05813771     0.13174554
  -11.8718719     0.06092502     0.09712998
  -11.8318318     0.05451769     0.05872071
  -11.7917918     0.04074288     0.03094327
  -11.7517518     0.02491543     0.01588468
  -11.7117117     0.01258418     0.01048466
  -11.6716717     0.00621631     0.01512888
  -11.6316316     0.00624073     0.03446829
  -11.5915916     0.01320689     0.06957160
  -11.5515516     0.02651444     0.11015079
  -11.5115115     0.04183529     0.14020389
  -11.4714715     0.05357349     0.15144322
  -11.4314314     0.05990138     0.14515766
  -11.3913914     0.06116480     0.12831617
  -11.3513514     0.05662370     0.11366928
  -11.3113113     0.04853438     0.11011871
  -11.2712713     0.04318743     0.11134215
  -11.2312312     0.04264057     0.10535342
  -11.1911912     0.04223932     0.08944117
  -11.1511512     0.03850513     0.06929841
  -11.1111111     0.03252172     0.05278844
  -11.0710711     0.02570654     0.04891187
  -11.0310310     0.01862915     0.06843855
  -10.9909910     0.01293407     0.12075259
  -10.9509510     0.01032644     0.20216331
  -10.9109109     0.01146235     0.28514856
  -10.8708709     0.01826058     0.32964419
  -10.8308308     0.03547911     0.31236228
  -10.7907908     0.06701719     0.24657014
  -10.7507508     0.10849710     0.17331942
  -10.7107107     0.14398280     0.12637525
  -10.6706707     0.15542875     0.10607068
  -10.6306306     0.13795486     0.09440093
  -10.5905906     0.10252786     0.08692922
  -10.5505506     0.06530566     0.09709276
  -10.5105105     0.03739196     0.12957720
  -10.4704705     0.02197981     0.16042796
  -10.4304304     0.01830127     0.15863122
  -10.3903904     0.02513758     0.12539224
  -10.3503504     0.03781996     0.09312616
  -10.3103103     0.04623335     0.08754352
  -10.2702703     0.04307429     0.10604033
  -10.2302302     0.03306547     0.13082747
  -10.1901902     0.02793725     0.15796258
  -10.1501502     0.03265356     0.20704403
  -10.1101101     0.04066121     0.28643850
  -10.0700701     0.04366176     0.36104813
  -10.0300300     0.04329272     0.38954183
   -9.9899900     0.04824937     0.38414049
   -9.9499500     0.06047184     0.39374110
   -9.9099099     0.07202514     0.43473356
   -9.8698699     0.07797403     0.47457770
   -9.8298298     0.08305049     0.47769280
   -9.7897898     0.08974047     0.43478794
   -9.7497497     0.09074951     0.35516460
   -9.7097097     0.08198536     0.26866773
   -9.6696697     0.07102354     0.23208006
   -9.6296296     0.06534662     0.29534754
   -9.5895896     0.06454908     0.45188322
   -9.5495496     0.06637329     0.63694317
   -9.5095095     0.06831366     0.77486183
   -9.4694695     0.06624966     0.82550202
   -9.4294294     0.06132479     0.81045729
   -9.3893894     0.06149784     0.80434459
   -9.3493494     0.06983810     0.86051670
   -9.3093093     0.07862522     0.94041323
   -9.2692693     0.07944409     0.96219722
   -9.2292292     0.07502828     0.91221478
   -9.1891892     0.07798480     0.85718162
   -9.1491491     0.09717854     0.83955207
   -9.1091091     0.12572439     0.81218473
   -9.0690691     0.14631769     0.72468407
   -9.0290290     0.15298654     0.64348479
   -8.9889890     0.16291618     0.71021607
   -8.9489490     0.19652359     0.96931900
   -8.9089089     0.24836197     1.29652251
   -8.8688689     0.28955865     1.55092242
   -8.8288288     0.29725270     1.75357264
   -8.7887888     0.27117667     2.00681913
   -8.7487488     0.22507456     2.26424703
   -8.7087087     0.17442099     2.34425083
   -8.6686687     0.13262204     2.18855552
   -8.6286286     0.10918329     1.95129488
   -8.5885886     0.10678142     1.79873901
   -8.5485485     0.12172669     1.72065569
   -8.5085085     0.14721607     1.57907603
   -8.4684685     0.17435463     1.32212523
   -8.4284284     0.19400356     1.08286959
   -8.3883884     0.20442406     1.02434413
   -8.3483484     0.21490940     1.16786857
   -8.3083083     0.23496541     1.42626791
   -8.2682683     0.26288903     1.71500004
   -8.2282282     0.28850206     1.96590075
   -8.1881882     0.29772021     2.11050782
   -8.1481482     0.27636364     2.11831676
   -8.1081081     0.22664256     2.00463641
   -8.0680681     0.17493680     1.79460626
   -8.0280280     0.14931000     1.54892364
   -7.9879880     0.15466008     1.39682601
   -7.9479479     0.17331015     1.45408756
   -7.9079079     0.18592724     1.71950149
   -7.8678679     0.19034840     2.08606972
   -7.8278278     0.19878780     2.40765923
   -7.7877878     0.22081103     2.56487961
   -7.7477478     0.25300972     2.54771550
   -7.7077077     0.28610359     2.44473188
   -7.6676677     0.32360667     2.32529869
   -7.6276276     0.37927376     2.21068226
   -7.5875876     0.43922762     2.10982666
   -7.5475475     0.44953192     1.98317251
   -7.5075075     0.37480841     1.75690755
   -7.4674675     0.25075643     1.44235934
   -7.4274274     0.15098099     1.14816103
   -7.3873874     0.12374630     0.94687695
   -7.3473473     0.17595902     0.82798166
   -7.3073073     0.29043930     0.78270754
   -7.2672673     0.43447577     0.82630112
   -7.2272272     0.55718550     0.91773457
   -7.1871872     0.60793416     0.95172769
   -7.1471472     0.58301266     0.87271680
   -7.1071071     0.54443114     0.72921910
   -7.0670671     0.57193551     0.59151846
   -7.0270270     0.69605397     0.47980012
   -6.9869870     0.87852845     0.38001593
   -6.9469470     1.05316047     0.27915292
   -6.9069069     1.18211566     0.17982273
   -6.8668669     1.26155354     0.10108454
   -6.8268268     1.28470651     0.06705022
   -6.7867868     1.23194910     0.09587992
   -6.7467467     1.09991183     0.19760408
   -6.7067067     0.92958632     0.36227832
   -6.6666667     0.79178461     0.53745755
   -6.6266266     0.73154455     0.63876716
   -6.5865866     0.74795825     0.61685245
   -6.5465466     0.83392849     0.51209677
   -6.5065065     0.97164978     0.41231396
   -6.4664665     1.07801245     0.35999180
   -6.4264264     1.06484125     0.33025396
   -6.3863864     0.96708848     0.28725684
   -6.3463464     0.89235765     0.23088178
   -6.3063063     0.86887941     0.18890233
   -6.2662663     0.84577926     0.17776564
   -6.2262262     0.78835499     0.18187196
   -6.1861862     0.71665745     0.17305648
   -6.1461461     0.70111323     0.14103220
   -6.1061061     0.82583773     0.10075828
   -6.0660661     1.11181052     0.07261160
   -6.0260260     1.46907246     0.06064234
   -5.9859860     1.74006591     0.05744002
   -5.9459459     1.80845942     0.06543385
   -5.9059059     1.68803672     0.09925353
   -5.8658659     1.50050700     0.16639332
   -5.8258258     1.34865915     0.25755732
   -5.7857858     1.23307432     0.35333611
   -5.7457458     1.11256236     0.42357532
   -5.7057057     1.00088306     0.43219189
   -5.6656657     0.94845401     0.37261784
   -5.6256256     0.94297315     0.28998141
   -5.5855856     0.88788352     0.24511118
   -5.5455455     0.70893469     0.25805125
   -5.5055055     0.44876201     0.29519645
   -5.4654655     0.21782179     0.31259821
   -5.4254254     0.08147723     0.29827836
   -5.3853854     0.03383438     0.26677185
   -5.3453453     0.05693696     0.23669912
   -5.3053053     0.17188666     0.22173962
   -5.2652653     0.43270668     0.22488097
   -5.2252252     0.86931040     0.23658824
   -5.1851852     1.43002944     0.23910226
   -5.1451452     1.98720239     0.21532207
   -5.1051051     2.40063440     0.16670903
   -5.0650651     2.57271960     0.11829675
   -5.0250250     2.48195575     0.09223923
   -4.9849850     2.21624514     0.08468903
   -4.9449449     1.94647442     0.07914160
   -4.9049049     1.80685297     0.07099985
   -4.8648649     1.78502663     0.06746910
   -4.8248248     1.74349318     0.07274982
   -4.7847848     1.58118200     0.08442006
   -4.7447447     1.35600629     0.09896907
   -4.7047047     1.21015695     0.11469732
   -4.6646647     1.21781850     0.13032069
   -4.6246246     1.32382073     0.14019335
   -4.5845846     1.39682266     0.13523074
   -4.5445445     1.36050174     0.11490313
   -4.5045045     1.26816050     0.09177986
   -4.4644645     1.20684237     0.07894156
   -4.4244244     1.17012637     0.07757538
   -4.3843844     1.07964788     0.07758952
   -4.3443443     0.90081620     0.06949201
   -4.3043043     0.69433183     0.05525790
   -4.2642643     0.54498015     0.04484494
   -4.2242242     0.46911301     0.04697352
   -4.1841842     0.43145929     0.06833054
   -4.1441441     0.42093554     0.11223284
   -4.1041041     0.44348146     0.16885859
   -4.0640641     0.46696810     0.21463168
   -4.0240240     0.45536294     0.23245881
   -3.9839840     0.43934705     0.22595946
   -3.9439439     0.47378017     0.20490192
   -3.9039039     0.53966868     0.17119797
   -3.8638639     0.55952316     0.12877846
   -3.8238238     0.50211523     0.08903723
   -3.7837838     0.40981970     0.05880519
   -3.7437437     0.33372868     0.03668408
   -3.7037037     0.29651100     0.02248182
   -3.6636637     0.29902121     0.02067188
   -3.6236236     0.32656373     0.03441913
   -3.5835836     0.36652246     0.05833412
   -3.5435435     0.42744477     0.07731553
   -3.5035035     0.52407701     0.07744902
   -3.4634635     0.63477453     0.05964330
   -3.4234234     0.68425542     0.03803380
   -3.3833834     0.61166562     0.02618040
   -3.3433433     0.45726385     0.02783908
   -3.3033033     0.32658064     0.03726486
   -3.2632633     0.28363191     0.04558298
   -3.2232232     0.31762157     0.04892769
   -3.1831832     0.37103204     0.05078542
   -3.1431431     0.37876712     0.05571670
   -3.1031031     0.31808811     0.06316045
   -3.0630631     0.22369565     0.06919714
   -3.0230230     0.14410584     0.07131291
   -2.9829830     0.10174433     0.06911972
   -2.9429429     0.09478857     0.06516658
   -2.9029029     0.11268308     0.06697350
   -2.8628629     0.14291288     0.08108553
   -2.8228228     0.17429763     0.10409943
   -2.7827828     0.19733639     0.12659995
   -2.7427427     0.20364698     0.14241202
   -2.7027027     0.19694024     0.14584276
   -2.6626627     0.19845023     0.12936097
   -2.6226226     0.22410124     0.09518043
   -2.5825826     0.26608662     0.05852820
   -2.5425425     0.30746207     0.03201264
   -2.5025025     0.33857194     0.01651319
   -2.4624625     0.35458503     0.00803086
   -2.4224224     0.35527203     0.00416879
   -2.3823824     0.34622609     0.00409966
   -2.3423423     0.32403933     0.00761789
   -2.3023023     0.27473001     0.01459353
   -2.2622623     0.20057456     0.02329922
   -2.2222222     0.12579583     0.02977807
   -2.1821822     0.07217828     0.03063489
   -2.1421421     0.04794527     0.02599673
   -2.1021021     0.05215311     0.01916353
   -2.0620621     0.07368766     0.01479495
   -2.0220220     0.09157182     0.01724484
   -1.9819820     0.08922655     0.02824154
   -1.9419419     0.07064796     0.04502946
   -1.9019019     0.05751703     0.06214183
   -1.8618619     0.06970688     0.07655400
   -1.8218218     0.10859598     0.08868409
   -1.7817818     0.15405324     0.09593252
   -1.7417417     0.17769007     0.09139761
   -1.7017017     0.16820066     0.07404173
   -1.6616617     0.14601548     0.05275165
   -1.6216216     0.14426260     0.03616938
   -1.5815816     0.17103827     0.02618391
   -1.5415415     0.19731224     0.02308238
   -1.5015015     0.19000313     0.02892198
   -1.4614615     0.15147576     0.04321602
   -1.4214214     0.11408483     0.06106726
   -1.3813814     0.10146553     0.07830372
   -1.3413413     0.10831599     0.09353959
   -1.3013013     0.11443433     0.10443770
   -1.2612613     0.11020034     0.10871732
   -1.2212212     0.10510717     0.10761347
   -1.1811812     0.11096613     0.10376245
   -1.1411411     0.12422247     0.09970661
   -1.1011011     0.13054064     0.09827663
   -1.0610611     0.12186403     0.09992307
   -1.0210210     0.10383908     0.10090756
   -0.9809810     0.08839179     0.09519080
   -0.9409409     0.08607150     0.08004982
   -0.9009009     0.10710213     0.06183113
   -0.8608609     0.15564281     0.05142060
   -0.8208208     0.21209233     0.05173526
   -0.7807808     0.23628815     0.05451548
   -0.7407407     0.20733595     0.05098334
   -0.7007007     0.15037686     0.04090466
   -0.6606607     0.10767229     0.02948997
   -0.6206206     0.09450571     0.02035710
   -0.5805806     0.09541557     0.01448562
   -0.5405405     0.09088495     0.01309526
   -0.5005005     0.07567678     0.01779633
   -0.4604605     0.05615100     0.02739825
   -0.4204204     0.03936121     0.03683811
   -0.3803804     0.02919739     0.04071501
   -0.3403403     0.03002560     0.03755659
   -0.3003003     0.04639881     0.03169938
   -0.2602603     0.07422098     0.03211093
   -0.2202202     0.09573637     0.04626093
   -0.1801802     0.09321067     0.07131833
   -0.1401401     0.06930840     0.09276827
   -0.1001001     0.04610505     0.09570758
   -0.0600601     0.04452439     0.07835810
   -0.0200200     0.06866758     0.05355427
    0.0200200     0.10395707     0.03724860
    0.0600601     0.12860900     0.03620875
    0.1001001     0.13422219     0.04734539
    0.1401401     0.13316559     0.06660245
    0.1801802     0.13983801     0.09192516
    0.2202202     0.15034080     0.11647746
    0.2602603     0.14717165     0.12865440
    0.3003003     0.12339242     0.12261611
    0.3403403     0.09688319     0.10165800
    0.3803804     0.09391704     0.07245104
    0.4204204     0.12136014     0.04282691
    0.4604605     0.16019331     0.02100207
    0.5005005     0.18145279     0.01157169
    0.5405405     0.16781391     0.01422598
    0.5805806     0.12630929     0.02618889
    0.6206206     0.07940544     0.04383555
    0.6606607     0.04431552     0.06298067
    0.7007007     0.02623563     0.07810431
    0.7407407     0.02549131     0.08217750
    0.7807808     0.04111842     0.07122144
    0.8208208     0.06687472     0.04978801
    0.8608609     0.08898608     0.02856261
    0.9009009     0.09472316     0.01593531
    0.9409409     0.08482797     0.01317921
    0.9809810     0.07093971     0.01631407
    1.0210210     0.06026035     0.02034318
    1.0610611     0.05081930     0.02235895
    1.1011011     0.04040784     0.02279149
    1.1411411     0.03162135     0.02516076
    1.1811812     0.02915758     0.03526234
    1.2212212     0.03671091     0.05885943
    1.2612613     0.05458781     0.09611145
    1.3013013     0.07736146     0.13747468
    1.3413413     0.09659349     0.16849245
    1.3813814     0.11148330     0.17892246
    1.4214214     0.13103446     0.16583437
    1.4614615     0.15412470     0.13386095
    1.5015015     0.15952688     0.09678678
    1.5415415     0.13556497     0.07025587
    1.5815816     0.10690651     0.05877300
    1.6216216     0.11115527     0.05584494
    1.6616617     0.15384424     0.05370902
    1.7017017     0.19725871     0.04754431
    1.7417417     0.19751766     0.03617048
    1.7817818     0.14960571     0.02283349
    1.8218218     0.08635691     0.01243568
    1.8618619     0.03925527     0.00749621
    1.9019019     0.01580665     0.00811365
    1.9419419     0.00944898     0.01478411
    1.9819820     0.01507607     0.02847157
    2.0220220     0.03160051     0.04606279
    2.0620621     0.05463978     0.05859383
    2.1021021     0.07207402     0.05876058
    2.1421421     0.07196546     0.04929098
    2.1821822     0.05497482     0.04096737
    2.2222222     0.03413501     0.04308131
    2.2622623     0.02267849     0.05493891
    2.3023023     0.02586580     0.06590794
    2.3423423     0.04137671     0.06744557
    2.3823824     0.06107674     0.06402121
    2.4224224     0.07417573     0.06607286
    2.4624625     0.07587935     0.07450723
    2.5025025     0.07329085     0.07985814
    2.5425425     0.07794147     0.07543230
    2.5825826     0.09203631     0.06319086
    2.6226226     0.10485225     0.04734336
    2.6626627     0.10412388     0.03061365
    2.7027027     0.08816243     0.01631598
    2.7427427     0.06446899     0.00784815
    2.7827828     0.04203915     0.00698054
    2.8228228     0.02767570     0.01499567
    2.8628629     0.02401112     0.03242495
    2.9029029     0.02856054     0.05434128
    2.9429429     0.03706741     0.06894204
    2.9829830     0.04837677     0.06706406
    3.0230230     0.06276679     0.05238948
    3.0630631     0.07484018     0.03765384
    3.1031031     0.07486772     0.03272720
    3.1431431     0.06040782     0.03815624
    3.1831832     0.04116968     0.04704949
    3.2232232     0.03070849     0.05264771
    3.2632633     0.03641405     0.05436366
    3.3033033     0.05522620     0.05484445
    3.3433433     0.07535749     0.05389051
    3.3833834     0.08498635     0.04952452
    3.4234234     0.08151099     0.04269782
    3.4634635     0.07003383     0.03688403
    3.5035035     0.05531917     0.03475213
    3.5435435     0.04043465     0.03759657
    3.5835836     0.02973494     0.04584758
    3.6236236     0.02795648     0.05834338
    3.6636637     0.03782890     0.07101588
    3.7037037     0.05745963     0.07653990
    3.7437437     0.07726407     0.06915970
    3.7837838     0.08457451     0.05233737
    3.8238238     0.07569409     0.03809338
    3.8638639     0.05948286     0.03762601
    3.9039039     0.04728442     0.05288714
    3.9439439     0.04331017     0.07351307
    3.9839840     0.04520468     0.08287518
    4.0240240     0.04904491     0.07311034
    4.0640641     0.05242024     0.05295708
    4.1041041     0.05555391     0.03662400
    4.1441441     0.05881039     0.02865145
    4.1841842     0.05961672     0.02400094
    4.2242242     0.05610580     0.01894829
    4.2642643     0.05073846     0.01608731
    4.3043043     0.04623623     0.01936306
    4.3443443     0.04302805     0.02851440
    4.3843844     0.04202955     0.03947412
    4.4244244     0.04447577     0.04747173
    4.4644645     0.04882930     0.04868779
    4.5045045     0.05053453     0.04252276
    4.5445445     0.04549662     0.03395972
    4.5845846     0.03418936     0.03022877
    4.6246246     0.02126228     0.03349352
    4.6646647     0.01094523     0.03815365
    4.7047047     0.00460503     0.03675281
    4.7447447     0.00206966     0.02915453
    4.7847848     0.00352906     0.02410916
    4.8248248     0.01013584     0.03072799
    4.8648649     0.02225367     0.04915479
    4.9049049     0.03667742     0.06901981
    4.9449449     0.04864098     0.07743497
    4.9849850     0.05794633     0.06984111
    5.0250250     0.06740041     0.05354670
    5.0650651     0.07458377     0.04209644
    5.1051051     0.07455988     0.04571806
    5.1451452     0.07029902     0.06414310
    5.1851852     0.06950318     0.08741413
    5.2252252     0.07228973     0.10300163
    5.2652653     0.07180526     0.10230526
    5.3053053     0.06615359     0.08622293
    5.3453453     0.06249480     0.06794219
    5.3853854     0.07001126     0.06294301
    5.4254254     0.09171235     0.07191968
    5.4654655     0.11887423     0.08005199
    5.5055055     0.13281309     0.07599289
    5.5455455     0.11986859     0.06395665
    5.5855856     0.08606912     0.05416110
    5.6256256     0.05195115     0.05024104
    5.6656657     0.03448055     0.04905211
    5.7057057     0.03635116     0.04573998
    5.7457458     0.04741070     0.03846043
    5.7857858     0.05355183     0.03232934
    5.8258258     0.04900559     0.03633640
    5.8658659     0.04190199     0.05297652
    5.9059059     0.04482187     0.07281652
    5.9459459     0.05969523     0.08270033
    5.9859860     0.07433063     0.07861132
    6.0260260     0.07490824     0.06657640
    6.0660661     0.06058126     0.05354504
    6.1061061     0.04381291     0.04311498
    6.1461461     0.03788598     0.03604760
    6.1861862     0.04524239     0.02992340
    6.2262262     0.05548227     0.02198330
    6.2662663     0.05524450     0.01351744
    6.3063063     0.04189980     0.00849414
    6.3463464     0.02509394     0.00919679
    6.3863864     0.01522275     0.01509243
    6.4264264     0.01460227     0.02392378
    6.4664665     0.01873609     0.03201067
    6.5065065     0.02224768     0.03518014
    6.5465466     0.02327978     0.03279951
    6.5865866     0.02294921     0.03074980
    6.6266266     0.02186994     0.03656879
    6.6666667     0.02016938     0.04969848
    6.7067067     0.02084878     0.05918083
    6.7467467     0.02877636     0.05550466
    6.7867868     0.04343759     0.04366250
    6.8268268     0.05519710     0.03940231
    6.8668669     0.05428293     0.05389029
    6.9069069     0.04315267     0.08401561
    6.9469470     0.03368719     0.11309611
    6.9869870     0.03327528     0.12218845
    7.0270270     0.04094553     0.10874256
    7.0670671     0.05595726     0.09180137
    7.1071071     0.08064068     0.09063705
    7.1471472     0.11089321     0.10186779
    7.1871872     0.13329558     0.10577691
    7.2272272     0.13950109     0.09253765
    7.2672673     0.13367181     0.07229677
    7.3073073     0.12038939     0.05966308
    7.3473473     0.10067609     0.05879623
    7.3873874     0.08153374     0.06394151
    7.4274274     0.07157362     0.06663727
    7.4674675     0.06817186     0.06202472
    7.5075075     0.06145364     0.05190788
    7.5475475     0.04822390     0.04345738
    7.5875876     0.03539210     0.04411857
    7.6276276     0.03203460     0.05499222
    7.6676677     0.04181569     0.06866390
    7.7077077     0.06135959     0.07541841
    7.7477478     0.08137664     0.07187062
    7.7877878     0.09039009     0.06168586
    7.8278278     0.08386552     0.04879733
    7.8678679     0.06938459     0.03494207
    7.9079079     0.05709227     0.02375880
    7.9479479     0.04820179     0.02108285
    7.9879880     0.03845298     0.02977622
    8.0280280     0.02797868     0.04729967
    8.0680681     0.02306843     0.06875139
    8.1081081     0.03148558     0.08952207
    8.1481482     0.05669246     0.10314063
    8.1881882     0.09210882     0.10152101
    8.2282282     0.12060748     0.08366135
    8.2682683     0.12512831     0.05986834
    8.3083083     0.10315355     0.04204917
    8.3483484     0.06888369     0.03558467
    8.3883884     0.04076110     0.04416121
    8.4284284     0.03041990     0.07305734
    8.4684685     0.04257411     0.11743197
    8.5085085     0.07588326     0.15200927
    8.5485485     0.11693642     0.14967283
    8.5885886     0.14087244     0.11547095
    8.6286286     0.13141667     0.08882716
    8.6686687     0.10080948     0.10750786
    8.7087087     0.08297372     0.17107392
    8.7487488     0.10582468     0.23349254
    8.7887888     0.16446908     0.24007682
    8.8288288     0.21622172     0.18295662
    8.8688689     0.21596750     0.10577962
    8.9089089     0.16343106     0.05180942
    8.9489490     0.09918555     0.02904689
    8.9889890     0.05663152     0.02319937
    9.0290290     0.03841056     0.02279887
    9.0690691     0.03323196     0.02704796
    9.1091091     0.03465573     0.03786200
    9.1491491     0.04135057     0.05264388
    9.1891892     0.04898726     0.06921111
    9.2292292     0.05020805     0.09237511
    9.2692693     0.04547393     0.12540194
    9.3093093     0.04846621     0.15816710
    9.3493494     0.07426445     0.17706640
    9.3893894     0.12139346     0.18385984
    9.4294294     0.16812852     0.19064730
    9.4694695     0.19143683     0.19948814
    9.5095095     0.19028303     0.19803087
    9.5495496     0.18362465     0.17364741
    9.5895896     0.18311419     0.12787260
    9.6296296     0.17655358     0.07687019
    9.6696697     0.14659866     0.03755324
    9.7097097     0.09740796     0.01527046
    9.7497497     0.05032724     0.00540425
    9.7897898     0.02013421     0.00172900
    9.8298298     0.00629072     0.00066376
    9.8698699     0.00158249     0.00131898
    9.9099099     0.00048414     0.00558972
    9.9499500     0.00081926     0.01906228
    9.9899900     0.00260137     0.04880900
   10.0300300     0.00734892     0.09471352
   10.0700701     0.01910117     0.14362397
   10.1101101     0.04648443     0.18104697
   10.1501502     0.09910727     0.20737778
   10.1901902     0.17157039     0.23067529
   10.2302302     0.23125593     0.24745560
   10.2702703     0.23967253     0.24276380
   10.3103103     0.19300069     0.20722436
   10.3503504     0.12736699     0.15105779
   10.3903904     0.08329134     0.10393281
   10.4304304     0.07898774     0.09829500
   10.4704705     0.11118191     0.14495033
   10.5105105     0.16288099     0.21941708
   10.5505506     0.20935577     0.27861111
   10.5905906     0.22815073     0.29878518
   10.6306306     0.21489485     0.28814067
   10.6706707     0.19151560     0.26389466
   10.7107107     0.18781337     0.23799096
   10.7507508     0.21091004     0.21872309
   10.7907908     0.24173206     0.20291182
   10.8308308     0.26056562     0.17445171
   10.8708709     0.26287522     0.12719396
   10.9109109     0.24996447     0.08015148
   10.9509510     0.22247453     0.06073476
   10.9909910     0.18690432     0.07919810
   11.0310310     0.15261511     0.11903027
   11.0710711     0.12332115     0.14876293
   11.1111111     0.10176482     0.14862324
   11.1511512     0.09428188     0.12442188
   11.1911912     0.10348772     0.09391141
   11.2312312     0.12276581     0.07034601
   11.2712713     0.13942437     0.05841710
   11.3113113     0.14034150     0.05417154
   11.3513514     0.12052466     0.05024877
   11.3913914     0.09152656     0.04469684
   11.4314314     0.07265744     0.04001850
   11.4714715     0.06921871     0.03633176
   11.5115115     0.06865948     0.03243495
   11.5515516     0.06013681     0.03165020
   11.5915916     0.04865420     0.04343624
   11.6316316     0.04714878     0.07885797
   11.6716717     0.06163983     0.13925155
   11.7117117     0.08869357     0.20403475
   11.7517518     0.12352453     0.23765735
   11.7917918     0.16305503     0.22363536
   11.8318318     0.19945501     0.18669699
   11.8718719     0.21905067     0.16471173
   11.9119119     0.21392295     0.16805617
   11.9519520     0.19219476     0.17938835
   11.9919920     0.17267890     0.17761715
   12.0320320     0.16575891     0.15475105
   12.0720721     0.16318453     0.12212919
   12.1121121     0.15358383     0.10067077
   12.1521522     0.14026361     0.10294409
   12.1921922     0.13397451     0.12705824
   12.2322322     0.13663993     0.15759338
   12.2722723     0.14174575     0.17059668
   12.3123123     0.14278931     0.15362465
   12.3523524     0.13424156     0.12200367
   12.3923924     0.11568113     0.10343009
   12.4324324     0.10058770     0.10795358
   12.4724725     0.10541292     0.12260559
   12.5125125     0.12515302     0.13666175
   12.5525526     0.13576371     0.15957951
   12.5925926     0.12667379     0.20008199
   12.6326326     0.11777830     0.23796323
   12.6726727     0.13530312     0.23933112
   12.7127127     0.17717365     0.19633563
   12.7527528     0.21081063     0.13659489
   12.7927928     0.20692699     0.09849641
   12.8328328     0.17126302     0.10303263
   12.8728729     0.13698071     0.14063716
   12.9129129     0.12740594     0.18152740
   12.9529530     0.13541421     0.20376891
   12.9929930     0.13935361     0.20944528
   13.0330330     0.12760823     0.20909726
   13.0730731     0.10765079     0.19876165
   13.1131131     0.10106146     0.16644432
   13.1531532     0.12445832     0.11698544
   13.1931932     0.16679007     0.07203457
   13.2332332     0.19478455     0.04710048
   13.2732733     0.18770227     0.04339970
   13.3133133     0.15514469     0.05662041
   13.3533534     0.11812046     0.08107076
   13.3933934     0.08973149     0.10848654
   13.4334334     0.07770737     0.13261674
   13.4734735     0.09056254     0.15841347
   13.5135135     0.13511299     0.19839847
   13.5535536     0.20816234     0.25015174
   13.5935936     0.28588530     0.28597570
   13.6336336     0.32808736     0.27792275
   13.6736737     0.30864486     0.22608459
   13.7137137     0.23958801     0.15645926
   13.7537538     0.15716833     0.10113113
   13.7937938     0.09101016     0.07994576
   13.8338338     0.05097170     0.09168986
   13.8738739     0.03699453     0.12708417
   13.9139139     0.05530520     0.19162812
   13.9539540     0.12164339     0.29190852
   13.9939940     0.23980615     0.39057969
   14.0340340     0.36903939     0.41939466
   14.0740741     0.43213534     0.36124452
   14.1141141     0.38571988     0.27386880
   14.1541542     0.27163576     0.21759899
   14.1941942     0.17363013     0.20122407
   14.2342342     0.13823311     0.19791398
   14.2742743     0.15333371     0.18355176
   14.3143143     0.17859803     0.16154779
   14.3543544     0.18032392     0.15608871
   14.3943944     0.15652466     0.17456138
   14.4344344     0.13634295     0.18912763
   14.4744745     0.14301683     0.17245595
   14.5145145     0.16351838     0.13723853
   14.5545546     0.16833003     0.12212266
   14.5945946     0.15271742     0.15061441
   14.6346346     0.14317839     0.21469450
   14.6746747     0.16789717     0.28480868
   14.7147147     0.23172560     0.32487567
   14.7547548     0.30910294     0.31256411
   14.7947948     0.35219830     0.26215970
   14.8348348     0.32617142     0.21329619
   14.8748749     0.24399273     0.18638422
   14.9149149     0.15120961     0.17249707
   14.9549550     0.08414837     0.16498495
   14.9949950     0.05275477     0.16457495
   15.0350350     0.04804853     0.15929916
   15.0750751     0.05772809     0.13602965
   15.1151151     0.08099174     0.10553809
   15.1551552     0.12489139     0.08890896
   15.1951952     0.18007034     0.08859659
   15.2352352     0.21393563     0.09522751
   15.2752753     0.20485603     0.11334785
   15.3153153     0.16973088     0.15537811
   15.3553554     0.14062976     0.21295146
   15.3953954     0.13247968     0.25982687
   15.4354354     0.14729234     0.28289134
   15.4754755     0.18887497     0.28747164
   15.5155155     0.25637378     0.27965272
   15.5555556     0.32733929     0.26278129
   15.5955956     0.36465776     0.24391663
   15.6356356     0.35593950     0.24125276
   15.6756757     0.33002318     0.28226841
   15.7157157     0.32171382     0.36911689
   15.7557558     0.33827757     0.44651807
   15.7957958     0.35736583     0.44172415
   15.8358358     0.34795097     0.34645441
   15.8758759     0.30748785     0.22430732
   15.9159159     0.26674807     0.13261777
   15.9559560     0.24179952     0.07782193
   15.9959960     0.21157459     0.04609524
   16.0360360     0.15756690     0.03667813
   16.0760761     0.09431728     0.06014354
   16.1161161     0.05111976     0.12091773
   16.1561562     0.04697422     0.19988034
   16.1961962     0.08671799     0.25489531
   16.2362362     0.15915877     0.25250791
   16.2762763     0.23102205     0.19925559
   16.3163163     0.26135540     0.13277983
   16.3563564     0.23522824     0.08763846
   16.3963964     0.17618415     0.07372749
   16.4364364     0.12223851     0.07937478
   16.4764765     0.09506438     0.09246832
   16.5165165     0.08893462     0.11663430
   16.5565566     0.08563006     0.15795688
   16.5965966     0.08316207     0.20302356
   16.6366366     0.10450394     0.22917735
   16.6766767     0.16794888     0.23114828
   16.7167167     0.25226745     0.22123016
   16.7567568     0.30832605     0.20937216
   16.7967968     0.30906730     0.19228878
   16.8368368     0.26727709     0.16200091
   16.8768769     0.20737575     0.12449066
   16.9169169     0.14890234     0.09882255
   16.9569570     0.10819819     0.09289781
   16.9969970     0.09019254     0.09525764
   17.0370370     0.08423648     0.09532136
   17.0770771     0.07782478     0.09800279
   17.1171171     0.06995342     0.11312419
   17.1571572     0.06723286     0.14095215
   17.1971972     0.07218415     0.17585653
   17.2372372     0.08551532     0.21750164
   17.2772773     0.11962775     0.26977921
   17.3173173     0.19424444     0.32899536
   17.3573574     0.30520842     0.37594532
   17.3973974     0.40400167     0.38337800
   17.4374374     0.42908414     0.33959480
   17.4774775     0.36709106     0.26831259
   17.5175175     0.26952385     0.21470047
   17.5575576     0.19822408     0.20436035
   17.5975976     0.16795799     0.22418301
   17.6376376     0.15642359     0.24631810
   17.6776777     0.15149350     0.26348775
   17.7177177     0.16035816     0.29263446
   17.7577578     0.18546126     0.34005647
   17.7977978     0.22125058     0.37919268
   17.8378378     0.26600606     0.38184710
   17.8778779     0.31811466     0.35805221
   17.9179179     0.37031830     0.34110241
   17.9579580     0.41370314     0.33778492
   17.9979980     0.43691037     0.31725703
   18.0380380     0.42630911     0.25788441
   18.0780781     0.37888839     0.18738058
   18.1181181     0.30887678     0.16303580
   18.1581582     0.23694454     0.21876264
   18.1981982     0.18362460     0.33092318
   18.2382382     0.17528468     0.43051549
   18.2782783     0.23372725     0.45651800
   18.3183183     0.33959709     0.40351054
   18.3583584     0.42463707     0.31559783
   18.3983984     0.43135539     0.23638045
   18.4384384     0.36842650     0.17597971
   18.4784785     0.28572144     0.12899300
   18.5185185     0.21902286     0.09971556
   18.5585586     0.17578138     0.09222707
   18.5985986     0.14880537     0.09447627
   18.6386386     0.12738358     0.09059848
   18.6786787     0.10532219     0.08045891
   18.7187187     0.08816881     0.07695450
   18.7587588     0.08821010     0.09464359
   18.7987988     0.10673744     0.14992013
   18.8388388     0.13185787     0.25551486
   18.8788789     0.16273258     0.39947440
   18.9189189     0.22324983     0.53867152
   18.9589590     0.33646544     0.62434446
   18.9989990     0.48076312     0.63830189
   19.0390390     0.58186229     0.59967213
   19.0790791     0.58296814     0.52802369
   19.1191191     0.52268095     0.42282781
   19.1591592     0.48859206     0.29657995
   19.1991992     0.49645295     0.19061622
   19.2392392     0.47781156     0.13637602
   19.2792793     0.38625715     0.12835157
   19.3193193     0.26002430     0.14375329
   19.3593594     0.16972842     0.16693272
   19.3993994     0.14400615     0.18959704
   19.4394394     0.16059923     0.20478162
   19.4794795     0.18459767     0.21223717
   19.5195195     0.19538723     0.22839221
   19.5595596     0.18601154     0.28279589
   19.5995996     0.16314173     0.38636976
   19.6396396     0.15351460     0.49095403
   19.6796797     0.18905773     0.50846789
   19.7197197     0.27382501     0.40446490
   19.7597598     0.37086613     0.24576700
   19.7997998     0.42620890     0.12820053
   19.8398398     0.41088978     0.09071898
   19.8798799     0.34476714     0.10948671
   19.9199199     0.27440954     0.13896734
   19.9599600     0.23139536     0.15057737
   20.0000000     0.21911701     0.14555721
