    48
     1   -0.399368   -0.000000    0.000000       0.013889
     2   -0.199684   -0.000000    0.000000       0.013889
     3    0.000000    0.000000    0.000000       0.013889
     4    0.199684    0.000000   -0.000000       0.013889
     5    0.399368    0.000000   -0.000000       0.013889
     6    0.599052    0.000000   -0.000000       0.013889
     7   -0.399368    0.199684    0.000000       0.027778
     8   -0.199684    0.199684    0.000000       0.027778
     9    0.000000    0.199684    0.000000       0.027778
    10    0.199684    0.199684    0.000000       0.027778
    11    0.399368    0.199684    0.000000       0.027778
    12    0.599052    0.199684    0.000000       0.027778
    13   -0.399368    0.399368    0.000000       0.027778
    14   -0.199684    0.399368    0.000000       0.027778
    15    0.000000    0.399368    0.000000       0.027778
    16    0.199684    0.399368    0.000000       0.027778
    17    0.399368    0.399368    0.000000       0.027778
    18    0.599052    0.399368    0.000000       0.027778
    19   -0.399368    0.599052    0.000000       0.013889
    20   -0.199684    0.599052    0.000000       0.013889
    21    0.000000    0.599052    0.000000       0.013889
    22    0.199684    0.599052    0.000000       0.013889
    23    0.399368    0.599052    0.000000       0.013889
    24    0.599052    0.599052    0.000000       0.013889
    25   -0.399368    0.000000    0.206678       0.013889
    26   -0.199684    0.000000    0.206678       0.013889
    27   -0.000000    0.000000    0.206678       0.013889
    28    0.199684    0.000000    0.206678       0.013889
    29    0.399368    0.000000    0.206678       0.013889
    30    0.599052    0.000000    0.206678       0.013889
    31   -0.399368    0.199684    0.206678       0.027778
    32   -0.199684    0.199684    0.206678       0.027778
    33    0.000000    0.199684    0.206678       0.027778
    34    0.199684    0.199684    0.206678       0.027778
    35    0.399368    0.199684    0.206678       0.027778
    36    0.599052    0.199684    0.206678       0.027778
    37   -0.399368    0.399368    0.206678       0.027778
    38   -0.199684    0.399368    0.206678       0.027778
    39    0.000000    0.399368    0.206678       0.027778
    40    0.199684    0.399368    0.206678       0.027778
    41    0.399368    0.399368    0.206678       0.027778
    42    0.599052    0.399368    0.206678       0.027778
    43   -0.399368    0.599052    0.206678       0.013889
    44   -0.199684    0.599052    0.206678       0.013889
    45    0.000000    0.599052    0.206678       0.013889
    46    0.199684    0.599052    0.206678       0.013889
    47    0.399368    0.599052    0.206678       0.013889
    48    0.599052    0.599052    0.206678       0.013889
