#
#   partial DOS for atom species: Ga
#
#   Add data for atom_index =   1,  n,l,m,z=  4  1 -1  1
#   Add data for atom_index =   1,  n,l,m,z=  4  1  0  1
#   Add data for atom_index =   1,  n,l,m,z=  4  1  1  1
#   Add data for atom_index =   1,  n,l,m,z=  4  1 -1  2
#   Add data for atom_index =   1,  n,l,m,z=  4  1  0  2
#   Add data for atom_index =   1,  n,l,m,z=  4  1  1  2
#   Add data for atom_index =   1,  n,l,m,z=  4  1 -1  3
#   Add data for atom_index =   1,  n,l,m,z=  4  1  0  3
#   Add data for atom_index =   1,  n,l,m,z=  4  1  1  3
#   Add data for atom_index =   2,  n,l,m,z=  4  1 -1  1
#   Add data for atom_index =   2,  n,l,m,z=  4  1  0  1
#   Add data for atom_index =   2,  n,l,m,z=  4  1  1  1
#   Add data for atom_index =   2,  n,l,m,z=  4  1 -1  2
#   Add data for atom_index =   2,  n,l,m,z=  4  1  0  2
#   Add data for atom_index =   2,  n,l,m,z=  4  1  1  2
#   Add data for atom_index =   2,  n,l,m,z=  4  1 -1  3
#   Add data for atom_index =   2,  n,l,m,z=  4  1  0  3
#   Add data for atom_index =   2,  n,l,m,z=  4  1  1  3
#   Add data for atom_index =   3,  n,l,m,z=  4  1 -1  1
#   Add data for atom_index =   3,  n,l,m,z=  4  1  0  1
#   Add data for atom_index =   3,  n,l,m,z=  4  1  1  1
#   Add data for atom_index =   3,  n,l,m,z=  4  1 -1  2
#   Add data for atom_index =   3,  n,l,m,z=  4  1  0  2
#   Add data for atom_index =   3,  n,l,m,z=  4  1  1  2
#   Add data for atom_index =   3,  n,l,m,z=  4  1 -1  3
#   Add data for atom_index =   3,  n,l,m,z=  4  1  0  3
#   Add data for atom_index =   3,  n,l,m,z=  4  1  1  3
#   Add data for atom_index =   4,  n,l,m,z=  4  1 -1  1
#   Add data for atom_index =   4,  n,l,m,z=  4  1  0  1
#   Add data for atom_index =   4,  n,l,m,z=  4  1  1  1
#   Add data for atom_index =   4,  n,l,m,z=  4  1 -1  2
#   Add data for atom_index =   4,  n,l,m,z=  4  1  0  2
#   Add data for atom_index =   4,  n,l,m,z=  4  1  1  2
#   Add data for atom_index =   4,  n,l,m,z=  4  1 -1  3
#   Add data for atom_index =   4,  n,l,m,z=  4  1  0  3
#   Add data for atom_index =   4,  n,l,m,z=  4  1  1  3
#   Add data for atom_index =   5,  n,l,m,z=  4  1 -1  1
#   Add data for atom_index =   5,  n,l,m,z=  4  1  0  1
#   Add data for atom_index =   5,  n,l,m,z=  4  1  1  1
#   Add data for atom_index =   5,  n,l,m,z=  4  1 -1  2
#   Add data for atom_index =   5,  n,l,m,z=  4  1  0  2
#   Add data for atom_index =   5,  n,l,m,z=  4  1  1  2
#   Add data for atom_index =   5,  n,l,m,z=  4  1 -1  3
#   Add data for atom_index =   5,  n,l,m,z=  4  1  0  3
#   Add data for atom_index =   5,  n,l,m,z=  4  1  1  3
#
#    Energy          spin 1        spin2
#
  -20.0000000     0.00000000     0.00000000
  -19.9599600     0.00000000     0.00000000
  -19.9199199     0.00000000     0.00000000
  -19.8798799     0.00000000     0.00000000
  -19.8398398     0.00000000     0.00000000
  -19.7997998     0.00000000     0.00000000
  -19.7597598     0.00000000     0.00000000
  -19.7197197     0.00000000     0.00000000
  -19.6796797     0.00000000     0.00000000
  -19.6396396     0.00000000     0.00000000
  -19.5995996     0.00000000     0.00000000
  -19.5595596     0.00000000     0.00000000
  -19.5195195     0.00000000     0.00000000
  -19.4794795     0.00000000     0.00000000
  -19.4394394     0.00000000     0.00000000
  -19.3993994     0.00000000     0.00000000
  -19.3593594     0.00000000     0.00000000
  -19.3193193     0.00000000     0.00000000
  -19.2792793     0.00000000     0.00000000
  -19.2392392     0.00000000     0.00000000
  -19.1991992     0.00000000     0.00000000
  -19.1591592     0.00000000     0.00000000
  -19.1191191     0.00000000     0.00000000
  -19.0790791     0.00000000     0.00000000
  -19.0390390     0.00000000     0.00000000
  -18.9989990     0.00000000     0.00000000
  -18.9589590     0.00000000     0.00000000
  -18.9189189     0.00000000     0.00000000
  -18.8788789     0.00000000     0.00000000
  -18.8388388     0.00000000     0.00000000
  -18.7987988     0.00000000     0.00000000
  -18.7587588     0.00000000     0.00000000
  -18.7187187     0.00000000     0.00000000
  -18.6786787     0.00000000     0.00000000
  -18.6386386     0.00000000     0.00000000
  -18.5985986     0.00000000     0.00000000
  -18.5585586     0.00000000     0.00000000
  -18.5185185     0.00000000     0.00000000
  -18.4784785    -0.00000000    -0.00000000
  -18.4384384    -0.00000000    -0.00000001
  -18.3983984    -0.00000007    -0.00000010
  -18.3583584    -0.00000108    -0.00000146
  -18.3183183    -0.00001147    -0.00001539
  -18.2782783    -0.00008847    -0.00011762
  -18.2382382    -0.00049628    -0.00065440
  -18.1981982    -0.00202539    -0.00264969
  -18.1581582    -0.00601313    -0.00780819
  -18.1181181    -0.01298652    -0.01674558
  -18.0780781    -0.02040175    -0.02613546
  -18.0380380    -0.02331324    -0.02968371
  -17.9979980    -0.01937633    -0.02453219
  -17.9579580    -0.01171235    -0.01475201
  -17.9179179    -0.00514858    -0.00645393
  -17.8778779    -0.00164576    -0.00205406
  -17.8378378    -0.00038251    -0.00047553
  -17.7977978    -0.00006464    -0.00008021
  -17.7577578    -0.00000810    -0.00001159
  -17.7177177    -0.00000285    -0.00001669
  -17.6776777    -0.00002218    -0.00010373
  -17.6376376    -0.00017597    -0.00051624
  -17.5975976    -0.00108005    -0.00206217
  -17.5575576    -0.00512089    -0.00708819
  -17.5175175    -0.01873917    -0.02177780
  -17.4774775    -0.05311779    -0.05832812
  -17.4374374    -0.11839199    -0.13017665
  -17.3973974    -0.21355615    -0.23797670
  -17.3573574    -0.32184117    -0.35998143
  -17.3173173    -0.40953682    -0.45419117
  -17.2772773    -0.42982308    -0.47017104
  -17.2372372    -0.35710923    -0.38563077
  -17.1971972    -0.22651887    -0.24216523
  -17.1571572    -0.10716737    -0.11370391
  -17.1171171    -0.03733477    -0.03937709
  -17.0770771    -0.00951592    -0.00999250
  -17.0370370    -0.00177258    -0.00190738
  -16.9969970    -0.00027618    -0.00066830
  -16.9569570    -0.00028151    -0.00222071
  -16.9169169    -0.00135992    -0.00865435
  -16.8768769    -0.00550441    -0.02625200
  -16.8368368    -0.01777706    -0.06342525
  -16.7967968    -0.04763340    -0.12691483
  -16.7567568    -0.10917392    -0.21827587
  -16.7167167    -0.21508862    -0.33132572
  -16.6766767    -0.35659444    -0.44747175
  -16.6366366    -0.48120695    -0.52827892
  -16.5965966    -0.51209991    -0.52426068
  -16.5565566    -0.41970035    -0.41918867
  -16.5165165    -0.26129506    -0.26266973
  -16.4764765    -0.12374210    -0.12947200
  -16.4364364    -0.04625896    -0.05409452
  -16.3963964    -0.01540750    -0.02319050
  -16.3563564    -0.00551460    -0.01165297
  -16.3163163    -0.00217057    -0.00604022
  -16.2762763    -0.00104741    -0.00402369
  -16.2362362    -0.00228244    -0.00970317
  -16.1961962    -0.01048616    -0.03622038
  -16.1561562    -0.03866802    -0.10712754
  -16.1161161    -0.10618104    -0.23645242
  -16.0760761    -0.21833511    -0.39069831
  -16.0360360    -0.34108503    -0.48850627
  -15.9959960    -0.41645208    -0.47471682
  -15.9559560    -0.42222107    -0.38888191
  -15.9159159    -0.39758712    -0.32603055
  -15.8758759    -0.39161917    -0.33576934
  -15.8358358    -0.40867812    -0.38845176
  -15.7957958    -0.42074227    -0.42922375
  -15.7557558    -0.40591838    -0.42991512
  -15.7157157    -0.35466419    -0.38554352
  -15.6756757    -0.26646124    -0.29854216
  -15.6356356    -0.16203470    -0.18883337
  -15.5955956    -0.07608824    -0.09298498
  -15.5555556    -0.02687625    -0.03463825
  -15.5155155    -0.00755105    -0.01022584
  -15.4754755    -0.00473179    -0.00598633
  -15.4354354    -0.01497254    -0.01740913
  -15.3953954    -0.04759849    -0.05337401
  -15.3553554    -0.11546507    -0.12492980
  -15.3153153    -0.21874631    -0.22801281
  -15.2752753    -0.34015004    -0.34379350
  -15.2352352    -0.45571400    -0.45595708
  -15.1951952    -0.53767071    -0.54718824
  -15.1551552    -0.56004354    -0.58935449
  -15.1151151    -0.52436552    -0.57014629
  -15.0750751    -0.45777688    -0.50794375
  -15.0350350    -0.37808136    -0.42158465
  -14.9949950    -0.28838073    -0.31863962
  -14.9549550    -0.19633615    -0.21330157
  -14.9149149    -0.11661898    -0.12589073
  -14.8748749    -0.06068054    -0.06694773
  -14.8348348    -0.03209247    -0.03504052
  -14.7947948    -0.03162766    -0.02917401
  -14.7547548    -0.06254138    -0.05708826
  -14.7147147    -0.12488407    -0.12652175
  -14.6746747    -0.20921105    -0.23092583
  -14.6346346    -0.31040432    -0.35746646
  -14.5945946    -0.43672728    -0.50066863
  -14.5545546    -0.57238253    -0.63541848
  -14.5145145    -0.65281788    -0.69936202
  -14.4744745    -0.62871551    -0.65439228
  -14.4344344    -0.52790873    -0.53701113
  -14.3943944    -0.41253969    -0.41136233
  -14.3543544    -0.31666978    -0.31578751
  -14.3143143    -0.25219909    -0.26661502
  -14.2742743    -0.22243849    -0.25561222
  -14.2342342    -0.20670471    -0.23977778
  -14.1941942    -0.17314909    -0.18136989
  -14.1541542    -0.11659676    -0.09289016
  -14.1141141    -0.05870241    -0.01776295
  -14.0740741    -0.01942642     0.01462718
  -14.0340340    -0.00708299     0.00054762
  -13.9939940    -0.02580333    -0.05230869
  -13.9539540    -0.07838681    -0.13401857
  -13.9139139    -0.15852208    -0.22658585
  -13.8738739    -0.24114123    -0.29735490
  -13.8338338    -0.28795428    -0.31212412
  -13.7937938    -0.27263817    -0.26459466
  -13.7537538    -0.20551551    -0.18706292
  -13.7137137    -0.12899964    -0.12302041
  -13.6736737    -0.08237129    -0.09292640
  -13.6336336    -0.07225515    -0.08588004
  -13.5935936    -0.07596304    -0.07737244
  -13.5535536    -0.06871853    -0.05577182
  -13.5135135    -0.04661604    -0.02973449
  -13.4734735    -0.02243912    -0.01098329
  -13.4334334    -0.00520603    -0.00007013
  -13.3933934     0.00883162     0.01216001
  -13.3533534     0.03056318     0.03880093
  -13.3133133     0.06996187     0.08968984
  -13.2732733     0.12794770     0.15603794
  -13.2332332     0.18531927     0.19841840
  -13.1931932     0.20133659     0.17117825
  -13.1531532     0.14666563     0.07944849
  -13.1131131     0.05067930    -0.00501094
  -13.0730731    -0.00945645    -0.01069509
  -13.0330330     0.01341768     0.05886396
  -12.9929930     0.08698407     0.13371332
  -12.9529530     0.14048058     0.15499863
  -12.9129129     0.14045102     0.12887630
  -12.8728729     0.11238488     0.10400034
  -12.8328328     0.09779039     0.11557130
  -12.7927928     0.11137133     0.16188185
  -12.7527528     0.14359150     0.21841224
  -12.7127127     0.18548903     0.25733813
  -12.6726727     0.23238355     0.26249949
  -12.6326326     0.26847477     0.24115379
  -12.5925926     0.27177772     0.21538569
  -12.5525526     0.24017118     0.19732112
  -12.5125125     0.19509145     0.18528646
  -12.4724725     0.16034177     0.17780358
  -12.4324324     0.14918584     0.17052192
  -12.3923924     0.15982349     0.14953993
  -12.3523524     0.17151477     0.10825123
  -12.3123123     0.15877193     0.06114068
  -12.2722723     0.11850969     0.02914803
  -12.2322322     0.07369436     0.02356044
  -12.1921922     0.05035047     0.05090098
  -12.1521522     0.06261943     0.12083877
  -12.1121121     0.12035713     0.23962708
  -12.0720721     0.23830750     0.39884612
  -12.0320320     0.41786638     0.57263627
  -11.9919920     0.61325677     0.71880641
  -11.9519520     0.74543496     0.78444281
  -11.9119119     0.76942150     0.73196002
  -11.8718719     0.70272283     0.57496100
  -11.8318318     0.58322375     0.38091691
  -11.7917918     0.43720216     0.22741077
  -11.7517518     0.29734494     0.15639281
  -11.7117117     0.21335929     0.16778715
  -11.6716717     0.21645000     0.23788143
  -11.6316316     0.28375527     0.33029900
  -11.5915916     0.35369361     0.39897295
  -11.5515516     0.37494726     0.40610504
  -11.5115115     0.33872329     0.36099403
  -11.4714715     0.28001869     0.33230223
  -11.4314314     0.26022928     0.38455055
  -11.3913914     0.32343302     0.49444337
  -11.3513514     0.44383977     0.56723721
  -11.3113113     0.53804910     0.55042236
  -11.2712713     0.55514202     0.48599210
  -11.2312312     0.52985494     0.43356266
  -11.1911912     0.51967361     0.40178631
  -11.1511512     0.52402423     0.37599811
  -11.1111111     0.50554319     0.35893673
  -11.0710711     0.45804877     0.36805270
  -11.0310310     0.40811061     0.41610637
  -10.9909910     0.37216980     0.48896126
  -10.9509510     0.34721149     0.53856548
  -10.9109109     0.33544261     0.52134233
  -10.8708709     0.35572807     0.45331007
  -10.8308308     0.41933458     0.40027983
  -10.7907908     0.50620534     0.40071141
  -10.7507508     0.58708068     0.43282791
  -10.7107107     0.65148645     0.46956658
  -10.6706707     0.68704145     0.52060384
  -10.6306306     0.66739962     0.59423182
  -10.5905906     0.59384822     0.65629854
  -10.5505506     0.51123756     0.66532467
  -10.5105105     0.46388875     0.63006934
  -10.4704705     0.46876826     0.60534011
  -10.4304304     0.52395689     0.63420589
  -10.3903904     0.60462266     0.70418817
  -10.3503504     0.66462928     0.76728776
  -10.3103103     0.67465165     0.79149128
  -10.2702703     0.65331564     0.77227526
  -10.2302302     0.64759979     0.71560861
  -10.1901902     0.68790040     0.63886582
  -10.1501502     0.76354592     0.57364483
  -10.1101101     0.82810783     0.55008897
  -10.0700701     0.82834333     0.57978596
  -10.0300300     0.74698639     0.65052732
   -9.9899900     0.62019469     0.73300054
   -9.9499500     0.50414086     0.80093513
   -9.9099099     0.43311117     0.84657438
   -9.8698699     0.41572495     0.86478650
   -9.8298298     0.44674054     0.84330066
   -9.7897898     0.50623554     0.80137921
   -9.7497497     0.57079654     0.80007828
   -9.7097097     0.63428114     0.86590050
   -9.6696697     0.69784727     0.94164852
   -9.6296296     0.74755397     0.95292903
   -9.5895896     0.76027034     0.89049366
   -9.5495496     0.72523244     0.80180020
   -9.5095095     0.65625215     0.72681127
   -9.4694695     0.59243596     0.66337064
   -9.4294294     0.58654203     0.59250757
   -9.3893894     0.66950747     0.52106061
   -9.3493494     0.80862687     0.47985838
   -9.3093093     0.91902128     0.48440414
   -9.2692693     0.93842985     0.51923011
   -9.2292292     0.88027338     0.56372674
   -9.1891892     0.80551828     0.61590124
   -9.1491491     0.76479924     0.67828357
   -9.1091091     0.77165943     0.73025612
   -9.0690691     0.79744229     0.73672752
   -9.0290290     0.78501805     0.68764345
   -8.9889890     0.70144152     0.61093959
   -8.9489490     0.58348708     0.54462478
   -8.9089089     0.50904399     0.51242466
   -8.8688689     0.52087085     0.51955166
   -8.8288288     0.58814348     0.54946954
   -8.7887888     0.64338089     0.56638034
   -8.7487488     0.64684842     0.53787491
   -8.7087087     0.60732388     0.46428940
   -8.6686687     0.55686073     0.38454255
   -8.6286286     0.52361874     0.34560708
   -8.5885886     0.51974281     0.36461556
   -8.5485485     0.54406823     0.42032090
   -8.5085085     0.59367123     0.47470059
   -8.4684685     0.66503035     0.50639630
   -8.4284284     0.74258632     0.52880225
   -8.3883884     0.80250458     0.56941139
   -8.3483484     0.84061393     0.63341859
   -8.3083083     0.87781698     0.69560316
   -8.2682683     0.91659971     0.72247986
   -8.2282282     0.91313618     0.69440780
   -8.1881882     0.82457696     0.61251438
   -8.1481482     0.67337563     0.49872785
   -8.1081081     0.53258925     0.39003664
   -8.0680681     0.45511742     0.31936550
   -8.0280280     0.44564659     0.29613997
   -7.9879880     0.48317526     0.30513060
   -7.9479479     0.53264362     0.32212429
   -7.9079079     0.54799101     0.33475636
   -7.8678679     0.50000167     0.35160586
   -7.8278278     0.40210036     0.38693396
   -7.7877878     0.29962430     0.43647361
   -7.7477478     0.23778933     0.47938493
   -7.7077077     0.23433847     0.50939448
   -7.6676677     0.27022641     0.54755052
   -7.6276276     0.30765812     0.60696692
   -7.5875876     0.32676705     0.65532901
   -7.5475475     0.34301502     0.64012491
   -7.5075075     0.38019497     0.55471437
   -7.4674675     0.44015606     0.45401286
   -7.4274274     0.52083370     0.39917656
   -7.3873874     0.64061305     0.40809838
   -7.3473473     0.79911879     0.46094605
   -7.3073073     0.92613192     0.52492265
   -7.2672673     0.92755555     0.56298782
   -7.2272272     0.79041880     0.54943172
   -7.1871872     0.60121734     0.49627239
   -7.1471472     0.46368318     0.44475806
   -7.1071071     0.42600366     0.42263944
   -7.0670671     0.46723573     0.42263126
   -7.0270270     0.52718354     0.42041908
   -6.9869870     0.55875807     0.40481055
   -6.9469470     0.56328013     0.39418309
   -6.9069069     0.56874930     0.41843081
   -6.8668669     0.57643100     0.47761487
   -6.8268268     0.55522966     0.54181877
   -6.7867868     0.49340603     0.59967219
   -6.7467467     0.42560420     0.66505964
   -6.7067067     0.39810894     0.72669665
   -6.6666667     0.42174685     0.74198673
   -6.6266266     0.46752264     0.69103523
   -6.5865866     0.50331575     0.59309619
   -6.5465466     0.51641467     0.47169548
   -6.5065065     0.50219121     0.34388980
   -6.4664665     0.46130798     0.23608544
   -6.4264264     0.41001997     0.17870250
   -6.3863864     0.37129134     0.18408208
   -6.3463464     0.35974865     0.23386477
   -6.3063063     0.38338195     0.28833223
   -6.2662663     0.44694735     0.32103374
   -6.2262262     0.54493359     0.35103074
   -6.1861862     0.64992321     0.42500041
   -6.1461461     0.71229245     0.55303537
   -6.1061061     0.69624677     0.67660508
   -6.0660661     0.62391827     0.72013837
   -6.0260260     0.56074140     0.66589999
   -5.9859860     0.55348692     0.56456782
   -5.9459459     0.58817278     0.48290107
   -5.9059059     0.60589668     0.45287848
   -5.8658659     0.56886911     0.46636872
   -5.8258258     0.50787059     0.50789386
   -5.7857858     0.48870534     0.57671101
   -5.7457458     0.53731438     0.66480883
   -5.7057057     0.61236152     0.72954963
   -5.6656657     0.65568622     0.71827386
   -5.6256256     0.65300998     0.62605453
   -5.5855856     0.62681802     0.51354612
   -5.5455455     0.59836664     0.45717510
   -5.5055055     0.58332983     0.48873235
   -5.4654655     0.59251706     0.59083961
   -5.4254254     0.61836534     0.72748818
   -5.3853854     0.64317443     0.85312298
   -5.3453453     0.65701461     0.92269909
   -5.3053053     0.65070954     0.92757404
   -5.2652653     0.61209848     0.89431569
   -5.2252252     0.54949258     0.83981770
   -5.1851852     0.49814345     0.77128415
   -5.1451452     0.48374287     0.71880617
   -5.1051051     0.49208424     0.70842070
   -5.0650651     0.48539976     0.71614328
   -5.0250250     0.43956570     0.69363023
   -4.9849850     0.36485242     0.61776692
   -4.9449449     0.29921089     0.49824288
   -4.9049049     0.27631895     0.36789606
   -4.8648649     0.29946407     0.26962162
   -4.8248248     0.35825704     0.23193832
   -4.7847848     0.45580333     0.25331536
   -4.7447447     0.58948278     0.31018776
   -4.7047047     0.71392682     0.38106532
   -4.6646647     0.76029925     0.46364973
   -4.6246246     0.70478487     0.56329765
   -4.5845846     0.59125842     0.67780372
   -4.5445445     0.47495451     0.81082899
   -4.5045045     0.38213346     0.96813863
   -4.4644645     0.33832724     1.10515067
   -4.4244244     0.38936419     1.12500461
   -4.3843844     0.56131103     0.98798468
   -4.3443443     0.80424910     0.78364078
   -4.3043043     0.99634289     0.64224521
   -4.2642643     1.03423040     0.61520457
   -4.2242242     0.92400573     0.66728814
   -4.1841842     0.76895072     0.73139301
   -4.1441441     0.68550409     0.75259101
   -4.1041041     0.73648040     0.71815915
   -4.0640641     0.90051921     0.65850915
   -4.0240240     1.07737298     0.61510954
   -3.9839840     1.14854865     0.61389599
   -3.9439439     1.06485583     0.65378493
   -3.9039039     0.87871008     0.70533802
   -3.8638639     0.69356928     0.74189806
   -3.8238238     0.58782280     0.77167247
   -3.7837838     0.57052826     0.81032401
   -3.7437437     0.59439922     0.83778644
   -3.7037037     0.61555407     0.81638924
   -3.6636637     0.63460001     0.74140376
   -3.6236236     0.67038929     0.65920543
   -3.5835836     0.71388700     0.63859147
   -3.5435435     0.73253391     0.70213850
   -3.5035035     0.71256139     0.78062347
   -3.4634635     0.67311443     0.77861034
   -3.4234234     0.63973576     0.68825865
   -3.3833834     0.62534778     0.59416333
   -3.3433433     0.63046517     0.57463879
   -3.3033033     0.63766310     0.64223570
   -3.2632633     0.61466431     0.76322399
   -3.2232232     0.55070131     0.88021932
   -3.1831832     0.48831558     0.92060701
   -3.1431431     0.49003347     0.84729712
   -3.1031031     0.57328973     0.71898603
   -3.0630631     0.71070986     0.64296192
   -3.0230230     0.87130490     0.66004690
   -2.9829830     1.00554528     0.71889494
   -2.9429429     1.03422036     0.73839422
   -2.9029029     0.92964266     0.66747797
   -2.8628629     0.76880117     0.52575465
   -2.8228228     0.65165061     0.40159894
   -2.7827828     0.60592155     0.38766314
   -2.7427427     0.59874670     0.51750519
   -2.7027027     0.61274197     0.75525428
   -2.6626627     0.68672605     1.01568765
   -2.6226226     0.85795508     1.19925388
   -2.5825826     1.06157125     1.24623076
   -2.5425425     1.14993743     1.17158128
   -2.5025025     1.05256932     1.04774189
   -2.4624625     0.85792884     0.96269149
   -2.4224224     0.71090150     0.97700287
   -2.3823824     0.70423741     1.09103164
   -2.3423423     0.86564965     1.24871922
   -2.3023023     1.13909547     1.36886233
   -2.2622623     1.37063707     1.37960913
   -2.2222222     1.42233224     1.25831654
   -2.1821822     1.30658908     1.04766415
   -2.1421421     1.13006087     0.81749853
   -2.1021021     0.96262758     0.61516804
   -2.0620621     0.82786538     0.46110689
   -2.0220220     0.72819367     0.37407048
   -1.9819820     0.63474850     0.37258112
   -1.9419419     0.52118118     0.44925490
   -1.9019019     0.41109984     0.55999281
   -1.8618619     0.35020437     0.65172745
   -1.8218218     0.34905334     0.70477902
   -1.7817818     0.38951039     0.73670892
   -1.7417417     0.47062527     0.75606547
   -1.7017017     0.60517303     0.73219302
   -1.6616617     0.76519532     0.63313844
   -1.6216216     0.86462442     0.47893259
   -1.5815816     0.82786471     0.32932777
   -1.5415415     0.66595070     0.22925198
   -1.5015015     0.45896976     0.19426682
   -1.4614615     0.28166795     0.23433739
   -1.4214214     0.17094317     0.35475641
   -1.3813814     0.13955294     0.54157846
   -1.3413413     0.18788290     0.76997256
   -1.3013013     0.30294262     0.99945460
   -1.2612613     0.45781200     1.14694616
   -1.2212212     0.62602830     1.12991044
   -1.1811812     0.80428775     0.96698067
   -1.1411411     0.99521775     0.78418485
   -1.1011011     1.14993774     0.71038423
   -1.0610611     1.17415778     0.78029996
   -1.0210210     1.03337745     0.91039364
   -0.9809810     0.82505705     0.97652504
   -0.9409409     0.71057341     0.93773241
   -0.9009009     0.77117283     0.85278868
   -0.8608609     0.95092350     0.78286889
   -0.8208208     1.15354741     0.73533398
   -0.7807808     1.32645699     0.69773003
   -0.7407407     1.40453311     0.67004771
   -0.7007007     1.29678072     0.65472159
   -0.6606607     1.01180132     0.64941086
   -0.6206206     0.69307232     0.65066290
   -0.5805806     0.48697311     0.64857208
   -0.5405405     0.43321717     0.63399532
   -0.5005005     0.46935152     0.62152685
   -0.4604605     0.51139620     0.64085406
   -0.4204204     0.53911489     0.69643062
   -0.3803804     0.59130201     0.75384820
   -0.3403403     0.67927126     0.76946352
   -0.3003003     0.74789820     0.73342772
   -0.2602603     0.74233597     0.68795835
   -0.2202202     0.67999759     0.68862823
   -0.1801802     0.62902665     0.74543345
   -0.1401401     0.63547618     0.82098131
   -0.1001001     0.68997395     0.87600781
   -0.0600601     0.75490909     0.89284688
   -0.0200200     0.80888616     0.86725329
    0.0200200     0.85633659     0.80617859
    0.0600601     0.90425912     0.73290377
    0.1001001     0.94267080     0.67561759
    0.1401401     0.93619935     0.65171014
    0.1801802     0.84618558     0.66819000
    0.2202202     0.69377089     0.72771933
    0.2602603     0.57726818     0.83710878
    0.3003003     0.58968205     1.01206727
    0.3403403     0.74142122     1.23581629
    0.3803804     0.98315624     1.40482967
    0.4204204     1.25432644     1.39643194
    0.4604605     1.46437272     1.22162452
    0.5005005     1.49489715     1.02336491
    0.5405405     1.31431645     0.90405080
    0.5805806     1.03960234     0.84263302
    0.6206206     0.81290593     0.78005747
    0.6606607     0.68486696     0.70219452
    0.7007007     0.64054564     0.63877535
    0.7407407     0.64093383     0.63443723
    0.7807808     0.63619703     0.71220344
    0.8208208     0.62641540     0.83272688
    0.8608609     0.69845909     0.90920128
    0.9009009     0.92957713     0.89663090
    0.9409409     1.25887992     0.85366001
    0.9809810     1.51018176     0.88546907
    1.0210210     1.55111723     1.02694750
    1.0610611     1.39854331     1.19771752
    1.1011011     1.17739169     1.27617053
    1.1411411     1.00879252     1.20946868
    1.1811812     0.92095071     1.05032549
    1.2212212     0.85594732     0.91436702
    1.2612613     0.77822309     0.89249134
    1.3013013     0.72910543     0.95442626
    1.3413413     0.74127463     0.96589725
    1.3813814     0.77703122     0.84215925
    1.4214214     0.78528205     0.63454330
    1.4614615     0.75675023     0.45482467
    1.5015015     0.71574713     0.38177813
    1.5415415     0.69282565     0.44569409
    1.5815816     0.69679863     0.62876363
    1.6216216     0.71257716     0.83550399
    1.6616617     0.73058823     0.92037964
    1.7017017     0.74748918     0.82214102
    1.7417417     0.74501924     0.64260444
    1.7817818     0.71143810     0.53753554
    1.8218218     0.66571110     0.55108687
    1.8618619     0.62122987     0.58734096
    1.9019019     0.55372238     0.53829450
    1.9419419     0.44149814     0.41069218
    1.9819820     0.31158463     0.30264765
    2.0220220     0.21503639     0.29085190
    2.0620621     0.17144543     0.37990550
    2.1021021     0.16161688     0.51903382
    2.1421421     0.16662694     0.62897080
    2.1821822     0.19208687     0.65938402
    2.2222222     0.26406779     0.64649503
    2.2622623     0.42349312     0.67071649
    2.3023023     0.70153727     0.75727257
    2.3423423     1.05125857     0.85309279
    2.3823824     1.31126679     0.88823488
    2.4224224     1.32131201     0.84752369
    2.4624625     1.10758599     0.78688202
    2.5025025     0.86819920     0.76335876
    2.5425425     0.74626887     0.76046512
    2.5825826     0.71152967     0.72648308
    2.6226226     0.68876612     0.67628761
    2.6626627     0.69569603     0.69301435
    2.7027027     0.78289132     0.81208130
    2.7427427     0.91341988     0.95688153
    2.7827828     1.00084413     1.02066782
    2.8228228     1.01210549     0.96894807
    2.8628629     0.94747280     0.83735412
    2.9029029     0.79831404     0.67649963
    2.9429429     0.60264223     0.53111751
    2.9829830     0.46673954     0.44999147
    3.0230230     0.47517418     0.47232570
    3.0630631     0.60268097     0.57757524
    3.1031031     0.72466534     0.67206330
    3.1431431     0.72264470     0.66311306
    3.1831832     0.58662767     0.53962683
    3.2232232     0.40334022     0.36728818
    3.2632633     0.26065823     0.22691339
    3.3033033     0.18917854     0.16525850
    3.3433433     0.17514669     0.18063747
    3.3833834     0.18812623     0.23329444
    3.4234234     0.19447702     0.27870335
    3.4634635     0.18247595     0.31689721
    3.5035035     0.19111296     0.39786411
    3.5435435     0.28811866     0.54891502
    3.5835836     0.49439239     0.71315331
    3.6236236     0.73055480     0.79654489
    3.6636637     0.86395021     0.77267006
    3.7037037     0.83371620     0.71051155
    3.7437437     0.71447913     0.69548919
    3.7837838     0.62912290     0.74069019
    3.8238238     0.61427583     0.77652625
    3.8638639     0.60988446     0.73586349
    3.9039039     0.57527404     0.65293960
    3.9439439     0.55501002     0.63102761
    3.9839840     0.60083729     0.69657225
    4.0240240     0.68840323     0.75380194
    4.0640641     0.75871295     0.71248335
    4.1041041     0.78602757     0.59477016
    4.1441441     0.75914737     0.48337001
    4.1841842     0.65973003     0.42071740
    4.2242242     0.50596843     0.39077881
    4.2642643     0.36581216     0.36278482
    4.3043043     0.29499063     0.32544663
    4.3443443     0.29063686     0.28945561
    4.3843844     0.31760328     0.27491216
    4.4244244     0.35597922     0.30083950
    4.4644645     0.40586455     0.37520617
    4.5045045     0.46841535     0.48482246
    4.5445445     0.53928206     0.59339660
    4.5845846     0.59101857     0.64682635
    4.6246246     0.56797521     0.60019838
    4.6646647     0.44950224     0.47163270
    4.7047047     0.30003007     0.34862952
    4.7447447     0.21313372     0.30648888
    4.7847848     0.22671926     0.33907221
    4.8248248     0.30752113     0.38879689
    4.8648649     0.39367511     0.42140954
    4.9049049     0.44581004     0.44927495
    4.9449449     0.47183751     0.49929650
    4.9849850     0.50668787     0.58337002
    5.0250250     0.56690388     0.67990088
    5.0650651     0.63444130     0.72878885
    5.1051051     0.68354089     0.68867397
    5.1451452     0.70237848     0.60644100
    5.1851852     0.68878896     0.57216635
    5.2252252     0.64826177     0.60454610
    5.2652653     0.60061229     0.63360184
    5.3053053     0.57670135     0.59544674
    5.3453453     0.59541244     0.50821324
    5.3853854     0.64235366     0.45850115
    5.4254254     0.68990695     0.51912231
    5.4654655     0.73140964     0.66024541
    5.5055055     0.76894581     0.76229290
    5.5455455     0.78491634     0.74723821
    5.5855856     0.75425561     0.66185146
    5.6256256     0.67815087     0.61008506
    5.6656657     0.60114891     0.64632017
    5.7057057     0.59164357     0.74258444
    5.7457458     0.67179864     0.81808177
    5.7857858     0.76151441     0.79652808
    5.8258258     0.74614166     0.67136401
    5.8658659     0.61414268     0.52409952
    5.9059059     0.47817153     0.45502425
    5.9459459     0.45132682     0.48839669
    5.9859860     0.54292890     0.55785465
    6.0260260     0.67361487     0.58264100
    6.0660661     0.74858507     0.54064332
    6.1061061     0.71520130     0.47145345
    6.1461461     0.59243019     0.42587619
    6.1861862     0.45273990     0.41350423
    6.2262262     0.35223632     0.40635848
    6.2662663     0.28890646     0.38748926
    6.3063063     0.24229126     0.36274797
    6.3463464     0.21864657     0.33125769
    6.3863864     0.22976075     0.27999503
    6.4264264     0.25566268     0.20799599
    6.4664665     0.26568345     0.14043766
    6.5065065     0.26808794     0.11659658
    6.5465466     0.30222520     0.16264221
    6.5865866     0.37957767     0.26814340
    6.6266266     0.46334006     0.38555274
    6.6666667     0.50583894     0.46257086
    6.7067067     0.48381258     0.48111477
    6.7467467     0.41131101     0.45923862
    6.7867868     0.33596205     0.41996206
    6.8268268     0.30157206     0.37434561
    6.8668669     0.30829693     0.33409522
    6.9069069     0.32845899     0.31785191
    6.9469470     0.34809455     0.33526512
    6.9869870     0.36702022     0.37473153
    7.0270270     0.37393634     0.40759926
    7.0670671     0.35115266     0.40609967
    7.1071071     0.29862583     0.36666259
    7.1471472     0.23702177     0.30994839
    7.1871872     0.19242961     0.25544742
    7.2272272     0.18280822     0.21409860
    7.2672673     0.21011024     0.20383240
    7.3073073     0.25893841     0.23817905
    7.3473473     0.30219026     0.29225077
    7.3873874     0.31448641     0.31799465
    7.4274274     0.29317803     0.30774778
    7.4674675     0.26830424     0.30931306
    7.5075075     0.28142088     0.36308913
    7.5475475     0.34663209     0.44783596
    7.5875876     0.43080314     0.50442478
    7.6276276     0.48280362     0.50534083
    7.6676677     0.48971995     0.47765927
    7.7077077     0.47827487     0.44827379
    7.7477478     0.45450117     0.40319007
    7.7877878     0.39378317     0.32846283
    7.8278278     0.30068197     0.25156830
    7.8678679     0.22457011     0.20906821
    7.9079079     0.20482981     0.20441997
    7.9479479     0.23181805     0.22066878
    7.9879880     0.26523007     0.24874080
    8.0280280     0.27462601     0.28246383
    8.0680681     0.26019994     0.30327581
    8.1081081     0.24258209     0.29115615
    8.1481482     0.23419589     0.24577833
    8.1881882     0.22364702     0.18832565
    8.2282282     0.19619270     0.14690592
    8.2682683     0.16023799     0.14085209
    8.3083083     0.13765093     0.16937813
    8.3483484     0.13517056     0.20810489
    8.3883884     0.14214202     0.22475860
    8.4284284     0.15393968     0.20982008
    8.4684685     0.17901467     0.18504877
    8.5085085     0.21660898     0.17363810
    8.5485485     0.24490763     0.17327865
    8.5885886     0.24374816     0.16832371
    8.6286286     0.21899989     0.15853733
    8.6686687     0.19488517     0.16128924
    8.7087087     0.18726836     0.18655525
    8.7487488     0.19341894     0.22416420
    8.7887888     0.20908443     0.25831779
    8.8288288     0.23966559     0.28128368
    8.8688689     0.28025299     0.28972761
    8.9089089     0.30278173     0.27665157
    8.9489490     0.28204161     0.23333578
    8.9889890     0.22009238     0.16296593
    9.0290290     0.13870680     0.08961439
    9.0690691     0.06520234     0.04854890
    9.1091091     0.02585855     0.06249570
    9.1491491     0.03486416     0.11914524
    9.1891892     0.08390341     0.17891201
    9.2292292     0.15198194     0.21654262
    9.2692693     0.22481573     0.23931933
    9.3093093     0.29343070     0.25475019
    9.3493494     0.34355657     0.25374804
    9.3893894     0.36577055     0.24460678
    9.4294294     0.36905165     0.26572839
    9.4694695     0.37230190     0.33883883
    9.5095095     0.38487201     0.43321150
    9.5495496     0.39290938     0.48905562
    9.5895896     0.36986652     0.46473715
    9.6296296     0.31048156     0.36567377
    9.6696697     0.23912081     0.23830338
    9.7097097     0.17987801     0.13202519
    9.7497497     0.14006413     0.06593404
    9.7897898     0.11892409     0.03392549
    9.8298298     0.11334817     0.02875535
    9.8698699     0.11793674     0.05066580
    9.9099099     0.12841395     0.09685894
    9.9499500     0.14670339     0.15113829
    9.9899900     0.17728929     0.19548776
   10.0300300     0.21300016     0.23169612
   10.0700701     0.23444179     0.27050201
   10.1101101     0.23059237     0.29987249
   10.1501502     0.20756079     0.29462780
   10.1901902     0.17764957     0.25598134
   10.2302302     0.15440280     0.21248235
   10.2702703     0.15066698     0.18776518
   10.3103103     0.16649699     0.18552607
   10.3503504     0.18710839     0.19364124
   10.3903904     0.20173969     0.19426558
   10.4304304     0.21252503     0.18117736
   10.4704705     0.22168662     0.16781102
   10.5105105     0.22541366     0.16962674
   10.5505506     0.21888208     0.18092800
   10.5905906     0.19646807     0.18089380
   10.6306306     0.15463041     0.16408039
   10.6706707     0.10208101     0.14856262
   10.7107107     0.06083919     0.14687191
   10.7507508     0.05349606     0.14690204
   10.7907908     0.08846875     0.13315129
   10.8308308     0.15023408     0.10953583
   10.8708709     0.20155597     0.08551256
   10.9109109     0.20406704     0.05445298
   10.9509510     0.14511539     0.00711652
   10.9909910     0.05058849    -0.03889612
   11.0310310    -0.03008602    -0.04665420
   11.0710711    -0.06214041    -0.00313403
   11.1111111    -0.04878141     0.06117278
   11.1511512    -0.01320577     0.10294153
   11.1911912     0.02978153     0.10681905
   11.2312312     0.07362631     0.09232297
   11.2712713     0.10606379     0.08889584
   11.3113113     0.11670488     0.11038149
   11.3513514     0.11383039     0.14789290
   11.3913914     0.11527092     0.17877281
   11.4314314     0.12271747     0.18395402
   11.4714715     0.11783478     0.16158576
   11.5115115     0.09092308     0.12603556
   11.5515516     0.06538306     0.09670073
   11.5915916     0.07440061     0.08534793
   11.6316316     0.11455800     0.09050913
   11.6716717     0.14665446     0.10635588
   11.7117117     0.14375010     0.13070677
   11.7517518     0.11727996     0.15726665
   11.7917918     0.09667893     0.17165636
   11.8318318     0.10145584     0.16638173
   11.8718719     0.13222640     0.15235252
   11.9119119     0.17446768     0.14759037
   11.9519520     0.21061947     0.16232480
   11.9919920     0.23501420     0.19937158
   12.0320320     0.25430466     0.25157279
   12.0720721     0.27411698     0.29160716
   12.1121121     0.29033722     0.28697080
   12.1521522     0.28979549     0.23577563
   12.1921922     0.26093370     0.17149368
   12.2322322     0.20834866     0.12693184
   12.2722723     0.14903835     0.10747362
   12.3123123     0.09619739     0.10096364
   12.3523524     0.05642512     0.09653730
   12.3923924     0.03460352     0.08898506
   12.4324324     0.03277079     0.07903793
   12.4724725     0.04951100     0.07514632
   12.5125125     0.08323968     0.08835161
   12.5525526     0.13100067     0.12210527
   12.5925926     0.18184221     0.16506072
   12.6326326     0.21887457     0.19665329
   12.6726727     0.23340962     0.20786109
   12.7127127     0.22938852     0.21120838
   12.7527528     0.21278479     0.22003874
   12.7927928     0.18964662     0.22634236
   12.8328328     0.17212176     0.21295717
   12.8728729     0.16947559     0.18016241
   12.9129129     0.17290561     0.14441497
   12.9529530     0.16217596     0.11908731
   12.9929930     0.13057014     0.11433681
   13.0330330     0.09785731     0.14709865
   13.0730731     0.09680148     0.22603545
   13.1131131     0.14639912     0.32398686
   13.1531532     0.23389696     0.38857331
   13.1931932     0.32083011     0.38987193
   13.2332332     0.36837344     0.34276428
   13.2732733     0.35907164     0.28131496
   13.3133133     0.30270625     0.22914172
   13.3533534     0.23144851     0.19622200
   13.3933934     0.17991745     0.18659496
   13.4334334     0.15676267     0.19699299
   13.4734735     0.14796982     0.21301931
   13.5135135     0.15119153     0.21790741
   13.5535536     0.18035127     0.20682288
   13.5935936     0.23141931     0.18777285
   13.6336336     0.27248398     0.17059013
   13.6736737     0.27714444     0.15850551
   13.7137137     0.24440341     0.14320372
   13.7537538     0.18327893     0.10988277
   13.7937938     0.11052691     0.06441841
   13.8338338     0.06322606     0.04480299
   13.8738739     0.07377572     0.07781578
   13.9139139     0.13043277     0.14186734
   13.9539540     0.19247863     0.19825043
   13.9939940     0.23724672     0.23522880
   14.0340340     0.26470587     0.26503411
   14.0740741     0.26952653     0.29695181
   14.1141141     0.24144600     0.31719537
   14.1541542     0.18917175     0.29521571
   14.1941942     0.13870512     0.22301505
   14.2342342     0.10376420     0.13755990
   14.2742743     0.07776704     0.09051082
   14.3143143     0.06142694     0.10504431
   14.3543544     0.07501882     0.16351451
   14.3943944     0.13311213     0.22762347
   14.4344344     0.22172859     0.27052181
   14.4744745     0.30826833     0.29374883
   14.5145145     0.37116391     0.31234563
   14.5545546     0.41176328     0.32866535
   14.5945946     0.43454164     0.33303942
   14.6346346     0.42962821     0.32369811
   14.6746747     0.38088735     0.30800005
   14.7147147     0.28495543     0.28553595
   14.7547548     0.16526391     0.24332864
   14.7947948     0.06898363     0.17712480
   14.8348348     0.04000877     0.11905827
   14.8748749     0.08551870     0.12289840
   14.9149149     0.17114756     0.19799222
   14.9549550     0.25165779     0.28102918
   14.9949950     0.29913272     0.30588896
   15.0350350     0.30461311     0.27516992
   15.0750751     0.27229776     0.23447459
   15.1151151     0.22007291     0.20920134
   15.1551552     0.17176653     0.19252036
   15.1951952     0.13868979     0.17039963
   15.2352352     0.11522798     0.13890835
   15.2752753     0.09535066     0.10359494
   15.3153153     0.08495290     0.07133851
   15.3553554     0.09455083     0.05216800
   15.3953954     0.12545147     0.06528709
   15.4354354     0.16557698     0.12277126
   15.4754755     0.19901686     0.20436202
   15.5155155     0.22037477     0.26809166
   15.5555556     0.23487643     0.29171899
   15.5955956     0.24615837     0.28864158
   15.6356356     0.25315943     0.27940705
   15.6756757     0.25749305     0.26387524
   15.7157157     0.26383560     0.23008425
   15.7557558     0.26751147     0.17939176
   15.7957958     0.25367039     0.13284793
   15.8358358     0.21982460     0.11534839
   15.8758759     0.18448730     0.13413586
   15.9159159     0.16574742     0.17240264
   15.9559560     0.16419053     0.20644953
   15.9959960     0.16866155     0.22538007
   16.0360360     0.16972884     0.23378015
   16.0760761     0.16561360     0.24242016
   16.1161161     0.16428076     0.25842610
   16.1561562     0.18580881     0.28138518
   16.1961962     0.24519265     0.30123610
   16.2362362     0.31981832     0.29994592
   16.2762763     0.35700409     0.27009852
   16.3163163     0.32811446     0.23056799
   16.3563564     0.25556827     0.20690038
   16.3963964     0.18341053     0.20077721
   16.4364364     0.14216541     0.19569773
   16.4764765     0.14260581     0.18711190
   16.5165165     0.18019239     0.18825723
   16.5565566     0.23192489     0.20829106
   16.5965966     0.26354788     0.24073152
   16.6366366     0.25938440     0.27459193
   16.6766767     0.24137917     0.30336791
   16.7167167     0.24714465     0.31939879
   16.7567568     0.28852633     0.31312858
   16.7967968     0.33772483     0.28447763
   16.8368368     0.36473189     0.25112831
   16.8768769     0.38003786     0.24550310
   16.9169169     0.41105721     0.29181975
   16.9569570     0.44569297     0.37027209
   16.9969970     0.43830002     0.41898209
   17.0370370     0.37053283     0.39454579
   17.0770771     0.27858235     0.31721256
   17.1171171     0.21247405     0.23789703
   17.1571572     0.18341669     0.18229670
   17.1971972     0.16605085     0.14809812
   17.2372372     0.14119061     0.13592337
   17.2772773     0.11833848     0.16017823
   17.3173173     0.12606440     0.23171923
   17.3573574     0.19190574     0.33260109
   17.3973974     0.31475384     0.41299128
   17.4374374     0.44218625     0.42717687
   17.4774775     0.49978995     0.37360590
   17.5175175     0.46834085     0.29223714
   17.5575576     0.40371471     0.22760385
   17.5975976     0.36002066     0.20223621
   17.6376376     0.33122350     0.22011955
   17.6776777     0.28632899     0.28211831
   17.7177177     0.22937652     0.38756080
   17.7577578     0.20345395     0.51485073
   17.7977978     0.24323341     0.61022238
   17.8378378     0.33499151     0.62430753
   17.8778779     0.43187326     0.56768535
   17.9179179     0.50451567     0.49935433
   17.9579580     0.55314395     0.45408847
   17.9979980     0.57025109     0.41434176
   18.0380380     0.52978348     0.35191802
   18.0780781     0.42581187     0.26757296
   18.1181181     0.29746989     0.18735581
   18.1581582     0.20463153     0.13808695
   18.1981982     0.18008751     0.13787405
   18.2382382     0.20240730     0.19487460
   18.2782783     0.22272526     0.29067349
   18.3183183     0.22324568     0.37504070
   18.3583584     0.23174910     0.40552154
   18.3983984     0.27135402     0.38795168
   18.4384384     0.32210181     0.35569104
   18.4784785     0.34901744     0.32232728
   18.5185185     0.34779809     0.28090519
   18.5585586     0.33812218     0.23308536
   18.5985986     0.32644747     0.19535511
   18.6386386     0.30865383     0.18773594
   18.6786787     0.29748815     0.22035564
   18.7187187     0.31042337     0.27807475
   18.7587588     0.33573634     0.32428832
   18.7987988     0.33610047     0.32911930
   18.8388388     0.28915500     0.29082726
   18.8788789     0.21771452     0.23256469
   18.9189189     0.17073916     0.18568444
   18.9589590     0.17601225     0.17815870
   18.9989990     0.22811746     0.23116744
   19.0390390     0.31400701     0.34804346
   19.0790791     0.42377600     0.49851936
   19.1191191     0.53973022     0.63110302
   19.1591592     0.62978366     0.70877701
   19.1991992     0.66335836     0.72186333
   19.2392392     0.64844083     0.68168484
   19.2792793     0.63007612     0.62088321
   19.3193193     0.62560719     0.57351727
   19.3593594     0.60602495     0.53937835
   19.3993994     0.57093617     0.50036374
   19.4394394     0.57167036     0.46974401
   19.4794795     0.61836768     0.48141445
   19.5195195     0.64097466     0.53938683
   19.5595596     0.59380493     0.61141759
   19.5995996     0.52864683     0.65267066
   19.6396396     0.51158723     0.62343559
   19.6796797     0.52793427     0.52082738
   19.7197197     0.51968606     0.39715934
   19.7597598     0.47166147     0.31818738
   19.7997998     0.41806166     0.31508658
   19.8398398     0.39354670     0.38480479
   19.8798799     0.40778140     0.49492155
   19.9199199     0.44900185     0.57981309
   19.9599600     0.49011415     0.58243386
   20.0000000     0.49848742     0.51379712
