#
#   partial DOS for atom species: Mn
#
#   Add data for atom_index =   3,  n,l,m,z=  3  2 -2  1
#   Add data for atom_index =   3,  n,l,m,z=  3  2 -1  1
#   Add data for atom_index =   3,  n,l,m,z=  3  2  0  1
#   Add data for atom_index =   3,  n,l,m,z=  3  2  1  1
#   Add data for atom_index =   3,  n,l,m,z=  3  2  2  1
#   Add data for atom_index =   3,  n,l,m,z=  3  2 -2  2
#   Add data for atom_index =   3,  n,l,m,z=  3  2 -1  2
#   Add data for atom_index =   3,  n,l,m,z=  3  2  0  2
#   Add data for atom_index =   3,  n,l,m,z=  3  2  1  2
#   Add data for atom_index =   3,  n,l,m,z=  3  2  2  2
#   Add data for atom_index =   3,  n,l,m,z=  3  2 -2  3
#   Add data for atom_index =   3,  n,l,m,z=  3  2 -1  3
#   Add data for atom_index =   3,  n,l,m,z=  3  2  0  3
#   Add data for atom_index =   3,  n,l,m,z=  3  2  1  3
#   Add data for atom_index =   3,  n,l,m,z=  3  2  2  3
#   Add data for atom_index =   4,  n,l,m,z=  3  2 -2  1
#   Add data for atom_index =   4,  n,l,m,z=  3  2 -1  1
#   Add data for atom_index =   4,  n,l,m,z=  3  2  0  1
#   Add data for atom_index =   4,  n,l,m,z=  3  2  1  1
#   Add data for atom_index =   4,  n,l,m,z=  3  2  2  1
#   Add data for atom_index =   4,  n,l,m,z=  3  2 -2  2
#   Add data for atom_index =   4,  n,l,m,z=  3  2 -1  2
#   Add data for atom_index =   4,  n,l,m,z=  3  2  0  2
#   Add data for atom_index =   4,  n,l,m,z=  3  2  1  2
#   Add data for atom_index =   4,  n,l,m,z=  3  2  2  2
#   Add data for atom_index =   4,  n,l,m,z=  3  2 -2  3
#   Add data for atom_index =   4,  n,l,m,z=  3  2 -1  3
#   Add data for atom_index =   4,  n,l,m,z=  3  2  0  3
#   Add data for atom_index =   4,  n,l,m,z=  3  2  1  3
#   Add data for atom_index =   4,  n,l,m,z=  3  2  2  3
#   Add data for atom_index =   5,  n,l,m,z=  3  2 -2  1
#   Add data for atom_index =   5,  n,l,m,z=  3  2 -1  1
#   Add data for atom_index =   5,  n,l,m,z=  3  2  0  1
#   Add data for atom_index =   5,  n,l,m,z=  3  2  1  1
#   Add data for atom_index =   5,  n,l,m,z=  3  2  2  1
#   Add data for atom_index =   5,  n,l,m,z=  3  2 -2  2
#   Add data for atom_index =   5,  n,l,m,z=  3  2 -1  2
#   Add data for atom_index =   5,  n,l,m,z=  3  2  0  2
#   Add data for atom_index =   5,  n,l,m,z=  3  2  1  2
#   Add data for atom_index =   5,  n,l,m,z=  3  2  2  2
#   Add data for atom_index =   5,  n,l,m,z=  3  2 -2  3
#   Add data for atom_index =   5,  n,l,m,z=  3  2 -1  3
#   Add data for atom_index =   5,  n,l,m,z=  3  2  0  3
#   Add data for atom_index =   5,  n,l,m,z=  3  2  1  3
#   Add data for atom_index =   5,  n,l,m,z=  3  2  2  3
#   Add data for atom_index =   6,  n,l,m,z=  3  2 -2  1
#   Add data for atom_index =   6,  n,l,m,z=  3  2 -1  1
#   Add data for atom_index =   6,  n,l,m,z=  3  2  0  1
#   Add data for atom_index =   6,  n,l,m,z=  3  2  1  1
#   Add data for atom_index =   6,  n,l,m,z=  3  2  2  1
#   Add data for atom_index =   6,  n,l,m,z=  3  2 -2  2
#   Add data for atom_index =   6,  n,l,m,z=  3  2 -1  2
#   Add data for atom_index =   6,  n,l,m,z=  3  2  0  2
#   Add data for atom_index =   6,  n,l,m,z=  3  2  1  2
#   Add data for atom_index =   6,  n,l,m,z=  3  2  2  2
#   Add data for atom_index =   6,  n,l,m,z=  3  2 -2  3
#   Add data for atom_index =   6,  n,l,m,z=  3  2 -1  3
#   Add data for atom_index =   6,  n,l,m,z=  3  2  0  3
#   Add data for atom_index =   6,  n,l,m,z=  3  2  1  3
#   Add data for atom_index =   6,  n,l,m,z=  3  2  2  3
#   Add data for atom_index =   7,  n,l,m,z=  3  2 -2  1
#   Add data for atom_index =   7,  n,l,m,z=  3  2 -1  1
#   Add data for atom_index =   7,  n,l,m,z=  3  2  0  1
#   Add data for atom_index =   7,  n,l,m,z=  3  2  1  1
#   Add data for atom_index =   7,  n,l,m,z=  3  2  2  1
#   Add data for atom_index =   7,  n,l,m,z=  3  2 -2  2
#   Add data for atom_index =   7,  n,l,m,z=  3  2 -1  2
#   Add data for atom_index =   7,  n,l,m,z=  3  2  0  2
#   Add data for atom_index =   7,  n,l,m,z=  3  2  1  2
#   Add data for atom_index =   7,  n,l,m,z=  3  2  2  2
#   Add data for atom_index =   7,  n,l,m,z=  3  2 -2  3
#   Add data for atom_index =   7,  n,l,m,z=  3  2 -1  3
#   Add data for atom_index =   7,  n,l,m,z=  3  2  0  3
#   Add data for atom_index =   7,  n,l,m,z=  3  2  1  3
#   Add data for atom_index =   7,  n,l,m,z=  3  2  2  3
#   Add data for atom_index =   8,  n,l,m,z=  3  2 -2  1
#   Add data for atom_index =   8,  n,l,m,z=  3  2 -1  1
#   Add data for atom_index =   8,  n,l,m,z=  3  2  0  1
#   Add data for atom_index =   8,  n,l,m,z=  3  2  1  1
#   Add data for atom_index =   8,  n,l,m,z=  3  2  2  1
#   Add data for atom_index =   8,  n,l,m,z=  3  2 -2  2
#   Add data for atom_index =   8,  n,l,m,z=  3  2 -1  2
#   Add data for atom_index =   8,  n,l,m,z=  3  2  0  2
#   Add data for atom_index =   8,  n,l,m,z=  3  2  1  2
#   Add data for atom_index =   8,  n,l,m,z=  3  2  2  2
#   Add data for atom_index =   8,  n,l,m,z=  3  2 -2  3
#   Add data for atom_index =   8,  n,l,m,z=  3  2 -1  3
#   Add data for atom_index =   8,  n,l,m,z=  3  2  0  3
#   Add data for atom_index =   8,  n,l,m,z=  3  2  1  3
#   Add data for atom_index =   8,  n,l,m,z=  3  2  2  3
#
#    Energy          spin 1        spin2
#
  -20.0000000     0.00000000     0.00000000
  -19.9599600     0.00000000     0.00000000
  -19.9199199     0.00000000     0.00000000
  -19.8798799     0.00000000     0.00000000
  -19.8398398     0.00000000     0.00000000
  -19.7997998     0.00000000     0.00000000
  -19.7597598     0.00000000     0.00000000
  -19.7197197     0.00000000     0.00000000
  -19.6796797     0.00000000     0.00000000
  -19.6396396     0.00000000     0.00000000
  -19.5995996     0.00000000     0.00000000
  -19.5595596     0.00000000     0.00000000
  -19.5195195     0.00000000     0.00000000
  -19.4794795     0.00000000     0.00000000
  -19.4394394     0.00000000     0.00000000
  -19.3993994     0.00000000     0.00000000
  -19.3593594     0.00000000     0.00000000
  -19.3193193     0.00000000     0.00000000
  -19.2792793     0.00000000     0.00000000
  -19.2392392     0.00000000     0.00000000
  -19.1991992     0.00000000     0.00000000
  -19.1591592     0.00000000     0.00000000
  -19.1191191     0.00000000     0.00000000
  -19.0790791     0.00000000     0.00000000
  -19.0390390     0.00000000     0.00000000
  -18.9989990     0.00000000     0.00000000
  -18.9589590     0.00000000     0.00000000
  -18.9189189     0.00000000     0.00000000
  -18.8788789     0.00000006     0.00000006
  -18.8388388     0.00000075     0.00000076
  -18.7987988     0.00000683     0.00000683
  -18.7587588     0.00004486     0.00004487
  -18.7187187     0.00021378     0.00021381
  -18.6786787     0.00073928     0.00073937
  -18.6386386     0.00185526     0.00185540
  -18.5985986     0.00337868     0.00337880
  -18.5585586     0.00446522     0.00446521
  -18.5185185     0.00428289     0.00428272
  -18.4784785     0.00298420     0.00298397
  -18.4384384     0.00152270     0.00152253
  -18.3983984     0.00060847     0.00060839
  -18.3583584     0.00028035     0.00028035
  -18.3183183     0.00025641     0.00025645
  -18.2782783     0.00028650     0.00028655
  -18.2382382     0.00025447     0.00025451
  -18.1981982     0.00016718     0.00016721
  -18.1581582     0.00009302     0.00009304
  -18.1181181     0.00013043     0.00013046
  -18.0780781     0.00053888     0.00053901
  -18.0380380     0.00198709     0.00198747
  -17.9979980     0.00537803     0.00537885
  -17.9579580     0.01056996     0.01057117
  -17.9179179     0.01508860     0.01508975
  -17.8778779     0.01571705     0.01571763
  -17.8378378     0.01230719     0.01230715
  -17.7977978     0.00851034     0.00850996
  -17.7577578     0.00804944     0.00804887
  -17.7177177     0.01113914     0.01113828
  -17.6776777     0.01439744     0.01439627
  -17.6376376     0.01416523     0.01416401
  -17.5975976     0.01019049     0.01018955
  -17.5575576     0.00532700     0.00532648
  -17.5175175     0.00202948     0.00202927
  -17.4774775     0.00062328     0.00062325
  -17.4374374     0.00047358     0.00047370
  -17.3973974     0.00143807     0.00143851
  -17.3573574     0.00405068     0.00405179
  -17.3173173     0.00837552     0.00837749
  -17.2772773     0.01263928     0.01264174
  -17.2372372     0.01421717     0.01421928
  -17.1971972     0.01312281     0.01312390
  -17.1571572     0.01312296     0.01312281
  -17.1171171     0.01746237     0.01746102
  -17.0770771     0.02393323     0.02393089
  -17.0370370     0.02629605     0.02629329
  -16.9969970     0.02141568     0.02141334
  -16.9569570     0.01270987     0.01270844
  -16.9169169     0.00547839     0.00547775
  -16.8768769     0.00171388     0.00171367
  -16.8368368     0.00038911     0.00038906
  -16.7967968     0.00006411     0.00006410
  -16.7567568     0.00000766     0.00000766
  -16.7167167     0.00000067     0.00000066
  -16.6766767     0.00000004     0.00000004
  -16.6366366     0.00000000     0.00000000
  -16.5965966     0.00000000     0.00000000
  -16.5565566     0.00000000     0.00000000
  -16.5165165     0.00000000     0.00000000
  -16.4764765     0.00000000     0.00000000
  -16.4364364     0.00000000     0.00000000
  -16.3963964     0.00000000     0.00000000
  -16.3563564     0.00000000     0.00000000
  -16.3163163     0.00000001     0.00000001
  -16.2762763     0.00000011     0.00000011
  -16.2362362     0.00000158     0.00000158
  -16.1961962     0.00001692     0.00001693
  -16.1561562     0.00013193     0.00013196
  -16.1161161     0.00074677     0.00074692
  -16.0760761     0.00307306     0.00307357
  -16.0360360     0.00922597     0.00922715
  -15.9959960     0.02040673     0.02040853
  -15.9559560     0.03414362     0.03414515
  -15.9159159     0.04595025     0.04595024
  -15.8758759     0.05500230     0.05500037
  -15.8358358     0.06271745     0.06271460
  -15.7957958     0.06494798     0.06494569
  -15.7557558     0.05511026     0.05510925
  -15.7157157     0.03569973     0.03569969
  -15.6756757     0.01710040     0.01710066
  -15.6356356     0.00599362     0.00599381
  -15.5955956     0.00162355     0.00162362
  -15.5555556     0.00098327     0.00098329
  -15.5155155     0.00358303     0.00358311
  -15.4754755     0.01301778     0.01301821
  -15.4354354     0.03481535     0.03481685
  -15.3953954     0.06846152     0.06846507
  -15.3553554     0.10144117     0.10144696
  -15.3153153     0.12058333     0.12058949
  -15.2752753     0.12872220     0.12872524
  -15.2352352     0.13453180     0.13452907
  -15.1951952     0.13080607     0.13079816
  -15.1551552     0.10508540     0.10507600
  -15.1151151     0.06448267     0.06447549
  -15.0750751     0.02923028     0.02922647
  -15.0350350     0.00967265     0.00967122
  -14.9949950     0.00232730     0.00232691
  -14.9549550     0.00040662     0.00040654
  -14.9149149     0.00005157     0.00005156
  -14.8748749     0.00000475     0.00000474
  -14.8348348     0.00000032     0.00000032
  -14.7947948     0.00000002     0.00000002
  -14.7547548     0.00000011     0.00000011
  -14.7147147     0.00000138     0.00000139
  -14.6746747     0.00001240     0.00001241
  -14.6346346     0.00008055     0.00008064
  -14.5945946     0.00037983     0.00038017
  -14.5545546     0.00129965     0.00130055
  -14.5145145     0.00322713     0.00322872
  -14.4744745     0.00581505     0.00581676
  -14.4344344     0.00760392     0.00760465
  -14.3943944     0.00721555     0.00721480
  -14.3543544     0.00496876     0.00496726
  -14.3143143     0.00248301     0.00248176
  -14.2742743     0.00090083     0.00090020
  -14.2342342     0.00024269     0.00024245
  -14.1941942     0.00010482     0.00010455
  -14.1541542     0.00045905     0.00045776
  -14.1141141     0.00252259     0.00251755
  -14.0740741     0.01030279     0.01028975
  -14.0340340     0.03089279     0.03087237
  -13.9939940     0.06804096     0.06802725
  -13.9539540     0.11024892     0.11025974
  -13.9139139     0.13235344     0.13238344
  -13.8738739     0.12201022     0.12203052
  -13.8338338     0.10051611     0.10050734
  -13.7937938     0.10296009     0.10292751
  -13.7537538     0.13715340     0.13711405
  -13.7137137     0.17239885     0.17237053
  -13.6736737     0.17750573     0.17749767
  -13.6336336     0.16548543     0.16548691
  -13.5935936     0.18448828     0.18447519
  -13.5535536     0.26116411     0.26113508
  -13.5135135     0.36268596     0.36268626
  -13.4734735     0.42026660     0.42033393
  -13.4334334     0.38969517     0.38978764
  -13.3933934     0.28631754     0.28635889
  -13.3533534     0.16497924     0.16495685
  -13.3133133     0.07341805     0.07337690
  -13.2732733     0.02483265     0.02480606
  -13.2332332     0.00647559     0.00646474
  -13.1931932     0.00242326     0.00241694
  -13.1531532     0.00583873     0.00582578
  -13.1131131     0.01912242     0.01909624
  -13.0730731     0.04806206     0.04803439
  -13.0330330     0.09141105     0.09141849
  -12.9929930     0.13300507     0.13307061
  -12.9529530     0.14944950     0.14953341
  -12.9129129     0.13100859     0.13104087
  -12.8728729     0.09378426     0.09374620
  -12.8328328     0.06834392     0.06827763
  -12.7927928     0.07527475     0.07523254
  -12.7527528     0.11004880     0.11006235
  -12.7127127     0.15020094     0.15026761
  -12.6726727     0.17677251     0.17685227
  -12.6326326     0.18328521     0.18332815
  -12.5925926     0.16755250     0.16753075
  -12.5525526     0.13697707     0.13688210
  -12.5125125     0.12533504     0.12514952
  -12.4724725     0.17874507     0.17845811
  -12.4324324     0.30603813     0.30574031
  -12.3923924     0.44895640     0.44886292
  -12.3523524     0.53079427     0.53104788
  -12.3123123     0.54010725     0.54058127
  -12.2722723     0.52921902     0.52961848
  -12.2322322     0.54285260     0.54299406
  -12.1921922     0.59535142     0.59529753
  -12.1521522     0.67336281     0.67327593
  -12.1121121     0.71713341     0.71704327
  -12.0720721     0.66829733     0.66812998
  -12.0320320     0.55028044     0.55008328
  -11.9919920     0.43215946     0.43210364
  -11.9519520     0.35111772     0.35129171
  -11.9119119     0.33085689     0.33122207
  -11.8718719     0.40551028     0.40599601
  -11.8318318     0.56425999     0.56474856
  -11.7917918     0.72332473     0.72362939
  -11.7517518     0.80386638     0.80388627
  -11.7117117     0.83100943     0.83087629
  -11.6716717     0.93748912     0.93745875
  -11.6316316     1.22789678     1.22805704
  -11.5915916     1.59366067     1.59376120
  -11.5515516     1.73891918     1.73863191
  -11.5115115     1.50082070     1.50023561
  -11.4714715     1.06512236     1.06475347
  -11.4314314     0.77788538     0.77809986
  -11.3913914     0.84594986     0.84659953
  -11.3513514     1.23839651     1.23901071
  -11.3113113     1.74722327     1.74745278
  -11.2712713     2.13546632     2.13541491
  -11.2312312     2.31242913     2.31249933
  -11.1911912     2.38399441     2.38433064
  -11.1511512     2.52224008     2.52253841
  -11.1111111     2.76208973     2.76200431
  -11.0710711     2.91251681     2.91203766
  -11.0310310     2.74150648     2.74094860
  -10.9909910     2.29002775     2.28976689
  -10.9509510     1.89783101     1.89801069
  -10.9109109     1.87517880     1.87563646
  -10.8708709     2.25353035     2.25398429
  -10.8308308     2.85235413     2.85259825
  -10.7907908     3.46414902     3.46407648
  -10.7507508     3.93635932     3.93593702
  -10.7107107     4.14997293     4.14936962
  -10.6706707     4.07877342     4.07847799
  -10.6306306     3.94669110     3.94727051
  -10.5905906     4.13990527     4.14138873
  -10.5505506     4.78980394     4.79118400
  -10.5105105     5.56010228     5.55997306
  -10.4704705     5.94216647     5.94033713
  -10.4304304     5.68197584     5.67970409
  -10.3903904     4.96487198     4.96318324
  -10.3503504     4.25347639     4.25231843
  -10.3103103     3.87474766     3.87393417
  -10.2702703     3.78688713     3.78682393
  -10.2302302     3.78165099     3.78281889
  -10.1901902     3.78084966     3.78296063
  -10.1501502     3.84801266     3.84998674
  -10.1101101     3.98187316     3.98276697
  -10.0700701     4.00593022     4.00573836
  -10.0300300     3.75590051     3.75535567
   -9.9899900     3.38790719     3.38765280
   -9.9499500     3.32316735     3.32317248
   -9.9099099     3.76285718     3.76262746
   -9.8698699     4.40930875     4.40861715
   -9.8298298     4.77934075     4.77848253
   -9.7897898     4.70149338     4.70079321
   -9.7497497     4.42556618     4.42505351
   -9.7097097     4.24727431     4.24703780
   -9.6696697     4.16444052     4.16496285
   -9.6296296     4.03903806     4.04073280
   -9.5895896     3.87806098     3.88044668
   -9.5495496     3.71033627     3.71215849
   -9.5095095     3.42626063     3.42666903
   -9.4694695     2.95769629     2.95691121
   -9.4294294     2.41164617     2.41042177
   -9.3893894     1.94734813     1.94629850
   -9.3493494     1.67179206     1.67123657
   -9.3093093     1.62170510     1.62168437
   -9.2692693     1.75447868     1.75481306
   -9.2292292     1.99756776     1.99802756
   -9.1891892     2.31637290     2.31682919
   -9.1491491     2.71421702     2.71469054
   -9.1091091     3.26004380     3.26063389
   -9.0690691     4.11852241     4.11914603
   -9.0290290     5.30417436     5.30429537
   -8.9889890     6.37914894     6.37813798
   -8.9489490     6.76016774     6.75828874
   -8.9089089     6.37781542     6.37632993
   -8.8688689     5.70689249     5.70666881
   -8.8288288     5.17991578     5.18057594
   -8.7887888     4.84695888     4.84774863
   -8.7487488     4.58416137     4.58477200
   -8.7087087     4.36718703     4.36744816
   -8.6686687     4.20840686     4.20808368
   -8.6286286     4.07906529     4.07827711
   -8.5885886     4.07849145     4.07770526
   -8.5485485     4.41971073     4.41915594
   -8.5085085     5.08332468     5.08289125
   -8.4684685     5.66634132     5.66604214
   -8.4284284     5.72090059     5.72085642
   -8.3883884     5.21908838     5.21902023
   -8.3483484     4.62752613     4.62687183
   -8.3083083     4.51723184     4.51599672
   -8.2682683     5.03321126     5.03229204
   -8.2282282     5.65530257     5.65559578
   -8.1881882     5.64060017     5.64201034
   -8.1481482     4.84738477     4.84910647
   -8.1081081     3.89025720     3.89179178
   -8.0680681     3.42500211     3.42647995
   -8.0280280     3.59210884     3.59377848
   -7.9879880     4.12601150     4.12761082
   -7.9479479     4.66420398     4.66473072
   -7.9079079     4.97077277     4.96918271
   -7.8678679     5.12041921     5.11706577
   -7.8278278     5.39155259     5.38855085
   -7.7877878     5.76700133     5.76630636
   -7.7477478     5.74834463     5.74962436
   -7.7077077     4.96760525     4.96889672
   -7.6676677     3.79033470     3.79063593
   -7.6276276     2.99128548     2.99153438
   -7.5875876     2.98404246     2.98559314
   -7.5475475     3.62055925     3.62332836
   -7.5075075     4.52404308     4.52622515
   -7.4674675     5.30979678     5.30947015
   -7.4274274     5.60802476     5.60520288
   -7.3873874     5.21661887     5.21342437
   -7.3473473     4.35031695     4.34895970
   -7.3073073     3.54255885     3.54346336
   -7.2672673     3.16048167     3.16237319
   -7.2272272     3.12871704     3.13002410
   -7.1871872     3.18464342     3.18472743
   -7.1471472     3.24152690     3.24092851
   -7.1071071     3.37271822     3.37244163
   -7.0670671     3.57415019     3.57475401
   -7.0270270     3.71157720     3.71273944
   -6.9869870     3.60872543     3.60942999
   -6.9469470     3.12595360     3.12538618
   -6.9069069     2.30501933     2.30344261
   -6.8668669     1.42727965     1.42568729
   -6.8268268     0.80345273     0.80254405
   -6.7867868     0.56749218     0.56734840
   -6.7467467     0.70260011     0.70293570
   -6.7067067     1.13926310     1.13954765
   -6.6666667     1.80256165     1.80225915
   -6.6266266     2.62879117     2.62797890
   -6.5865866     3.51648048     3.51606758
   -6.5465466     4.29392623     4.29484665
   -6.5065065     4.83915277     4.84137981
   -6.4664665     5.16670201     5.16934260
   -6.4264264     5.36938175     5.37171540
   -6.3863864     5.61134821     5.61347021
   -6.3463464     6.06171719     6.06390508
   -6.3063063     6.64134953     6.64292959
   -6.2662663     6.97928838     6.97896586
   -6.2262262     6.77243616     6.77002923
   -6.1861862     6.06342058     6.06019768
   -6.1461461     5.09261085     5.08977801
   -6.1061061     4.11931694     4.11729080
   -6.0660661     3.47954794     3.47868763
   -6.0260260     3.49823403     3.49927943
   -5.9859860     4.20522247     4.20844434
   -5.9459459     5.22764620     5.23164732
   -5.9059059     5.92720425     5.92935141
   -5.8658659     5.83099565     5.82967963
   -5.8258258     5.12860981     5.12451246
   -5.7857858     4.45407283     4.44896356
   -5.7457458     4.12158836     4.11702542
   -5.7057057     3.98307853     3.98042148
   -5.6656657     3.97440626     3.97460349
   -5.6256256     4.33152855     4.33433208
   -5.5855856     5.17123626     5.17511450
   -5.5455455     6.14364331     6.14674947
   -5.5055055     6.71332113     6.71483469
   -5.4654655     6.65717861     6.65770897
   -5.4254254     6.13278230     6.13331727
   -5.3853854     5.43431291     5.43502937
   -5.3453453     4.79240122     4.79256608
   -5.3053053     4.26537102     4.26438731
   -5.2652653     3.79758685     3.79608349
   -5.2252252     3.41757784     3.41682094
   -5.1851852     3.23300218     3.23316561
   -5.1451452     3.19179624     3.19176351
   -5.1051051     3.11722682     3.11621073
   -5.0650651     3.04509800     3.04353640
   -5.0250250     3.16655856     3.16525424
   -4.9849850     3.37542444     3.37454323
   -4.9449449     3.28293315     3.28213887
   -4.9049049     2.74101913     2.74023455
   -4.8648649     2.01150003     2.01111468
   -4.8248248     1.42814092     1.42838367
   -4.7847848     1.14517879     1.14564629
   -4.7447447     1.15401889     1.15403650
   -4.7047047     1.34524749     1.34454772
   -4.6646647     1.54168379     1.54070008
   -4.6246246     1.57213177     1.57160084
   -4.5845846     1.40979504     1.40999512
   -4.5445445     1.21110848     1.21168156
   -4.5045045     1.12823280     1.12876865
   -4.4644645     1.15714440     1.15755403
   -4.4244244     1.22398923     1.22431442
   -4.3843844     1.26914792     1.26938716
   -4.3443443     1.22231867     1.22246115
   -4.3043043     1.05091578     1.05097114
   -4.2642643     0.82573744     0.82574709
   -4.2242242     0.65022138     0.65028697
   -4.1841842     0.57353613     0.57380102
   -4.1441441     0.62404226     0.62458527
   -4.1041041     0.84754327     0.84824011
   -4.0640641     1.21161150     1.21213502
   -4.0240240     1.51658739     1.51665596
   -3.9839840     1.53358344     1.53322062
   -3.9439439     1.24814129     1.24762085
   -3.9039039     0.87474450     0.87430227
   -3.8638639     0.62487452     0.62452489
   -3.8238238     0.54963095     0.54924994
   -3.7837838     0.59308397     0.59263370
   -3.7437437     0.67225949     0.67189367
   -3.7037037     0.68952615     0.68945094
   -3.6636637     0.59112856     0.59139696
   -3.6236236     0.44922675     0.44974353
   -3.5835836     0.40153282     0.40219714
   -3.5435435     0.49203497     0.49270973
   -3.5035035     0.61951489     0.61992158
   -3.4634635     0.65818039     0.65808293
   -3.4234234     0.60535358     0.60485515
   -3.3833834     0.56284923     0.56230636
   -3.3433433     0.57166581     0.57132811
   -3.3033033     0.54968715     0.54955821
   -3.2632633     0.42634755     0.42632216
   -3.2232232     0.24813440     0.24813558
   -3.1831832     0.10602923     0.10603072
   -3.1431431     0.03432162     0.03431888
   -3.1031031     0.01496501     0.01495221
   -3.0630631     0.02942134     0.02938476
   -3.0230230     0.07701096     0.07694164
   -2.9829830     0.15501150     0.15493564
   -2.9429429     0.24110510     0.24109167
   -2.9029029     0.32170772     0.32181551
   -2.8628629     0.43215226     0.43236668
   -2.8228228     0.60943556     0.60966312
   -2.7827828     0.79092370     0.79103206
   -2.7427427     0.83954656     0.83943727
   -2.7027027     0.70412732     0.70383125
   -2.6626627     0.48114808     0.48084436
   -2.6226226     0.29238992     0.29228257
   -2.5825826     0.17797057     0.17813551
   -2.5425425     0.12491959     0.12526966
   -2.5025025     0.12369734     0.12404570
   -2.4624625     0.17144750     0.17160075
   -2.4224224     0.25679995     0.25669054
   -2.3823824     0.34671026     0.34645977
   -2.3423423     0.38370158     0.38348481
   -2.3023023     0.33004353     0.32991326
   -2.2622623     0.21992040     0.21979905
   -2.2222222     0.13059718     0.13040083
   -2.1821822     0.10879111     0.10857261
   -2.1421421     0.15382435     0.15381179
   -2.1021021     0.25457242     0.25497344
   -2.0620621     0.40183481     0.40254613
   -2.0220220     0.55246999     0.55307234
   -1.9819820     0.62609113     0.62620903
   -1.9419419     0.58122708     0.58084342
   -1.9019019     0.46552135     0.46489961
   -1.8618619     0.35954823     0.35897341
   -1.8218218     0.29488121     0.29455501
   -1.7817818     0.24460443     0.24461377
   -1.7417417     0.18111974     0.18138021
   -1.7017017     0.11699546     0.11731547
   -1.6616617     0.07876166     0.07898897
   -1.6216216     0.06744611     0.06751608
   -1.5815816     0.06553492     0.06545185
   -1.5415415     0.06814181     0.06796909
   -1.5015015     0.08810759     0.08793686
   -1.4614615     0.13045409     0.13036013
   -1.4214214     0.17468785     0.17469574
   -1.3813814     0.19234876     0.19242128
   -1.3413413     0.17945949     0.17953199
   -1.3013013     0.16103336     0.16107253
   -1.2612613     0.16032411     0.16034203
   -1.2212212     0.17169425     0.17171593
   -1.1811812     0.17117433     0.17121640
   -1.1411411     0.15302489     0.15310949
   -1.1011011     0.14738790     0.14754560
   -1.0610611     0.18949789     0.18971084
   -1.0210210     0.27095544     0.27110656
   -0.9809810     0.34312136     0.34308357
   -0.9409409     0.38001344     0.37980978
   -0.9009009     0.40547858     0.40526575
   -0.8608609     0.43879362     0.43867857
   -0.8208208     0.45784735     0.45780557
   -0.7807808     0.44904379     0.44901370
   -0.7407407     0.45503835     0.45501995
   -0.7007007     0.52415727     0.52420530
   -0.6606607     0.63116499     0.63131354
   -0.6206206     0.69857694     0.69877284
   -0.5805806     0.68655591     0.68668817
   -0.5405405     0.62478868     0.62480085
   -0.5005005     0.56647007     0.56638643
   -0.4604605     0.53057382     0.53042431
   -0.4204204     0.48695204     0.48676416
   -0.3803804     0.40325972     0.40308229
   -0.3403403     0.30047554     0.30033243
   -0.3003003     0.23353272     0.23341845
   -0.2602603     0.22088312     0.22082419
   -0.2202202     0.22749889     0.22753447
   -0.1801802     0.21851952     0.21862769
   -0.1401401     0.19869964     0.19881487
   -0.1001001     0.19422950     0.19431707
   -0.0600601     0.22145844     0.22151969
   -0.0200200     0.27287005     0.27289875
    0.0200200     0.31339213     0.31337518
    0.0600601     0.30325456     0.30320561
    0.1001001     0.23936622     0.23932076
    0.1401401     0.15720935     0.15718938
    0.1801802     0.09122905     0.09123037
    0.2202202     0.05540170     0.05540547
    0.2602603     0.05809614     0.05808183
    0.3003003     0.10958794     0.10954614
    0.3403403     0.19971726     0.19966479
    0.3803804     0.27671487     0.27669070
    0.4204204     0.28032845     0.28035587
    0.4604605     0.20812062     0.20818077
    0.5005005     0.12186170     0.12192160
    0.5405405     0.08900764     0.08905940
    0.5805806     0.14393452     0.14398615
    0.6206206     0.28159848     0.28163136
    0.6606607     0.45170845     0.45167288
    0.7007007     0.58323804     0.58312690
    0.7407407     0.63752776     0.63743100
    0.7807808     0.61199311     0.61200598
    0.8208208     0.50901240     0.50910973
    0.8608609     0.34952068     0.34960233
    0.9009009     0.18960576     0.18962738
    0.9409409     0.08164301     0.08163045
    0.9809810     0.03881297     0.03879450
    1.0210210     0.04915476     0.04913428
    1.0610611     0.09550530     0.09548112
    1.1011011     0.14919035     0.14917107
    1.1411411     0.17146744     0.17146481
    1.1811812     0.14778390     0.14779657
    1.2212212     0.11020664     0.11022073
    1.2612613     0.10830784     0.10831482
    1.3013013     0.16283339     0.16284186
    1.3413413     0.25022506     0.25025108
    1.3813814     0.32703163     0.32707366
    1.4214214     0.37031474     0.37034397
    1.4614615     0.39337938     0.39336910
    1.5015015     0.42190699     0.42187210
    1.5415415     0.46298044     0.46297667
    1.5815816     0.50768814     0.50775634
    1.6216216     0.55503947     0.55514380
    1.6616617     0.60947664     0.60952924
    1.7017017     0.67221108     0.67218190
    1.7417417     0.76721233     0.76718177
    1.7817818     0.93249252     0.93256743
    1.8218218     1.14306878     1.14325456
    1.8618619     1.28870195     1.28887103
    1.9019019     1.25422934     1.25423706
    1.9419419     1.01007231     1.00990447
    1.9819820     0.64792080     0.64769536
    2.0220220     0.32023496     0.32006826
    2.0620621     0.11915380     0.11907295
    2.1021021     0.03378270     0.03375571
    2.1421421     0.01218890     0.01218287
    2.1821822     0.02320214     0.02320288
    2.2222222     0.06559641     0.06560299
    2.2622623     0.14453351     0.14455143
    2.3023023     0.24543000     0.24546709
    2.3423423     0.33582620     0.33588742
    2.3823824     0.39158298     0.39165807
    2.4224224     0.40123576     0.40128684
    2.4624625     0.35343453     0.35341719
    2.5025025     0.25413815     0.25405246
    2.5425425     0.14326490     0.14316201
    2.5825826     0.06594571     0.06587167
    2.6226226     0.04306338     0.04301983
    2.6626627     0.08107386     0.08103356
    2.7027027     0.18125804     0.18120181
    2.7427427     0.31454890     0.31449369
    2.7827828     0.41020325     0.41019248
    2.8228228     0.41175673     0.41180540
    2.8628629     0.33831662     0.33838143
    2.9029029     0.25907096     0.25909982
    2.9429429     0.21874432     0.21874173
    2.9829830     0.20928885     0.20931443
    3.0230230     0.20448733     0.20459077
    3.0630631     0.19952225     0.19968200
    3.1031031     0.19983282     0.19996120
    3.1431431     0.19008976     0.19010957
    3.1831832     0.15045248     0.15037183
    3.2232232     0.09144507     0.09133986
    3.2632633     0.04343358     0.04336691
    3.3033033     0.02682199     0.02681313
    3.3433433     0.05236693     0.05242192
    3.3833834     0.13131535     0.13143696
    3.4234234     0.25582745     0.25597773
    3.4634635     0.37458119     0.37467551
    3.5035035     0.42639597     0.42638070
    3.5435435     0.40774184     0.40765432
    3.5835836     0.38082059     0.38074319
    3.6236236     0.42134882     0.42133824
    3.6636637     0.55714729     0.55720823
    3.7037037     0.71782720     0.71791086
    3.7437437     0.77398126     0.77402260
    3.7837838     0.68426359     0.68425945
    3.8238238     0.56251743     0.56255841
    3.8638639     0.55597887     0.55616808
    3.9039039     0.69923048     0.69955910
    3.9439439     0.90376449     0.90406810
    3.9839840     1.04047541     1.04052555
    4.0240240     1.02602058     1.02572458
    4.0640641     0.87401457     0.87353757
    4.1041041     0.66269545     0.66231070
    4.1441441     0.46010469     0.45995568
    4.1841842     0.32471481     0.32480422
    4.2242242     0.34410692     0.34443119
    4.2642643     0.58774933     0.58827739
    4.3043043     0.98570587     0.98621362
    4.3443443     1.29671511     1.29685133
    4.3843844     1.29442913     1.29408696
    4.4244244     0.99256483     0.99202524
    4.4644645     0.61247556     0.61209096
    4.5045045     0.36325981     0.36314996
    4.5445445     0.30797125     0.30801024
    4.5845846     0.37453785     0.37448811
    4.6246246     0.43739262     0.43712701
    4.6646647     0.42458751     0.42426058
    4.7047047     0.37987611     0.37975125
    4.7447447     0.41254382     0.41266659
    4.7847848     0.56600877     0.56620825
    4.8248248     0.73314544     0.73327952
    4.8648649     0.75238102     0.75244183
    4.9049049     0.61185768     0.61191653
    4.9449449     0.48461390     0.48475958
    4.9849850     0.52947825     0.52975087
    5.0250250     0.71121511     0.71151468
    5.0650651     0.84069542     0.84080761
    5.1051051     0.78521968     0.78503622
    5.1451452     0.61061826     0.61028193
    5.1851852     0.48425784     0.48400875
    5.2252252     0.49005516     0.48999652
    5.2652653     0.59010827     0.59016359
    5.3053053     0.70874823     0.70879696
    5.3453453     0.79744157     0.79745938
    5.3853854     0.83836321     0.83841279
    5.4254254     0.82169494     0.82179724
    5.4654655     0.74928189     0.74935137
    5.5055055     0.65621889     0.65616088
    5.5455455     0.59140860     0.59126729
    5.5855856     0.58222455     0.58216748
    5.6256256     0.63680331     0.63691668
    5.6656657     0.74813376     0.74831464
    5.7057057     0.88191300     0.88203858
    5.7457458     0.98876019     0.98885561
    5.7857858     1.02048644     1.02060035
    5.8258258     0.93154777     0.93158419
    5.8658659     0.71867048     0.71852479
    5.9059059     0.46862903     0.46839643
    5.9459459     0.31500548     0.31489207
    5.9859860     0.33201725     0.33210016
    6.0260260     0.47588141     0.47603895
    6.0660661     0.61930763     0.61935997
    6.1061061     0.65659150     0.65648128
    6.1461461     0.59739566     0.59721897
    6.1861862     0.56012825     0.55999961
    6.2262262     0.67348496     0.67340601
    6.2662663     0.95788596     0.95777279
    6.3063063     1.26667514     1.26651677
    6.3463464     1.37838125     1.37828728
    6.3863864     1.19420821     1.19423748
    6.4264264     0.82028405     0.82034865
    6.4664665     0.45132273     0.45131991
    6.5065065     0.21802611     0.21793636
    6.5465466     0.13911277     0.13896683
    6.5865866     0.15838891     0.15825388
    6.6266266     0.20152770     0.20150406
    6.6666667     0.23831577     0.23847073
    6.7067067     0.32471024     0.32502758
    6.7467467     0.54845985     0.54883565
    6.7867868     0.89266404     0.89287179
    6.8268268     1.20502836     1.20477901
    6.8668669     1.36501897     1.36426150
    6.9069069     1.38804908     1.38719582
    6.9469470     1.29517523     1.29481319
    6.9869870     1.05479465     1.05511497
    7.0270270     0.72415659     0.72482584
    7.0670671     0.45367652     0.45425606
    7.1071071     0.30989007     0.31018186
    7.1471472     0.23248526     0.23252340
    7.1871872     0.15892599     0.15884359
    7.2272272     0.09631490     0.09623718
    7.2672673     0.08246981     0.08245663
    7.3073073     0.13551314     0.13556088
    7.3473473     0.24183849     0.24190942
    7.3873874     0.37714731     0.37720477
    7.4274274     0.53396790     0.53400259
    7.4674675     0.69787010     0.69788571
    7.5075075     0.81105446     0.81103990
    7.5475475     0.83346704     0.83340593
    7.5875876     0.80380769     0.80370366
    7.6276276     0.75769889     0.75758668
    7.6676677     0.66140060     0.66132989
    7.7077077     0.49373621     0.49372632
    7.7477478     0.30754238     0.30756882
    7.7877878     0.17561199     0.17565654
    7.8278278     0.14374312     0.14383720
    7.8678679     0.23944322     0.23963464
    7.9079079     0.45099956     0.45125204
    7.9479479     0.67003877     0.67019069
    7.9879880     0.73451758     0.73442667
    8.0280280     0.59784605     0.59756081
    8.0680681     0.39829010     0.39797895
    8.1081081     0.31523760     0.31499418
    8.1481482     0.40747647     0.40729809
    8.1881882     0.59163587     0.59154202
    8.2282282     0.73073963     0.73080212
    8.2682683     0.75173382     0.75197247
    8.3083083     0.68812813     0.68842936
    8.3483484     0.61875482     0.61893937
    8.3883884     0.62513576     0.62511716
    8.4284284     0.79929158     0.79915054
    8.4684685     1.16476526     1.16465280
    8.5085085     1.56498255     1.56496206
    8.5485485     1.76646214     1.76648429
    8.5885886     1.70774922     1.70781585
    8.6286286     1.55368670     1.55396163
    8.6686687     1.50200517     1.50260745
    8.7087087     1.57413969     1.57484272
    8.7487488     1.59065897     1.59099273
    8.7887888     1.37432069     1.37405617
    8.8288288     0.95884291     0.95823121
    8.8688689     0.54975630     0.54922325
    8.9089089     0.32957848     0.32934647
    8.9489490     0.34902579     0.34906247
    8.9889890     0.54022636     0.54036395
    9.0290290     0.78488035     0.78492783
    9.0690691     1.01808544     1.01794827
    9.1091091     1.27597513     1.27570915
    9.1491491     1.59859248     1.59830359
    9.1891892     1.91814597     1.91786522
    9.2292292     2.08666812     2.08639191
    9.2692693     1.98977565     1.98958989
    9.3093093     1.63301741     1.63305734
    9.3493494     1.16299876     1.16328696
    9.3893894     0.80364259     0.80406170
    9.4294294     0.70972270     0.71011002
    9.4694695     0.85943111     0.85962466
    9.5095095     1.10877307     1.10864431
    9.5495496     1.32000590     1.31956221
    9.5895896     1.40387952     1.40334635
    9.6296296     1.30538112     1.30509184
    9.6696697     1.04968030     1.04979892
    9.7097097     0.78572619     0.78612978
    9.7497497     0.67994877     0.68039450
    9.7897898     0.73865875     0.73895688
    9.8298298     0.81080933     0.81088173
    9.8698699     0.79134645     0.79125701
    9.9099099     0.72309148     0.72300187
    9.9499500     0.67104956     0.67110393
    9.9899900     0.63360874     0.63385249
   10.0300300     0.60329871     0.60361842
   10.0700701     0.58128737     0.58143766
   10.1101101     0.54133753     0.54119051
   10.1501502     0.48854650     0.48829399
   10.1901902     0.50952735     0.50948007
   10.2302302     0.67322447     0.67346265
   10.2702703     0.91288212     0.91319726
   10.3103103     1.06197809     1.06209023
   10.3503504     0.99951189     0.99930446
   10.3903904     0.74805443     0.74764495
   10.4304304     0.44106466     0.44066913
   10.4704705     0.20605959     0.20580552
   10.5105105     0.09069709     0.09057651
   10.5505506     0.09095974     0.09090030
   10.5905906     0.20492504     0.20485355
   10.6306306     0.41847178     0.41835022
   10.6706707     0.65090882     0.65077247
   10.7107107     0.79471527     0.79465569
   10.7507508     0.85186038     0.85191984
   10.7907908     0.93355028     0.93367239
   10.8308308     1.06504562     1.06517118
   10.8708709     1.13297160     1.13313613
   10.9109109     1.10252331     1.10284163
   10.9509510     1.10294706     1.10347883
   10.9909910     1.19332343     1.19388350
   11.0310310     1.21854564     1.21875998
   11.0710711     1.02064616     1.02036047
   11.1111111     0.67269483     0.67218368
   11.1511512     0.39712446     0.39678034
   11.1911912     0.33757716     0.33757099
   11.2312312     0.47880526     0.47906348
   11.2712713     0.70958550     0.70988596
   11.3113113     0.90272079     0.90280715
   11.3513514     0.96587991     0.96565288
   11.3913914     0.86456264     0.86417679
   11.4314314     0.63669508     0.63638834
   11.4714715     0.39004706     0.38991873
   11.5115115     0.25125141     0.25125892
   11.5515516     0.30338654     0.30346920
   11.5915916     0.55401032     0.55413168
   11.6316316     0.90293850     0.90304582
   11.6716717     1.14404034     1.14405836
   11.7117117     1.10881650     1.10870752
   11.7517518     0.85674233     0.85654783
   11.7917918     0.63945246     0.63926622
   11.8318318     0.64671938     0.64664060
   11.8718719     0.84823448     0.84831235
   11.9119119     1.06880565     1.06899420
   11.9519520     1.15410062     1.15432058
   11.9919920     1.07362947     1.07385384
   12.0320320     0.90053658     0.90072198
   12.0720721     0.70413430     0.70415901
   12.1121121     0.49784521     0.49765463
   12.1521522     0.29472007     0.29443528
   12.1921922     0.13712974     0.13691014
   12.2322322     0.05236841     0.05226244
   12.2722723     0.03422554     0.03419931
   12.3123123     0.07371129     0.07373799
   12.3523524     0.16927660     0.16935702
   12.3923924     0.29248420     0.29259843
   12.4324324     0.37068092     0.37075406
   12.4724725     0.34452819     0.34449116
   12.5125125     0.23700674     0.23688158
   12.5525526     0.13104475     0.13091680
   12.5925926     0.09485676     0.09479014
   12.6326326     0.15368735     0.15371669
   12.6726727     0.29473729     0.29488219
   12.7127127     0.45979330     0.45999641
   12.7527528     0.56888403     0.56899095
   12.7927928     0.61138470     0.61131418
   12.8328328     0.70582643     0.70571554
   12.8728729     0.99631284     0.99632718
   12.9129129     1.44242688     1.44247870
   12.9529530     1.76242609     1.76231348
   12.9929930     1.68467404     1.68445406
   13.0330330     1.25304189     1.25299032
   13.0730731     0.78747487     0.78772217
   13.1131131     0.55217861     0.55257250
   13.1531532     0.55002145     0.55027742
   13.1931932     0.61816534     0.61812984
   13.2332332     0.62876638     0.62858345
   13.2732733     0.57025706     0.57017126
   13.3133133     0.49579049     0.49581252
   13.3533534     0.45638019     0.45633658
   13.3933934     0.48073727     0.48060366
   13.4334334     0.58159457     0.58159776
   13.4734735     0.74745062     0.74784449
   13.5135135     0.92557881     0.92633593
   13.5535536     1.04258371     1.04325713
   13.5935936     1.06646089     1.06650573
   13.6336336     1.06522953     1.06460461
   13.6736737     1.16173983     1.16096059
   13.7137137     1.36470906     1.36414038
   13.7537538     1.53493979     1.53434100
   13.7937938     1.60225645     1.60132462
   13.8338338     1.64173678     1.64083184
   13.8738739     1.65153837     1.65137204
   13.9139139     1.49246157     1.49316116
   13.9539540     1.12384084     1.12480492
   13.9939940     0.69315036     0.69378368
   14.0340340     0.37167183     0.37186546
   14.0740741     0.24684696     0.24678181
   14.1141141     0.35111190     0.35094252
   14.1541542     0.66327908     0.66310601
   14.1941942     1.04918621     1.04914422
   14.2342342     1.29551124     1.29569002
   14.2742743     1.27184052     1.27213936
   14.3143143     1.01718826     1.01740134
   14.3543544     0.67035114     0.67039571
   14.3943944     0.37945287     0.37941004
   14.4344344     0.24899817     0.24897536
   14.4744745     0.30688238     0.30693202
   14.5145145     0.49521996     0.49536682
   14.5545546     0.69236704     0.69266392
   14.5945946     0.79009904     0.79063633
   14.6346346     0.78749836     0.78827196
   14.6746747     0.77831708     0.77902646
   14.7147147     0.83301677     0.83314628
   14.7547548     0.94227064     0.94155521
   14.7947948     1.07614542     1.07498974
   14.8348348     1.23662937     1.23601074
   14.8748749     1.44554158     1.44625727
   14.9149149     1.70615267     1.70791763
   14.9549550     1.94521359     1.94666979
   14.9949950     2.00330798     2.00325872
   15.0350350     1.77543040     1.77392641
   15.0750751     1.35722425     1.35513448
   15.1151151     0.96990746     0.96789442
   15.1551552     0.74830105     0.74676691
   15.1951952     0.64766840     0.64709530
   15.2352352     0.55058217     0.55113234
   15.2752753     0.41979412     0.42091704
   15.3153153     0.31007144     0.31102796
   15.3553554     0.26686788     0.26735968
   15.3953954     0.28008842     0.28017498
   15.4354354     0.34015327     0.33990195
   15.4754755     0.49483855     0.49429053
   15.5155155     0.78966922     0.78906257
   15.5555556     1.12793552     1.12771732
   15.5955956     1.28156160     1.28197750
   15.6356356     1.14040904     1.14125656
   15.6756757     0.89392062     0.89487216
   15.7157157     0.86720022     0.86801457
   15.7557558     1.19006093     1.19039732
   15.7957958     1.66240469     1.66200722
   15.8358358     1.94948599     1.94859901
   15.8758759     1.90161989     1.90069005
   15.9159159     1.64602792     1.64523652
   15.9559560     1.39869528     1.39817103
   15.9959960     1.28780952     1.28779625
   16.0360360     1.32750158     1.32808005
   16.0760761     1.42907424     1.42999911
   16.1161161     1.45209431     1.45286933
   16.1561562     1.33705025     1.33725101
   16.1961962     1.14800522     1.14768149
   16.2362362     0.95980291     0.95937419
   16.2762763     0.78158883     0.78138181
   16.3163163     0.59884989     0.59891444
   16.3563564     0.43831753     0.43855877
   16.3963964     0.37419823     0.37452841
   16.4364364     0.46502313     0.46537466
   16.4764765     0.67233943     0.67259243
   16.5165165     0.85166126     0.85170307
   16.5565566     0.88027956     0.88019300
   16.5965966     0.80832849     0.80837316
   16.6366366     0.80137811     0.80168325
   16.6766767     0.91875497     0.91911437
   16.7167167     1.04567823     1.04574426
   16.7567568     1.05854805     1.05819618
   16.7967968     0.95932350     0.95873538
   16.8368368     0.81728908     0.81672696
   16.8768769     0.66346378     0.66309085
   16.9169169     0.50550621     0.50537006
   16.9569570     0.40384955     0.40389190
   16.9969970     0.45472273     0.45481932
   17.0370370     0.67257585     0.67264403
   17.0770771     0.91619282     0.91624152
   17.1171171     0.98424670     0.98430556
   17.1571572     0.80661372     0.80666941
   17.1971972     0.50143473     0.50146132
   17.2372372     0.23576047     0.23576104
   17.2772773     0.08347304     0.08346615
   17.3173173     0.02245226     0.02244629
   17.3573574     0.00708056     0.00706776
   17.3973974     0.01567225     0.01562261
   17.4374374     0.06066723     0.06052526
   17.4774775     0.18014421     0.17989731
   17.5175175     0.39977123     0.39961373
   17.5575576     0.67461270     0.67494578
   17.5975976     0.88756673     0.88854011
   17.6376376     0.93795961     0.93904843
   17.6776777     0.83139216     0.83186885
   17.7177177     0.69437217     0.69418166
   17.7577578     0.70069792     0.70039977
   17.7977978     0.92550316     0.92544949
   17.8378378     1.25998561     1.26002674
   17.8778779     1.51378130     1.51368211
   17.9179179     1.57193964     1.57166758
   17.9579580     1.41853523     1.41816318
   17.9979980     1.09543341     1.09504527
   18.0380380     0.70417188     0.70385478
   18.0780781     0.38557698     0.38535918
   18.1181181     0.24929438     0.24911100
   18.1581582     0.33537939     0.33515726
   18.1981982     0.61321866     0.61298978
   18.2382382     0.96763841     0.96753805
   18.2782783     1.21773830     1.21785939
   18.3183183     1.22709867     1.22736792
   18.3583584     1.01588104     1.01611603
   18.3983984     0.73317360     0.73324715
   18.4384384     0.52335341     0.52328294
   18.4784785     0.44311330     0.44301547
   18.5185185     0.48102351     0.48101293
   18.5585586     0.61687493     0.61699204
   18.5985986     0.82562812     0.82581262
   18.6386386     1.01322369     1.01333733
   18.6786787     1.04503487     1.04494478
   18.7187187     0.90740706     0.90708526
   18.7587588     0.74061340     0.74017770
   18.7987988     0.65000422     0.64965386
   18.8388388     0.59659441     0.59644701
   18.8788789     0.52550186     0.52551240
   18.9189189     0.48039062     0.48051046
   18.9589590     0.52355867     0.52384785
   18.9989990     0.62031686     0.62075465
   19.0390390     0.65681326     0.65718699
   19.0790791     0.56348931     0.56363127
   19.1191191     0.40600993     0.40597992
   19.1591592     0.33425910     0.33420584
   19.1991992     0.44165247     0.44162629
   19.2392392     0.67832649     0.67828370
   19.2792793     0.89437853     0.89431466
   19.3193193     0.97448114     0.97448498
   19.3593594     0.91407841     0.91419952
   19.3993994     0.76243386     0.76258534
   19.4394394     0.56265487     0.56276753
   19.4794795     0.37043402     0.37062446
   19.5195195     0.26246088     0.26291173
   19.5595596     0.29331717     0.29398600
   19.5995996     0.45325554     0.45378931
   19.6396396     0.65882179     0.65887363
   19.6796797     0.79448767     0.79407584
   19.7197197     0.79538319     0.79480292
   19.7597598     0.69479023     0.69427428
   19.7997998     0.59317600     0.59278551
   19.8398398     0.58719985     0.58692200
   19.8798799     0.68902135     0.68883412
   19.9199199     0.78592543     0.78581349
   19.9599600     0.73544381     0.73539910
   20.0000000     0.53163482     0.53162697
