#
#   partial DOS for atom species: Mn
#
#   Add data for atom_index =   2,  n,l,m,z=  4  0  0  1
#   Add data for atom_index =   2,  n,l,m,z=  4  0  0  2
#   Add data for atom_index =   2,  n,l,m,z=  4  0  0  3
#   Add data for atom_index =   3,  n,l,m,z=  4  0  0  1
#   Add data for atom_index =   3,  n,l,m,z=  4  0  0  2
#   Add data for atom_index =   3,  n,l,m,z=  4  0  0  3
#   Add data for atom_index =   4,  n,l,m,z=  4  0  0  1
#   Add data for atom_index =   4,  n,l,m,z=  4  0  0  2
#   Add data for atom_index =   4,  n,l,m,z=  4  0  0  3
#   Add data for atom_index =   5,  n,l,m,z=  4  0  0  1
#   Add data for atom_index =   5,  n,l,m,z=  4  0  0  2
#   Add data for atom_index =   5,  n,l,m,z=  4  0  0  3
#   Add data for atom_index =   6,  n,l,m,z=  4  0  0  1
#   Add data for atom_index =   6,  n,l,m,z=  4  0  0  2
#   Add data for atom_index =   6,  n,l,m,z=  4  0  0  3
#   Add data for atom_index =   7,  n,l,m,z=  4  0  0  1
#   Add data for atom_index =   7,  n,l,m,z=  4  0  0  2
#   Add data for atom_index =   7,  n,l,m,z=  4  0  0  3
#   Add data for atom_index =   8,  n,l,m,z=  4  0  0  1
#   Add data for atom_index =   8,  n,l,m,z=  4  0  0  2
#   Add data for atom_index =   8,  n,l,m,z=  4  0  0  3
#
#    Energy          spin 1        spin2
#
  -20.0000000     0.00000000     0.00000000
  -19.9599600     0.00000000     0.00000000
  -19.9199199     0.00000000     0.00000000
  -19.8798799     0.00000000     0.00000000
  -19.8398398     0.00000000     0.00000000
  -19.7997998     0.00000000     0.00000000
  -19.7597598     0.00000000     0.00000000
  -19.7197197     0.00000000     0.00000000
  -19.6796797     0.00000000     0.00000000
  -19.6396396     0.00000000     0.00000000
  -19.5995996     0.00000000     0.00000000
  -19.5595596     0.00000000     0.00000000
  -19.5195195     0.00000000     0.00000000
  -19.4794795     0.00000000     0.00000000
  -19.4394394     0.00000000     0.00000000
  -19.3993994     0.00000000     0.00000000
  -19.3593594     0.00000000     0.00000000
  -19.3193193     0.00000000     0.00000000
  -19.2792793     0.00000000     0.00000000
  -19.2392392     0.00000000     0.00000000
  -19.1991992     0.00000000     0.00000000
  -19.1591592     0.00000000     0.00000000
  -19.1191191     0.00000000     0.00000000
  -19.0790791     0.00000000     0.00000000
  -19.0390390    -0.00000000     0.00000000
  -18.9989990    -0.00000001    -0.00000000
  -18.9589590    -0.00000027    -0.00000001
  -18.9189189    -0.00000389    -0.00000012
  -18.8788789    -0.00004136    -0.00000180
  -18.8388388    -0.00031885    -0.00002042
  -18.7987988    -0.00178357    -0.00016791
  -18.7587588    -0.00724005    -0.00100186
  -18.7187187    -0.02132747    -0.00433804
  -18.6786787    -0.04559158    -0.01363101
  -18.6386386    -0.07072572    -0.03108209
  -18.5985986    -0.07961914    -0.05143274
  -18.5585586    -0.06504367    -0.06176133
  -18.5185185    -0.03856026    -0.05381965
  -18.4784785    -0.01658908    -0.03403397
  -18.4384384    -0.00517907    -0.01561823
  -18.3983984    -0.00117335    -0.00520114
  -18.3583584    -0.00019288    -0.00125693
  -18.3183183    -0.00002244    -0.00022043
  -18.2782783     0.00000568    -0.00002809
  -18.2382382     0.00007448    -0.00000313
  -18.1981982     0.00052649    -0.00000601
  -18.1581582     0.00269611    -0.00004576
  -18.1181181     0.01001918    -0.00026008
  -18.0780781     0.02701926    -0.00107281
  -18.0380380     0.05287643    -0.00321141
  -17.9979980     0.07509278    -0.00697614
  -17.9579580     0.07738943    -0.01099718
  -17.9179179     0.05787787    -0.01258041
  -17.8778779     0.03141165    -0.01044374
  -17.8378378     0.01237133    -0.00629165
  -17.7977978     0.00353581    -0.00275055
  -17.7577578     0.00073335    -0.00087262
  -17.7177177     0.00011033    -0.00020090
  -17.6776777     0.00001118    -0.00003358
  -17.6376376    -0.00000994    -0.00000448
  -17.5975976    -0.00009797    -0.00000623
  -17.5575576    -0.00064013    -0.00006094
  -17.5175175    -0.00303358    -0.00045836
  -17.4774775    -0.01043242    -0.00250296
  -17.4374374    -0.02603528    -0.00991854
  -17.3973974    -0.04715059    -0.02852256
  -17.3573574    -0.06196684    -0.05952191
  -17.3173173    -0.05909885    -0.09013897
  -17.2772773    -0.04090214    -0.09905941
  -17.2372372    -0.02054284    -0.07899985
  -17.1971972    -0.00748725    -0.04571979
  -17.1571572    -0.00198030    -0.01920125
  -17.1171171    -0.00038009    -0.00585197
  -17.0770771    -0.00005294    -0.00129426
  -17.0370370    -0.00000535    -0.00020773
  -16.9969970    -0.00000039    -0.00002419
  -16.9569570    -0.00000002    -0.00000204
  -16.9169169    -0.00000000    -0.00000013
  -16.8768769     0.00000000    -0.00000001
  -16.8368368     0.00000000     0.00000000
  -16.7967968     0.00000000     0.00000000
  -16.7567568     0.00000000     0.00000000
  -16.7167167     0.00000000     0.00000000
  -16.6766767     0.00000000     0.00000000
  -16.6366366     0.00000000     0.00000000
  -16.5965966     0.00000000     0.00000000
  -16.5565566     0.00000000     0.00000000
  -16.5165165     0.00000000     0.00000000
  -16.4764765    -0.00000000     0.00000000
  -16.4364364    -0.00000001     0.00000000
  -16.3963964    -0.00000009    -0.00000000
  -16.3563564    -0.00000122    -0.00000001
  -16.3163163    -0.00001177    -0.00000024
  -16.2762763    -0.00008247    -0.00000316
  -16.2362362    -0.00041924    -0.00003029
  -16.1961962    -0.00154654    -0.00021097
  -16.1561562    -0.00414011    -0.00106645
  -16.1161161    -0.00804285    -0.00391209
  -16.0760761    -0.01133848    -0.01041416
  -16.0360360    -0.01159972    -0.02011811
  -15.9959960    -0.00861167    -0.02820313
  -15.9559560    -0.00463954    -0.02869160
  -15.9159159    -0.00181388    -0.02118165
  -15.8758759    -0.00051463    -0.01134781
  -15.8358358    -0.00010613    -0.00441176
  -15.7957958    -0.00001879    -0.00124466
  -15.7557558    -0.00003779    -0.00025438
  -15.7157157    -0.00031852    -0.00003169
  -15.6756757    -0.00202985     0.00005590
  -15.6356356    -0.00931398     0.00041076
  -15.5955956    -0.03055860     0.00195008
  -15.5555556    -0.07079522     0.00616599
  -15.5155155    -0.11279101     0.01173351
  -15.4754755    -0.11565627     0.00778624
  -15.4354354    -0.05932455    -0.02192461
  -15.3953954     0.01758290    -0.07346443
  -15.3553554     0.05820920    -0.11102483
  -15.3153153     0.05191390    -0.10462990
  -15.2752753     0.03001367    -0.06624829
  -15.2352352     0.02271367    -0.02748166
  -15.1951952     0.04543171     0.00019735
  -15.1551552     0.10290866     0.03066924
  -15.1151151     0.17706709     0.08228543
  -15.0750751     0.22186129     0.15131816
  -15.0350350     0.20178318     0.20122827
  -14.9949950     0.13319417     0.19416673
  -14.9549550     0.06394328     0.13612677
  -14.9149149     0.02342051     0.07055979
  -14.8748749     0.01292355     0.03380171
  -14.8348348     0.03225361     0.04055750
  -14.7947948     0.09667830     0.10043792
  -14.7547548     0.21658956     0.21145245
  -14.7147147     0.35257648     0.32680820
  -14.6746747     0.41652615     0.36682143
  -14.6346346     0.35711378     0.29880506
  -14.5945946     0.22241302     0.17665187
  -14.5545546     0.10219525     0.07598947
  -14.5145145     0.04305058     0.02523610
  -14.4744745     0.04752035     0.01429496
  -14.4344344     0.11362720     0.03624839
  -14.3943944     0.23056261     0.10138028
  -14.3543544     0.34309144     0.21042095
  -14.3143143     0.37074234     0.31724863
  -14.2742743     0.29086349     0.34726182
  -14.2342342     0.16661782     0.27696366
  -14.1941942     0.07518920     0.16655558
  -14.1541542     0.04946611     0.09792162
  -14.1141141     0.09328768     0.11289783
  -14.0740741     0.19842373     0.20241767
  -14.0340340     0.31969360     0.30737676
  -13.9939940     0.37382207     0.34482117
  -13.9539540     0.30920719     0.28139560
  -13.9139139     0.15926950     0.16738346
  -13.8738739     0.00299547     0.07444512
  -13.8338338    -0.09688506     0.02846250
  -13.7937938    -0.11184102     0.01237717
  -13.7537538    -0.04583821     0.00133614
  -13.7137137     0.06894820    -0.01306032
  -13.6736737     0.18029114    -0.01635766
  -13.6336336     0.23243013     0.00828340
  -13.5935936     0.20365562     0.04791032
  -13.5535536     0.12850776     0.06782415
  -13.5135135     0.06155934     0.05531852
  -13.4734735     0.02996332     0.02971890
  -13.4334334     0.03100571     0.01180309
  -13.3933934     0.05085783     0.00712674
  -13.3533534     0.07094904     0.01481830
  -13.3133133     0.07352397     0.03424869
  -13.2732733     0.05555102     0.05923308
  -13.2332332     0.03054414     0.07504124
  -13.1931932     0.01251127     0.07151530
  -13.1531532     0.00522740     0.05612956
  -13.1131131     0.00674235     0.04421765
  -13.0730731     0.01621136     0.04111308
  -13.0330330     0.03485635     0.04451881
  -12.9929930     0.06457950     0.05834308
  -12.9529530     0.10477949     0.08844371
  -12.9129129     0.14511933     0.12318999
  -12.8728729     0.16783303     0.13637926
  -12.8328328     0.16660707     0.12107478
  -12.7927928     0.15069462     0.10474844
  -12.7527528     0.12506571     0.11407884
  -12.7127127     0.08699727     0.13479530
  -12.6726727     0.04150246     0.12512335
  -12.6326326     0.00125680     0.06848800
  -12.5925926    -0.02248648    -0.00309242
  -12.5525526    -0.01761306    -0.03761150
  -12.5125125     0.02892463    -0.00202261
  -12.4724725     0.11145129     0.09468428
  -12.4324324     0.18599435     0.19684059
  -12.3923924     0.19669292     0.23617837
  -12.3523524     0.13811377     0.19358205
  -12.3123123     0.06542734     0.11417915
  -12.2722723     0.03176962     0.05418309
  -12.2322322     0.04428943     0.03639316
  -12.1921922     0.07951294     0.05538672
  -12.1521522     0.10993984     0.09374087
  -12.1121121     0.11501752     0.12608201
  -12.0720721     0.08849510     0.12754501
  -12.0320320     0.04454042     0.09123509
  -11.9919920     0.00739956     0.03570469
  -11.9519520    -0.01326496    -0.01155067
  -11.9119119    -0.03000155    -0.04069461
  -11.8718719    -0.05654480    -0.06314055
  -11.8318318    -0.08607719    -0.08658616
  -11.7917918    -0.09650060    -0.09878416
  -11.7517518    -0.07717455    -0.08516574
  -11.7117117    -0.04218493    -0.05250965
  -11.6716717    -0.01376878    -0.02188039
  -11.6316316    -0.00215050    -0.00497612
  -11.5915916    -0.00386386     0.00076338
  -11.5515516    -0.01002161     0.00013173
  -11.5115115    -0.01280359    -0.00565158
  -11.4714715    -0.00955473    -0.01435162
  -11.4314314    -0.00422724    -0.02130162
  -11.3913914    -0.00384258    -0.02627683
  -11.3513514    -0.01265385    -0.03490660
  -11.3113113    -0.02852349    -0.04697610
  -11.2712713    -0.04268178    -0.05057544
  -11.2312312    -0.04428960    -0.03706617
  -11.1911912    -0.03009637    -0.01457424
  -11.1511512    -0.00993808     0.00254502
  -11.1111111     0.00202470     0.01035331
  -11.0710711     0.00097868     0.01497958
  -11.0310310    -0.00708772     0.02106863
  -10.9909910    -0.01463303     0.02613826
  -10.9509510    -0.01909204     0.02583207
  -10.9109109    -0.02102349     0.01913879
  -10.8708709    -0.01881067     0.00630350
  -10.8308308    -0.00846027    -0.01199270
  -10.7907908     0.00950579    -0.03085100
  -10.7507508     0.02563132    -0.04237766
  -10.7107107     0.02919129    -0.04138696
  -10.6706707     0.02008031    -0.02659005
  -10.6306306     0.00816845    -0.00115091
  -10.5905906     0.00198177     0.02399662
  -10.5505506     0.00188921     0.03522811
  -10.5105105     0.00260970     0.02876437
  -10.4704705     0.00041676     0.01270668
  -10.4304304    -0.00270569    -0.00286434
  -10.3903904    -0.00306398    -0.01269675
  -10.3503504    -0.00036317    -0.01550284
  -10.3103103     0.00399382    -0.01169106
  -10.2702703     0.01012710    -0.00365129
  -10.2302302     0.01780610     0.00371281
  -10.1901902     0.02377572     0.00622824
  -10.1501502     0.02447817     0.00467337
  -10.1101101     0.02057963     0.00343060
  -10.0700701     0.01595053     0.00470598
  -10.0300300     0.01291593     0.00589011
   -9.9899900     0.01126642     0.00338996
   -9.9499500     0.01088077    -0.00222877
   -9.9099099     0.01213940    -0.00665770
   -9.8698699     0.01433421    -0.00700058
   -9.8298298     0.01568021    -0.00449655
   -9.7897898     0.01452712    -0.00197718
   -9.7497497     0.01059687    -0.00059663
   -9.7097097     0.00560543     0.00015378
   -9.6696697     0.00190417     0.00055686
   -9.6296296     0.00072605     0.00016678
   -9.5895896     0.00252684    -0.00124213
   -9.5495496     0.00738786    -0.00341065
   -9.5095095     0.01323108    -0.00582482
   -9.4694695     0.01506302    -0.00684502
   -9.4294294     0.00868354    -0.00314770
   -9.3893894    -0.00451707     0.00752059
   -9.3493494    -0.01701350     0.02184960
   -9.3093093    -0.01933383     0.03142344
   -9.2692693    -0.00710380     0.03070187
   -9.2292292     0.01356618     0.02307355
   -9.1891892     0.02969370     0.01526995
   -9.1491491     0.03216133     0.00884266
   -9.1091091     0.02186528     0.00195586
   -9.0690691     0.00712429    -0.00496552
   -9.0290290    -0.00254770    -0.01015361
   -8.9889890    -0.00257932    -0.01290317
   -8.9489490     0.00409725    -0.01288330
   -8.9089089     0.01078507    -0.01070764
   -8.8688689     0.01261103    -0.00955128
   -8.8288288     0.00854384    -0.01333026
   -8.7887888     0.00074061    -0.02259300
   -8.7487488    -0.00711488    -0.03337270
   -8.7087087    -0.01229560    -0.04015017
   -8.6686687    -0.01455646    -0.03923451
   -8.6286286    -0.01579239    -0.03080296
   -8.5885886    -0.01916367    -0.01892313
   -8.5485485    -0.02728209    -0.00825833
   -8.5085085    -0.03804520    -0.00062961
   -8.4684685    -0.04343350     0.00455090
   -8.4284284    -0.03754998     0.00772777
   -8.3883884    -0.02487496     0.00846630
   -8.3483484    -0.01545976     0.00673496
   -8.3083083    -0.01335258     0.00314032
   -8.2682683    -0.01409398    -0.00241250
   -8.2282282    -0.01250916    -0.01004395
   -8.1881882    -0.00868636    -0.01652083
   -8.1481482    -0.00539528    -0.01491634
   -8.1081081    -0.00318154    -0.00136932
   -8.0680681    -0.00026217     0.01787154
   -8.0280280     0.00447201     0.03065379
   -7.9879880     0.01006586     0.03152150
   -7.9479479     0.01486305     0.02574526
   -7.9079079     0.01822973     0.02066011
   -7.8678679     0.01966084     0.01817817
   -7.8278278     0.01699507     0.01575988
   -7.7877878     0.00888166     0.01104054
   -7.7477478    -0.00091755     0.00517635
   -7.7077077    -0.00592714     0.00202299
   -7.6676677    -0.00428939     0.00400320
   -7.6276276    -0.00028211     0.01017467
   -7.5875876     0.00123371     0.01817545
   -7.5475475    -0.00072463     0.02539028
   -7.5075075    -0.00360372     0.02822947
   -7.4674675    -0.00439598     0.02397460
   -7.4274274    -0.00227266     0.01419186
   -7.3873874     0.00160138     0.00376594
   -7.3473473     0.00596511    -0.00318700
   -7.3073073     0.01009544    -0.00512636
   -7.2672673     0.01312441    -0.00266957
   -7.2272272     0.01430278     0.00234946
   -7.1871872     0.01451910     0.00812892
   -7.1471472     0.01649336     0.01317316
   -7.1071071     0.02195886     0.01569439
   -7.0670671     0.02857698     0.01436190
   -7.0270270     0.03115165     0.00993698
   -6.9869870     0.02677784     0.00490882
   -6.9469470     0.01793684     0.00134274
   -6.9069069     0.00983374    -0.00022248
   -6.8668669     0.00562513    -0.00024983
   -6.8268268     0.00509792     0.00056130
   -6.7867868     0.00690369     0.00165072
   -6.7467467     0.01008555     0.00274002
   -6.7067067     0.01302102     0.00376116
   -6.6666667     0.01323344     0.00437094
   -6.6266266     0.01012331     0.00366746
   -6.5865866     0.00612463     0.00103428
   -6.5465466     0.00378394    -0.00322219
   -6.5065065     0.00323125    -0.00905669
   -6.4664665     0.00311275    -0.01713722
   -6.4264264     0.00261197    -0.02598512
   -6.3863864     0.00179649    -0.03023900
   -6.3463464     0.00073446    -0.02523986
   -6.3063063    -0.00085705    -0.01239211
   -6.2662663    -0.00313188     0.00300092
   -6.2262262    -0.00559631     0.01720798
   -6.1861862    -0.00707715     0.02865399
   -6.1461461    -0.00622309     0.03575533
   -6.1061061    -0.00224696     0.03743694
   -6.0660661     0.00455220     0.03508957
   -6.0260260     0.01244675     0.03168418
   -5.9859860     0.01830318     0.02791155
   -5.9459459     0.01941374     0.02124447
   -5.9059059     0.01616141     0.01056670
   -5.8658659     0.01135521    -0.00094278
   -5.8258258     0.00682223    -0.00921180
   -5.7857858     0.00244385    -0.01334656
   -5.7457458    -0.00195973    -0.01519559
   -5.7057057    -0.00558082    -0.01592624
   -5.6656657    -0.00741303    -0.01458995
   -5.6256256    -0.00700972    -0.01067285
   -5.5855856    -0.00414971    -0.00639361
   -5.5455455     0.00120828    -0.00470654
   -5.5055055     0.00766534    -0.00557771
   -5.4654655     0.01203914    -0.00579261
   -5.4254254     0.01199890    -0.00294480
   -5.3853854     0.00872557     0.00154474
   -5.3453453     0.00546203     0.00456086
   -5.3053053     0.00386517     0.00531153
   -5.2652653     0.00297980     0.00593795
   -5.2252252     0.00135611     0.00950421
   -5.1851852    -0.00091932     0.01754724
   -5.1451452    -0.00254829     0.02685941
   -5.1051051    -0.00225076     0.02967906
   -5.0650651     0.00102063     0.02097965
   -5.0250250     0.00730703     0.00417021
   -4.9849850     0.01402194    -0.01224772
   -4.9449449     0.01740820    -0.02109366
   -4.9049049     0.01741952    -0.02041821
   -4.8648649     0.01960607    -0.01378537
   -4.8248248     0.02998678    -0.00598114
   -4.7847848     0.04714258     0.00100581
   -4.7447447     0.06040460     0.00681022
   -4.7047047     0.06001443     0.01091476
   -4.6646647     0.04951063     0.01456733
   -4.6246246     0.04155736     0.02154044
   -4.5845846     0.04120673     0.03356236
   -4.5445445     0.04124271     0.04650915
   -4.5045045     0.03490399     0.05552101
   -4.4644645     0.02531669     0.06192624
   -4.4244244     0.01966031     0.06793391
   -4.3843844     0.01944725     0.06852374
   -4.3443443     0.01984023     0.05855397
   -4.3043043     0.01650928     0.04271373
   -4.2642643     0.01027861     0.02987810
   -4.2242242     0.00468099     0.02297652
   -4.1841842     0.00158318     0.01946304
   -4.1441441     0.00062903     0.01710548
   -4.1041041     0.00123074     0.01532793
   -4.0640641     0.00370238     0.01320907
   -4.0240240     0.00842968     0.00976763
   -3.9839840     0.01394752     0.00566134
   -3.9439439     0.01684321     0.00249628
   -3.9039039     0.01524755     0.00110075
   -3.8638639     0.01158125     0.00159305
   -3.8238238     0.00972876     0.00425152
   -3.7837838     0.01030146     0.00900757
   -3.7437437     0.01088233     0.01412862
   -3.7037037     0.01084159     0.01691741
   -3.6636637     0.01399827     0.01631115
   -3.6236236     0.02502181     0.01309412
   -3.5835836     0.04263113     0.00781146
   -3.5435435     0.05809661     0.00176086
   -3.5035035     0.06368851    -0.00031827
   -3.4634635     0.05994060     0.00731101
   -3.4234234     0.05061408     0.02549498
   -3.3833834     0.03697542     0.04817077
   -3.3433433     0.02129838     0.06519949
   -3.3033033     0.00843984     0.06768373
   -3.2632633     0.00123360     0.05418007
   -3.2232232    -0.00122181     0.03258274
   -3.1831832    -0.00141394     0.01380232
   -3.1431431    -0.00258826     0.00356548
   -3.1031031    -0.00908744     0.00075515
   -3.0630631    -0.02429576     0.00119255
   -3.0230230    -0.04565790     0.00090105
   -2.9829830    -0.06276971    -0.00355339
   -2.9429429    -0.06474758    -0.01593213
   -2.9029029    -0.05033097    -0.03849066
   -2.8628629    -0.02724305    -0.06656268
   -2.8228228    -0.00297332    -0.08741334
   -2.7827828     0.01809353    -0.08981216
   -2.7427427     0.03087666    -0.07489776
   -2.7027027     0.03162031    -0.05433421
   -2.6626627     0.02346300    -0.03801070
   -2.6226226     0.01378476    -0.02685726
   -2.5825826     0.00700846    -0.01755177
   -2.5425425     0.00324041    -0.00836579
   -2.5025025     0.00131301     0.00222249
   -2.4624625     0.00043359     0.01748182
   -2.4224224     0.00013661     0.03798389
   -2.3823824     0.00023036     0.05603011
   -2.3423423     0.00111779     0.05997162
   -2.3023023     0.00427646     0.04701638
   -2.2622623     0.01185789     0.02712765
   -2.2222222     0.02377187     0.01219285
   -2.1821822     0.03447579     0.00690729
   -2.1421421     0.03631233     0.01068103
   -2.1021021     0.02820309     0.02119098
   -2.0620621     0.01699041     0.03302792
   -2.0220220     0.00899663     0.03801507
   -1.9819820     0.00469614     0.03211164
   -1.9419419     0.00130813     0.02006458
   -1.9019019    -0.00399869     0.00988852
   -1.8618619    -0.01311429     0.00476869
   -1.8218218    -0.02480954     0.00129529
   -1.7817818    -0.03304449    -0.00674735
   -1.7417417    -0.03159498    -0.02137866
   -1.7017017    -0.02089355    -0.03536891
   -1.6616617    -0.00623209    -0.03846977
   -1.6216216     0.00988907    -0.03002919
   -1.5815816     0.02887270    -0.01996515
   -1.5415415     0.05001048    -0.01713151
   -1.5015015     0.06684651    -0.02111179
   -1.4614615     0.07065003    -0.02469390
   -1.4214214     0.05830983    -0.02213808
   -1.3813814     0.03680938    -0.01453432
   -1.3413413     0.01742980    -0.00693477
   -1.3013013     0.00604505    -0.00240187
   -1.2612613     0.00129775    -0.00060465
   -1.2212212    -0.00041475    -0.00011301
   -1.1811812    -0.00121375    -0.00000861
   -1.1411411    -0.00155668     0.00011727
   -1.1011011    -0.00172385     0.00075379
   -1.0610611    -0.00286396     0.00317511
   -1.0210210    -0.00579534     0.00971790
   -0.9809810    -0.00832987     0.02183425
   -0.9409409    -0.00469565     0.03569735
   -0.9009009     0.01094662     0.04189761
   -0.8608609     0.03810523     0.03465219
   -0.8208208     0.06505573     0.01954645
   -0.7807808     0.07462778     0.00695355
   -0.7407407     0.06090799     0.00113501
   -0.7007007     0.03588975    -0.00019987
   -0.6606607     0.01538214    -0.00010055
   -0.6206206     0.00504061     0.00032351
   -0.5805806     0.00202614     0.00135012
   -0.5405405     0.00241639     0.00386956
   -0.5005005     0.00382255     0.00923805
   -0.4604605     0.00471641     0.01939902
   -0.4204204     0.00456906     0.03541223
   -0.3803804     0.00526873     0.05294010
   -0.3403403     0.01313371     0.06119687
   -0.3003003     0.04014730     0.05284660
   -0.2602603     0.09656131     0.03353010
   -0.2202202     0.17004214     0.01551791
   -0.1801802     0.21768365     0.00522274
   -0.1401401     0.20315928     0.00127756
   -0.1001001     0.14092994     0.00023852
   -0.0600601     0.08025528     0.00014737
   -0.0200200     0.05255450     0.00086765
    0.0200200     0.05219242     0.00469287
    0.0600601     0.05638461     0.01886047
    0.1001001     0.04990560     0.05607249
    0.1401401     0.03545818     0.12312409
    0.1801802     0.02720024     0.19952385
    0.2202202     0.03711527     0.23904779
    0.2602603     0.06475494     0.21353513
    0.3003003     0.09433286     0.14577273
    0.3403403     0.10575144     0.08142284
    0.3803804     0.09353913     0.04596992
    0.4204204     0.06883017     0.04157742
    0.4604605     0.04383399     0.06093800
    0.5005005     0.02396832     0.08729074
    0.5405405     0.01118251     0.09730146
    0.5805806     0.00626540     0.08058969
    0.6206206     0.00933847     0.04976306
    0.6606607     0.01986912     0.02367443
    0.7007007     0.03376911     0.00936175
    0.7407407     0.04212029     0.00347367
    0.7807808     0.03820852     0.00139913
    0.8208208     0.02516980     0.00074460
    0.8608609     0.01203548     0.00053914
    0.9009009     0.00417678     0.00039444
    0.9409409     0.00105193     0.00026152
    0.9809810     0.00019226     0.00034023
    1.0210210     0.00002551     0.00124428
    1.0610611     0.00000255     0.00440687
    1.1011011     0.00000124     0.01157544
    1.1411411     0.00000864     0.02209569
    1.1811812     0.00005021     0.03061524
    1.2212212     0.00021050     0.03081292
    1.2612613     0.00063715     0.02262431
    1.3013013     0.00142230     0.01240632
    1.3413413     0.00256884     0.00568284
    1.3813814     0.00466269     0.00300564
    1.4214214     0.00962618     0.00220901
    1.4614615     0.01884609     0.00164816
    1.5015015     0.02923598     0.00107696
    1.5415415     0.03411995     0.00107805
    1.5815816     0.03081289     0.00272950
    1.6216216     0.02473989     0.00766653
    1.6616617     0.02303213     0.01732388
    1.7017017     0.02520029     0.03118465
    1.7417417     0.02267590     0.04605618
    1.7817818     0.00864905     0.05725331
    1.8218218    -0.01277051     0.05998461
    1.8618619    -0.02907534     0.05138955
    1.9019019    -0.03129025     0.03364704
    1.9419419    -0.02164182     0.01275252
    1.9819820    -0.00833312    -0.00724981
    2.0220220     0.00398490    -0.02463001
    2.0620621     0.01530485    -0.03473630
    2.1021021     0.02537579    -0.03152428
    2.1421421     0.03390987    -0.01510446
    2.1821822     0.04554346     0.00987819
    2.2222222     0.06675464     0.04328562
    2.2622623     0.09396681     0.08665996
    2.3023023     0.11407904     0.13075331
    2.3423423     0.12226443     0.15845448
    2.3823824     0.12591691     0.16128690
    2.4224224     0.12871725     0.14340847
    2.4624625     0.13355452     0.11881785
    2.5025025     0.16142297     0.11601714
    2.5425425     0.23438849     0.16572888
    2.5825826     0.32934721     0.26019412
    2.6226226     0.37874518     0.33490033
    2.6626627     0.34169362     0.32301899
    2.7027027     0.25695276     0.22930368
    2.7427427     0.19802356     0.12045003
    2.7827828     0.18876705     0.05069328
    2.8228228     0.19341017     0.02697981
    2.8628629     0.18250525     0.03143526
    2.9029029     0.17142593     0.04809352
    2.9429429     0.18461831     0.07185868
    2.9829830     0.21431137     0.10523963
    3.0230230     0.22922528     0.14737757
    3.0630631     0.20605512     0.18495116
    3.1031031     0.14842460     0.19726664
    3.1431431     0.08309601     0.17764650
    3.1831832     0.03678276     0.14716269
    3.2232232     0.01947046     0.13141302
    3.2632633     0.03092966     0.12737648
    3.3033033     0.06896885     0.11440470
    3.3433433     0.11981739     0.09230410
    3.3833834     0.15169578     0.08317062
    3.4234234     0.13936182     0.09513153
    3.4634635     0.09290009     0.10552019
    3.5035035     0.04495739     0.08855246
    3.5435435     0.01594691     0.04739111
    3.5835836     0.00510941     0.00776469
    3.6236236     0.00577495    -0.01155368
    3.6636637     0.01701516    -0.01088435
    3.7037037     0.04164244     0.00193607
    3.7437437     0.07582490     0.02449617
    3.7837838     0.10445261     0.05806264
    3.8238238     0.11336000     0.09635259
    3.8638639     0.10364135     0.12410869
    3.9039039     0.09004569     0.13389516
    3.9439439     0.09603822     0.14098599
    3.9839840     0.15012941     0.17324650
    4.0240240     0.25990678     0.24269092
    4.0640641     0.37995977     0.32483246
    4.1041041     0.43673597     0.36831727
    4.1441441     0.40143819     0.33663629
    4.1841842     0.31191669     0.24568237
    4.2242242     0.22080207     0.15031048
    4.2642643     0.15613750     0.09481461
    4.3043043     0.12843311     0.09212870
    4.3443443     0.13653544     0.13848240
    4.3843844     0.15875375     0.21288986
    4.4244244     0.16416113     0.26635952
    4.4644645     0.14127609     0.25259999
    4.5045045     0.10236860     0.17767778
    4.5445445     0.06335667     0.09197792
    4.5845846     0.03303667     0.03491443
    4.6246246     0.01551404     0.00972364
    4.6646647     0.01400883     0.00218748
    4.7047047     0.03574412     0.00155401
    4.7447447     0.09166108     0.00574827
    4.7847848     0.18083635     0.02056303
    4.8248248     0.27762549     0.05810750
    4.8648649     0.35178253     0.12778406
    4.9049049     0.39524752     0.21943223
    4.9449449     0.40808524     0.30235807
    4.9849850     0.37887300     0.35264171
    5.0250250     0.30561930     0.36829403
    5.0650651     0.21723618     0.35271781
    5.1051051     0.15965690     0.31955148
    5.1451452     0.16687607     0.31915700
    5.1851852     0.23521893     0.40316581
    5.2252252     0.31714652     0.53999526
    5.2652653     0.35668161     0.62073014
    5.3053053     0.34173587     0.58281929
    5.3453453     0.31736109     0.47353803
    5.3853854     0.34319831     0.36479869
    5.4254254     0.42510908     0.27650234
    5.4654655     0.49535602     0.20753527
    5.5055055     0.49240258     0.17699741
    5.5455455     0.43959787     0.20722009
    5.5855856     0.39867977     0.29048867
    5.6256256     0.38262592     0.38935420
    5.6656657     0.36114041     0.46459822
    5.7057057     0.31161997     0.48467867
    5.7457458     0.23718538     0.42609838
    5.7857858     0.16438392     0.30494939
    5.8258258     0.12469860     0.18450237
    5.8658659     0.12153170     0.11659192
    5.9059059     0.12526529     0.09841243
    5.9459459     0.10781190     0.09625583
    5.9859860     0.07074434     0.08510775
    6.0260260     0.03481754     0.06120671
    6.0660661     0.01471679     0.03432933
    6.1061061     0.01372610     0.01531360
    6.1461461     0.03424506     0.00941635
    6.1861862     0.07837846     0.02024850
    6.2262262     0.13238612     0.05436008
    6.2662663     0.16277942     0.11257068
    6.3063063     0.14662001     0.17638857
    6.3463464     0.10067328     0.21683648
    6.3863864     0.06575670     0.22040976
    6.4264264     0.07265523     0.19301861
    6.4664665     0.12867552     0.14675381
    6.5065065     0.21387468     0.10182467
    6.5465466     0.28321488     0.08738482
    6.5865866     0.29510504     0.11872308
    6.6266266     0.24763681     0.17410567
    6.6666667     0.17879605     0.20729574
    6.7067067     0.12929804     0.19291585
    6.7467467     0.10898914     0.14780611
    6.7867868     0.10142256     0.10040777
    6.8268268     0.09697176     0.06196160
    6.8668669     0.11266384     0.03372365
    6.9069069     0.17267587     0.01941640
    6.9469470     0.26606062     0.02539436
    6.9869870     0.33312229     0.05781634
    7.0270270     0.31619068     0.11587497
    7.0670671     0.22421648     0.18442326
    7.1071071     0.12318802     0.24275019
    7.1471472     0.07052180     0.28054388
    7.1871872     0.08598857     0.29537056
    7.2272272     0.17253739     0.29000781
    7.2672673     0.32611184     0.28860642
    7.3073073     0.50568385     0.32201937
    7.3473473     0.61693691     0.37364447
    7.3873874     0.58178221     0.38661855
    7.4274274     0.43065357     0.34730021
    7.4674675     0.27214880     0.30256220
    7.5075075     0.17611262     0.27768901
    7.5475475     0.13704901     0.24501990
    7.5875876     0.12793804     0.18840100
    7.6276276     0.13191677     0.13561005
    7.6676677     0.13434900     0.11167268
    7.7077077     0.12817515     0.10488260
    7.7477478     0.12350143     0.09238136
    7.7877878     0.13123519     0.07457402
    7.8278278     0.14744219     0.07464515
    7.8678679     0.16154471     0.11261417
    7.9079079     0.16382850     0.17965008
    7.9479479     0.14466108     0.23509328
    7.9879880     0.10387996     0.23767405
    8.0280280     0.05764572     0.18389955
    8.0680681     0.02401042     0.10853381
    8.1081081     0.00747799     0.04886765
    8.1481482     0.00227966     0.01829631
    8.1881882     0.00334839     0.01198873
    8.2282282     0.01198525     0.02373619
    8.2682683     0.03569702     0.04950596
    8.3083083     0.08121806     0.08003102
    8.3483484     0.14072039     0.10221050
    8.3883884     0.18732304     0.11190204
    8.4284284     0.19617881     0.11379686
    8.4684685     0.16933623     0.10665484
    8.5085085     0.12874241     0.08563546
    8.5485485     0.09129011     0.05932981
    8.5885886     0.06346682     0.04729290
    8.6286286     0.04939951     0.06045002
    8.6686687     0.04908090     0.09283357
    8.7087087     0.05468285     0.13153037
    8.7487488     0.05701941     0.16752540
    8.7887888     0.05297812     0.19178756
    8.8288288     0.04419847     0.19219201
    8.8688689     0.03151401     0.17120968
    8.9089089     0.01342833     0.15374475
    8.9489490    -0.01104762     0.15562118
    8.9889890    -0.03776077     0.15787167
    9.0290290    -0.05318047     0.13350953
    9.0690691    -0.03943075     0.08581394
    9.1091091     0.00919090     0.04036977
    9.1491491     0.07580552     0.01213424
    9.1891892     0.13207881    -0.00326812
    9.2292292     0.16136825    -0.01352009
    9.2692693     0.16629539    -0.01497550
    9.3093093     0.15385383     0.00459698
    9.3493494     0.12750781     0.04782525
    9.3893894     0.09736458     0.09670955
    9.4294294     0.08177098     0.12827881
    9.4694695     0.08943304     0.14198886
    9.5095095     0.10565911     0.16163073
    9.5495496     0.10659721     0.20102725
    9.5895896     0.08883393     0.23639325
    9.6296296     0.07436770     0.22950110
    9.6696697     0.08190394     0.17429328
    9.7097097     0.10234682     0.10271517
    9.7497497     0.11184663     0.04792189
    9.7897898     0.10862908     0.01961626
    9.8298298     0.12242331     0.01196079
    9.8698699     0.17513889     0.01775241
    9.9099099     0.24174052     0.03075254
    9.9499500     0.26715452     0.04351001
    9.9899900     0.22632520     0.05152623
   10.0300300     0.15397569     0.05820065
   10.0700701     0.10425611     0.06902805
   10.1101101     0.09677049     0.08280453
   10.1501502     0.11475120     0.09355725
   10.1901902     0.13954030     0.09781185
   10.2302302     0.16784957     0.09870815
   10.2702703     0.19822225     0.10574668
   10.3103103     0.21903019     0.12552698
   10.3503504     0.21820882     0.14906102
   10.3903904     0.19370593     0.15501231
   10.4304304     0.15187088     0.13164027
   10.4704705     0.10738274     0.09280423
   10.5105105     0.07920196     0.06583074
   10.5505506     0.07358158     0.06368203
   10.5905906     0.07720747     0.07399290
   10.6306306     0.07399977     0.07725984
   10.6706707     0.06097020     0.07312227
   10.7107107     0.04455593     0.08343828
   10.7507508     0.03078623     0.12798833
   10.7907908     0.02149067     0.19703629
   10.8308308     0.01417429     0.24795404
   10.8708709     0.00634183     0.24205741
   10.9109109     0.00348795     0.19156669
   10.9509510     0.01875947     0.15102492
   10.9909910     0.05726840     0.15698911
   11.0310310     0.10495108     0.19369579
   11.0710711     0.14688465     0.21585900
   11.1111111     0.19082578     0.19101788
   11.1511512     0.25219228     0.12546404
   11.1911912     0.32186409     0.06087686
   11.2312312     0.36891611     0.04372120
   11.2712713     0.37026401     0.09119337
   11.3113113     0.32331595     0.18250447
   11.3513514     0.24003014     0.27530116
   11.3913914     0.14522408     0.32464057
   11.4314314     0.06859225     0.30153750
   11.4714715     0.02451703     0.21673159
   11.5115115     0.00650911     0.11831289
   11.5515516     0.00127079     0.04948457
   11.5915916     0.00018352     0.01837072
   11.6316316     0.00003833     0.00984728
   11.6716717     0.00013518     0.00850911
   11.7117117     0.00070046     0.00739348
   11.7517518     0.00282652     0.00588776
   11.7917918     0.00885547     0.00503146
   11.8318318     0.02151617     0.00466805
   11.8718719     0.04019574     0.00395474
   11.9119119     0.05709500     0.00311813
   11.9519520     0.06144912     0.00413272
   11.9919920     0.05210010     0.01078898
   12.0320320     0.04288402     0.02853296
   12.0720721     0.05204009     0.06203418
   12.1121121     0.08708401     0.10924984
   12.1521522     0.13615856     0.15586070
   12.1921922     0.17101944     0.17984664
   12.2322322     0.16703060     0.16988466
   12.2722723     0.12616325     0.13750171
   12.3123123     0.07457921     0.10234640
   12.3523524     0.03721117     0.07111695
   12.3923924     0.02056612     0.04032308
   12.4324324     0.01655382     0.01055443
   12.4724725     0.01483286    -0.01169821
   12.5125125     0.01087616    -0.02125046
   12.5525526     0.00592828    -0.01911539
   12.5925926     0.00234088    -0.01162271
   12.6326326     0.00063179    -0.00503960
   12.6726727     0.00004959    -0.00157893
   12.7127127    -0.00010426    -0.00036043
   12.7527528    -0.00012088    -0.00006552
   12.7927928    -0.00008675    -0.00002149
   12.8328328    -0.00003798    -0.00002201
   12.8728729     0.00004373    -0.00000747
   12.9129129     0.00038610     0.00010206
   12.9529530     0.00192730     0.00054075
   12.9929930     0.00730961     0.00176803
   13.0330330     0.02124193     0.00411023
   13.0730731     0.04701078     0.00691518
   13.1131131     0.07853981     0.00845021
   13.1531532     0.09823904     0.00760186
   13.1931932     0.09182377     0.00576098
   13.2332332     0.06647931     0.00735800
   13.2732733     0.04706428     0.02057947
   13.3133133     0.05478988     0.05592637
   13.3533534     0.09020063     0.11386930
   13.3933934     0.12931870     0.16884524
   13.4334334     0.14104853     0.18190150
   13.4734735     0.12011699     0.14255036
   13.5135135     0.09441681     0.08216555
   13.5535536     0.09013858     0.03789351
   13.5935936     0.10171648     0.02166148
   13.6336336     0.10535883     0.02524596
   13.6736737     0.09080468     0.03571779
   13.7137137     0.06761260     0.04332951
   13.7537538     0.04742362     0.04774499
   13.7937938     0.03285292     0.06053511
   13.8338338     0.02179029     0.09282395
   13.8738739     0.01439844     0.13579103
   13.9139139     0.01421338     0.16196561
   13.9539540     0.02444802     0.15405330
   13.9939940     0.04411686     0.12395736
   14.0340340     0.06952691     0.09452655
   14.0740741     0.10117157     0.07447704
   14.1141141     0.14189537     0.06144184
   14.1541542     0.18162989     0.05805663
   14.1941942     0.19544684     0.07101584
   14.2342342     0.16828481     0.09449478
   14.2742743     0.11394292     0.10637552
   14.3143143     0.06128316     0.09078073
   14.3543544     0.02590533     0.05704895
   14.3943944     0.00066136     0.02713621
   14.4344344    -0.02603326     0.01385270
   14.4744745    -0.04540395     0.01855973
   14.5145145    -0.03066263     0.03764822
   14.5545546     0.02758008     0.06090561
   14.5945946     0.09710401     0.07206152
   14.6346346     0.13035324     0.06284475
   14.6746747     0.11208258     0.04199399
   14.7147147     0.06839376     0.02401715
   14.7547548     0.03321084     0.01765996
   14.7947948     0.02181897     0.02852582
   14.8348348     0.03409149     0.06020809
   14.8748749     0.06452981     0.10339767
   14.9149149     0.10152676     0.13179714
   14.9549550     0.12524794     0.12548713
   14.9949950     0.11886518     0.09742178
   15.0350350     0.08612344     0.08089409
   15.0750751     0.05042067     0.09138668
   15.1151151     0.03391385     0.11269523
   15.1551552     0.04263190     0.12125664
   15.1951952     0.06784288     0.11438840
   15.2352352     0.09556004     0.10610113
   15.2752753     0.11725866     0.10336526
   15.3153153     0.13060211     0.10200959
   15.3553554     0.13099924     0.10040256
   15.3953954     0.11628425     0.10109154
   15.4354354     0.09920105     0.10054036
   15.4754755     0.09535533     0.09184432
   15.5155155     0.09909619     0.08129070
   15.5555556     0.09032710     0.08816884
   15.5955956     0.06354502     0.11893572
   15.6356356     0.03352446     0.15333098
   15.6756757     0.01579829     0.16944382
   15.7157157     0.01661935     0.17035496
   15.7557558     0.03858984     0.16695891
   15.7957958     0.08015141     0.15261930
   15.8358358     0.12537183     0.12092010
   15.8758759     0.14771232     0.08885028
   15.9159159     0.13518071     0.07733687
   15.9559560     0.10432856     0.08292956
   15.9959960     0.08259277     0.08569603
   16.0360360     0.08532425     0.07645850
   16.0760761     0.11181111     0.06289279
   16.1161161     0.14902627     0.05335056
   16.1561562     0.17349328     0.04868805
   16.1961962     0.16576712     0.04848403
   16.2362362     0.13242482     0.05202472
   16.2762763     0.09980196     0.05360897
   16.3163163     0.08152992     0.04858162
   16.3563564     0.06777223     0.04450366
   16.3963964     0.04721113     0.05655239
   16.4364364     0.02220361     0.08761254
   16.4764765     0.00038895     0.11812598
   16.5165165    -0.01303988     0.12635731
   16.5565566    -0.00931394     0.11969352
   16.5965966     0.03019550     0.13036721
   16.6366366     0.12733688     0.17686787
   16.6766767     0.28356813     0.24602644
   16.7167167     0.45118586     0.31091023
   16.7567568     0.54172501     0.34381250
   16.7967968     0.49606274     0.32117122
   16.8368368     0.34875628     0.24769438
   16.8768769     0.19748005     0.16399798
   16.9169169     0.11194953     0.10552392
   16.9569570     0.09072540     0.07177913
   16.9969970     0.09227405     0.04714804
   17.0370370     0.08621313     0.02804544
   17.0770771     0.07381168     0.02096703
   17.1171171     0.06786610     0.02925877
   17.1571572     0.06836946     0.04734777
   17.1971972     0.06849365     0.06491491
   17.2372372     0.07176629     0.07931638
   17.2772773     0.08580550     0.10047636
   17.3173173     0.10451245     0.13419108
   17.3573574     0.11154228     0.16607281
   17.3973974     0.09967137     0.17308177
   17.4374374     0.07710048     0.14767440
   17.4774775     0.05655274     0.10712091
   17.5175175     0.04659187     0.08390220
   17.5575576     0.05567747     0.10590875
   17.5975976     0.09460598     0.17726237
   17.6376376     0.15999122     0.27228028
   17.6776777     0.21733762     0.35055886
   17.7177177     0.22331999     0.37977929
   17.7577578     0.17509838     0.34739814
   17.7977978     0.12199538     0.26766290
   17.8378378     0.12415863     0.17818720
   17.8778779     0.20728648     0.11221080
   17.9179179     0.34396331     0.08165729
   17.9579580     0.46959966     0.09220459
   17.9979980     0.52932733     0.14795618
   18.0380380     0.51689223     0.22968058
   18.0780781     0.48065000     0.29691407
   18.1181181     0.49276199     0.33036457
   18.1581582     0.57284495     0.34385210
   18.1981982     0.64155577     0.34385066
   18.2382382     0.60037984     0.32015339
   18.2782783     0.44612648     0.27693899
   18.3183183     0.26281717     0.23125799
   18.3583584     0.12841998     0.19987568
   18.3983984     0.06701957     0.21578408
   18.4384384     0.06335536     0.31395047
   18.4784785     0.08515906     0.46404594
   18.5185185     0.09777160     0.55764032
   18.5585586     0.08351631     0.51051309
   18.5985986     0.05195631     0.35339216
   18.6386386     0.02346834     0.18617135
   18.6786787     0.00769367     0.07560432
   18.7187187     0.00183506     0.02614737
   18.7587588     0.00035368     0.01694628
   18.7987988     0.00025756     0.03389430
   18.8388388     0.00099139     0.06908024
   18.8788789     0.00374155     0.10586076
   18.9189189     0.01251032     0.12158137
   18.9589590     0.03681167     0.11115014
   18.9989990     0.09013893     0.09287587
   19.0390390     0.17337379     0.08298010
   19.0790791     0.25296754     0.07954018
   19.1191191     0.27553160     0.07406822
   19.1591592     0.22263670     0.06289295
   19.1991992     0.13335925     0.04755302
   19.2392392     0.06026276     0.03512076
   19.2792793     0.02471495     0.03535603
   19.3193193     0.02017573     0.05021938
   19.3593594     0.03383066     0.06725917
   19.3993994     0.05476424     0.06957952
   19.4394394     0.07439785     0.05482162
   19.4794795     0.08705676     0.03953721
   19.5195195     0.08784431     0.04433543
   19.5595596     0.07462412     0.07804730
   19.5995996     0.05760567     0.13084662
   19.6396396     0.06085405     0.17998643
   19.6796797     0.10763178     0.21092876
   19.7197197     0.19725743     0.23063644
   19.7597598     0.28867444     0.24592819
   19.7997998     0.32054249     0.23974132
   19.8398398     0.26944971     0.19594915
   19.8798799     0.17997767     0.13509529
   19.9199199     0.12232962     0.09482991
   19.9599600     0.12980468     0.08547854
   20.0000000     0.17865913     0.08798152
