#
#   partial DOS for atom species: Ga
#
#   Add data for atom_index =   1,  n,l,m,z=  4  1 -1  1
#   Add data for atom_index =   1,  n,l,m,z=  4  1  0  1
#   Add data for atom_index =   1,  n,l,m,z=  4  1  1  1
#   Add data for atom_index =   1,  n,l,m,z=  4  1 -1  2
#   Add data for atom_index =   1,  n,l,m,z=  4  1  0  2
#   Add data for atom_index =   1,  n,l,m,z=  4  1  1  2
#   Add data for atom_index =   1,  n,l,m,z=  4  1 -1  3
#   Add data for atom_index =   1,  n,l,m,z=  4  1  0  3
#   Add data for atom_index =   1,  n,l,m,z=  4  1  1  3
#
#    Energy          spin 1        spin2
#
  -20.0000000     0.00000000     0.00000000
  -19.9599600     0.00000000     0.00000000
  -19.9199199     0.00000000     0.00000000
  -19.8798799     0.00000000     0.00000000
  -19.8398398     0.00000000     0.00000000
  -19.7997998     0.00000000     0.00000000
  -19.7597598     0.00000000     0.00000000
  -19.7197197     0.00000000     0.00000000
  -19.6796797     0.00000000     0.00000000
  -19.6396396     0.00000000     0.00000000
  -19.5995996     0.00000000     0.00000000
  -19.5595596     0.00000000     0.00000000
  -19.5195195     0.00000000     0.00000000
  -19.4794795     0.00000000     0.00000000
  -19.4394394     0.00000000     0.00000000
  -19.3993994     0.00000000     0.00000000
  -19.3593594     0.00000000     0.00000000
  -19.3193193     0.00000000     0.00000000
  -19.2792793     0.00000000     0.00000000
  -19.2392392     0.00000000     0.00000000
  -19.1991992     0.00000000     0.00000000
  -19.1591592     0.00000000     0.00000000
  -19.1191191     0.00000000     0.00000000
  -19.0790791     0.00000000     0.00000000
  -19.0390390     0.00000000     0.00000000
  -18.9989990     0.00000000     0.00000000
  -18.9589590     0.00000000     0.00000000
  -18.9189189     0.00000000     0.00000000
  -18.8788789     0.00000000     0.00000000
  -18.8388388     0.00000000     0.00000000
  -18.7987988     0.00000000     0.00000000
  -18.7587588     0.00000000     0.00000000
  -18.7187187     0.00000000     0.00000000
  -18.6786787     0.00000000     0.00000000
  -18.6386386    -0.00000000    -0.00000000
  -18.5985986    -0.00000000    -0.00000000
  -18.5585586    -0.00000000    -0.00000000
  -18.5185185    -0.00000001    -0.00000001
  -18.4784785    -0.00000015    -0.00000015
  -18.4384384    -0.00000121    -0.00000121
  -18.3983984    -0.00000711    -0.00000711
  -18.3583584    -0.00003021    -0.00003021
  -18.3183183    -0.00009323    -0.00009323
  -18.2782783    -0.00020876    -0.00020876
  -18.2382382    -0.00033923    -0.00033923
  -18.1981982    -0.00040003    -0.00040003
  -18.1581582    -0.00034234    -0.00034234
  -18.1181181    -0.00021289    -0.00021289
  -18.0780781    -0.00010097    -0.00010097
  -18.0380380    -0.00009611    -0.00009611
  -17.9979980    -0.00059669    -0.00059669
  -17.9579580    -0.00389077    -0.00389077
  -17.9179179    -0.01863167    -0.01863168
  -17.8778779    -0.06477595    -0.06477597
  -17.8378378    -0.16352070    -0.16352074
  -17.7977978    -0.30022443    -0.30022445
  -17.7577578    -0.40349669    -0.40349669
  -17.7177177    -0.40674707    -0.40674704
  -17.6776777    -0.33353467    -0.33353463
  -17.6376376    -0.26728726    -0.26728723
  -17.5975976    -0.24062279    -0.24062277
  -17.5575576    -0.21401743    -0.21401741
  -17.5175175    -0.15590471    -0.15590469
  -17.4774775    -0.08537864    -0.08537862
  -17.4374374    -0.03425033    -0.03425032
  -17.3973974    -0.01003140    -0.01003140
  -17.3573574    -0.00249257    -0.00249257
  -17.3173173    -0.00298287    -0.00298288
  -17.2772773    -0.01368948    -0.01368948
  -17.2372372    -0.05092191    -0.05092192
  -17.1971972    -0.13792116    -0.13792119
  -17.1571572    -0.27184566    -0.27184568
  -17.1171171    -0.39239902    -0.39239902
  -17.0770771    -0.42337716    -0.42337713
  -17.0370370    -0.36219043    -0.36219040
  -16.9969970    -0.27865054    -0.27865050
  -16.9569570    -0.21819643    -0.21819641
  -16.9169169    -0.16667563    -0.16667561
  -16.8768769    -0.10744864    -0.10744862
  -16.8368368    -0.05313250    -0.05313249
  -16.7967968    -0.01940683    -0.01940683
  -16.7567568    -0.00517172    -0.00517172
  -16.7167167    -0.00100176    -0.00100176
  -16.6766767    -0.00014088    -0.00014088
  -16.6366366    -0.00001438    -0.00001438
  -16.5965966    -0.00000107    -0.00000107
  -16.5565566    -0.00000006    -0.00000006
  -16.5165165    -0.00000000    -0.00000000
  -16.4764765     0.00000000     0.00000000
  -16.4364364     0.00000000     0.00000000
  -16.3963964     0.00000000     0.00000000
  -16.3563564     0.00000000     0.00000000
  -16.3163163     0.00000000     0.00000000
  -16.2762763     0.00000000     0.00000000
  -16.2362362     0.00000000     0.00000000
  -16.1961962    -0.00000000    -0.00000000
  -16.1561562    -0.00000004    -0.00000004
  -16.1161161    -0.00000077    -0.00000077
  -16.0760761    -0.00001141    -0.00001141
  -16.0360360    -0.00012239    -0.00012239
  -15.9959960    -0.00095284    -0.00095284
  -15.9559560    -0.00538471    -0.00538471
  -15.9159159    -0.02210134    -0.02210134
  -15.8758759    -0.06598099    -0.06598100
  -15.8358358    -0.14383568    -0.14383569
  -15.7957958    -0.23134738    -0.23134739
  -15.7557558    -0.28174252    -0.28174252
  -15.7157157    -0.27473033    -0.27473032
  -15.6756757    -0.23373541    -0.23373539
  -15.6356356    -0.18383704    -0.18383703
  -15.5955956    -0.12890709    -0.12890708
  -15.5555556    -0.07388115    -0.07388114
  -15.5155155    -0.03242029    -0.03242028
  -15.4754755    -0.01055493    -0.01055493
  -15.4354354    -0.00260535    -0.00260535
  -15.3953954    -0.00118663    -0.00118663
  -15.3553554    -0.00436947    -0.00436947
  -15.3153153    -0.01813204    -0.01813204
  -15.2752753    -0.05593451    -0.05593452
  -15.2352352    -0.12715007    -0.12715008
  -15.1951952    -0.21313227    -0.21313229
  -15.1551552    -0.26203311    -0.26203312
  -15.1151151    -0.23143416    -0.23143413
  -15.0750751    -0.13810070    -0.13810065
  -15.0350350    -0.04430292    -0.04430287
  -14.9949950     0.00541194     0.00541197
  -14.9549550     0.01456363     0.01456365
  -14.9149149     0.00842538     0.00842538
  -14.8748749     0.00288414     0.00288414
  -14.8348348     0.00066254     0.00066254
  -14.7947948     0.00010635     0.00010635
  -14.7547548     0.00001208     0.00001208
  -14.7147147    -0.00000031    -0.00000031
  -14.6746747    -0.00001904    -0.00001904
  -14.6346346    -0.00020309    -0.00020309
  -14.5945946    -0.00156733    -0.00156734
  -14.5545546    -0.00877751    -0.00877752
  -14.5145145    -0.03567208    -0.03567211
  -14.4744745    -0.10520417    -0.10520423
  -14.4344344    -0.22515671    -0.22515679
  -14.3943944    -0.34969083    -0.34969088
  -14.3543544    -0.39412229    -0.39412225
  -14.3143143    -0.32234813    -0.32234802
  -14.2742743    -0.19132279    -0.19132268
  -14.2342342    -0.08240540    -0.08240533
  -14.1941942    -0.02575675    -0.02575672
  -14.1541542    -0.00584122    -0.00584122
  -14.1141141    -0.00095032    -0.00095031
  -14.0740741    -0.00001851    -0.00001851
  -14.0340340     0.00059060     0.00059060
  -13.9939940     0.00275122     0.00275122
  -13.9539540     0.00932777     0.00932778
  -13.9139139     0.02350532     0.02350532
  -13.8738739     0.04373286     0.04373286
  -13.8338338     0.05681276     0.05681275
  -13.7937938     0.03763745     0.03763742
  -13.7537538    -0.03400500    -0.03400505
  -13.7137137    -0.14189739    -0.14189744
  -13.6736737    -0.22407829    -0.22407829
  -13.6336336    -0.22153048    -0.22153043
  -13.5935936    -0.13531684    -0.13531676
  -13.5535536    -0.01327808    -0.01327803
  -13.5135135     0.10225975     0.10225977
  -13.4734735     0.19253835     0.19253836
  -13.4334334     0.25595282     0.25595283
  -13.3933934     0.29854852     0.29854853
  -13.3533534     0.31491725     0.31491725
  -13.3133133     0.28829282     0.28829282
  -13.2732733     0.21941153     0.21941154
  -13.2332332     0.13558177     0.13558178
  -13.1931932     0.06694275     0.06694275
  -13.1531532     0.02592091     0.02592091
  -13.1131131     0.00770681     0.00770681
  -13.0730731     0.00172713     0.00172713
  -13.0330330     0.00029871     0.00029871
  -12.9929930     0.00014129     0.00014129
  -12.9529530     0.00070991     0.00070992
  -12.9129129     0.00341508     0.00341509
  -12.8728729     0.01201730     0.01201731
  -12.8328328     0.03108427     0.03108429
  -12.7927928     0.06035045     0.06035048
  -12.7527528     0.09183470     0.09183472
  -12.7127127     0.11775439     0.11775440
  -12.6726727     0.13788633     0.13788632
  -12.6326326     0.15298472     0.15298470
  -12.5925926     0.15754235     0.15754234
  -12.5525526     0.14561015     0.14561014
  -12.5125125     0.12191376     0.12191377
  -12.4724725     0.10277461     0.10277462
  -12.4324324     0.09821563     0.09821563
  -12.3923924     0.09620708     0.09620708
  -12.3523524     0.07727261     0.07727261
  -12.3123123     0.04053748     0.04053747
  -12.2722723     0.00736850     0.00736850
  -12.2322322     0.01063236     0.01063237
  -12.1921922     0.08041080     0.08041081
  -12.1521522     0.21297640     0.21297641
  -12.1121121     0.34999874     0.34999874
  -12.0720721     0.42466243     0.42466243
  -12.0320320     0.43336294     0.43336292
  -11.9919920     0.42117438     0.42117435
  -11.9519520     0.40591232     0.40591232
  -11.9119119     0.36619315     0.36619317
  -11.8718719     0.28830982     0.28830985
  -11.8318318     0.18546345     0.18546348
  -11.7917918     0.08255008     0.08255012
  -11.7517518    -0.00046552    -0.00046548
  -11.7117117    -0.05286465    -0.05286462
  -11.6716717    -0.07036416    -0.07036416
  -11.6316316    -0.05848851    -0.05848854
  -11.5915916    -0.03429893    -0.03429897
  -11.5515516    -0.01443950    -0.01443952
  -11.5115115    -0.00413216    -0.00413217
  -11.4714715    -0.00010959    -0.00010959
  -11.4314314     0.00151116     0.00151116
  -11.3913914     0.00194078     0.00194078
  -11.3513514     0.00059819     0.00059820
  -11.3113113    -0.00221329    -0.00221329
  -11.2712713    -0.00252252    -0.00252252
  -11.2312312     0.00612670     0.00612668
  -11.1911912     0.02561701     0.02561697
  -11.1511512     0.04979980     0.04979976
  -11.1111111     0.07292466     0.07292463
  -11.0710711     0.09786526     0.09786524
  -11.0310310     0.12945772     0.12945771
  -10.9909910     0.16051230     0.16051229
  -10.9509510     0.17310163     0.17310164
  -10.9109109     0.16261211     0.16261213
  -10.8708709     0.15518570     0.15518566
  -10.8308308     0.18970979     0.18970967
  -10.7907908     0.28254010     0.28253994
  -10.7507508     0.40576791     0.40576780
  -10.7107107     0.49078242     0.49078244
  -10.6706707     0.47334887     0.47334905
  -10.6306306     0.35866292     0.35866315
  -10.5905906     0.22183570     0.22183588
  -10.5505506     0.13362814     0.13362822
  -10.5105105     0.11030823     0.11030822
  -10.4704705     0.13034666     0.13034658
  -10.4304304     0.17001330     0.17001320
  -10.3903904     0.21852172     0.21852162
  -10.3503504     0.26821442     0.26821436
  -10.3103103     0.30051490     0.30051493
  -10.2702703     0.29861564     0.29861576
  -10.2302302     0.27238021     0.27238034
  -10.1901902     0.24731897     0.24731905
  -10.1501502     0.23431366     0.23431365
  -10.1101101     0.23283623     0.23283611
  -10.0700701     0.24583948     0.24583931
  -10.0300300     0.26705377     0.26705368
   -9.9899900     0.27363436     0.27363445
   -9.9499500     0.25016308     0.25016328
   -9.9099099     0.20642495     0.20642513
   -9.8698699     0.16668472     0.16668480
   -9.8298298     0.14989212     0.14989209
   -9.7897898     0.15673987     0.15673977
   -9.7497497     0.17156384     0.17156377
   -9.7097097     0.17961044     0.17961043
   -9.6696697     0.17997409     0.17997414
   -9.6296296     0.17728413     0.17728418
   -9.5895896     0.16899631     0.16899637
   -9.5495496     0.15142623     0.15142627
   -9.5095095     0.13095503     0.13095503
   -9.4694695     0.11749324     0.11749322
   -9.4294294     0.11226336     0.11226334
   -9.3893894     0.11175408     0.11175407
   -9.3493494     0.11745790     0.11745786
   -9.3093093     0.13101146     0.13101138
   -9.2692693     0.14453911     0.14453903
   -9.2292292     0.14496147     0.14496143
   -9.1891892     0.12661635     0.12661637
   -9.1491491     0.09704763     0.09704768
   -9.1091091     0.07058135     0.07058137
   -9.0690691     0.05626033     0.05626033
   -9.0290290     0.05358802     0.05358804
   -8.9889890     0.05795888     0.05795892
   -8.9489490     0.06487450     0.06487454
   -8.9089089     0.07084708     0.07084709
   -8.8688689     0.07577934     0.07577931
   -8.8288288     0.08271345     0.08271339
   -8.7887888     0.09136628     0.09136621
   -8.7487488     0.09497648     0.09497643
   -8.7087087     0.08796491     0.08796490
   -8.6686687     0.07431103     0.07431105
   -8.6286286     0.06444415     0.06444417
   -8.5885886     0.06496019     0.06496020
   -8.5485485     0.07409144     0.07409145
   -8.5085085     0.08552945     0.08552948
   -8.4684685     0.09220000     0.09220006
   -8.4284284     0.08801422     0.08801431
   -8.3883884     0.07187563     0.07187574
   -8.3483484     0.05050340     0.05050349
   -8.3083083     0.03407855     0.03407859
   -8.2682683     0.02856023     0.02856022
   -8.2282282     0.03334488     0.03334482
   -8.1881882     0.04443352     0.04443343
   -8.1481482     0.05645397     0.05645390
   -8.1081081     0.06258708     0.06258708
   -8.0680681     0.05746587     0.05746595
   -8.0280280     0.04260097     0.04260108
   -7.9879880     0.02638884     0.02638893
   -7.9479479     0.01670208     0.01670212
   -7.9079079     0.01505406     0.01505407
   -7.8678679     0.01823163     0.01823163
   -7.8278278     0.02326285     0.02326284
   -7.7877878     0.02968769     0.02968768
   -7.7477478     0.03675818     0.03675818
   -7.7077077     0.04000995     0.04000997
   -7.6676677     0.03470194     0.03470199
   -7.6276276     0.02252440     0.02252446
   -7.5875876     0.01095392     0.01095395
   -7.5475475     0.00672725     0.00672724
   -7.5075075     0.01191839     0.01191833
   -7.4674675     0.02360407     0.02360401
   -7.4274274     0.03571020     0.03571018
   -7.3873874     0.04339202     0.04339203
   -7.3473473     0.04711063     0.04711063
   -7.3073073     0.05153805     0.05153802
   -7.2672673     0.05862277     0.05862271
   -7.2272272     0.06321105     0.06321101
   -7.1871872     0.05943467     0.05943467
   -7.1471472     0.04932641     0.04932642
   -7.1071071     0.03993543     0.03993544
   -7.0670671     0.03449135     0.03449135
   -7.0270270     0.03166709     0.03166710
   -6.9869870     0.03106029     0.03106029
   -6.9469470     0.03464251     0.03464247
   -6.9069069     0.04374939     0.04374930
   -6.8668669     0.05683145     0.05683135
   -6.8268268     0.06878144     0.06878140
   -6.7867868     0.07194770     0.07194777
   -6.7467467     0.06194031     0.06194047
   -6.7067067     0.04441204     0.04441219
   -6.6666667     0.03204925     0.03204930
   -6.6266266     0.03354916     0.03354910
   -6.5865866     0.04725135     0.04725126
   -6.5465466     0.06319924     0.06319922
   -6.5065065     0.06983692     0.06983700
   -6.4664665     0.06270982     0.06270994
   -6.4264264     0.04963439     0.04963448
   -6.3863864     0.04462902     0.04462899
   -6.3463464     0.05409635     0.05409622
   -6.3063063     0.07093293     0.07093276
   -6.2662663     0.08358993     0.08358979
   -6.2262262     0.08754765     0.08754757
   -6.1861862     0.08717390     0.08717382
   -6.1461461     0.09145607     0.09145594
   -6.1061061     0.10725558     0.10725539
   -6.0660661     0.13180667     0.13180648
   -6.0260260     0.15377982     0.15377975
   -5.9859860     0.16376281     0.16376290
   -5.9459459     0.16156279     0.16156301
   -5.9059059     0.15286384     0.15286405
   -5.8658659     0.14092707     0.14092718
   -5.8258258     0.12446940     0.12446942
   -5.7857858     0.10216475     0.10216476
   -5.7457458     0.07544124     0.07544130
   -5.7057057     0.04846064     0.04846075
   -5.6656657     0.02643994     0.02644004
   -5.6256256     0.01222816     0.01222822
   -5.5855856     0.00526896     0.00526899
   -5.5455455     0.00452953     0.00452952
   -5.5055055     0.01203739     0.01203733
   -5.4654655     0.03311183     0.03311171
   -5.4254254     0.06944835     0.06944817
   -5.3853854     0.10888163     0.10888146
   -5.3453453     0.12854669     0.12854665
   -5.3053053     0.11684115     0.11684124
   -5.2652653     0.08813835     0.08813846
   -5.2252252     0.06994867     0.06994872
   -5.1851852     0.08349141     0.08349131
   -5.1451452     0.14020620     0.14020596
   -5.1051051     0.23785243     0.23785208
   -5.0650651     0.34310923     0.34310893
   -5.0250250     0.39485684     0.39485680
   -4.9849850     0.35381970     0.35381995
   -4.9449449     0.24635343     0.24635381
   -4.9049049     0.13798997     0.13799025
   -4.8648649     0.07061602     0.07061615
   -4.8248248     0.04174764     0.04174769
   -4.7847848     0.03031103     0.03031106
   -4.7447447     0.02312535     0.02312537
   -4.7047047     0.02087761     0.02087760
   -4.6646647     0.03003176     0.03003170
   -4.6246246     0.05241790     0.05241779
   -4.5845846     0.08097268     0.08097256
   -4.5445445     0.10352438     0.10352431
   -4.5045045     0.10905874     0.10905877
   -4.4644645     0.09308857     0.09308868
   -4.4244244     0.06251657     0.06251672
   -4.3843844     0.03239735     0.03239746
   -4.3443443     0.01349360     0.01349366
   -4.3043043     0.00651251     0.00651253
   -4.2642643     0.00927043     0.00927041
   -4.2242242     0.02513620     0.02513612
   -4.1841842     0.06093885     0.06093870
   -4.1441441     0.11257924     0.11257907
   -4.1041041     0.15520728     0.15520719
   -4.0640641     0.16071802     0.16071807
   -4.0240240     0.12740376     0.12740391
   -3.9839840     0.08023978     0.08023993
   -3.9439439     0.04321435     0.04321445
   -3.9039039     0.02231295     0.02231300
   -3.8638639     0.01185877     0.01185879
   -3.8238238     0.00644687     0.00644688
   -3.7837838     0.00550110     0.00550108
   -3.7437437     0.01309343     0.01309338
   -3.7037037     0.03633721     0.03633710
   -3.6636637     0.07710985     0.07710970
   -3.6236236     0.11929710     0.11929699
   -3.5835836     0.13416255     0.13416257
   -3.5435435     0.11021971     0.11021985
   -3.5035035     0.06784617     0.06784632
   -3.4634635     0.03485849     0.03485858
   -3.4234234     0.01993404     0.01993408
   -3.3833834     0.01552527     0.01552528
   -3.3433433     0.01440897     0.01440896
   -3.3033033     0.01620679     0.01620677
   -3.2632633     0.02185202     0.02185200
   -3.2232232     0.02794381     0.02794379
   -3.1831832     0.03028607     0.03028606
   -3.1431431     0.03129789     0.03129787
   -3.1031031     0.03773691     0.03773687
   -3.0630631     0.04942907     0.04942904
   -3.0230230     0.05715635     0.05715635
   -2.9829830     0.05649344     0.05649348
   -2.9429429     0.05687499     0.05687503
   -2.9029029     0.06915340     0.06915342
   -2.8628629     0.08920525     0.08920525
   -2.8228228     0.10208784     0.10208782
   -2.7827828     0.09973606     0.09973603
   -2.7427427     0.08849748     0.08849744
   -2.7027027     0.08138209     0.08138201
   -2.6626627     0.08494323     0.08494314
   -2.6226226     0.09069475     0.09069471
   -2.5825826     0.08306662     0.08306667
   -2.5425425     0.05892034     0.05892046
   -2.5025025     0.03110687     0.03110697
   -2.4624625     0.01210622     0.01210627
   -2.4224224     0.00375638     0.00375640
   -2.3823824     0.00231129     0.00231129
   -2.3423423     0.00582096     0.00582095
   -2.3023023     0.01581167     0.01581164
   -2.2622623     0.03480672     0.03480669
   -2.2222222     0.06237647     0.06237644
   -2.1821822     0.09139935     0.09139934
   -2.1421421     0.10836423     0.10836424
   -2.1021021     0.10366072     0.10366074
   -2.0620621     0.08466956     0.08466957
   -2.0220220     0.07074686     0.07074684
   -1.9819820     0.07307239     0.07307237
   -1.9419419     0.08723644     0.08723644
   -1.9019019     0.10165558     0.10165559
   -1.8618619     0.10432782     0.10432784
   -1.8218218     0.09015827     0.09015830
   -1.7817818     0.07077688     0.07077689
   -1.7417417     0.06951200     0.06951198
   -1.7017017     0.10091492     0.10091487
   -1.6616617     0.15384813     0.15384806
   -1.6216216     0.19294800     0.19294795
   -1.5815816     0.18724208     0.18724208
   -1.5415415     0.14554626     0.14554629
   -1.5015015     0.11366369     0.11366371
   -1.4614615     0.13071611     0.13071607
   -1.4214214     0.18988194     0.18988187
   -1.3813814     0.24264046     0.24264042
   -1.3413413     0.25008601     0.25008602
   -1.3013013     0.22570260     0.22570264
   -1.2612613     0.20683446     0.20683448
   -1.2212212     0.19893682     0.19893683
   -1.1811812     0.18371024     0.18371026
   -1.1411411     0.16605226     0.16605226
   -1.1011011     0.17052452     0.17052449
   -1.0610611     0.19682071     0.19682068
   -1.0210210     0.21122934     0.21122933
   -0.9809810     0.18827875     0.18827877
   -0.9409409     0.14487336     0.14487337
   -0.9009009     0.12298385     0.12298381
   -0.8608609     0.14524840     0.14524833
   -0.8208208     0.19509670     0.19509664
   -0.7807808     0.23558711     0.23558711
   -0.7407407     0.24022282     0.24022287
   -0.7007007     0.20694648     0.20694655
   -0.6606607     0.15376870     0.15376875
   -0.6206206     0.10556028     0.10556030
   -0.5805806     0.07795961     0.07795959
   -0.5405405     0.07049889     0.07049884
   -0.5005005     0.07414685     0.07414681
   -0.4604605     0.08343900     0.08343900
   -0.4204204     0.10081627     0.10081630
   -0.3803804     0.12710891     0.12710894
   -0.3403403     0.15232296     0.15232298
   -0.3003003     0.16713368     0.16713369
   -0.2602603     0.17766700     0.17766700
   -0.2202202     0.19141633     0.19141631
   -0.1801802     0.19602117     0.19602115
   -0.1401401     0.17222714     0.17222714
   -0.1001001     0.12177383     0.12177385
   -0.0600601     0.06725346     0.06725349
   -0.0200200     0.02898797     0.02898799
    0.0200200     0.01176967     0.01176968
    0.0600601     0.01078026     0.01078026
    0.1001001     0.02021993     0.02021993
    0.1401401     0.03318959     0.03318959
    0.1801802     0.04036049     0.04036049
    0.2202202     0.03666164     0.03666164
    0.2602603     0.02813080     0.02813080
    0.3003003     0.02714742     0.02714741
    0.3403403     0.04158703     0.04158700
    0.3803804     0.07089769     0.07089764
    0.4204204     0.11117461     0.11117451
    0.4604605     0.15880680     0.15880666
    0.5005005     0.20528750     0.20528736
    0.5405405     0.23520825     0.23520820
    0.5805806     0.23645089     0.23645095
    0.6206206     0.20795849     0.20795861
    0.6606607     0.15980311     0.15980323
    0.7007007     0.11516115     0.11516120
    0.7407407     0.10366412     0.10366407
    0.7807808     0.13496311     0.13496300
    0.8208208     0.17856516     0.17856509
    0.8608609     0.18664831     0.18664835
    0.9009009     0.14417646     0.14417659
    0.9409409     0.08122318     0.08122330
    0.9809810     0.03329346     0.03329353
    1.0210210     0.00994913     0.00994915
    1.0610611     0.00240056     0.00240057
    1.1011011     0.00216198     0.00216198
    1.1411411     0.00983906     0.00983906
    1.1811812     0.03895259     0.03895258
    1.2212212     0.11550792     0.11550788
    1.2612613     0.25878459     0.25878452
    1.3013013     0.44432632     0.44432621
    1.3413413     0.59294364     0.59294355
    1.3813814     0.62253366     0.62253363
    1.4214214     0.52115288     0.52115292
    1.4614615     0.35797576     0.35797583
    1.5015015     0.21861319     0.21861322
    1.5415415     0.14313155     0.14313151
    1.5815816     0.12091406     0.12091400
    1.6216216     0.11663202     0.11663200
    1.6616617     0.09982040     0.09982047
    1.7017017     0.06685200     0.06685211
    1.7417417     0.03591489     0.03591496
    1.7817818     0.02458131     0.02458131
    1.8218218     0.03985963     0.03985957
    1.8618619     0.07877519     0.07877509
    1.9019019     0.12633240     0.12633233
    1.9419419     0.16358540     0.16358539
    1.9819820     0.18825198     0.18825201
    2.0220220     0.21286484     0.21286487
    2.0620621     0.23491725     0.23491727
    2.1021021     0.23380847     0.23380851
    2.1421421     0.20652492     0.20652498
    2.1821822     0.17420142     0.17420147
    2.2222222     0.14628748     0.14628751
    2.2622623     0.11291113     0.11291115
    2.3023023     0.07394360     0.07394360
    2.3423423     0.04489400     0.04489400
    2.3823824     0.03497521     0.03497520
    2.4224224     0.03727254     0.03727253
    2.4624625     0.03876362     0.03876363
    2.5025025     0.03338874     0.03338876
    2.5425425     0.02646447     0.02646449
    2.5825826     0.02784119     0.02784120
    2.6226226     0.04132026     0.04132027
    2.6626627     0.06194631     0.06194631
    2.7027027     0.08401957     0.08401957
    2.7427427     0.10689914     0.10689914
    2.7827828     0.12965100     0.12965100
    2.8228228     0.15483384     0.15483380
    2.8628629     0.20682775     0.20682768
    2.9029029     0.31474324     0.31474314
    2.9429429     0.44975457     0.44975448
    2.9829830     0.51710976     0.51710973
    3.0230230     0.45481259     0.45481264
    3.0630631     0.30899538     0.30899547
    3.1031031     0.17934489     0.17934496
    3.1431431     0.12881995     0.12881998
    3.1831832     0.15880623     0.15880622
    3.2232232     0.22418301     0.22418298
    3.2632633     0.26383801     0.26383798
    3.3033033     0.25223647     0.25223644
    3.3433433     0.22194510     0.22194504
    3.3833834     0.21328554     0.21328547
    3.4234234     0.21769705     0.21769703
    3.4634635     0.19776806     0.19776811
    3.5035035     0.14522736     0.14522745
    3.5435435     0.08914433     0.08914441
    3.5835836     0.06153263     0.06153267
    3.6236236     0.07960040     0.07960041
    3.6636637     0.14352078     0.14352076
    3.7037037     0.22514641     0.22514637
    3.7437437     0.27393988     0.27393984
    3.7837838     0.26041764     0.26041763
    3.8238238     0.20405548     0.20405549
    3.8638639     0.14377921     0.14377924
    3.9039039     0.09976079     0.09976082
    3.9439439     0.07816257     0.07816258
    3.9839840     0.09296895     0.09296893
    4.0240240     0.15776814     0.15776808
    4.0640641     0.25242503     0.25242495
    4.1041041     0.31852071     0.31852066
    4.1441441     0.31187039     0.31187039
    4.1841842     0.25237263     0.25237267
    4.2242242     0.20151071     0.20151076
    4.2642643     0.19609648     0.19609649
    4.3043043     0.21782787     0.21782785
    4.3443443     0.22929304     0.22929300
    4.3843844     0.22435453     0.22435446
    4.4244244     0.21946898     0.21946893
    4.4644645     0.20991085     0.20991087
    4.5045045     0.17541797     0.17541806
    4.5445445     0.12253041     0.12253051
    4.5845846     0.08575391     0.08575395
    4.6246246     0.08938306     0.08938303
    4.6646647     0.12773636     0.12773629
    4.7047047     0.17841424     0.17841417
    4.7447447     0.21994235     0.21994232
    4.7847848     0.23370142     0.23370144
    4.8248248     0.20619927     0.20619933
    4.8648649     0.14518829     0.14518837
    4.9049049     0.08085848     0.08085854
    4.9449449     0.04006875     0.04006877
    4.9849850     0.02974636     0.02974635
    5.0250250     0.04359623     0.04359620
    5.0650651     0.07002837     0.07002832
    5.1051051     0.09593569     0.09593564
    5.1451452     0.11329886     0.11329882
    5.1851852     0.11915245     0.11915244
    5.2252252     0.10955445     0.10955448
    5.2652653     0.08536608     0.08536615
    5.3053053     0.06034683     0.06034689
    5.3453453     0.05084211     0.05084215
    5.3853854     0.06000768     0.06000770
    5.4254254     0.07706316     0.07706317
    5.4654655     0.08749807     0.08749808
    5.5055055     0.08194638     0.08194638
    5.5455455     0.06112065     0.06112065
    5.5855856     0.03546468     0.03546468
    5.6256256     0.01689941     0.01689940
    5.6656657     0.01098073     0.01098072
    5.7057057     0.01778003     0.01778002
    5.7457458     0.03522167     0.03522164
    5.7857858     0.05856459     0.05856456
    5.8258258     0.08007297     0.08007295
    5.8658659     0.09178288     0.09178287
    5.9059059     0.08899492     0.08899493
    5.9459459     0.07376763     0.07376766
    5.9859860     0.05630059     0.05630062
    6.0260260     0.05216311     0.05216313
    6.0660661     0.07747684     0.07747684
    6.1061061     0.13732237     0.13732236
    6.1461461     0.21135761     0.21135760
    6.1861862     0.26687615     0.26687615
    6.2262262     0.29357457     0.29357456
    6.2662663     0.29927493     0.29927493
    6.3063063     0.27594693     0.27594693
    6.3463464     0.21288139     0.21288140
    6.3863864     0.13224576     0.13224576
    6.4264264     0.07078997     0.07078997
    6.4664665     0.04026568     0.04026568
    6.5065065     0.02961705     0.02961706
    6.5465466     0.02978497     0.02978497
    6.5865866     0.03899556     0.03899555
    6.6266266     0.05148263     0.05148262
    6.6666667     0.05569421     0.05569421
    6.7067067     0.04660333     0.04660334
    6.7467467     0.03145960     0.03145961
    6.7867868     0.01967783     0.01967784
    6.8268268     0.01361334     0.01361334
    6.8668669     0.01181710     0.01181710
    6.9069069     0.01557810     0.01557809
    6.9469470     0.02827537     0.02827535
    6.9869870     0.04871644     0.04871641
    7.0270270     0.06883472     0.06883470
    7.0670671     0.08518044     0.08518042
    7.1071071     0.11178413     0.11178409
    7.1471472     0.16455762     0.16455757
    7.1871872     0.22511907     0.22511903
    7.2272272     0.24388866     0.24388868
    7.2672673     0.19696977     0.19696984
    7.3073073     0.11663774     0.11663781
    7.3473473     0.05072535     0.05072539
    7.3873874     0.01721538     0.01721540
    7.4274274     0.00702198     0.00702198
    7.4674675     0.00664325     0.00664325
    7.5075075     0.00797670     0.00797670
    7.5475475     0.00834638     0.00834638
    7.5875876     0.01094786     0.01094786
    7.6276276     0.02692423     0.02692423
    7.6676677     0.07391372     0.07391371
    7.7077077     0.16036039     0.16036037
    7.7477478     0.25991949     0.25991947
    7.7877878     0.31731863     0.31731862
    7.8278278     0.30265146     0.30265145
    7.8678679     0.24350393     0.24350392
    7.9079079     0.18523680     0.18523680
    7.9479479     0.14547468     0.14547469
    7.9879880     0.12008080     0.12008082
    8.0280280     0.10380861     0.10380862
    8.0680681     0.09242417     0.09242417
    8.1081081     0.08435102     0.08435100
    8.1481482     0.08572242     0.08572238
    8.1881882     0.10133716     0.10133714
    8.2282282     0.12326070     0.12326071
    8.2682683     0.13691369     0.13691372
    8.3083083     0.13418117     0.13418121
    8.3483484     0.11916876     0.11916878
    8.3883884     0.10381153     0.10381154
    8.4284284     0.09567959     0.09567959
    8.4684685     0.09384380     0.09384380
    8.5085085     0.09726106     0.09726106
    8.5485485     0.10533276     0.10533275
    8.5885886     0.11074469     0.11074469
    8.6286286     0.10595116     0.10595116
    8.6686687     0.09558081     0.09558081
    8.7087087     0.09108838     0.09108838
    8.7487488     0.09752211     0.09752211
    8.7887888     0.11280072     0.11280072
    8.8288288     0.13071875     0.13071875
    8.8688689     0.13962421     0.13962420
    8.9089089     0.12788000     0.12788000
    8.9489490     0.09549760     0.09549761
    8.9889890     0.05624658     0.05624659
    9.0290290     0.02598666     0.02598667
    9.0690691     0.01171040     0.01171040
    9.1091091     0.01316412     0.01316411
    9.1491491     0.02910662     0.02910661
    9.1891892     0.05518008     0.05518006
    9.2292292     0.07793047     0.07793047
    9.2692693     0.08161415     0.08161415
    9.3093093     0.06553411     0.06553412
    9.3493494     0.04655743     0.04655744
    9.3893894     0.04005135     0.04005136
    9.4294294     0.04430471     0.04430471
    9.4694695     0.04709882     0.04709881
    9.5095095     0.04440331     0.04440329
    9.5495496     0.04788377     0.04788373
    9.5895896     0.07184366     0.07184361
    9.6296296     0.11353612     0.11353609
    9.6696697     0.14922025     0.14922026
    9.7097097     0.15637682     0.15637686
    9.7497497     0.13918493     0.13918498
    9.7897898     0.11974670     0.11974672
    9.8298298     0.10775091     0.10775092
    9.8698699     0.09650684     0.09650685
    9.9099099     0.08257994     0.08257993
    9.9499500     0.07116693     0.07116692
    9.9899900     0.06556126     0.06556125
   10.0300300     0.06240375     0.06240375
   10.0700701     0.05986895     0.05986895
   10.1101101     0.06711206     0.06711206
   10.1501502     0.09529141     0.09529140
   10.1901902     0.13413094     0.13413093
   10.2302302     0.15122492     0.15122493
   10.2702703     0.12763657     0.12763659
   10.3103103     0.08237375     0.08237377
   10.3503504     0.04995926     0.04995927
   10.3903904     0.04597466     0.04597466
   10.4304304     0.06058252     0.06058252
   10.4704705     0.07487311     0.07487310
   10.5105105     0.07877753     0.07877753
   10.5505506     0.07393995     0.07393995
   10.5905906     0.06324487     0.06324487
   10.6306306     0.04703835     0.04703835
   10.6706707     0.02864893     0.02864893
   10.7107107     0.01417437     0.01417437
   10.7507508     0.00741324     0.00741324
   10.7907908     0.00995882     0.00995881
   10.8308308     0.02419090     0.02419089
   10.8708709     0.05156508     0.05156506
   10.9109109     0.08761925     0.08761922
   10.9509510     0.12192810     0.12192806
   10.9909910     0.14305291     0.14305289
   11.0310310     0.14230698     0.14230698
   11.0710711     0.11831572     0.11831575
   11.1111111     0.08131059     0.08131063
   11.1511512     0.04815771     0.04815775
   11.1911912     0.03131584     0.03131586
   11.2312312     0.03216753     0.03216754
   11.2712713     0.04103698     0.04103698
   11.3113113     0.04441905     0.04441905
   11.3513514     0.03733329     0.03733329
   11.3913914     0.02862686     0.02862684
   11.4314314     0.03259040     0.03259037
   11.4714715     0.05615684     0.05615681
   11.5115115     0.09138690     0.09138688
   11.5515516     0.11908218     0.11908219
   11.5915916     0.12432842     0.12432844
   11.6316316     0.10699074     0.10699076
   11.6716717     0.07361402     0.07361404
   11.7117117     0.02972363     0.02972364
   11.7517518    -0.01200621    -0.01200621
   11.7917918    -0.02972983    -0.02972984
   11.8318318    -0.01003721    -0.01003723
   11.8718719     0.03879150     0.03879147
   11.9119119     0.09377083     0.09377081
   11.9519520     0.13148327     0.13148327
   11.9919920     0.13768610     0.13768613
   12.0320320     0.11290008     0.11290011
   12.0720721     0.07289394     0.07289396
   12.1121121     0.03802715     0.03802717
   12.1521522     0.01814205     0.01814206
   12.1921922     0.00985035     0.00985036
   12.2322322     0.00608716     0.00608716
   12.2722723     0.00342177     0.00342177
   12.3123123     0.00178891     0.00178891
   12.3523524     0.00239444     0.00239444
   12.3923924     0.00828641     0.00828640
   12.4324324     0.02552422     0.02552420
   12.4724725     0.05886828     0.05886825
   12.5125125     0.10104957     0.10104954
   12.5525526     0.12968797     0.12968797
   12.5925926     0.12502559     0.12502561
   12.6326326     0.09083714     0.09083718
   12.6726727     0.04981816     0.04981818
   12.7127127     0.02077812     0.02077813
   12.7527528     0.00745139     0.00745140
   12.7927928     0.00526717     0.00526718
   12.8328328     0.00991886     0.00991886
   12.8728729     0.01799663     0.01799663
   12.9129129     0.02451540     0.02451540
   12.9529530     0.02488783     0.02488783
   12.9929930     0.01930352     0.01930352
   13.0330330     0.01198798     0.01198797
   13.0730731     0.00662381     0.00662381
   13.1131131     0.00500769     0.00500769
   13.1531532     0.00912299     0.00912298
   13.1931932     0.02156844     0.02156842
   13.2332332     0.04233243     0.04233242
   13.2732733     0.06682084     0.06682082
   13.3133133     0.08980246     0.08980243
   13.3533534     0.10703916     0.10703914
   13.3933934     0.11018570     0.11018571
   13.4334334     0.09166472     0.09166476
   13.4734735     0.05845604     0.05845608
   13.5135135     0.02803919     0.02803922
   13.5535536     0.01060016     0.01060017
   13.5935936     0.00449722     0.00449723
   13.6336336     0.00483096     0.00483097
   13.6736737     0.00963771     0.00963771
   13.7137137     0.02041709     0.02041710
   13.7537538     0.04008519     0.04008520
   13.7937938     0.07014079     0.07014080
   13.8338338     0.10892289     0.10892289
   13.8738739     0.14835319     0.14835318
   13.9139139     0.17060114     0.17060113
   13.9539540     0.16049499     0.16049499
   13.9939940     0.12609909     0.12609909
   14.0340340     0.09167185     0.09167185
   14.0740741     0.07115025     0.07115025
   14.1141141     0.06452575     0.06452575
   14.1541542     0.07510356     0.07510356
   14.1941942     0.11254452     0.11254452
   14.2342342     0.17257634     0.17257634
   14.2742743     0.22351634     0.22351634
   14.3143143     0.22856660     0.22856660
   14.3543544     0.18195980     0.18195980
   14.3943944     0.11257206     0.11257207
   14.4344344     0.05423900     0.05423901
   14.4744745     0.02169473     0.02169473
   14.5145145     0.01231687     0.01231686
   14.5545546     0.01982228     0.01982227
   14.5945946     0.04096376     0.04096376
   14.6346346     0.07198462     0.07198462
   14.6746747     0.10273602     0.10273602
   14.7147147     0.11802617     0.11802617
   14.7547548     0.11024994     0.11024994
   14.7947948     0.09116897     0.09116898
   14.8348348     0.08285231     0.08285232
   14.8748749     0.09243284     0.09243285
   14.9149149     0.10256501     0.10256502
   14.9549550     0.09289999     0.09289999
   14.9949950     0.06516862     0.06516862
   15.0350350     0.03941154     0.03941153
   15.0750751     0.03086497     0.03086497
   15.1151151     0.03732320     0.03732319
   15.1551552     0.04469363     0.04469363
   15.1951952     0.04132576     0.04132576
   15.2352352     0.02805672     0.02805673
   15.2752753     0.01407813     0.01407813
   15.3153153     0.00589654     0.00589654
   15.3553554     0.00359510     0.00359510
   15.3953954     0.00425653     0.00425653
   15.4354354     0.00507670     0.00507670
   15.4754755     0.00455843     0.00455843
   15.5155155     0.00281082     0.00281082
   15.5555556     0.00077180     0.00077180
   15.5955956    -0.00068463    -0.00068462
   15.6356356    -0.00050509    -0.00050509
   15.6756757     0.00266277     0.00266277
   15.7157157     0.00922923     0.00922923
   15.7557558     0.01789138     0.01789137
   15.7957958     0.02642784     0.02642783
   15.8358358     0.03229954     0.03229954
   15.8758759     0.03355836     0.03355836
   15.9159159     0.03181925     0.03181925
   15.9559560     0.03360339     0.03360339
   15.9959960     0.04519217     0.04519216
   16.0360360     0.06517339     0.06517338
   16.0760761     0.08364409     0.08364408
   16.1161161     0.08897071     0.08897070
   16.1561562     0.07627091     0.07627091
   16.1961962     0.05203551     0.05203552
   16.2362362     0.03013026     0.03013026
   16.2762763     0.02201354     0.02201354
   16.3163163     0.03073012     0.03073012
   16.3563564     0.05083341     0.05083340
   16.3963964     0.07221107     0.07221107
   16.4364364     0.08858441     0.08858442
   16.4764765     0.10342082     0.10342084
   16.5165165     0.12340560     0.12340561
   16.5565566     0.14803538     0.14803539
   16.5965966     0.16822260     0.16822260
   16.6366366     0.17063302     0.17063302
   16.6766767     0.14828554     0.14828553
   16.7167167     0.11677536     0.11677537
   16.7567568     0.11027508     0.11027509
   16.7967968     0.14659358     0.14659362
   16.8368368     0.19839317     0.19839320
   16.8768769     0.21351144     0.21351144
   16.9169169     0.17089435     0.17089432
   16.9569570     0.10192276     0.10192273
   16.9969970     0.05107286     0.05107283
   17.0370370     0.03596906     0.03596904
   17.0770771     0.04837740     0.04837740
   17.1171171     0.07196017     0.07196017
   17.1571572     0.09121260     0.09121261
   17.1971972     0.09473429     0.09473429
   17.2372372     0.08209222     0.08209221
   17.2772773     0.06812932     0.06812930
   17.3173173     0.07182633     0.07182630
   17.3573574     0.09875947     0.09875945
   17.3973974     0.13793332     0.13793331
   17.4374374     0.17018558     0.17018559
   17.4774775     0.17531129     0.17531131
   17.5175175     0.14411469     0.14411471
   17.5575576     0.09121378     0.09121380
   17.5975976     0.04436750     0.04436751
   17.6376376     0.01997512     0.01997512
   17.6776777     0.01697605     0.01697604
   17.7177177     0.02718515     0.02718514
   17.7577578     0.04291614     0.04291614
   17.7977978     0.05921755     0.05921755
   17.8378378     0.07291607     0.07291607
   17.8778779     0.07999349     0.07999349
   17.9179179     0.07921452     0.07921452
   17.9579580     0.07894462     0.07894461
   17.9979980     0.09077918     0.09077918
   18.0380380     0.11256634     0.11256634
   18.0780781     0.12462723     0.12462724
   18.1181181     0.10969269     0.10969270
   18.1581582     0.07378770     0.07378770
   18.1981982     0.03952136     0.03952136
   18.2382382     0.02257950     0.02257949
   18.2782783     0.02212932     0.02212931
   18.3183183     0.02815021     0.02815020
   18.3583584     0.03132223     0.03132223
   18.3983984     0.02866644     0.02866645
   18.4384384     0.02365743     0.02365744
   18.4784785     0.02223353     0.02223354
   18.5185185     0.02752732     0.02752733
   18.5585586     0.03561499     0.03561500
   18.5985986     0.03749893     0.03749893
   18.6386386     0.02880720     0.02880720
   18.6786787     0.01542636     0.01542636
   18.7187187     0.00608307     0.00608306
   18.7587588     0.00287746     0.00287746
   18.7987988     0.00234808     0.00234808
   18.8388388     0.00178767     0.00178768
   18.8788789     0.00128997     0.00128997
   18.9189189     0.00269753     0.00269753
   18.9589590     0.01037449     0.01037448
   18.9989990     0.03224726     0.03224724
   19.0390390     0.07321226     0.07321223
   19.0790791     0.12067005     0.12067003
   19.1191191     0.14438856     0.14438855
   19.1591592     0.12572966     0.12572967
   19.1991992     0.08125027     0.08125029
   19.2392392     0.04523838     0.04523838
   19.2792793     0.03985843     0.03985841
   19.3193193     0.06848476     0.06848472
   19.3593594     0.11819967     0.11819962
   19.3993994     0.15883955     0.15883952
   19.4394394     0.15936102     0.15936104
   19.4794795     0.11880546     0.11880551
   19.5195195     0.06780048     0.06780053
   19.5595596     0.03469286     0.03469289
   19.5995996     0.02432296     0.02432296
   19.6396396     0.02807504     0.02807503
   19.6796797     0.03826589     0.03826588
   19.7197197     0.05059325     0.05059325
   19.7597598     0.06283458     0.06283459
   19.7997998     0.07376038     0.07376040
   19.8398398     0.07960998     0.07961000
   19.8798799     0.07478318     0.07478319
   19.9199199     0.05853386     0.05853387
   19.9599600     0.03718744     0.03718744
   20.0000000     0.01906451     0.01906450
