    24
     1   -0.425878    0.000000   -0.000000       0.027778
     2   -0.212939    0.000000   -0.000000       0.027778
     3    0.000000    0.000000    0.000000       0.027778
     4    0.212939   -0.000000    0.000000       0.027778
     5    0.425878   -0.000000    0.000000       0.027778
     6    0.638816   -0.000000    0.000000       0.027778
     7   -0.425878    0.212939   -0.000000       0.055556
     8   -0.212939    0.212939   -0.000000       0.055556
     9   -0.000000    0.212939    0.000000       0.055556
    10    0.212939    0.212939    0.000000       0.055556
    11    0.425878    0.212939    0.000000       0.055556
    12    0.638816    0.212939    0.000000       0.055556
    13   -0.425878    0.425878   -0.000000       0.055556
    14   -0.212939    0.425878    0.000000       0.055556
    15   -0.000000    0.425878    0.000000       0.055556
    16    0.212939    0.425878    0.000000       0.055556
    17    0.425878    0.425878    0.000000       0.055556
    18    0.638816    0.425878    0.000000       0.055556
    19   -0.425878    0.638817   -0.000000       0.027778
    20   -0.212939    0.638817    0.000000       0.027778
    21   -0.000000    0.638817    0.000000       0.027778
    22    0.212939    0.638817    0.000000       0.027778
    23    0.425878    0.638817    0.000000       0.027778
    24    0.638816    0.638817    0.000000       0.027778
