#
#   partial DOS for atom species: Mn
#
#   Add data for atom_index =   8,  n,l,m,z=  3  2 -2  1
#   Add data for atom_index =   8,  n,l,m,z=  3  2 -1  1
#   Add data for atom_index =   8,  n,l,m,z=  3  2  0  1
#   Add data for atom_index =   8,  n,l,m,z=  3  2  1  1
#   Add data for atom_index =   8,  n,l,m,z=  3  2  2  1
#   Add data for atom_index =   8,  n,l,m,z=  3  2 -2  2
#   Add data for atom_index =   8,  n,l,m,z=  3  2 -1  2
#   Add data for atom_index =   8,  n,l,m,z=  3  2  0  2
#   Add data for atom_index =   8,  n,l,m,z=  3  2  1  2
#   Add data for atom_index =   8,  n,l,m,z=  3  2  2  2
#   Add data for atom_index =   8,  n,l,m,z=  3  2 -2  3
#   Add data for atom_index =   8,  n,l,m,z=  3  2 -1  3
#   Add data for atom_index =   8,  n,l,m,z=  3  2  0  3
#   Add data for atom_index =   8,  n,l,m,z=  3  2  1  3
#   Add data for atom_index =   8,  n,l,m,z=  3  2  2  3
#
#    Energy          spin 1        spin2
#
  -20.0000000     0.00000000     0.00000000
  -19.9599600     0.00000000     0.00000000
  -19.9199199     0.00000000     0.00000000
  -19.8798799     0.00000000     0.00000000
  -19.8398398     0.00000000     0.00000000
  -19.7997998     0.00000000     0.00000000
  -19.7597598     0.00000000     0.00000000
  -19.7197197     0.00000000     0.00000000
  -19.6796797     0.00000000     0.00000000
  -19.6396396     0.00000000     0.00000000
  -19.5995996     0.00000000     0.00000000
  -19.5595596     0.00000000     0.00000000
  -19.5195195     0.00000000     0.00000000
  -19.4794795     0.00000000     0.00000000
  -19.4394394     0.00000000     0.00000000
  -19.3993994     0.00000000     0.00000000
  -19.3593594     0.00000000     0.00000000
  -19.3193193     0.00000000     0.00000000
  -19.2792793     0.00000000     0.00000000
  -19.2392392     0.00000000     0.00000000
  -19.1991992     0.00000000     0.00000000
  -19.1591592     0.00000000     0.00000000
  -19.1191191     0.00000000     0.00000000
  -19.0790791     0.00000000     0.00000000
  -19.0390390     0.00000000     0.00000000
  -18.9989990     0.00000000     0.00000000
  -18.9589590     0.00000000     0.00000000
  -18.9189189     0.00000000     0.00000000
  -18.8788789     0.00000000     0.00000000
  -18.8388388     0.00000001     0.00000000
  -18.7987988     0.00000007     0.00000002
  -18.7587588     0.00000063     0.00000023
  -18.7187187     0.00000416     0.00000170
  -18.6786787     0.00001976     0.00000920
  -18.6386386     0.00006821     0.00003614
  -18.5985986     0.00017108     0.00010300
  -18.5585586     0.00031211     0.00021287
  -18.5185185     0.00041493     0.00031887
  -18.4784785     0.00040341     0.00034585
  -18.4384384     0.00028860     0.00027114
  -18.3983984     0.00015353     0.00015317
  -18.3583584     0.00006172     0.00006199
  -18.3183183     0.00001916     0.00001777
  -18.2782783     0.00000469     0.00000353
  -18.2382382     0.00000092     0.00000046
  -18.1981982     0.00000014     0.00000003
  -18.1581582     0.00000002     0.00000000
  -18.1181181     0.00000007     0.00000002
  -18.0780781     0.00000077     0.00000025
  -18.0380380     0.00000580     0.00000219
  -17.9979980     0.00003207     0.00001381
  -17.9579580     0.00012968     0.00006350
  -17.9179179     0.00038673     0.00021432
  -17.8778779     0.00086266     0.00053623
  -17.8378378     0.00147451     0.00101268
  -17.7977978     0.00200006     0.00148668
  -17.7577578     0.00223735     0.00176622
  -17.7177177     0.00211676     0.00176598
  -17.6776777     0.00169585     0.00151392
  -17.6376376     0.00113382     0.00110174
  -17.5975976     0.00062205     0.00066296
  -17.5575576     0.00027574     0.00032094
  -17.5175175     0.00009740     0.00012318
  -17.4774775     0.00002810     0.00004079
  -17.4374374     0.00000925     0.00002108
  -17.3973974     0.00000703     0.00002518
  -17.3573574     0.00000754     0.00003138
  -17.3173173     0.00000709     0.00002977
  -17.2772773     0.00000981     0.00002200
  -17.2372372     0.00003871     0.00002201
  -17.1971972     0.00017440     0.00006692
  -17.1571572     0.00060885     0.00025271
  -17.1171171     0.00159967     0.00075668
  -17.0770771     0.00319602     0.00173925
  -17.0370370     0.00493243     0.00309867
  -16.9969970     0.00597330     0.00432230
  -16.9569570     0.00573903     0.00475604
  -16.9169169     0.00438586     0.00415821
  -16.8768769     0.00265890     0.00291711
  -16.8368368     0.00130878     0.00166918
  -16.7967968     0.00064873     0.00082310
  -16.7567568     0.00056869     0.00044289
  -16.7167167     0.00078108     0.00038021
  -16.6766767     0.00100207     0.00042957
  -16.6366366     0.00104476     0.00044101
  -16.5965966     0.00086621     0.00036896
  -16.5565566     0.00055468     0.00024704
  -16.5165165     0.00025213     0.00013060
  -16.4764765     0.00007269     0.00005520
  -16.4364364     0.00012260     0.00003522
  -16.3963964     0.00060213     0.00011238
  -16.3563564     0.00175196     0.00042516
  -16.3163163     0.00343919     0.00117346
  -16.2762763     0.00480595     0.00233082
  -16.2362362     0.00485262     0.00334830
  -16.1961962     0.00357691     0.00349270
  -16.1561562     0.00205183     0.00268706
  -16.1161161     0.00139263     0.00170116
  -16.0760761     0.00209587     0.00142986
  -16.0360360     0.00393175     0.00220829
  -15.9959960     0.00580787     0.00356726
  -15.9559560     0.00628523     0.00443953
  -15.9159159     0.00497444     0.00405166
  -15.8758759     0.00299628     0.00274185
  -15.8358358     0.00173036     0.00154205
  -15.7957958     0.00165379     0.00113492
  -15.7557558     0.00238797     0.00149453
  -15.7157157     0.00323786     0.00218311
  -15.6756757     0.00363141     0.00271469
  -15.6356356     0.00341466     0.00282505
  -15.5955956     0.00285438     0.00256800
  -15.5555556     0.00232337     0.00217095
  -15.5155155     0.00202912     0.00184357
  -15.4754755     0.00198347     0.00169915
  -15.4354354     0.00202354     0.00169565
  -15.3953954     0.00188074     0.00162605
  -15.3553554     0.00142924     0.00131488
  -15.3153153     0.00084562     0.00083079
  -15.2752753     0.00043750     0.00040000
  -15.2352352     0.00048501     0.00017561
  -15.1951952     0.00144504     0.00023074
  -15.1551552     0.00417921     0.00078712
  -15.1151151     0.00940370     0.00237658
  -15.0750751     0.01625494     0.00557543
  -15.0350350     0.02181116     0.01023939
  -14.9949950     0.02345633     0.01495153
  -14.9549550     0.02172512     0.01774491
  -14.9149149     0.01939707     0.01781213
  -14.8748749     0.01815787     0.01614676
  -14.8348348     0.01754857     0.01419689
  -14.7947948     0.01655183     0.01251942
  -14.7547548     0.01498184     0.01101209
  -14.7147147     0.01338889     0.00970356
  -14.6746747     0.01193693     0.00875425
  -14.6346346     0.01006143     0.00783938
  -14.5945946     0.00799631     0.00630185
  -14.5545546     0.00777981     0.00433146
  -14.5145145     0.01155489     0.00333118
  -14.4744745     0.01897264     0.00478164
  -14.4344344     0.02678820     0.00895318
  -14.3943944     0.03138372     0.01441344
  -14.3543544     0.03149995     0.01876370
  -14.3143143     0.02830531     0.02036281
  -14.2742743     0.02415167     0.01932251
  -14.2342342     0.02196691     0.01697699
  -14.1941942     0.02343351     0.01501671
  -14.1541542     0.02650571     0.01453938
  -14.1141141     0.02707324     0.01493349
  -14.0740741     0.02355909     0.01441231
  -14.0340340     0.01788316     0.01216772
  -13.9939940     0.01266770     0.00909380
  -13.9539540     0.00937111     0.00648924
  -13.9139139     0.00817481     0.00496146
  -13.8738739     0.00812540     0.00443476
  -13.8338338     0.00776879     0.00452167
  -13.7937938     0.00640942     0.00468522
  -13.7537538     0.00448672     0.00444284
  -13.7137137     0.00275249     0.00371102
  -13.6736737     0.00176996     0.00275797
  -13.6336336     0.00221859     0.00184568
  -13.5935936     0.00518944     0.00119176
  -13.5535536     0.01179002     0.00120449
  -13.5135135     0.02213430     0.00261669
  -13.4734735     0.03495971     0.00632004
  -13.4334334     0.04844702     0.01265438
  -13.3933934     0.06023706     0.02052546
  -13.3533534     0.06639551     0.02759990
  -13.3133133     0.06329128     0.03180104
  -13.2732733     0.05179470     0.03240157
  -13.2332332     0.03730620     0.02977709
  -13.1931932     0.02519491     0.02499558
  -13.1531532     0.01762099     0.01963121
  -13.1131131     0.01490983     0.01494138
  -13.0730731     0.01888932     0.01116295
  -13.0330330     0.03212378     0.00828927
  -12.9929930     0.05194801     0.00742812
  -12.9529530     0.06857816     0.01054404
  -12.9129129     0.07365924     0.01797748
  -12.8728729     0.06834955     0.02637549
  -12.8328328     0.05909292     0.03080396
  -12.7927928     0.04951760     0.02960683
  -12.7527528     0.04074247     0.02543582
  -12.7127127     0.03524419     0.02137889
  -12.6726727     0.03509238     0.01838998
  -12.6326326     0.03811775     0.01641192
  -12.5925926     0.04032733     0.01551406
  -12.5525526     0.04123930     0.01530423
  -12.5125125     0.04262043     0.01481173
  -12.4724725     0.04371119     0.01385495
  -12.4324324     0.04309258     0.01346194
  -12.3923924     0.04320513     0.01398695
  -12.3523524     0.04699556     0.01396949
  -12.3123123     0.05226443     0.01206241
  -12.2722723     0.05508813     0.00914852
  -12.2322322     0.05621815     0.00761570
  -12.1921922     0.05826677     0.00918359
  -12.1521522     0.05953719     0.01358201
  -12.1121121     0.05710518     0.01883101
  -12.0720721     0.05374918     0.02293779
  -12.0320320     0.05595373     0.02519735
  -11.9919920     0.06575518     0.02585609
  -11.9519520     0.07777241     0.02550311
  -11.9119119     0.08392532     0.02489230
  -11.8718719     0.07946637     0.02443953
  -11.8318318     0.06498194     0.02387715
  -11.7917918     0.04555081     0.02288028
  -11.7517518     0.02942483     0.02154160
  -11.7117117     0.02470758     0.01966851
  -11.6716717     0.03456103     0.01659349
  -11.6316316     0.05550853     0.01239313
  -11.5915916     0.08170373     0.00825121
  -11.5515516     0.11088550     0.00521914
  -11.5115115     0.14222233     0.00349340
  -11.4714715     0.16892124     0.00308297
  -11.4314314     0.18132363     0.00462707
  -11.3913914     0.17732219     0.00949019
  -11.3513514     0.16240016     0.01929791
  -11.3113113     0.14189017     0.03478208
  -11.2712713     0.11931161     0.05381706
  -11.2312312     0.10091679     0.07072487
  -11.1911912     0.09974987     0.07931225
  -11.1511512     0.13298154     0.07708208
  -11.1111111     0.20602864     0.06592195
  -11.0710711     0.29313014     0.05013082
  -11.0310310     0.34550070     0.03474039
  -10.9909910     0.33397806     0.02394425
  -10.9509510     0.27773760     0.01978557
  -10.9109109     0.22147321     0.02206941
  -10.8708709     0.19485833     0.02923352
  -10.8308308     0.20459013     0.03984730
  -10.7907908     0.25076976     0.05331222
  -10.7507508     0.32384107     0.06777175
  -10.7107107     0.38609009     0.07784004
  -10.6706707     0.38768138     0.07759355
  -10.6306306     0.31831454     0.06744284
  -10.5905906     0.22820338     0.05546719
  -10.5505506     0.18460590     0.04924483
  -10.5105105     0.21549006     0.04842116
  -10.4704705     0.29920282     0.04829763
  -10.4304304     0.39401547     0.04862861
  -10.3903904     0.46763880     0.05519326
  -10.3503504     0.50760095     0.07232638
  -10.3103103     0.52024142     0.09485237
  -10.2702703     0.52689823     0.10941943
  -10.2302302     0.55531211     0.10682470
  -10.1901902     0.62807354     0.09152038
  -10.1501502     0.75218952     0.07600207
  -10.1101101     0.91259141     0.06829507
  -10.0700701     1.07658916     0.06715072
  -10.0300300     1.19733498     0.06799287
   -9.9899900     1.21455802     0.07147344
   -9.9499500     1.10447138     0.08231301
   -9.9099099     0.94862678     0.09767941
   -9.8698699     0.87678758     0.10440381
   -9.8298298     0.91591586     0.09541589
   -9.7897898     0.96882811     0.08141374
   -9.7497497     0.96007042     0.07849075
   -9.7097097     0.94685846     0.09261649
   -9.6696697     1.05652247     0.12102994
   -9.6296296     1.31693044     0.15683592
   -9.5895896     1.57564310     0.18568229
   -9.5495496     1.64873195     0.19076746
   -9.5095095     1.54747595     0.17063995
   -9.4694695     1.46113633     0.14302607
   -9.4294294     1.50094968     0.12622940
   -9.3893894     1.57261777     0.12408775
   -9.3493494     1.54760411     0.12845900
   -9.3093093     1.44412808     0.13025566
   -9.2692693     1.34584574     0.12833157
   -9.2292292     1.26031764     0.13130166
   -9.1891892     1.17635429     0.15386201
   -9.1491491     1.14200380     0.20553509
   -9.1091091     1.17422773     0.27290109
   -9.0690691     1.20544568     0.31955171
   -9.0290290     1.20351453     0.31813321
   -8.9889890     1.22889105     0.27990435
   -8.9489490     1.30645962     0.24400764
   -8.9089089     1.34194775     0.24179177
   -8.8688689     1.22545884     0.27732560
   -8.8288288     0.97057933     0.33590976
   -8.7887888     0.71924713     0.39739961
   -8.7487488     0.62201826     0.43884080
   -8.7087087     0.72057026     0.44261393
   -8.6686687     0.92885452     0.41747589
   -8.6286286     1.10729259     0.40300115
   -8.5885886     1.15630643     0.43449101
   -8.5485485     1.06712397     0.50052014
   -8.5085085     0.91567101     0.55048574
   -8.4684685     0.80127520     0.54582211
   -8.4284284     0.77124084     0.48862707
   -8.3883884     0.81032675     0.40749070
   -8.3483484     0.88805041     0.33722293
   -8.3083083     0.98202902     0.30742917
   -8.2682683     1.05712647     0.32924664
   -8.2282282     1.05780222     0.38417212
   -8.1881882     0.95632856     0.43273437
   -8.1481482     0.79573073     0.44635961
   -8.1081081     0.65412549     0.42836253
   -8.0680681     0.59214190     0.39601685
   -8.0280280     0.65116233     0.35590416
   -7.9879880     0.84410851     0.30743562
   -7.9479479     1.11274738     0.25434036
   -7.9079079     1.34159413     0.20157817
   -7.8678679     1.45632240     0.15090415
   -7.8278278     1.48421550     0.10526381
   -7.7877878     1.48956414     0.07055727
   -7.7477478     1.49292399     0.04931948
   -7.7077077     1.50085366     0.03720899
   -7.6676677     1.56452267     0.02845138
   -7.6276276     1.73201354     0.02178850
   -7.5875876     1.95208542     0.01972190
   -7.5475475     2.09669363     0.02573776
   -7.5075075     2.09837762     0.04450182
   -7.4674675     2.01065154     0.07969509
   -7.4274274     1.91650850     0.12589423
   -7.3873874     1.82008182     0.16548253
   -7.3473473     1.65730999     0.17989969
   -7.3073073     1.41398031     0.16487151
   -7.2672673     1.18837923     0.13479553
   -7.2272272     1.07883809     0.11369541
   -7.1871872     1.04803533     0.12158674
   -7.1471472     0.98041221     0.16639253
   -7.1071071     0.84104054     0.23748468
   -7.0670671     0.69426720     0.30157059
   -7.0270270     0.59023265     0.32239643
   -6.9869870     0.51227812     0.29670255
   -6.9469470     0.43061882     0.26070098
   -6.9069069     0.34902881     0.25794949
   -6.8668669     0.28968490     0.31011896
   -6.8268268     0.26383224     0.41392663
   -6.7867868     0.26931541     0.54009197
   -6.7467467     0.29848416     0.62968573
   -6.7067067     0.33574199     0.63048667
   -6.6666667     0.35829407     0.55393560
   -6.6266266     0.35452008     0.46988659
   -6.5865866     0.34502630     0.44510688
   -6.5465466     0.36855380     0.50028968
   -6.5065065     0.43139925     0.61022588
   -6.4664665     0.48601399     0.73419210
   -6.4264264     0.47538338     0.84841180
   -6.3863864     0.38976231     0.94375022
   -6.3463464     0.27191894     1.00404248
   -6.3063063     0.17395531     1.01318942
   -6.2662663     0.11966137     0.97635659
   -6.2262262     0.10608694     0.90782809
   -6.1861862     0.12513991     0.80885437
   -6.1461461     0.17337117     0.69327712
   -6.1061061     0.24328684     0.62394595
   -6.0660661     0.31183428     0.67457516
   -6.0260260     0.34371430     0.85511159
   -5.9859860     0.31357410     1.10287541
   -5.9459459     0.23012646     1.32617971
   -5.9059059     0.13327678     1.43618215
   -5.8658659     0.06251436     1.39078628
   -5.8258258     0.03311480     1.26458953
   -5.7857858     0.04132242     1.23587073
   -5.7457458     0.07736815     1.41723619
   -5.7057057     0.12611450     1.70511404
   -5.6656657     0.16438091     1.89931787
   -5.6256256     0.16978113     1.95321102
   -5.5855856     0.13762669     1.96818994
   -5.5455455     0.08662154     1.99253793
   -5.5055055     0.04283942     1.97956773
   -5.4654655     0.02024718     1.88060213
   -5.4254254     0.01914107     1.68343242
   -5.3853854     0.03549143     1.43192301
   -5.3453453     0.06391714     1.22031813
   -5.3053053     0.09362629     1.10767927
   -5.2652653     0.10936176     1.07553415
   -5.2252252     0.10299046     1.08904885
   -5.1851852     0.08323735     1.14179476
   -5.1451452     0.06775227     1.23480581
   -5.1051051     0.06457727     1.36924734
   -5.0650651     0.06606154     1.57676503
   -5.0250250     0.06195228     1.88957975
   -4.9849850     0.05311462     2.22194282
   -4.9449449     0.04856552     2.34280679
   -4.9049049     0.05267336     2.08571691
   -4.8648649     0.06023648     1.56580756
   -4.8248248     0.06432183     1.07069896
   -4.7847848     0.06640620     0.76806200
   -4.7447447     0.07452063     0.62273310
   -4.7047047     0.08950659     0.55001480
   -4.6646647     0.09950400     0.52879219
   -4.6246246     0.09302570     0.55869740
   -4.5845846     0.07173074     0.60479217
   -4.5445445     0.04662329     0.63377022
   -4.5045045     0.02768048     0.65332044
   -4.4644645     0.01952264     0.68235556
   -4.4244244     0.02158120     0.72510874
   -4.3843844     0.02924550     0.78101136
   -4.3443443     0.03685957     0.83664165
   -4.3043043     0.04179402     0.87699524
   -4.2642643     0.04643105     0.94282295
   -4.2242242     0.05648324     1.09787464
   -4.1841842     0.07529950     1.28133076
   -4.1441441     0.09776953     1.30222499
   -4.1041041     0.11353345     1.06783237
   -4.0640641     0.11847585     0.71604151
   -4.0240240     0.11651688     0.45743227
   -3.9839840     0.10881309     0.38593099
   -3.9439439     0.09186804     0.46612937
   -3.9039039     0.06961311     0.60303020
   -3.8638639     0.05698336     0.70193154
   -3.8238238     0.06559120     0.71902935
   -3.7837838     0.08988746     0.66734721
   -3.7437437     0.11039863     0.57406455
   -3.7037037     0.11050702     0.46456209
   -3.6636637     0.09034506     0.37630567
   -3.6236236     0.06414384     0.34089508
   -3.5835836     0.04539997     0.35691523
   -3.5435435     0.03742946     0.39805381
   -3.5035035     0.03643822     0.43290329
   -3.4634635     0.03878943     0.43589119
   -3.4234234     0.04450343     0.39702072
   -3.3833834     0.05477654     0.32916250
   -3.3433433     0.06671491     0.26273483
   -3.3033033     0.07432191     0.22363139
   -3.2632633     0.07616404     0.21349447
   -3.2232232     0.07622890     0.21915903
   -3.1831832     0.07581051     0.23814665
   -3.1431431     0.07134317     0.27896540
   -3.1031031     0.06097353     0.33445137
   -3.0630631     0.04800429     0.37678894
   -3.0230230     0.03829448     0.39203900
   -2.9829830     0.03651246     0.39615209
   -2.9429429     0.04272514     0.40035323
   -2.9029029     0.05101565     0.38807370
   -2.8628629     0.05341473     0.34116414
   -2.8228228     0.04656376     0.26768360
   -2.7827828     0.03361618     0.19945419
   -2.7427427     0.02033881     0.17054573
   -2.7027027     0.01121742     0.18565885
   -2.6626627     0.00841194     0.20676644
   -2.6226226     0.01222484     0.19164219
   -2.5825826     0.02124247     0.14542323
   -2.5425425     0.03189199     0.11432301
   -2.5025025     0.04017241     0.13412395
   -2.4624625     0.04575937     0.19724055
   -2.4224224     0.05151771     0.25841261
   -2.3823824     0.05723912     0.26813871
   -2.3423423     0.05845810     0.21422008
   -2.3023023     0.05265299     0.13149000
   -2.2622623     0.04207829     0.06538892
   -2.2222222     0.03125675     0.03397545
   -2.1821822     0.02536837     0.02696977
   -2.1421421     0.02819065     0.02842097
   -2.1021021     0.03758796     0.03552530
   -2.0620621     0.04555817     0.06140530
   -2.0220220     0.04648081     0.11918142
   -1.9819820     0.04348145     0.19624902
   -1.9419419     0.04368947     0.24816218
   -1.9019019     0.04938405     0.23553770
   -1.8618619     0.05712830     0.16811958
   -1.8218218     0.06438532     0.09528012
   -1.7817818     0.07270579     0.05905255
   -1.7417417     0.08281059     0.07332736
   -1.7017017     0.09066169     0.13197615
   -1.6616617     0.09180878     0.20971900
   -1.6216216     0.08598545     0.26280709
   -1.5815816     0.07468854     0.25759348
   -1.5415415     0.05897936     0.20354929
   -1.5015015     0.04194504     0.14309659
   -1.4614615     0.02918285     0.11147783
   -1.4214214     0.02533767     0.11672150
   -1.3813814     0.03075522     0.14690127
   -1.3413413     0.04034237     0.18112528
   -1.3013013     0.04671749     0.19933916
   -1.2612613     0.04703378     0.19487494
   -1.2212212     0.04637736     0.17711596
   -1.1811812     0.05268162     0.15820819
   -1.1411411     0.06737830     0.14332862
   -1.1011011     0.08159892     0.13319624
   -1.0610611     0.08429399     0.12484301
   -1.0210210     0.07456192     0.11176647
   -0.9809810     0.06209312     0.09259226
   -0.9409409     0.05591717     0.07632122
   -0.9009009     0.05798670     0.07385154
   -0.8608609     0.06658482     0.08618072
   -0.8208208     0.07861798     0.10210227
   -0.7807808     0.08771277     0.10799065
   -0.7407407     0.08789077     0.09993294
   -0.7007007     0.08117879     0.08361942
   -0.6606607     0.07481915     0.06518861
   -0.6206206     0.07051300     0.04957538
   -0.5805806     0.06307824     0.04518097
   -0.5405405     0.04934919     0.06145168
   -0.5005005     0.03247740     0.10080102
   -0.4604605     0.01782338     0.15461860
   -0.4204204     0.00871916     0.20356865
   -0.3803804     0.00634257     0.22312100
   -0.3403403     0.01147634     0.20170811
   -0.3003003     0.02450576     0.15651332
   -0.2602603     0.04253169     0.11944042
   -0.2202202     0.05842554     0.10673004
   -0.1801802     0.06693080     0.10872334
   -0.1401401     0.07131744     0.10582599
   -0.1001001     0.07888756     0.09046055
   -0.0600601     0.08952844     0.07332117
   -0.0200200     0.09397648     0.06852024
    0.0200200     0.08496450     0.07696587
    0.0600601     0.06657863     0.08882193
    0.1001001     0.05019048     0.09787925
    0.1401401     0.04220210     0.10632190
    0.1801802     0.03928630     0.11748476
    0.2202202     0.03689391     0.12973599
    0.2602603     0.03718441     0.13910514
    0.3003003     0.04399401     0.14547040
    0.3403403     0.05393178     0.14974287
    0.3803804     0.05804086     0.14639522
    0.4204204     0.05123498     0.13008184
    0.4604605     0.03714760     0.10867728
    0.5005005     0.02422637     0.09713356
    0.5405405     0.01824745     0.09785201
    0.5805806     0.01844538     0.09821887
    0.6206206     0.02068547     0.08884247
    0.6606607     0.02345362     0.07341520
    0.7007007     0.02887878     0.05962194
    0.7407407     0.03837947     0.05091481
    0.7807808     0.04982154     0.04736299
    0.8208208     0.05873143     0.04714846
    0.8608609     0.06072084     0.04810717
    0.9009009     0.05430346     0.05016022
    0.9409409     0.04325980     0.05450905
    0.9809810     0.03430288     0.06063454
    1.0210210     0.03076646     0.06499946
    1.0610611     0.03078276     0.06320240
    1.1011011     0.03246591     0.05435447
    1.1411411     0.03764329     0.04267026
    1.1811812     0.04771927     0.03446551
    1.2212212     0.05747554     0.03358592
    1.2612613     0.05832111     0.03786507
    1.3013013     0.04953468     0.04070362
    1.3413413     0.04058722     0.03845256
    1.3813814     0.03935728     0.03403188
    1.4214214     0.04366898     0.03212829
    1.4614615     0.04750201     0.03451559
    1.5015015     0.05025870     0.03996031
    1.5415415     0.05617505     0.04644940
    1.5815816     0.06816635     0.05541244
    1.6216216     0.08534841     0.07178406
    1.6616617     0.10434347     0.09437642
    1.7017017     0.12049430     0.11089106
    1.7417417     0.12870923     0.11076674
    1.7817818     0.12534252     0.09784199
    1.8218218     0.11039226     0.08344678
    1.8618619     0.08948639     0.07479826
    1.9019019     0.07447848     0.07571515
    1.9419419     0.07675239     0.08935553
    1.9819820     0.09501487     0.11491886
    2.0220220     0.11433311     0.14608432
    2.0620621     0.12184791     0.17237563
    2.1021021     0.11917398     0.18165733
    2.1421421     0.11588126     0.16880155
    2.1821822     0.11516405     0.14340105
    2.2222222     0.11253079     0.12215076
    2.2622623     0.10717730     0.11358992
    2.3023023     0.10436787     0.11387890
    2.3423423     0.10515829     0.11458542
    2.3823824     0.10368923     0.11016965
    2.4224224     0.09643013     0.10145464
    2.4624625     0.08714695     0.09840707
    2.5025025     0.08075981     0.11498695
    2.5425425     0.07650748     0.15143560
    2.5825826     0.06959318     0.18459121
    2.6226226     0.05743830     0.18739652
    2.6626627     0.04307384     0.15760952
    2.7027027     0.03308267     0.11758454
    2.7427427     0.03215894     0.08940088
    2.7827828     0.04029945     0.07965223
    2.8228228     0.05485845     0.08208451
    2.8628629     0.07261998     0.08457200
    2.9029029     0.08912656     0.07768536
    2.9429429     0.09823629     0.06358926
    2.9829830     0.09578156     0.05371883
    3.0230230     0.08531416     0.05539481
    3.0630631     0.07719274     0.06436449
    3.1031031     0.07875133     0.07186411
    3.1431431     0.08643421     0.07572631
    3.1831832     0.09030992     0.08132969
    3.2232232     0.08591905     0.09326415
    3.2632633     0.07766876     0.10989804
    3.3033033     0.07066534     0.12588183
    3.3433433     0.06548271     0.13641524
    3.3833834     0.06275911     0.13821751
    3.4234234     0.06631600     0.13015860
    3.4634635     0.07706335     0.11453189
    3.5035035     0.08748766     0.09583164
    3.5435435     0.08717051     0.07804556
    3.5835836     0.07327257     0.06322305
    3.6236236     0.05259717     0.05302370
    3.6636637     0.03392822     0.05161664
    3.7037037     0.02107118     0.06315368
    3.7437437     0.01311726     0.08358582
    3.7837838     0.00870152     0.09888811
    3.8238238     0.00845443     0.09629363
    3.8638639     0.01454011     0.07660113
    3.9039039     0.02910109     0.05260188
    3.9439439     0.05231051     0.03669141
    3.9839840     0.08141362     0.03203728
    4.0240240     0.11170976     0.03339781
    4.0640641     0.13622121     0.03438683
    4.1041041     0.14448903     0.03528316
    4.1441441     0.12874438     0.04366516
    4.1841842     0.09431370     0.06539065
    4.2242242     0.05798847     0.09627045
    4.2642643     0.03422446     0.12478826
    4.3043043     0.02554555     0.13983804
    4.3443443     0.02483745     0.13467098
    4.3843844     0.02430349     0.11034395
    4.4244244     0.02204525     0.07786805
    4.4644645     0.02153112     0.05119606
    4.5045045     0.02722051     0.03612869
    4.5445445     0.04113186     0.02872478
    4.5845846     0.06149470     0.02396540
    4.6246246     0.08335936     0.02219368
    4.6646647     0.10087072     0.02658359
    4.7047047     0.10999394     0.03772323
    4.7447447     0.11002446     0.05243389
    4.7847848     0.10328632     0.06733604
    4.8248248     0.09307804     0.08200128
    4.8648649     0.08098929     0.09695763
    4.9049049     0.06721611     0.11061761
    4.9449449     0.05316379     0.12034694
    4.9849850     0.04111295     0.12458007
    5.0250250     0.03283851     0.12268292
    5.0650651     0.03123055     0.11333355
    5.1051051     0.04034117     0.09517717
    5.1451452     0.06012890     0.07149056
    5.1851852     0.08234120     0.05103726
    5.2252252     0.09537902     0.04117456
    5.2652653     0.09596829     0.04268321
    5.3053053     0.09455143     0.05148686
    5.3453453     0.10382300     0.06178797
    5.3853854     0.12179169     0.06851515
    5.4254254     0.13292107     0.07104751
    5.4654655     0.12660820     0.07415532
    5.5055055     0.10795010     0.08186830
    5.5455455     0.08929377     0.09161004
    5.5855856     0.07637158     0.09777838
    5.6256256     0.06575533     0.09844334
    5.6656657     0.05325549     0.09392551
    5.7057057     0.04035794     0.08281051
    5.7457458     0.03307056     0.06637674
    5.7857858     0.03877444     0.05399469
    5.8258258     0.06391031     0.05565487
    5.8658659     0.10780186     0.06871740
    5.9059059     0.15672009     0.07926955
    5.9459459     0.19263922     0.08007445
    5.9859860     0.20841961     0.08201452
    6.0260260     0.20486043     0.10134233
    6.0660661     0.18033393     0.13642547
    6.1061061     0.13778534     0.16343906
    6.1461461     0.09263119     0.15992469
    6.1861862     0.06065956     0.13048921
    6.2262262     0.04410105     0.10359308
    6.2662663     0.03476307     0.10277524
    6.3063063     0.02595375     0.12387871
    6.3463464     0.01922592     0.14138873
    6.3863864     0.02219065     0.13581049
    6.4264264     0.04080599     0.10985625
    6.4664665     0.07089010     0.07811079
    6.5065065     0.09644549     0.05156244
    6.5465466     0.10206443     0.03476237
    6.5865866     0.08886520     0.02829379
    6.6266266     0.07186776     0.03009175
    6.6666667     0.06161786     0.03704693
    6.7067067     0.05660732     0.04659891
    6.7467467     0.05298325     0.05715193
    6.7867868     0.05260231     0.06670419
    6.8268268     0.06134145     0.07234930
    6.8668669     0.08367411     0.07346463
    6.9069069     0.11472747     0.07432834
    6.9469470     0.13720408     0.08095852
    6.9869870     0.13566279     0.09470512
    7.0270270     0.11477155     0.11031781
    7.0670671     0.09658256     0.12050186
    7.1071071     0.10035648     0.12134519
    7.1471472     0.12581723     0.11479518
    7.1871872     0.15333619     0.10755347
    7.2272272     0.16201871     0.10814721
    7.2672673     0.14997010     0.12306780
    7.3073073     0.13553429     0.14939412
    7.3473473     0.13624979     0.17134579
    7.3873874     0.14828912     0.17285903
    7.4274274     0.15215379     0.15517789
    7.4674675     0.13697292     0.13545477
    7.5075075     0.11224673     0.12688709
    7.5475475     0.09679590     0.12651387
    7.5875876     0.10027162     0.12546398
    7.6276276     0.11506728     0.12351085
    7.6676677     0.12543927     0.12686044
    7.7077077     0.12247244     0.13662120
    7.7477478     0.10815793     0.14522131
    7.7877878     0.08889578     0.14453873
    7.8278278     0.07016774     0.13438963
    7.8678679     0.05579684     0.11932844
    7.9079079     0.04801898     0.10202862
    7.9479479     0.04745628     0.08569680
    7.9879880     0.05327298     0.07646877
    8.0280280     0.06360791     0.07592750
    8.0680681     0.07715914     0.07588852
    8.1081081     0.09282344     0.06790973
    8.1481482     0.10569684     0.05478957
    8.1881882     0.10730664     0.04670368
    8.2282282     0.09421229     0.04911550
    8.2682683     0.07436324     0.05905001
    8.3083083     0.06105582     0.07042074
    8.3483484     0.06147077     0.07821316
    8.3883884     0.07357998     0.07878753
    8.4284284     0.09058434     0.07138298
    8.4684685     0.10296330     0.06061371
    8.5085085     0.10108241     0.05497886
    8.5485485     0.08548414     0.06052140
    8.5885886     0.07186800     0.07462582
    8.6286286     0.07732621     0.08768601
    8.6686687     0.10272918     0.09336140
    8.7087087     0.13136582     0.09572115
    8.7487488     0.14376349     0.10347656
    8.7887888     0.13437799     0.11780700
    8.8288288     0.11356295     0.12860545
    8.8688689     0.09453686     0.12412148
    8.9089089     0.08310769     0.10401722
    8.9489490     0.07818138     0.08154584
    8.9889890     0.07596656     0.07153915
    9.0290290     0.07507629     0.07736796
    9.0690691     0.07969329     0.08991757
    9.1091091     0.09269464     0.09637999
    9.1491491     0.10722548     0.09063593
    9.1891892     0.11408958     0.07829306
    9.2292292     0.11438727     0.07097924
    9.2692693     0.11469516     0.07610794
    9.3093093     0.11475502     0.09395662
    9.3493494     0.11053382     0.11936853
    9.3893894     0.10408527     0.14155901
    9.4294294     0.10070946     0.14945542
    9.4694695     0.09922778     0.14273039
    9.5095095     0.09228791     0.13089978
    9.5495496     0.07676863     0.11998646
    9.5895896     0.05847796     0.10818446
    9.6296296     0.04414634     0.09401307
    9.6696697     0.03498320     0.07991176
    9.7097097     0.03217407     0.06765162
    9.7497497     0.04175569     0.05681776
    9.7897898     0.06708481     0.04845793
    9.8298298     0.09867039     0.04744243
    9.8698699     0.11848657     0.05947445
    9.9099099     0.11824402     0.08255614
    9.9499500     0.10862401     0.10274876
    9.9899900     0.10419831     0.10545803
   10.0300300     0.10423401     0.09184146
   10.0700701     0.09698533     0.07790621
   10.1101101     0.07909336     0.07635119
   10.1501502     0.06219186     0.08564637
   10.1901902     0.06077067     0.09716878
   10.2302302     0.07775344     0.10320813
   10.2702703     0.10281920     0.09758539
   10.3103103     0.12229595     0.08110192
   10.3503504     0.12838528     0.06698702
   10.3903904     0.12244831     0.06927648
   10.4304304     0.11309613     0.08606641
   10.4704705     0.10759292     0.10280347
   10.5105105     0.10420745     0.10939779
   10.5505506     0.09712704     0.10651423
   10.5905906     0.08730681     0.10047230
   10.6306306     0.08279060     0.09890915
   10.6706707     0.08835328     0.10433325
   10.7107107     0.09855791     0.10829586
   10.7507508     0.10181812     0.09947263
   10.7907908     0.09167033     0.07867331
   10.8308308     0.07389446     0.06006273
   10.8708709     0.06046932     0.05663899
   10.9109109     0.05795973     0.06800448
   10.9509510     0.06437270     0.08349338
   10.9909910     0.07460548     0.09348663
   11.0310310     0.08539500     0.09561609
   11.0710711     0.09601257     0.09452046
   11.1111111     0.10591814     0.09656403
   11.1511512     0.11277681     0.10121106
   11.1911912     0.11548849     0.10183384
   11.2312312     0.11777468     0.09725376
   11.2712713     0.12349649     0.09299578
   11.3113113     0.12969415     0.08978794
   11.3513514     0.12967721     0.08328130
   11.3913914     0.12222933     0.07636898
   11.4314314     0.11148699     0.07797759
   11.4714715     0.09899178     0.08783751
   11.5115115     0.08549344     0.09571328
   11.5515516     0.07902717     0.09812409
   11.5915916     0.08958254     0.10315474
   11.6316316     0.11544897     0.11466876
   11.6716717     0.14261090     0.12465785
   11.7117117     0.15849280     0.12779029
   11.7517518     0.16348274     0.12988955
   11.7917918     0.16800416     0.13352503
   11.8318318     0.17791289     0.12971297
   11.8718719     0.18528924     0.11419593
   11.9119119     0.17697008     0.10032921
   11.9519520     0.14879407     0.10616903
   11.9919920     0.10826150     0.13407274
   12.0320320     0.06856447     0.16764084
   12.0720721     0.04258511     0.18630048
   12.1121121     0.03822428     0.17989300
   12.1521522     0.05567107     0.15114899
   12.1921922     0.08709924     0.11195648
   12.2322322     0.12058585     0.07996642
   12.2722723     0.14746912     0.07058344
   12.3123123     0.16595411     0.08544943
   12.3523524     0.17827495     0.11026308
   12.3923924     0.18420655     0.12715461
   12.4324324     0.17718411     0.12901336
   12.4724725     0.15319800     0.12120915
   12.5125125     0.12217047     0.11367562
   12.5525526     0.10022451     0.11403788
   12.5925926     0.09428367     0.12341871
   12.6326326     0.10001190     0.13475677
   12.6726727     0.10712192     0.13705085
   12.7127127     0.10579671     0.12490562
   12.7527528     0.09519200     0.10563791
   12.7927928     0.08222813     0.09426142
   12.8328328     0.06989195     0.09999142
   12.8728729     0.05670375     0.12020348
   12.9129129     0.04746492     0.14322473
   12.9529530     0.05158298     0.15222385
   12.9929930     0.06909691     0.13559389
   13.0330330     0.08705833     0.10094878
   13.0730731     0.09236084     0.07200450
   13.1131131     0.08376699     0.06664229
   13.1531532     0.07007516     0.08129366
   13.1931932     0.06256182     0.09768595
   13.2332332     0.07083304     0.10066438
   13.2732733     0.09563047     0.08749512
   13.3133133     0.12099400     0.06537962
   13.3533534     0.12624631     0.04556758
   13.3933934     0.11275208     0.03756086
   13.4334334     0.10729924     0.04537490
   13.4734735     0.13337286     0.06834748
   13.5135135     0.18607770     0.10160928
   13.5535536     0.23560831     0.13438519
   13.5935936     0.25120542     0.15787764
   13.6336336     0.22445787     0.17956244
   13.6736737     0.17269985     0.21539360
   13.7137137     0.12294861     0.26054780
   13.7537538     0.09668074     0.28230304
   13.7937938     0.10339637     0.25285272
   13.8338338     0.13714857     0.18306605
   13.8738739     0.18010797     0.11609425
   13.9139139     0.21627083     0.09067895
   13.9539540     0.24100415     0.11295847
   13.9939940     0.25439092     0.15671837
   14.0340340     0.25193195     0.19004517
   14.0740741     0.23119384     0.20556056
   14.1141141     0.20110037     0.21753895
   14.1541542     0.17218420     0.23062426
   14.1941942     0.14434115     0.22900562
   14.2342342     0.11652810     0.19946676
   14.2742743     0.10072590     0.15005581
   14.3143143     0.11188061     0.10114354
   14.3543544     0.14694017     0.06773904
   14.3943944     0.18587231     0.05431339
   14.4344344     0.21291630     0.06098574
   14.4744745     0.22527894     0.09162727
   14.5145145     0.22307887     0.15242896
   14.5545546     0.20749041     0.23378585
   14.5945946     0.18984563     0.29780202
   14.6346346     0.19014762     0.30450125
   14.6746747     0.22074060     0.25497761
   14.7147147     0.26874423     0.19135161
   14.7547548     0.29965856     0.15408568
   14.7947948     0.28723149     0.15557107
   14.8348348     0.23608391     0.18667192
   14.8748749     0.17326101     0.22781972
   14.9149149     0.12528115     0.25836584
   14.9549550     0.10255985     0.26559614
   14.9949950     0.09981141     0.24368146
   15.0350350     0.10840474     0.19421089
   15.0750751     0.12359816     0.13594358
   15.1151151     0.13884773     0.09928622
   15.1551552     0.14216660     0.09997216
   15.1951952     0.12615942     0.12470724
   15.2352352     0.09990661     0.14851761
   15.2752753     0.08393514     0.15902782
   15.3153153     0.08920618     0.15666047
   15.3553554     0.10571269     0.14492453
   15.3953954     0.11776646     0.13209378
   15.4354354     0.12423766     0.12576137
   15.4754755     0.13426708     0.11868871
   15.5155155     0.14844843     0.09761397
   15.5555556     0.15678354     0.06604628
   15.5955956     0.15439032     0.04305481
   15.6356356     0.14771383     0.04270848
   15.6756757     0.14559930     0.06348553
   15.7157157     0.15530012     0.09468360
   15.7557558     0.18499845     0.12985130
   15.7957958     0.23665985     0.17018613
   15.8358358     0.29344705     0.21202762
   15.8758759     0.32692111     0.24442910
   15.9159159     0.32295948     0.26577017
   15.9559560     0.29024249     0.28586722
   15.9959960     0.24384620     0.30938732
   16.0360360     0.19341872     0.32885052
   16.0760761     0.14450491     0.32831454
   16.1161161     0.10133371     0.29247459
   16.1561562     0.06894928     0.22287618
   16.1961962     0.05258371     0.14234948
   16.2362362     0.05241209     0.07744155
   16.2762763     0.06318912     0.04162773
   16.3163163     0.08050260     0.03552702
   16.3563564     0.10250994     0.05321666
   16.3963964     0.12657850     0.08311248
   16.4364364     0.14892554     0.10876333
   16.4764765     0.16614807     0.11862320
   16.5165165     0.17664401     0.11832156
   16.5565566     0.18189719     0.12630257
   16.5965966     0.18063048     0.15009407
   16.6366366     0.16362646     0.17230394
   16.6766767     0.12634894     0.16908395
   16.7167167     0.08279611     0.13837700
   16.7567568     0.05538033     0.10227607
   16.7967968     0.05450923     0.08504410
   16.8368368     0.07209384     0.09272339
   16.8768769     0.09093372     0.10993697
   16.9169169     0.10043909     0.11628419
   16.9569570     0.10336308     0.10839803
   16.9969970     0.10610841     0.09981186
   17.0370370     0.11129527     0.09811052
   17.0770771     0.12494229     0.09628708
   17.1171171     0.15998533     0.09055308
   17.1571572     0.22473243     0.09078661
   17.1971972     0.30983149     0.10769364
   17.2372372     0.39043507     0.14042249
   17.2772773     0.44244405     0.17825221
   17.3173173     0.45161870     0.20860721
   17.3573574     0.41187697     0.22860008
   17.3973974     0.33031481     0.25415425
   17.4374374     0.23139227     0.30620641
   17.4774775     0.14594384     0.37856097
   17.5175175     0.09502658     0.43294317
   17.5575576     0.07911208     0.43357412
   17.5975976     0.07985778     0.37483044
   17.6376376     0.08035888     0.27756837
   17.6776777     0.08543601     0.17355230
   17.7177177     0.11331145     0.09129614
   17.7577578     0.16693808     0.04614322
   17.7977978     0.22669555     0.04099090
   17.8378378     0.27598986     0.07352981
   17.8778779     0.31823282     0.13713159
   17.9179179     0.36194278     0.21679099
   17.9579580     0.40460636     0.29204287
   17.9979980     0.43559009     0.34517262
   18.0380380     0.44654581     0.36700319
   18.0780781     0.43726647     0.36534858
   18.1181181     0.41164977     0.36787851
   18.1581582     0.37084153     0.39619065
   18.1981982     0.31565339     0.43452989
   18.2382382     0.25609106     0.44411721
   18.2782783     0.21247192     0.40884303
   18.3183183     0.20037045     0.34999622
   18.3583584     0.21517461     0.29611598
   18.3983984     0.23703911     0.25493602
   18.4384384     0.25150000     0.22171872
   18.4784785     0.25744373     0.19954418
   18.5185185     0.25512551     0.19608288
   18.5585586     0.24077976     0.21113818
   18.5985986     0.21503492     0.23762139
   18.6386386     0.18588513     0.26329340
   18.6786787     0.16192939     0.27332463
   18.7187187     0.14450851     0.26375702
   18.7587588     0.12911602     0.24360841
   18.7987988     0.11859722     0.21977923
   18.8388388     0.12584169     0.19216131
   18.8788789     0.15382031     0.16245355
   18.9189189     0.18335641     0.13967883
   18.9589590     0.19214999     0.13530612
   18.9989990     0.17826446     0.15166374
   19.0390390     0.15506692     0.17617757
   19.0790791     0.13302952     0.18976940
   19.1191191     0.11940127     0.18144962
   19.1591592     0.12501503     0.15538344
   19.1991992     0.15381538     0.12489659
   19.2392392     0.18846624     0.10198765
   19.2792793     0.20015621     0.09357339
   19.3193193     0.17679094     0.10212378
   19.3593594     0.13506808     0.12563068
   19.3993994     0.10359039     0.15688948
   19.4394394     0.10080534     0.18125691
   19.4794795     0.12912060     0.18195547
   19.5195195     0.18126190     0.15922387
   19.5595596     0.24271746     0.13862939
   19.5995996     0.28968114     0.15023868
   19.6396396     0.29889336     0.20133674
   19.6796797     0.26606365     0.26805322
   19.7197197     0.21194847     0.31198228
   19.7597598     0.17028980     0.30971990
   19.7997998     0.16519188     0.26891980
   19.8398398     0.19268308     0.22135179
   19.8798799     0.22400092     0.20038021
   19.9199199     0.23168358     0.21370239
   19.9599600     0.21486938     0.23542232
   20.0000000     0.19659049     0.23116173
