#
#   partial DOS for atom species: Mn
#
#   Add data for atom_index =   1,  n,l,m,z=  4  0  0  1
#   Add data for atom_index =   1,  n,l,m,z=  4  0  0  2
#   Add data for atom_index =   1,  n,l,m,z=  4  0  0  3
#   Add data for atom_index =   2,  n,l,m,z=  4  0  0  1
#   Add data for atom_index =   2,  n,l,m,z=  4  0  0  2
#   Add data for atom_index =   2,  n,l,m,z=  4  0  0  3
#   Add data for atom_index =   3,  n,l,m,z=  4  0  0  1
#   Add data for atom_index =   3,  n,l,m,z=  4  0  0  2
#   Add data for atom_index =   3,  n,l,m,z=  4  0  0  3
#   Add data for atom_index =   4,  n,l,m,z=  4  0  0  1
#   Add data for atom_index =   4,  n,l,m,z=  4  0  0  2
#   Add data for atom_index =   4,  n,l,m,z=  4  0  0  3
#
#    Energy          spin 1        spin2
#
  -20.0000000     0.00000000     0.00000000
  -19.9599600     0.00000000     0.00000000
  -19.9199199     0.00000000     0.00000000
  -19.8798799     0.00000000     0.00000000
  -19.8398398     0.00000000     0.00000000
  -19.7997998     0.00000000     0.00000000
  -19.7597598     0.00000000     0.00000000
  -19.7197197     0.00000000     0.00000000
  -19.6796797     0.00000000     0.00000000
  -19.6396396     0.00000000     0.00000000
  -19.5995996     0.00000000     0.00000000
  -19.5595596     0.00000000     0.00000000
  -19.5195195     0.00000000     0.00000000
  -19.4794795     0.00000000     0.00000000
  -19.4394394     0.00000000     0.00000000
  -19.3993994     0.00000000     0.00000000
  -19.3593594     0.00000000     0.00000000
  -19.3193193     0.00000000     0.00000000
  -19.2792793     0.00000000     0.00000000
  -19.2392392     0.00000000     0.00000000
  -19.1991992     0.00000000     0.00000000
  -19.1591592     0.00000000     0.00000000
  -19.1191191     0.00000000     0.00000000
  -19.0790791     0.00000000     0.00000000
  -19.0390390     0.00000000     0.00000000
  -18.9989990     0.00000000     0.00000000
  -18.9589590     0.00000000     0.00000000
  -18.9189189     0.00000000     0.00000000
  -18.8788789     0.00000000     0.00000000
  -18.8388388     0.00000000     0.00000000
  -18.7987988     0.00000000     0.00000000
  -18.7587588     0.00000000     0.00000000
  -18.7187187     0.00000000     0.00000000
  -18.6786787     0.00000000     0.00000000
  -18.6386386     0.00000000     0.00000000
  -18.5985986     0.00000000     0.00000000
  -18.5585586     0.00000000     0.00000000
  -18.5185185     0.00000000     0.00000000
  -18.4784785     0.00000000     0.00000000
  -18.4384384     0.00000000     0.00000000
  -18.3983984     0.00000000     0.00000000
  -18.3583584     0.00000000     0.00000000
  -18.3183183     0.00000000     0.00000000
  -18.2782783     0.00000000     0.00000000
  -18.2382382     0.00000000     0.00000000
  -18.1981982     0.00000000     0.00000000
  -18.1581582     0.00000000     0.00000000
  -18.1181181     0.00000000     0.00000000
  -18.0780781     0.00000000     0.00000000
  -18.0380380     0.00000000     0.00000000
  -17.9979980     0.00000000     0.00000000
  -17.9579580     0.00000000     0.00000000
  -17.9179179     0.00000000     0.00000000
  -17.8778779     0.00000000     0.00000000
  -17.8378378     0.00000000     0.00000000
  -17.7977978     0.00000000     0.00000000
  -17.7577578     0.00000000     0.00000000
  -17.7177177     0.00000000     0.00000000
  -17.6776777     0.00000000     0.00000000
  -17.6376376     0.00000000     0.00000000
  -17.5975976     0.00000000     0.00000000
  -17.5575576     0.00000000     0.00000000
  -17.5175175     0.00000000     0.00000000
  -17.4774775     0.00000000     0.00000000
  -17.4374374     0.00000000     0.00000000
  -17.3973974     0.00000000     0.00000000
  -17.3573574     0.00000000     0.00000000
  -17.3173173     0.00000000     0.00000000
  -17.2772773     0.00000000     0.00000000
  -17.2372372     0.00000000     0.00000000
  -17.1971972     0.00000000     0.00000000
  -17.1571572     0.00000000     0.00000000
  -17.1171171     0.00000000     0.00000000
  -17.0770771     0.00000000     0.00000000
  -17.0370370     0.00000000     0.00000000
  -16.9969970     0.00000000     0.00000000
  -16.9569570     0.00000000     0.00000000
  -16.9169169     0.00000000     0.00000000
  -16.8768769     0.00000000     0.00000000
  -16.8368368     0.00000000     0.00000000
  -16.7967968     0.00000000     0.00000000
  -16.7567568     0.00000004     0.00000003
  -16.7167167     0.00000076     0.00000059
  -16.6766767     0.00000987     0.00000782
  -16.6366366     0.00009247     0.00007561
  -16.5965966     0.00062900     0.00053042
  -16.5565566     0.00310482     0.00270022
  -16.5165165     0.01112170     0.00997529
  -16.4764765     0.02891035     0.02674237
  -16.4364364     0.05453593     0.05202615
  -16.3963964     0.07465511     0.07344983
  -16.3563564     0.07416239     0.07525015
  -16.3163163     0.05346325     0.05594629
  -16.2762763     0.02796883     0.03018441
  -16.2362362     0.01061795     0.01181793
  -16.1961962     0.00292519     0.00335774
  -16.1561562     0.00058481     0.00069231
  -16.1161161     0.00008484     0.00010359
  -16.0760761     0.00000893     0.00001125
  -16.0360360     0.00000069     0.00000089
  -15.9959960     0.00000013     0.00000012
  -15.9559560     0.00000163     0.00000124
  -15.9159159     0.00002191     0.00001717
  -15.8758759     0.00021396     0.00017300
  -15.8358358     0.00151681     0.00126572
  -15.7957958     0.00781126     0.00672642
  -15.7557558     0.02925673     0.02599404
  -15.7157157     0.07990217     0.07322156
  -15.6756757     0.16001923     0.15112879
  -15.6356356     0.23793172     0.23119889
  -15.5955956     0.26966345     0.26865658
  -15.5555556     0.24483016     0.24856532
  -15.5155155     0.19110134     0.19632321
  -15.4754755     0.13504239     0.14003562
  -15.4354354     0.08506079     0.08944720
  -15.3953954     0.04481761     0.04811622
  -15.3553554     0.01862217     0.02051003
  -15.3153153     0.00588631     0.00666844
  -15.2752753     0.00138872     0.00162041
  -15.2352352     0.00024566     0.00029381
  -15.1951952     0.00007565     0.00007323
  -15.1551552     0.00038797     0.00031413
  -15.1151151     0.00241537     0.00201345
  -15.0750751     0.01107117     0.00953817
  -15.0350350     0.03732988     0.03321289
  -14.9949950     0.09369134     0.08595172
  -14.9549550     0.17874540     0.16862083
  -14.9149149     0.26789931     0.25881222
  -14.8748749     0.32855307     0.32357319
  -14.8348348     0.34003523     0.34049693
  -14.7947948     0.29711864     0.30282573
  -14.7547548     0.21306079     0.22178564
  -14.7147147     0.12089443     0.12898536
  -14.6746747     0.05271267     0.05779301
  -14.6346346     0.01732182     0.01954791
  -14.5945946     0.00423764     0.00492756
  -14.5545546     0.00076577     0.00091811
  -14.5145145     0.00010230     0.00012621
  -14.4744745     0.00001868     0.00001934
  -14.4344344     0.00008932     0.00007104
  -14.3943944     0.00065332     0.00053416
  -14.3543544     0.00353338     0.00298403
  -14.3143143     0.01406976     0.01226902
  -14.2742743     0.04141073     0.03726982
  -14.2342342     0.09046862     0.08399847
  -14.1941942     0.14728518     0.14102448
  -14.1541542     0.17923359     0.17693174
  -14.1141141     0.16328301     0.16616799
  -14.0740741     0.11132050     0.11680415
  -14.0340340     0.05667572     0.06133218
  -13.9939940     0.02147402     0.02397673
  -13.9539540     0.00603373     0.00695274
  -13.9139139     0.00128755     0.00151708
  -13.8738739     0.00047154     0.00046197
  -13.8338338     0.00153828     0.00129962
  -13.7937938     0.00594294     0.00516151
  -13.7537538     0.01688650     0.01517932
  -13.7137137     0.03484195     0.03241735
  -13.6736737     0.05226901     0.05031479
  -13.6336336     0.05748119     0.05712379
  -13.5935936     0.04830011     0.04906033
  -13.5535536     0.03673942     0.03689242
  -13.5135135     0.03513617     0.03386123
  -13.4734735     0.04085700     0.03954382
  -13.4334334     0.03781665     0.03883297
  -13.3933934     0.01362805     0.01750854
  -13.3533534    -0.02281167    -0.01907242
  -13.3133133    -0.03995568    -0.04135222
  -13.2732733    -0.00881777    -0.01735012
  -13.2332332     0.05940580     0.04868946
  -13.1931932     0.11319946     0.10822734
  -13.1531532     0.11477775     0.11775219
  -13.1131131     0.07898778     0.08486847
  -13.0730731     0.04752998     0.05048513
  -13.0330330     0.04611619     0.04415398
  -12.9929930     0.07198145     0.06695083
  -12.9529530     0.10209770     0.09779457
  -12.9129129     0.11249789     0.11108717
  -12.8728729     0.10229088     0.10188140
  -12.8328328     0.09251480     0.09037485
  -12.7927928     0.09602073     0.09320111
  -12.7527528     0.10168682     0.10155042
  -12.7127127     0.09331955     0.09669556
  -12.6726727     0.07077329     0.07550785
  -12.6326326     0.04438891     0.04889749
  -12.5925926     0.01789225     0.02260704
  -12.5525526    -0.01169485    -0.00652465
  -12.5125125    -0.03862636    -0.03502650
  -12.4724725    -0.04521406    -0.04603569
  -12.4324324    -0.02233591    -0.02772583
  -12.3923924     0.01466132     0.00790631
  -12.3523524     0.04021947     0.03564157
  -12.3123123     0.04288754     0.04191794
  -12.2722723     0.02896874     0.03107236
  -12.2322322     0.00958493     0.01338714
  -12.1921922    -0.00747010    -0.00358831
  -12.1521522    -0.01655416    -0.01437551
  -12.1121121    -0.01268020    -0.01374016
  -12.0720721     0.00527296     0.00098727
  -12.0320320     0.02869334     0.02394286
  -11.9919920     0.03924801     0.03823088
  -11.9519520     0.02297837     0.02733237
  -11.9119119    -0.01261071    -0.00593705
  -11.8718719    -0.04291718    -0.03850019
  -11.8318318    -0.05084334    -0.05027628
  -11.7917918    -0.04030285    -0.04193819
  -11.7517518    -0.02489801    -0.02674608
  -11.7117117    -0.01246783    -0.01390128
  -11.6716717    -0.00273958    -0.00414107
  -11.6316316     0.00667175     0.00491875
  -11.5915916     0.01518522     0.01344430
  -11.5515516     0.01940457     0.01847900
  -11.5115115     0.01772457     0.01778157
  -11.4714715     0.01274090     0.01315893
  -11.4314314     0.00798748     0.00832166
  -11.3913914     0.00457541     0.00498745
  -11.3513514     0.00195117     0.00263144
  -11.3113113    -0.00027954     0.00047515
  -11.2712713    -0.00223908    -0.00169114
  -11.2312312    -0.00396325    -0.00369063
  -11.1911912    -0.00477975    -0.00480343
  -11.1511512    -0.00329989    -0.00376044
  -11.1111111     0.00096608     0.00008793
  -11.0710711     0.00605849     0.00523987
  -11.0310310     0.00855133     0.00841570
  -10.9909910     0.00656952     0.00726555
  -10.9509510     0.00148375     0.00252964
  -10.9109109    -0.00335631    -0.00267599
  -10.8708709    -0.00517688    -0.00529385
  -10.8308308    -0.00362168    -0.00439190
  -10.7907908    -0.00065637    -0.00154010
  -10.7507508     0.00145759     0.00090803
  -10.7107107     0.00195734     0.00182794
  -10.6706707     0.00146574     0.00157556
  -10.6306306     0.00090135     0.00099967
  -10.5905906     0.00086923     0.00074566
  -10.5505506     0.00166328     0.00119533
  -10.5105105     0.00331241     0.00254598
  -10.4704705     0.00560982     0.00475828
  -10.4304304     0.00847000     0.00764228
  -10.3903904     0.01215640     0.01113075
  -10.3503504     0.01670733     0.01524606
  -10.3103103     0.02151574     0.01987651
  -10.2702703     0.02618182     0.02497915
  -10.2302302     0.03118043     0.03075878
  -10.1901902     0.03605634     0.03651206
  -10.1501502     0.03734933     0.03897922
  -10.1101101     0.03158241     0.03438539
  -10.0700701     0.02054074     0.02358055
  -10.0300300     0.01000901     0.01217561
   -9.9899900     0.00370581     0.00472555
   -9.9499500     0.00125966     0.00154217
   -9.9099099     0.00076078     0.00075041
   -9.8698699     0.00094011     0.00083815
   -9.8298298     0.00143266     0.00126445
   -9.7897898     0.00221917     0.00203366
   -9.7497497     0.00315644     0.00314164
   -9.7097097     0.00434035     0.00456422
   -9.6696697     0.00756035     0.00745897
   -9.6296296     0.01696157     0.01543998
   -9.5895896     0.03521492     0.03204035
   -9.5495496     0.05630299     0.05346136
   -9.5095095     0.06591550     0.06629046
   -9.4694695     0.05524761     0.05934735
   -9.4294294     0.03168711     0.03697122
   -9.3893894     0.01039806     0.01419836
   -9.3493494    -0.00079135     0.00100581
   -9.3093093    -0.00445630    -0.00361666
   -9.2692693    -0.00658721    -0.00565733
   -9.2292292    -0.01041166    -0.00916143
   -9.1891892    -0.01485589    -0.01382866
   -9.1491491    -0.01684277    -0.01665484
   -9.1091091    -0.01511508    -0.01571184
   -9.0690691    -0.01149149    -0.01223371
   -9.0290290    -0.00854886    -0.00890811
   -8.9889890    -0.00732159    -0.00727771
   -8.9489490    -0.00719478    -0.00705954
   -8.9089089    -0.00704180    -0.00700896
   -8.8688689    -0.00627164    -0.00621169
   -8.8288288    -0.00490887    -0.00472940
   -8.7887888    -0.00271238    -0.00282808
   -8.7487488     0.00107571     0.00008321
   -8.7087087     0.00622106     0.00459457
   -8.6686687     0.01056522     0.00941768
   -8.6286286     0.01197052     0.01204609
   -8.5885886     0.01044735     0.01143655
   -8.5485485     0.00740911     0.00862948
   -8.5085085     0.00385222     0.00502705
   -8.4684685    -0.00001073     0.00127115
   -8.4284284    -0.00406334    -0.00250766
   -8.3883884    -0.00760690    -0.00607523
   -8.3483484    -0.00926608    -0.00859370
   -8.3083083    -0.00810106    -0.00885403
   -8.2682683    -0.00499176    -0.00663678
   -8.2282282    -0.00206511    -0.00348004
   -8.1881882    -0.00060713    -0.00125927
   -8.1481482    -0.00029813    -0.00044563
   -8.1081081    -0.00030387    -0.00033384
   -8.0680681    -0.00026944    -0.00029534
   -8.0280280    -0.00028636    -0.00024318
   -7.9879880    -0.00047494    -0.00032137
   -7.9479479    -0.00067945    -0.00055560
   -7.9079079    -0.00034865    -0.00063210
   -7.8678679     0.00111593     0.00008643
   -7.8278278     0.00350346     0.00196550
   -7.7877878     0.00523140     0.00419050
   -7.7477478     0.00379980     0.00451408
   -7.7077077    -0.00282399     0.00023978
   -7.6676677    -0.01402225    -0.00953069
   -7.6276276    -0.02482839    -0.02134736
   -7.5875876    -0.02850260    -0.02821247
   -7.5475475    -0.02310918    -0.02575958
   -7.5075075    -0.01357962    -0.01696122
   -7.4674675    -0.00586507    -0.00830450
   -7.4274274    -0.00182994    -0.00314924
   -7.3873874    -0.00040958    -0.00088779
   -7.3473473    -0.00065670    -0.00023155
   -7.3073073    -0.00241566    -0.00097671
   -7.2672673    -0.00517747    -0.00321223
   -7.2272272    -0.00732441    -0.00602109
   -7.1871872    -0.00720623    -0.00750137
   -7.1471472    -0.00503295    -0.00650378
   -7.1071071    -0.00289745    -0.00407864
   -7.0670671    -0.00279761    -0.00254346
   -7.0270270    -0.00499058    -0.00336925
   -6.9869870    -0.00776208    -0.00604307
   -6.9469470    -0.00868622    -0.00837591
   -6.9069069    -0.00684443    -0.00825318
   -6.8668669    -0.00352535    -0.00561559
   -6.8268268    -0.00017001    -0.00204947
   -6.7867868     0.00353150     0.00164722
   -6.7467467     0.00858509     0.00621021
   -6.7067067     0.01407852     0.01170003
   -6.6666667     0.01703420     0.01578779
   -6.6266266     0.01586503     0.01598453
   -6.5865866     0.01243455     0.01304032
   -6.5465466     0.00931651     0.00988327
   -6.5065065     0.00699520     0.00783843
   -6.4664665     0.00487558     0.00612809
   -6.4264264     0.00308439     0.00421122
   -6.3863864     0.00238149     0.00274511
   -6.3463464     0.00326592     0.00265592
   -6.3063063     0.00543926     0.00418768
   -6.2662663     0.00768155     0.00656637
   -6.2262262     0.00846804     0.00825084
   -6.1861862     0.00738869     0.00807708
   -6.1461461     0.00593673     0.00659747
   -6.1061061     0.00645753     0.00593627
   -6.0660661     0.01020645     0.00807345
   -6.0260260     0.01602404     0.01310419
   -5.9859860     0.02068762     0.01865877
   -5.9459459     0.02167533     0.02152159
   -5.9059059     0.01996155     0.02091376
   -5.8658659     0.01845508     0.01923282
   -5.8258258     0.01765530     0.01829899
   -5.7857858     0.01535643     0.01673803
   -5.7457458     0.01069018     0.01279404
   -5.7057057     0.00560779     0.00750837
   -5.6656657     0.00217015     0.00327162
   -5.6256256     0.00061569     0.00104680
   -5.5855856     0.00012846     0.00024540
   -5.5455455     0.00002569     0.00004430
   -5.5055055     0.00005263     0.00002611
   -5.4654655     0.00029739     0.00014152
   -5.4254254     0.00127049     0.00069332
   -5.3853854     0.00394112     0.00247317
   -5.3453453     0.00887192     0.00640245
   -5.3053053     0.01449317     0.01202778
   -5.2652653     0.01718132     0.01639728
   -5.2252252     0.01478077     0.01622206
   -5.1851852     0.00922752     0.01164628
   -5.1451452     0.00418043     0.00606759
   -5.1051051     0.00137437     0.00229400
   -5.0650651     0.00032796     0.00062941
   -5.0250250     0.00005760     0.00012566
   -4.9849850     0.00001487     0.00002172
   -4.9449449     0.00005397     0.00002956
   -4.9049049     0.00027317     0.00015727
   -4.8648649     0.00105024     0.00066760
   -4.8248248     0.00306383     0.00214458
   -4.7847848     0.00685026     0.00526571
   -4.7447447     0.01181931     0.00996675
   -4.7047047     0.01575755     0.01459221
   -4.6646647     0.01616932     0.01648438
   -4.6246246     0.01273304     0.01429698
   -4.5845846     0.00792621     0.00961533
   -4.5445445     0.00481172     0.00561913
   -4.5045045     0.00481575     0.00444684
   -4.4644645     0.00793149     0.00642333
   -4.4244244     0.01466283     0.01160225
   -4.3843844     0.02676800     0.02143737
   -4.3443443     0.04348262     0.03687897
   -4.3043043     0.05687443     0.05286218
   -4.2642643     0.05719471     0.05890475
   -4.2242242     0.04525373     0.05076193
   -4.1841842     0.03253232     0.03705749
   -4.1441441     0.02787594     0.02912970
   -4.1041041     0.03091879     0.02986669
   -4.0640641     0.03696458     0.03538686
   -4.0240240     0.04084378     0.04040279
   -3.9839840     0.03811164     0.03985540
   -3.9439439     0.02900199     0.03212247
   -3.9039039     0.01918201     0.02172767
   -3.8638639     0.01329441     0.01448166
   -3.8238238     0.01103791     0.01148904
   -3.7837838     0.01067519     0.01079442
   -3.7437437     0.01199787     0.01163924
   -3.7037037     0.01424346     0.01377800
   -3.6636637     0.01468799     0.01501328
   -3.6236236     0.01160516     0.01293398
   -3.5835836     0.00652550     0.00811801
   -3.5435435     0.00209866     0.00324359
   -3.5035035    -0.00052739     0.00004507
   -3.4634635    -0.00156599    -0.00139153
   -3.4234234    -0.00154273    -0.00158757
   -3.3833834    -0.00101293    -0.00113149
   -3.3433433    -0.00047562    -0.00057067
   -3.3033033    -0.00016175    -0.00020794
   -3.2632633    -0.00004140    -0.00005567
   -3.2232232    -0.00002172    -0.00001831
   -3.1831832    -0.00009986    -0.00005951
   -3.1431431    -0.00048843    -0.00031476
   -3.1031031    -0.00176151    -0.00124441
   -3.0630631    -0.00468104    -0.00361536
   -3.0230230    -0.00931553    -0.00781950
   -2.9829830    -0.01430119    -0.01291289
   -2.9429429    -0.01768621    -0.01694369
   -2.9029029    -0.01834787    -0.01846107
   -2.8628629    -0.01609654    -0.01703930
   -2.8228228    -0.01156614    -0.01303666
   -2.7827828    -0.00647647    -0.00789238
   -2.7427427    -0.00258675    -0.00354314
   -2.7027027    -0.00020982    -0.00078844
   -2.6626627     0.00152065     0.00103349
   -2.6226226     0.00315171     0.00271994
   -2.5825826     0.00389503     0.00391577
   -2.5425425     0.00188160     0.00297624
   -2.5025025    -0.00433340    -0.00188741
   -2.4624625    -0.01342382    -0.01044601
   -2.4224224    -0.02023675    -0.01861175
   -2.3823824    -0.01960947    -0.02055778
   -2.3423423    -0.01229544    -0.01486434
   -2.3023023    -0.00422931    -0.00645545
   -2.2622623     0.00018793    -0.00080724
   -2.2222222     0.00117268     0.00100942
   -2.1821822     0.00099527     0.00101007
   -2.1421421     0.00130958     0.00114844
   -2.1021021     0.00274787     0.00231927
   -2.0620621     0.00514646     0.00456067
   -2.0220220     0.00753689     0.00707949
   -1.9819820     0.00860247     0.00855438
   -1.9419419     0.00768424     0.00808786
   -1.9019019     0.00534516     0.00596725
   -1.8618619     0.00285797     0.00339606
   -1.8218218     0.00115615     0.00146778
   -1.7817818     0.00034648     0.00047351
   -1.7417417     0.00005548     0.00010111
   -1.7017017    -0.00012127    -0.00006273
   -1.6616617    -0.00058151    -0.00039190
   -1.6216216    -0.00185127    -0.00137084
   -1.5815816    -0.00432482    -0.00349539
   -1.5415415    -0.00756225    -0.00662781
   -1.5015015    -0.01024819    -0.00962163
   -1.4614615    -0.01137507    -0.01124208
   -1.4214214    -0.01091294    -0.01120834
   -1.3813814    -0.00911561    -0.00977041
   -1.3413413    -0.00632473    -0.00719422
   -1.3013013    -0.00343423    -0.00421264
   -1.2612613    -0.00139568    -0.00186741
   -1.2212212    -0.00040772    -0.00060343
   -1.1811812    -0.00007677    -0.00013275
   -1.1411411    -0.00000287    -0.00001353
   -1.1011011     0.00000470     0.00000376
   -1.0610611     0.00000236     0.00000261
   -1.0210210     0.00000071     0.00000085
   -0.9809810     0.00000015     0.00000019
   -0.9409409     0.00000002     0.00000003
   -0.9009009     0.00000000     0.00000000
   -0.8608609     0.00000000     0.00000000
   -0.8208208    -0.00000000    -0.00000000
   -0.7807808    -0.00000000    -0.00000000
   -0.7407407    -0.00000002    -0.00000001
   -0.7007007    -0.00000018    -0.00000010
   -0.6606607    -0.00000123    -0.00000076
   -0.6206206    -0.00000614    -0.00000414
   -0.5805806    -0.00002225    -0.00001632
   -0.5405405    -0.00005851    -0.00004675
   -0.5005005    -0.00011147    -0.00009707
   -0.4604605    -0.00015195    -0.00014510
   -0.4204204    -0.00012980    -0.00014531
   -0.3803804     0.00006273    -0.00001488
   -0.3403403     0.00081770     0.00053423
   -0.3003003     0.00315169     0.00234997
   -0.2602603     0.00832683     0.00675888
   -0.2202202     0.01587210     0.01396134
   -0.1801802     0.02194162     0.02090492
   -0.1401401     0.02201011     0.02271257
   -0.1001001     0.01602213     0.01790713
   -0.0600601     0.00846379     0.01024549
   -0.0200200     0.00324457     0.00425389
    0.0200200     0.00090260     0.00128170
    0.0600601     0.00018222     0.00028024
    0.1001001     0.00002672     0.00004448
    0.1401401     0.00000319     0.00000532
    0.1801802     0.00000347     0.00000242
    0.2202202     0.00002180     0.00001443
    0.2602603     0.00010593     0.00007541
    0.3003003     0.00037376     0.00028649
    0.3403403     0.00095714     0.00078988
    0.3803804     0.00177988     0.00158104
    0.4204204     0.00241457     0.00230391
    0.4604605     0.00247347     0.00249710
    0.5005005     0.00236964     0.00232660
    0.5405405     0.00369051     0.00310695
    0.5805806     0.00863711     0.00701056
    0.6206206     0.01805133     0.01546048
    0.6606607     0.02917370     0.02663777
    0.7007007     0.03726840     0.03583634
    0.7407407     0.04058855     0.04025574
    0.7807808     0.04037478     0.04082700
    0.8208208     0.03620396     0.03776892
    0.8608609     0.02702231     0.02969724
    0.9009009     0.01562938     0.01835485
    0.9409409     0.00674014     0.00851611
    0.9809810     0.00213152     0.00290556
    1.0210210     0.00049110     0.00072301
    1.0610611     0.00008223     0.00013080
    1.1011011     0.00001000     0.00001718
    1.1411411     0.00000088     0.00000164
    1.1811812     0.00000006     0.00000011
    1.2212212     0.00000000     0.00000001
    1.2612613     0.00000000     0.00000000
    1.3013013     0.00000000     0.00000000
    1.3413413     0.00000000     0.00000000
    1.3813814     0.00000000     0.00000000
    1.4214214     0.00000001     0.00000001
    1.4614615     0.00000025     0.00000014
    1.5015015     0.00000353     0.00000210
    1.5415415     0.00003675     0.00002331
    1.5815816     0.00028208     0.00019051
    1.6216216     0.00159797     0.00114917
    1.6616617     0.00668026     0.00511439
    1.7017017     0.02060041     0.01678742
    1.7417417     0.04688362     0.04064856
    1.7817818     0.07913680     0.07287343
    1.8218218     0.10122543     0.09836579
    1.8618619     0.10539008     0.10594104
    1.9019019     0.10475881     0.10495724
    1.9419419     0.11390420     0.11198097
    1.9819820     0.12579690     0.12424935
    2.0220220     0.12809720     0.12789655
    2.0620621     0.13251544     0.12968456
    2.1021021     0.16216558     0.15361656
    2.1421421     0.21559784     0.20431332
    2.1821822     0.26862442     0.25942411
    2.2222222     0.30555036     0.29995188
    2.2622623     0.32116428     0.32028324
    2.3023023     0.30128962     0.30833713
    2.3423423     0.23586054     0.25085161
    2.3823824     0.14576640     0.16251794
    2.4224224     0.06883589     0.08083851
    2.4624625     0.02441373     0.03027404
    2.5025025     0.00647117     0.00846952
    2.5425425     0.00135319     0.00182850
    2.5825826     0.00035421     0.00042757
    2.6226226     0.00023470     0.00024196
    2.6626627     0.00019414     0.00020179
    2.7027027     0.00012486     0.00013577
    2.7427427     0.00005901     0.00006718
    2.7827828     0.00002416     0.00002669
    2.8228228     0.00003589     0.00002771
    2.8628629     0.00016780     0.00012435
    2.9029029     0.00065896     0.00051658
    2.9429429     0.00191909     0.00159453
    2.9829830     0.00419041     0.00367631
    3.0230230     0.00707345     0.00650225
    3.0630631     0.00983504     0.00932120
    3.1031031     0.01281697     0.01214246
    3.1431431     0.01857455     0.01709504
    3.1831832     0.03050477     0.02768323
    3.2232232     0.04850551     0.04481436
    3.2632633     0.06658525     0.06348919
    3.3033033     0.07698617     0.07580174
    3.3433433     0.07531228     0.07653759
    3.3833834     0.06176239     0.06499359
    3.4234234     0.04185357     0.04564072
    3.4634635     0.02499159     0.02751063
    3.5035035     0.01853045     0.01882094
    3.5435435     0.02327418     0.02171223
    3.5835836     0.03392115     0.03180767
    3.6236236     0.04313098     0.04174834
    3.6636637     0.04624997     0.04616398
    3.7037037     0.04218520     0.04341718
    3.7437437     0.03202803     0.03421282
    3.7837838     0.01937202     0.02165664
    3.8238238     0.00910193     0.01064602
    3.8638639     0.00410262     0.00457927
    3.9039039     0.00546296     0.00463924
    3.9439439     0.01570101     0.01292668
    3.9839840     0.03788429     0.03283426
    4.0240240     0.06861693     0.06271767
    4.0640641     0.09577364     0.09159107
    4.1041041     0.10931348     0.10798373
    4.1441441     0.10897046     0.11005067
    4.1841842     0.09641892     0.09983379
    4.2242242     0.07200458     0.07738019
    4.2642643     0.04302776     0.04826880
    4.3043043     0.02261562     0.02530776
    4.3443443     0.02003395     0.01899965
    4.3843844     0.03774821     0.03301777
    4.4244244     0.07105700     0.06411525
    4.4644645     0.10687888     0.10047223
    4.5045045     0.13095437     0.12717871
    4.5445445     0.13699526     0.13658682
    4.5845846     0.12398809     0.12745116
    4.6246246     0.09363160     0.10042037
    4.6646647     0.05591499     0.06325902
    4.7047047     0.02538222     0.03046587
    4.7447447     0.00881270     0.01105729
    4.7847848     0.00360313     0.00374305
    4.8248248     0.00600115     0.00419423
    4.8648649     0.01570335     0.01130613
    4.9049049     0.03306143     0.02605341
    4.9449449     0.05456420     0.04665289
    4.9849850     0.07339212     0.06703546
    5.0250250     0.08444539     0.08099706
    5.0650651     0.08778970     0.08662076
    5.1051051     0.08863287     0.08744293
    5.1451452     0.09248567     0.08984439
    5.1851852     0.09659733     0.09500941
    5.2252252     0.09037986     0.09417729
    5.2652653     0.06894210     0.07844232
    5.3053053     0.04076141     0.05139511
    5.3453453     0.01823151     0.02565714
    5.3853854     0.00609081     0.00960497
    5.4254254     0.00150819     0.00267182
    5.4654655     0.00027538     0.00054898
    5.5055055     0.00003727     0.00008311
    5.5455455     0.00000929     0.00001180
    5.5855856     0.00006921     0.00003555
    5.6256256     0.00061325     0.00033898
    5.6656657     0.00398315     0.00241001
    5.7057057     0.01889976     0.01251438
    5.7457458     0.06553342     0.04746940
    5.7857858     0.16618653     0.13161219
    5.8258258     0.30903809     0.26723695
    5.8658659     0.42536063     0.40007066
    5.9059059     0.44731509     0.45193417
    5.9459459     0.39516110     0.41426317
    5.9859860     0.35344036     0.36383258
    6.0260260     0.35795139     0.35840376
    6.0660661     0.36101855     0.36733905
    6.1061061     0.30867705     0.32893742
    6.1461461     0.20744948     0.23386116
    6.1861862     0.10638767     0.12725706
    6.2262262     0.04120096     0.05226678
    6.2662663     0.01289007     0.01678519
    6.3063063     0.00639770     0.00681136
    6.3463464     0.01009981     0.00904341
    6.3863864     0.01813574     0.01661458
    6.4264264     0.02573928     0.02466970
    6.4664665     0.02845763     0.02849225
    6.5065065     0.02499872     0.02603546
    6.5465466     0.01813437     0.01946667
    6.5865866     0.01193227     0.01286986
    6.6266266     0.00919001     0.00924556
    6.6666667     0.01285480     0.01106497
    6.7067067     0.02999000     0.02407803
    6.7467467     0.07170914     0.05891736
    6.7867868     0.14148318     0.12257006
    6.8268268     0.21696208     0.20005891
    6.8668669     0.25327839     0.24969449
    6.9069069     0.22250416     0.23525591
    6.9469470     0.14582150     0.16576332
    6.9869870     0.07084126     0.08672179
    7.0270270     0.02569118     0.03373429
    7.0670671     0.00827391     0.01080809
    7.1071071     0.00647754     0.00634745
    7.1471472     0.01363397     0.01181064
    7.1871872     0.03094054     0.02662679
    7.2272272     0.06557600     0.05702308
    7.2672673     0.12263296     0.10962220
    7.3073073     0.19057809     0.17690932
    7.3473473     0.24360480     0.23433996
    7.3873874     0.26798041     0.26432197
    7.4274274     0.26957113     0.27043525
    7.4674675     0.25156783     0.25731276
    7.5075075     0.21423935     0.22309264
    7.5475475     0.17779808     0.18259565
    7.5875876     0.17374610     0.16835127
    7.6276276     0.20561216     0.19393286
    7.6676677     0.23378191     0.22843536
    7.7077077     0.21445742     0.22331154
    7.7477478     0.15066262     0.16774550
    7.7877878     0.08640553     0.09975949
    7.8278278     0.05790541     0.06128689
    7.8678679     0.07164003     0.06536400
    7.9079079     0.11805028     0.10477662
    7.9479479     0.18008364     0.16498733
    7.9879880     0.22880615     0.22024184
    8.0280280     0.23544565     0.23892180
    8.0680681     0.19833853     0.21058374
    8.1081081     0.14360741     0.15673013
    8.1481482     0.09624214     0.10574242
    8.1881882     0.06259476     0.06873357
    8.2282282     0.03850842     0.04271839
    8.2682683     0.02124679     0.02405579
    8.3083083     0.01054102     0.01212035
    8.3483484     0.00500191     0.00580949
    8.3883884     0.00212374     0.00262587
    8.4284284     0.00032287     0.00068062
    8.4684685    -0.00073089    -0.00054198
    8.5085085    -0.00106935    -0.00104028
    8.5485485    -0.00097374    -0.00101599
    8.5885886    -0.00078285    -0.00082489
    8.6286286    -0.00050464    -0.00057596
    8.6686687     0.00047504     0.00020473
    8.7087087     0.00399636     0.00309651
    8.7487488     0.01389904     0.01155747
    8.7887888     0.03505964     0.03032135
    8.8288288     0.07019830     0.06244193
    8.8688689     0.11837365     0.10756817
    8.9089089     0.17455862     0.16226411
    8.9489490     0.22281427     0.21408334
    8.9889890     0.23455279     0.23587891
    9.0290290     0.19353373     0.20557283
    9.0690691     0.12091324     0.13635665
    9.1091091     0.05616060     0.06738674
    9.1491491     0.01939252     0.02468349
    9.1891892     0.00537353     0.00701874
    9.2292292     0.00193344     0.00219962
    9.2692693     0.00214317     0.00191498
    9.3093093     0.00536216     0.00441656
    9.3493494     0.01536413     0.01283241
    9.3893894     0.03717059     0.03241246
    9.4294294     0.07024920     0.06424931
    9.4694695     0.10225568     0.09800135
    9.5095095     0.11416282     0.11448806
    9.5495496     0.09726260     0.10196177
    9.5895896     0.06316959     0.06905995
    9.6296296     0.03304126     0.03693215
    9.6696697     0.02024841     0.02101355
    9.7097097     0.02521722     0.02358420
    9.7497497     0.03893874     0.03678048
    9.7897898     0.04788399     0.04727621
    9.8298298     0.04321753     0.04479826
    9.8698699     0.02839982     0.03089731
    9.9099099     0.01401060     0.01578098
    9.9499500     0.00774261     0.00781065
    9.9899900     0.01432961     0.01154432
   10.0300300     0.04105474     0.03360772
   10.0700701     0.09233312     0.08033399
   10.1101101     0.15246460     0.14124326
   10.1501502     0.18598574     0.18287630
   10.1901902     0.17341830     0.17905753
   10.2302302     0.13656748     0.14391999
   10.2702703     0.10904019     0.11288040
   10.3103103     0.09609981     0.09814276
   10.3503504     0.08265708     0.08589223
   10.3903904     0.06570397     0.06886889
   10.4304304     0.05821397     0.05829201
   10.4704705     0.06607173     0.06343609
   10.5105105     0.07619852     0.07474051
   10.5505506     0.07157335     0.07404297
   10.5905906     0.05092098     0.05601919
   10.6306306     0.02717934     0.03178991
   10.6706707     0.01167723     0.01411548
   10.7107107     0.00726134     0.00751579
   10.7507508     0.01298797     0.01143778
   10.7907908     0.02681873     0.02412952
   10.8308308     0.04211687     0.03989234
   10.8708709     0.04817359     0.04815749
   10.9109109     0.03999751     0.04220833
   10.9509510     0.02409984     0.02684709
   10.9909910     0.01053766     0.01239211
   11.0310310     0.00334388     0.00415102
   11.0710711     0.00077302     0.00101097
   11.1111111     0.00015879     0.00019845
   11.1511512     0.00022883     0.00017615
   11.1911912     0.00110161     0.00084000
   11.2312312     0.00414543     0.00334156
   11.2712713     0.01144175     0.00975396
   11.3113113     0.02336439     0.02101102
   11.3513514     0.03638806     0.03424183
   11.3913914     0.04709879     0.04537464
   11.4314314     0.06000328     0.05712334
   11.4714715     0.08487578     0.07916774
   11.5115115     0.12093091     0.11387252
   11.5515516     0.14859429     0.14487955
   11.5915916     0.14648264     0.14914124
   11.6316316     0.11895207     0.12478109
   11.6716717     0.09793786     0.10008956
   11.7117117     0.10936477     0.10517773
   11.7517518     0.14124375     0.13585100
   11.7917918     0.15458411     0.15515025
   11.8318318     0.12839229     0.13571030
   11.8718719     0.08169667     0.09017746
   11.9119119     0.04621690     0.05104860
   11.9519520     0.03344821     0.03446348
   11.9919920     0.03399529     0.03359517
   12.0320320     0.03516375     0.03517426
   12.0720721     0.03233879     0.03291664
   12.1121121     0.02795186     0.02843424
   12.1521522     0.02490100     0.02499160
   12.1921922     0.02369502     0.02342759
   12.2322322     0.02636840     0.02489552
   12.2722723     0.04096575     0.03616715
   12.3123123     0.07576577     0.06665331
   12.3523524     0.12332231     0.11339964
   12.3923924     0.15585726     0.15181506
   12.4324324     0.14918642     0.15408036
   12.4724725     0.11041191     0.11987316
   12.5125125     0.07122488     0.07811406
   12.5525526     0.05672857     0.05767779
   12.5925926     0.06746335     0.06442034
   12.6326326     0.08500465     0.08241473
   12.6726727     0.09025707     0.09089699
   12.7127127     0.08005836     0.08292333
   12.7527528     0.06621120     0.06854103
   12.7927928     0.05982730     0.06015690
   12.8328328     0.06307028     0.06148499
   12.8728729     0.07301262     0.07035030
   12.9129129     0.08252070     0.08079700
   12.9529530     0.08049038     0.08195163
   12.9929930     0.06267774     0.06705885
   13.0330330     0.03843864     0.04309207
   13.0730731     0.01967128     0.02268395
   13.1131131     0.00943026     0.01088010
   13.1531532     0.00448678     0.00514792
   13.1931932     0.00194119     0.00226262
   13.2332332     0.00067740     0.00081842
   13.2732733     0.00017770     0.00022510
   13.3133133     0.00002929     0.00004198
   13.3533534    -0.00002237    -0.00001460
   13.3933934    -0.00009745    -0.00008098
   13.4334334    -0.00022209    -0.00020090
   13.4734735    -0.00017097    -0.00020558
   13.5135135     0.00085862     0.00060904
   13.5535536     0.00417741     0.00352659
   13.5935936     0.01043211     0.00940062
   13.6336336     0.01812233     0.01707383
   13.6736737     0.02408779     0.02348724
   13.7137137     0.02584400     0.02592511
   13.7537538     0.02286411     0.02357390
   13.7937938     0.01645100     0.01749599
   13.8338338     0.00930979     0.01026435
   13.8738739     0.00401186     0.00460392
   13.9139139     0.00128777     0.00154196
   13.9539540     0.00030602     0.00038179
   13.9939940     0.00007093     0.00008274
   14.0340340     0.00012372     0.00010240
   14.0740741     0.00054345     0.00045044
   14.1141141     0.00187510     0.00160490
   14.1541542     0.00499861     0.00437951
   14.1941942     0.01094250     0.00969013
   14.2342342     0.02109655     0.01877446
   14.2742743     0.03654951     0.03306038
   14.3143143     0.05429297     0.05084197
   14.3543544     0.06552093     0.06415185
   14.3943944     0.06367794     0.06498977
   14.4344344     0.05245696     0.05496858
   14.4744745     0.04038798     0.04252757
   14.5145145     0.03225456     0.03346342
   14.5545546     0.02911292     0.02935014
   14.5945946     0.03014110     0.02973782
   14.6346346     0.03250414     0.03211800
   14.6746747     0.03314111     0.03324267
   14.7147147     0.03113435     0.03168853
   14.7547548     0.02781580     0.02847170
   14.7947948     0.02453897     0.02517309
   14.8348348     0.02058403     0.02147668
   14.8748749     0.01480223     0.01603904
   14.9149149     0.00835626     0.00953146
   14.9549550     0.00353516     0.00427146
   14.9949950     0.00109884     0.00140999
   15.0350350     0.00024902     0.00033966
   15.0750751     0.00004102     0.00005950
   15.1151151     0.00000491     0.00000757
   15.1551552     0.00000043     0.00000070
   15.1951952     0.00000003     0.00000005
   15.2352352     0.00000000     0.00000000
   15.2752753     0.00000000     0.00000000
   15.3153153    -0.00000000    -0.00000000
   15.3553554    -0.00000000    -0.00000000
   15.3953954    -0.00000000    -0.00000000
   15.4354354    -0.00000000    -0.00000000
   15.4754755     0.00000000     0.00000000
   15.5155155     0.00000005     0.00000003
   15.5555556     0.00000079     0.00000052
   15.5955956     0.00001002     0.00000688
   15.6356356     0.00009198     0.00006636
   15.6756757     0.00061247     0.00046461
   15.7157157     0.00295947     0.00236061
   15.7557558     0.01037750     0.00870378
   15.7957958     0.02640694     0.02328834
   15.8358358     0.04876307     0.04521854
   15.8758759     0.06534487     0.06371503
   15.9159159     0.06354486     0.06515013
   15.9559560     0.04484561     0.04834473
   15.9959960     0.02299204     0.02604939
   16.0360360     0.00874215     0.01031467
   16.0760761     0.00343998     0.00371608
   16.1161161     0.00497465     0.00411692
   16.1561562     0.01311204     0.01092266
   16.1961962     0.02731890     0.02418759
   16.2362362     0.04152197     0.03918069
   16.2762763     0.04602044     0.04623284
   16.3163163     0.03798720     0.04035523
   16.3563564     0.02596949     0.02823485
   16.3963964     0.02047212     0.02103400
   16.4364364     0.02347876     0.02269193
   16.4764765     0.02927715     0.02837640
   16.5165165     0.03309673     0.03257936
   16.5565566     0.03545531     0.03504822
   16.5965966     0.03735452     0.03716723
   16.6366366     0.03675650     0.03725392
   16.6766767     0.03317122     0.03411491
   16.7167167     0.03027317     0.03087635
   16.7567568     0.03097721     0.03100266
   16.7967968     0.03345269     0.03344141
   16.8368368     0.03307208     0.03362550
   16.8768769     0.02709469     0.02823731
   16.9169169     0.01743008     0.01866526
   16.9569570     0.00854444     0.00940973
   16.9969970     0.00313582     0.00355319
   17.0370370     0.00085482     0.00099567
   17.0770771     0.00020428     0.00022700
   17.1171171     0.00033177     0.00024477
   17.1571572     0.00201208     0.00148491
   17.1971972     0.00954897     0.00744554
   17.2372372     0.03292848     0.02715205
   17.2772773     0.08240305     0.07185744
   17.3173173     0.14964509     0.13800299
   17.3573574     0.19721081     0.19233306
   17.3973974     0.18861249     0.19452930
   17.4374374     0.13101141     0.14286384
   17.4774775     0.06682427     0.07678842
   17.5175175     0.02900331     0.03358144
   17.5575576     0.02594813     0.02542748
   17.5975976     0.05848016     0.05347529
   17.6376376     0.12371958     0.11541840
   17.6776777     0.19784684     0.19010275
   17.7177177     0.23891121     0.23637621
   17.7577578     0.22698415     0.23012963
   17.7977978     0.18618171     0.19106989
   17.8378378     0.14999953     0.15359821
   17.8778779     0.12491742     0.12764065
   17.9179179     0.10063237     0.10373715
   17.9579580     0.07408607     0.07737962
   17.9979980     0.05265109     0.05482271
   18.0380380     0.04647589     0.04623529
   18.0780781     0.06106687     0.05826738
   18.1181181     0.08965527     0.08601651
   18.1581582     0.11379847     0.11194665
   18.1981982     0.11728837     0.11857858
   18.2382382     0.09856240     0.10216654
   18.2782783     0.06871235     0.07271943
   18.3183183     0.04098560     0.04397795
   18.3583584     0.02229015     0.02401717
   18.3983984     0.01206149     0.01295292
   18.4384384     0.00721348     0.00759822
   18.4784785     0.00594204     0.00592122
   18.5185185     0.00696061     0.00673384
   18.5585586     0.00808860     0.00800141
   18.5985986     0.00747896     0.00768678
   18.6386386     0.00577430     0.00599175
   18.6786787     0.00701702     0.00645279
   18.7187187     0.01981536     0.01697463
   18.7587588     0.05715809     0.05028890
   18.7987988     0.12430297     0.11397890
   18.8388388     0.19716223     0.18863294
   18.8788789     0.22782652     0.22737522
   18.9189189     0.19246433     0.20025247
   18.9589590     0.11976187     0.12979014
   18.9989990     0.05569083     0.06279096
   19.0390390     0.01986735     0.02327763
   19.0790791     0.00568652     0.00691329
   19.1191191     0.00140862     0.00176471
   19.1591592     0.00034856     0.00043561
   19.1991992     0.00016143     0.00016712
   19.2392392     0.00051880     0.00043176
   19.2792793     0.00257559     0.00216666
   19.3193193     0.00996963     0.00865095
   19.3593594     0.02898967     0.02595429
   19.3993994     0.06364420     0.05877223
   19.4394394     0.10614681     0.10113225
   19.4794795     0.13504403     0.13288042
   19.5195195     0.13143531     0.13371391
   19.5595596     0.09925186     0.10414439
   19.5995996     0.06375831     0.06751246
   19.6396396     0.04847393     0.04885638
   19.6796797     0.05576805     0.05386015
   19.7197197     0.06784701     0.06674101
   19.7597598     0.06550602     0.06711242
   19.7997998     0.04665659     0.05000034
   19.8398398     0.02426396     0.02718988
   19.8798799     0.00968646     0.01114583
   19.9199199     0.00529598     0.00534789
   19.9599600     0.01036195     0.00903276
   20.0000000     0.02602111     0.02307929
