#
#   partial DOS for atom species: Mn
#
#   Add data for atom_index =   1,  n,l,m,z=  3  2 -2  1
#   Add data for atom_index =   1,  n,l,m,z=  3  2 -1  1
#   Add data for atom_index =   1,  n,l,m,z=  3  2  0  1
#   Add data for atom_index =   1,  n,l,m,z=  3  2  1  1
#   Add data for atom_index =   1,  n,l,m,z=  3  2  2  1
#   Add data for atom_index =   1,  n,l,m,z=  3  2 -2  2
#   Add data for atom_index =   1,  n,l,m,z=  3  2 -1  2
#   Add data for atom_index =   1,  n,l,m,z=  3  2  0  2
#   Add data for atom_index =   1,  n,l,m,z=  3  2  1  2
#   Add data for atom_index =   1,  n,l,m,z=  3  2  2  2
#   Add data for atom_index =   1,  n,l,m,z=  3  2 -2  3
#   Add data for atom_index =   1,  n,l,m,z=  3  2 -1  3
#   Add data for atom_index =   1,  n,l,m,z=  3  2  0  3
#   Add data for atom_index =   1,  n,l,m,z=  3  2  1  3
#   Add data for atom_index =   1,  n,l,m,z=  3  2  2  3
#   Add data for atom_index =   2,  n,l,m,z=  3  2 -2  1
#   Add data for atom_index =   2,  n,l,m,z=  3  2 -1  1
#   Add data for atom_index =   2,  n,l,m,z=  3  2  0  1
#   Add data for atom_index =   2,  n,l,m,z=  3  2  1  1
#   Add data for atom_index =   2,  n,l,m,z=  3  2  2  1
#   Add data for atom_index =   2,  n,l,m,z=  3  2 -2  2
#   Add data for atom_index =   2,  n,l,m,z=  3  2 -1  2
#   Add data for atom_index =   2,  n,l,m,z=  3  2  0  2
#   Add data for atom_index =   2,  n,l,m,z=  3  2  1  2
#   Add data for atom_index =   2,  n,l,m,z=  3  2  2  2
#   Add data for atom_index =   2,  n,l,m,z=  3  2 -2  3
#   Add data for atom_index =   2,  n,l,m,z=  3  2 -1  3
#   Add data for atom_index =   2,  n,l,m,z=  3  2  0  3
#   Add data for atom_index =   2,  n,l,m,z=  3  2  1  3
#   Add data for atom_index =   2,  n,l,m,z=  3  2  2  3
#   Add data for atom_index =   3,  n,l,m,z=  3  2 -2  1
#   Add data for atom_index =   3,  n,l,m,z=  3  2 -1  1
#   Add data for atom_index =   3,  n,l,m,z=  3  2  0  1
#   Add data for atom_index =   3,  n,l,m,z=  3  2  1  1
#   Add data for atom_index =   3,  n,l,m,z=  3  2  2  1
#   Add data for atom_index =   3,  n,l,m,z=  3  2 -2  2
#   Add data for atom_index =   3,  n,l,m,z=  3  2 -1  2
#   Add data for atom_index =   3,  n,l,m,z=  3  2  0  2
#   Add data for atom_index =   3,  n,l,m,z=  3  2  1  2
#   Add data for atom_index =   3,  n,l,m,z=  3  2  2  2
#   Add data for atom_index =   3,  n,l,m,z=  3  2 -2  3
#   Add data for atom_index =   3,  n,l,m,z=  3  2 -1  3
#   Add data for atom_index =   3,  n,l,m,z=  3  2  0  3
#   Add data for atom_index =   3,  n,l,m,z=  3  2  1  3
#   Add data for atom_index =   3,  n,l,m,z=  3  2  2  3
#   Add data for atom_index =   4,  n,l,m,z=  3  2 -2  1
#   Add data for atom_index =   4,  n,l,m,z=  3  2 -1  1
#   Add data for atom_index =   4,  n,l,m,z=  3  2  0  1
#   Add data for atom_index =   4,  n,l,m,z=  3  2  1  1
#   Add data for atom_index =   4,  n,l,m,z=  3  2  2  1
#   Add data for atom_index =   4,  n,l,m,z=  3  2 -2  2
#   Add data for atom_index =   4,  n,l,m,z=  3  2 -1  2
#   Add data for atom_index =   4,  n,l,m,z=  3  2  0  2
#   Add data for atom_index =   4,  n,l,m,z=  3  2  1  2
#   Add data for atom_index =   4,  n,l,m,z=  3  2  2  2
#   Add data for atom_index =   4,  n,l,m,z=  3  2 -2  3
#   Add data for atom_index =   4,  n,l,m,z=  3  2 -1  3
#   Add data for atom_index =   4,  n,l,m,z=  3  2  0  3
#   Add data for atom_index =   4,  n,l,m,z=  3  2  1  3
#   Add data for atom_index =   4,  n,l,m,z=  3  2  2  3
#   Add data for atom_index =   5,  n,l,m,z=  3  2 -2  1
#   Add data for atom_index =   5,  n,l,m,z=  3  2 -1  1
#   Add data for atom_index =   5,  n,l,m,z=  3  2  0  1
#   Add data for atom_index =   5,  n,l,m,z=  3  2  1  1
#   Add data for atom_index =   5,  n,l,m,z=  3  2  2  1
#   Add data for atom_index =   5,  n,l,m,z=  3  2 -2  2
#   Add data for atom_index =   5,  n,l,m,z=  3  2 -1  2
#   Add data for atom_index =   5,  n,l,m,z=  3  2  0  2
#   Add data for atom_index =   5,  n,l,m,z=  3  2  1  2
#   Add data for atom_index =   5,  n,l,m,z=  3  2  2  2
#   Add data for atom_index =   5,  n,l,m,z=  3  2 -2  3
#   Add data for atom_index =   5,  n,l,m,z=  3  2 -1  3
#   Add data for atom_index =   5,  n,l,m,z=  3  2  0  3
#   Add data for atom_index =   5,  n,l,m,z=  3  2  1  3
#   Add data for atom_index =   5,  n,l,m,z=  3  2  2  3
#   Add data for atom_index =   6,  n,l,m,z=  3  2 -2  1
#   Add data for atom_index =   6,  n,l,m,z=  3  2 -1  1
#   Add data for atom_index =   6,  n,l,m,z=  3  2  0  1
#   Add data for atom_index =   6,  n,l,m,z=  3  2  1  1
#   Add data for atom_index =   6,  n,l,m,z=  3  2  2  1
#   Add data for atom_index =   6,  n,l,m,z=  3  2 -2  2
#   Add data for atom_index =   6,  n,l,m,z=  3  2 -1  2
#   Add data for atom_index =   6,  n,l,m,z=  3  2  0  2
#   Add data for atom_index =   6,  n,l,m,z=  3  2  1  2
#   Add data for atom_index =   6,  n,l,m,z=  3  2  2  2
#   Add data for atom_index =   6,  n,l,m,z=  3  2 -2  3
#   Add data for atom_index =   6,  n,l,m,z=  3  2 -1  3
#   Add data for atom_index =   6,  n,l,m,z=  3  2  0  3
#   Add data for atom_index =   6,  n,l,m,z=  3  2  1  3
#   Add data for atom_index =   6,  n,l,m,z=  3  2  2  3
#   Add data for atom_index =   7,  n,l,m,z=  3  2 -2  1
#   Add data for atom_index =   7,  n,l,m,z=  3  2 -1  1
#   Add data for atom_index =   7,  n,l,m,z=  3  2  0  1
#   Add data for atom_index =   7,  n,l,m,z=  3  2  1  1
#   Add data for atom_index =   7,  n,l,m,z=  3  2  2  1
#   Add data for atom_index =   7,  n,l,m,z=  3  2 -2  2
#   Add data for atom_index =   7,  n,l,m,z=  3  2 -1  2
#   Add data for atom_index =   7,  n,l,m,z=  3  2  0  2
#   Add data for atom_index =   7,  n,l,m,z=  3  2  1  2
#   Add data for atom_index =   7,  n,l,m,z=  3  2  2  2
#   Add data for atom_index =   7,  n,l,m,z=  3  2 -2  3
#   Add data for atom_index =   7,  n,l,m,z=  3  2 -1  3
#   Add data for atom_index =   7,  n,l,m,z=  3  2  0  3
#   Add data for atom_index =   7,  n,l,m,z=  3  2  1  3
#   Add data for atom_index =   7,  n,l,m,z=  3  2  2  3
#   Add data for atom_index =   8,  n,l,m,z=  3  2 -2  1
#   Add data for atom_index =   8,  n,l,m,z=  3  2 -1  1
#   Add data for atom_index =   8,  n,l,m,z=  3  2  0  1
#   Add data for atom_index =   8,  n,l,m,z=  3  2  1  1
#   Add data for atom_index =   8,  n,l,m,z=  3  2  2  1
#   Add data for atom_index =   8,  n,l,m,z=  3  2 -2  2
#   Add data for atom_index =   8,  n,l,m,z=  3  2 -1  2
#   Add data for atom_index =   8,  n,l,m,z=  3  2  0  2
#   Add data for atom_index =   8,  n,l,m,z=  3  2  1  2
#   Add data for atom_index =   8,  n,l,m,z=  3  2  2  2
#   Add data for atom_index =   8,  n,l,m,z=  3  2 -2  3
#   Add data for atom_index =   8,  n,l,m,z=  3  2 -1  3
#   Add data for atom_index =   8,  n,l,m,z=  3  2  0  3
#   Add data for atom_index =   8,  n,l,m,z=  3  2  1  3
#   Add data for atom_index =   8,  n,l,m,z=  3  2  2  3
#
#    Energy          spin 1        spin2
#
  -20.0000000     0.00000000     0.00000000
  -19.9599600     0.00000000     0.00000000
  -19.9199199     0.00000000     0.00000000
  -19.8798799     0.00000000     0.00000000
  -19.8398398     0.00000000     0.00000000
  -19.7997998     0.00000000     0.00000000
  -19.7597598     0.00000000     0.00000000
  -19.7197197     0.00000000     0.00000000
  -19.6796797     0.00000000     0.00000000
  -19.6396396     0.00000000     0.00000000
  -19.5995996     0.00000000     0.00000000
  -19.5595596     0.00000000     0.00000000
  -19.5195195     0.00000000     0.00000000
  -19.4794795     0.00000000     0.00000000
  -19.4394394     0.00000000     0.00000000
  -19.3993994     0.00000000     0.00000000
  -19.3593594     0.00000000     0.00000000
  -19.3193193     0.00000000     0.00000000
  -19.2792793     0.00000000     0.00000000
  -19.2392392     0.00000000     0.00000000
  -19.1991992     0.00000000     0.00000000
  -19.1591592     0.00000000     0.00000000
  -19.1191191     0.00000000     0.00000000
  -19.0790791     0.00000000     0.00000000
  -19.0390390     0.00000000     0.00000000
  -18.9989990     0.00000000     0.00000000
  -18.9589590     0.00000000     0.00000000
  -18.9189189     0.00000000     0.00000000
  -18.8788789     0.00000000     0.00000000
  -18.8388388     0.00000000     0.00000000
  -18.7987988     0.00000000     0.00000000
  -18.7587588     0.00000000     0.00000000
  -18.7187187     0.00000000     0.00000000
  -18.6786787     0.00000000     0.00000000
  -18.6386386     0.00000000     0.00000000
  -18.5985986     0.00000000     0.00000000
  -18.5585586     0.00000000     0.00000000
  -18.5185185     0.00000000     0.00000000
  -18.4784785     0.00000000     0.00000000
  -18.4384384     0.00000000     0.00000000
  -18.3983984     0.00000000     0.00000000
  -18.3583584     0.00000000     0.00000000
  -18.3183183     0.00000000     0.00000000
  -18.2782783     0.00000000     0.00000000
  -18.2382382     0.00000000     0.00000000
  -18.1981982     0.00000000     0.00000000
  -18.1581582     0.00000000     0.00000000
  -18.1181181     0.00000000     0.00000000
  -18.0780781     0.00000000     0.00000000
  -18.0380380     0.00000000     0.00000000
  -17.9979980     0.00000000     0.00000000
  -17.9579580     0.00000000     0.00000000
  -17.9179179     0.00000000     0.00000000
  -17.8778779     0.00000000     0.00000000
  -17.8378378     0.00000000     0.00000000
  -17.7977978     0.00000000     0.00000000
  -17.7577578     0.00000000     0.00000000
  -17.7177177     0.00000000     0.00000000
  -17.6776777     0.00000000     0.00000000
  -17.6376376     0.00000000     0.00000000
  -17.5975976     0.00000000     0.00000000
  -17.5575576     0.00000000     0.00000000
  -17.5175175     0.00000000     0.00000000
  -17.4774775     0.00000000     0.00000000
  -17.4374374     0.00000000     0.00000000
  -17.3973974     0.00000000     0.00000000
  -17.3573574     0.00000000     0.00000000
  -17.3173173     0.00000000     0.00000000
  -17.2772773     0.00000000     0.00000000
  -17.2372372     0.00000000     0.00000000
  -17.1971972     0.00000000     0.00000000
  -17.1571572     0.00000000     0.00000000
  -17.1171171     0.00000000     0.00000000
  -17.0770771     0.00000000     0.00000000
  -17.0370370     0.00000000     0.00000000
  -16.9969970     0.00000000     0.00000000
  -16.9569570     0.00000000     0.00000000
  -16.9169169     0.00000000     0.00000000
  -16.8768769     0.00000000     0.00000000
  -16.8368368     0.00000000     0.00000000
  -16.7967968    -0.00000000    -0.00000000
  -16.7567568    -0.00000000    -0.00000000
  -16.7167167    -0.00000000    -0.00000000
  -16.6766767    -0.00000000    -0.00000000
  -16.6366366    -0.00000000    -0.00000000
  -16.5965966    -0.00000001    -0.00000001
  -16.5565566    -0.00000007    -0.00000007
  -16.5165165    -0.00000029    -0.00000029
  -16.4764765    -0.00000084    -0.00000084
  -16.4364364    -0.00000178    -0.00000178
  -16.3963964    -0.00000273    -0.00000273
  -16.3563564    -0.00000304    -0.00000304
  -16.3163163    -0.00000246    -0.00000246
  -16.2762763    -0.00000145    -0.00000145
  -16.2362362    -0.00000065    -0.00000065
  -16.1961962    -0.00000055    -0.00000055
  -16.1561562    -0.00000286    -0.00000286
  -16.1161161    -0.00001594    -0.00001594
  -16.0760761    -0.00006570    -0.00006570
  -16.0360360    -0.00019745    -0.00019744
  -15.9959960    -0.00043265    -0.00043263
  -15.9559560    -0.00069123    -0.00069120
  -15.9159159    -0.00080534    -0.00080531
  -15.8758759    -0.00068491    -0.00068488
  -15.8358358    -0.00043050    -0.00043048
  -15.7957958    -0.00023075    -0.00023074
  -15.7557558    -0.00023048    -0.00023047
  -15.7157157    -0.00054224    -0.00054222
  -15.6756757    -0.00125377    -0.00125373
  -15.6356356    -0.00230465    -0.00230459
  -15.5955956    -0.00340983    -0.00340974
  -15.5555556    -0.00415616    -0.00415606
  -15.5155155    -0.00416234    -0.00416225
  -15.4754755    -0.00333148    -0.00333142
  -15.4354354    -0.00206748    -0.00206744
  -15.3953954    -0.00102152    -0.00102150
  -15.3553554    -0.00062530    -0.00062528
  -15.3153153    -0.00103126    -0.00103123
  -15.2752753    -0.00215745    -0.00215738
  -15.2352352    -0.00331888    -0.00331877
  -15.1951952    -0.00319978    -0.00319965
  -15.1551552    -0.00114831    -0.00114819
  -15.1151151     0.00160540     0.00160550
  -15.0750751     0.00308727     0.00308736
  -15.0350350     0.00282686     0.00282691
  -14.9949950     0.00217324     0.00217326
  -14.9549550     0.00293706     0.00293704
  -14.9149149     0.00624914     0.00624909
  -14.8748749     0.01150927     0.01150921
  -14.8348348     0.01580060     0.01580059
  -14.7947948     0.01602187     0.01602193
  -14.7547548     0.01227517     0.01227528
  -14.7147147     0.00751008     0.00751021
  -14.6746747     0.00404631     0.00404642
  -14.6346346     0.00227618     0.00227625
  -14.5945946     0.00219961     0.00219963
  -14.5545546     0.00457979     0.00457978
  -14.5145145     0.01009828     0.01009828
  -14.4744745     0.01715000     0.01715009
  -14.4344344     0.02135924     0.02135946
  -14.3943944     0.01939129     0.01939160
  -14.3543544     0.01283920     0.01283948
  -14.3143143     0.00633210     0.00633226
  -14.2742743     0.00313926     0.00313927
  -14.2342342     0.00493544     0.00493522
  -14.1941942     0.01455636     0.01455575
  -14.1541542     0.03496139     0.03496032
  -14.1141141     0.06192297     0.06192178
  -14.0740741     0.08034596     0.08034530
  -14.0340340     0.07628550     0.07628571
  -13.9939940     0.05295592     0.05295663
  -13.9539540     0.02685452     0.02685516
  -13.9139139     0.00994467     0.00994500
  -13.8738739     0.00272531     0.00272543
  -13.8338338     0.00078201     0.00078202
  -13.7937938     0.00118824     0.00118818
  -13.7537538     0.00355001     0.00354987
  -13.7137137     0.00824749     0.00824724
  -13.6736737     0.01435126     0.01435095
  -13.6336336     0.02017609     0.02017566
  -13.5935936     0.02798129     0.02798032
  -13.5535536     0.04641814     0.04641606
  -13.5135135     0.08230145     0.08229820
  -13.4734735     0.12868903     0.12868528
  -13.4334334     0.16919222     0.16918842
  -13.3933934     0.19721208     0.19720798
  -13.3533534     0.21818580     0.21818179
  -13.3133133     0.22865415     0.22865208
  -13.2732733     0.21314231     0.21314352
  -13.2332332     0.16991339     0.16991672
  -13.1931932     0.12042620     0.12042914
  -13.1531532     0.08959032     0.08959083
  -13.1131131     0.09647133     0.09646708
  -13.0730731     0.16085676     0.16084484
  -13.0330330     0.29179784     0.29177696
  -12.9929930     0.46162111     0.46159260
  -12.9529530     0.61093545     0.61089882
  -12.9129129     0.69656038     0.69650983
  -12.8728729     0.72197456     0.72191003
  -12.8328328     0.70656396     0.70650896
  -12.7927928     0.65453264     0.65452046
  -12.7527528     0.58868570     0.58870872
  -12.7127127     0.59510448     0.59509252
  -12.6726727     0.79335962     0.79323327
  -12.6326326     1.23809022     1.23784828
  -12.5925926     1.82109581     1.82085121
  -12.5525526     2.28399790     2.28389395
  -12.5125125     2.41193775     2.41200436
  -12.4724725     2.23104673     2.23117375
  -12.4324324     1.95226894     1.95233144
  -12.3923924     1.75989603     1.75985831
  -12.3523524     1.72580471     1.72570452
  -12.3123123     1.83832115     1.83822009
  -12.2722723     2.01695818     2.01691149
  -12.2322322     2.18252361     2.18252410
  -12.1921922     2.37658546     2.37652691
  -12.1521522     2.72623648     2.72600241
  -12.1121121     3.25328107     3.25289516
  -12.0720721     3.79832005     3.79796022
  -12.0320320     4.18452781     4.18435254
  -11.9919920     4.39742943     4.39743022
  -11.9519520     4.51386371     4.51393738
  -11.9119119     4.51509194     4.51518685
  -11.8718719     4.33329245     4.33340336
  -11.8318318     4.04046545     4.04056386
  -11.7917918     3.80808687     3.80814102
  -11.7517518     3.70685205     3.70685867
  -11.7117117     3.69105649     3.69100122
  -11.6716717     3.75736965     3.75720720
  -11.6316316     3.97148336     3.97123454
  -11.5915916     4.25669458     4.25654077
  -11.5515516     4.30654030     4.30667869
  -11.5115115     3.91847909     3.91886937
  -11.4714715     3.31507494     3.31546400
  -11.4314314     2.94782335     2.94800021
  -11.3913914     3.07250970     3.07242670
  -11.3513514     3.66302768     3.66270057
  -11.3113113     4.64205860     4.64148274
  -11.2712713     5.90126542     5.90054827
  -11.2312312     7.00366089     7.00315272
  -11.1911912     7.27294642     7.27296864
  -11.1511512     6.54056545     6.54100064
  -11.1111111     5.47377248     5.47420573
  -11.0710711     4.78878384     4.78902088
  -11.0310310     4.46821932     4.46839486
  -10.9909910     4.09070375     4.09093641
  -10.9509510     3.59979003     3.59998739
  -10.9109109     3.32591797     3.32595603
  -10.8708709     3.40959672     3.40952613
  -10.8308308     3.59456658     3.59453845
  -10.7907908     3.61623023     3.61625947
  -10.7507508     3.61166317     3.61154328
  -10.7107107     4.03739733     4.03692682
  -10.6706707     5.06894219     5.06827180
  -10.6306306     6.14823756     6.14784239
  -10.5905906     6.45321898     6.45338769
  -10.5505506     5.79981500     5.80034660
  -10.5105105     4.72091087     4.72143712
  -10.4704705     3.76515343     3.76552371
  -10.4304304     3.11613748     3.11636467
  -10.3903904     2.80559271     2.80564439
  -10.3503504     2.89306506     2.89289506
  -10.3103103     3.33159743     3.33129211
  -10.2702703     3.87886849     3.87860072
  -10.2302302     4.27967627     4.27953349
  -10.1901902     4.46132100     4.46126630
  -10.1501502     4.53619419     4.53615089
  -10.1101101     4.66979015     4.66972673
  -10.0700701     4.86794973     4.86793351
  -10.0300300     4.91913671     4.91926254
   -9.9899900     4.68574045     4.68597381
   -9.9499500     4.31593689     4.31611987
   -9.9099099     4.05577765     4.05578534
   -9.8698699     4.04268592     4.04250070
   -9.8298298     4.30423159     4.30391918
   -9.7897898     4.75290095     4.75258930
   -9.7497497     5.16078406     5.16061659
   -9.7097097     5.29366221     5.29367971
   -9.6696697     5.16795302     5.16800749
   -9.6296296     5.11357953     5.11344977
   -9.5895896     5.41626757     5.41593809
   -9.5495496     5.89149284     5.89124270
   -9.5095095     6.04164099     6.04174018
   -9.4694695     5.66946095     5.66987229
   -9.4294294     5.03519804     5.03568960
   -9.3893894     4.42609673     4.42647061
   -9.3493494     4.02058457     4.02065146
   -9.3093093     4.13493269     4.13450153
   -9.2692693     5.00742837     5.00657433
   -9.2292292     6.26106830     6.26025596
   -9.1891892     7.09914839     7.09881997
   -9.1491491     7.15813609     7.15824878
   -9.1091091     6.82312634     6.82329627
   -9.0690691     6.64861455     6.64862782
   -9.0290290     6.75879680     6.75874730
   -8.9889890     6.94486300     6.94483031
   -8.9489490     7.10865935     7.10854239
   -8.9089089     7.31953017     7.31925329
   -8.8688689     7.55130959     7.55097366
   -8.8288288     7.64499971     7.64477678
   -8.7887888     7.53903546     7.53898292
   -8.7487488     7.41764015     7.41763210
   -8.7087087     7.52018539     7.52010828
   -8.6686687     7.76459834     7.76458056
   -8.6286286     7.75867571     7.75893495
   -8.5885886     7.25746559     7.25801165
   -8.5485485     6.42035018     6.42095873
   -8.5085085     5.68973096     5.69008346
   -8.4684685     5.48318878     5.48311454
   -8.4284284     5.78728243     5.78698985
   -8.3883884     6.11886349     6.11874998
   -8.3483484     6.07901939     6.07919176
   -8.3083083     5.77590921     5.77608393
   -8.2682683     5.56635352     5.56623729
   -8.2282282     5.58297021     5.58259837
   -8.1881882     5.61633992     5.61606236
   -8.1481482     5.34615067     5.34628742
   -8.1081081     4.71527637     4.71572228
   -8.0680681     4.09478577     4.09507778
   -8.0280280     3.93890439     3.93875023
   -7.9879880     4.28851803     4.28812887
   -7.9479479     4.73158011     4.73142082
   -7.9079079     4.85791674     4.85816488
   -7.8678679     4.66004608     4.66041511
   -7.8278278     4.40211434     4.40225519
   -7.7877878     4.27001373     4.26983065
   -7.7477478     4.38122265     4.38071383
   -7.7077077     4.90085682     4.90003320
   -7.6676677     5.78377331     5.78289992
   -7.6276276     6.55754317     6.55708595
   -7.5875876     6.74937605     6.74945867
   -7.5475475     6.47276527     6.47296582
   -7.5075075     6.26166509     6.26157875
   -7.4674675     6.36677645     6.36654851
   -7.4274274     6.48814042     6.48824470
   -7.3873874     6.21544382     6.21605995
   -7.3473473     5.52959744     5.53041631
   -7.3073073     4.77852634     4.77913272
   -7.2672673     4.33572469     4.33590292
   -7.2272272     4.41347627     4.41315533
   -7.1871872     4.99815362     4.99741912
   -7.1471472     5.77620108     5.77543090
   -7.1071071     6.27328430     6.27295457
   -7.0670671     6.24098519     6.24121152
   -7.0270270     5.86792847     5.86836038
   -6.9869870     5.53632527     5.53658659
   -6.9469470     5.42595848     5.42601477
   -6.9069069     5.49827537     5.49819801
   -6.8668669     5.78442849     5.78409905
   -6.8268268     6.35012702     6.34952419
   -6.7867868     6.97226241     6.97178233
   -6.7467467     7.17311128     7.17327442
   -6.7067067     6.64227263     6.64318798
   -6.6666667     5.54082421     5.54205219
   -6.6266266     4.39824429     4.39918668
   -6.5865866     3.71273063     3.71309487
   -6.5465466     3.66424921     3.66409873
   -6.5065065     4.15242043     4.15194364
   -6.4664665     4.93754176     4.93690946
   -6.4264264     5.73902916     5.73836463
   -6.3863864     6.35260140     6.35198713
   -6.3463464     6.73479812     6.73431928
   -6.3063063     6.96259958     6.96235248
   -6.2662663     7.14623340     7.14621098
   -6.2262262     7.41255836     7.41256530
   -6.1861862     7.85953473     7.85937546
   -6.1461461     8.47174156     8.47139905
   -6.1061061     9.19411166     9.19364482
   -6.0660661     9.90763796     9.90721007
   -6.0260260    10.22507842    10.22501762
   -5.9859860     9.82269226     9.82309407
   -5.9459459     9.01618175     9.01670004
   -5.9059059     8.43178651     8.43209308
   -5.8658659     8.24238002     8.24253313
   -5.8258258     8.07307604     8.07342077
   -5.7857858     7.43529143     7.43612882
   -5.7457458     6.21676811     6.21797244
   -5.7057057     4.89192345     4.89295459
   -5.6656657     4.09749114     4.09795457
   -5.6256256     3.95128212     3.95133684
   -5.5855856     3.95633766     3.95644282
   -5.5455455     3.57875676     3.57915183
   -5.5055055     2.78170567     2.78224657
   -5.4654655     1.94290393     1.94333910
   -5.4254254     1.36197900     1.36224856
   -5.3853854     1.00297358     1.00319223
   -5.3453453     0.69557283     0.69581422
   -5.3053053     0.39658190     0.39679958
   -5.2652653     0.17248500     0.17261998
   -5.2252252     0.05550155     0.05555865
   -5.1851852     0.01305998     0.01307670
   -5.1451452     0.00224034     0.00224377
   -5.1051051     0.00032262     0.00032303
   -5.0650651     0.00046675     0.00046608
   -5.0250250     0.00321617     0.00321169
   -4.9849850     0.01704067     0.01702104
   -4.9449449     0.06585323     0.06579332
   -4.9049049     0.18593964     0.18581498
   -4.8648649     0.38595868     0.38578942
   -4.8248248     0.60004665     0.59990900
   -4.7847848     0.73793251     0.73787116
   -4.7447447     0.81327421     0.81322976
   -4.7047047     0.92726370     0.92717604
   -4.6646647     1.07609010     1.07602980
   -4.6246246     1.10920701     1.10928530
   -4.5845846     0.94471507     0.94491069
   -4.5445445     0.69037364     0.69055946
   -4.5045045     0.50485140     0.50493921
   -4.4644645     0.45843821     0.45842182
   -4.4244244     0.54124449     0.54115792
   -4.3843844     0.70471973     0.70461192
   -4.3443443     0.86662490     0.86655662
   -4.3043043     0.92625061     0.92627043
   -4.2642643     0.84001384     0.84010531
   -4.2242242     0.68819613     0.68827782
   -4.1841842     0.59968818     0.59970360
   -4.1441441     0.61475917     0.61472668
   -4.1041041     0.69657567     0.69652298
   -4.0640641     0.84453572     0.84444792
   -4.0240240     1.08443542     1.08431388
   -3.9839840     1.33984009     1.33976268
   -3.9439439     1.42671200     1.42676729
   -3.9039039     1.24663599     1.24680942
   -3.8638639     0.92228513     0.92246502
   -3.8238238     0.66929613     0.66939403
   -3.7837838     0.57109583     0.57112473
   -3.7437437     0.53712043     0.53715045
   -3.7037037     0.45785634     0.45792169
   -3.6636637     0.33457163     0.33464370
   -3.6236236     0.23941073     0.23945122
   -3.5835836     0.20694684     0.20695165
   -3.5435435     0.21416532     0.21415090
   -3.5035035     0.23365903     0.23363782
   -3.4634635     0.25317515     0.25315976
   -3.4234234     0.25676640     0.25677079
   -3.3833834     0.24228627     0.24229903
   -3.3433433     0.25958551     0.25956385
   -3.3033033     0.37516611     0.37508640
   -3.2632633     0.57081622     0.57072374
   -3.2232232     0.71305617     0.71303426
   -3.1831832     0.67472363     0.67480325
   -3.1431431     0.47508294     0.47521013
   -3.1031031     0.24926899     0.24937087
   -3.0630631     0.10415824     0.10420634
   -3.0230230     0.05782541     0.05782895
   -2.9829830     0.08463901     0.08461408
   -2.9429429     0.15511506     0.15507680
   -2.9029029     0.23670911     0.23667448
   -2.8628629     0.29664733     0.29662996
   -2.8228228     0.31561857     0.31562351
   -2.7827828     0.29058355     0.29060886
   -2.7427427     0.22970488     0.22974325
   -2.7027027     0.15152641     0.15156606
   -2.6626627     0.08055356     0.08058343
   -2.6226226     0.03376693     0.03378310
   -2.5825826     0.01283840     0.01284341
   -2.5425425     0.01225981     0.01225633
   -2.5025025     0.03085641     0.03084410
   -2.4624625     0.07081060     0.07078980
   -2.4224224     0.12773799     0.12771323
   -2.3823824     0.19171880     0.19169437
   -2.3423423     0.25785436     0.25783198
   -2.3023023     0.31561763     0.31560561
   -2.2622623     0.33326160     0.33327303
   -2.2222222     0.29031725     0.29034832
   -2.1821822     0.21929444     0.21932069
   -2.1421421     0.17937383     0.17937586
   -2.1021021     0.19813618     0.19811598
   -2.0620621     0.26118747     0.26115624
   -2.0220220     0.34536874     0.34533173
   -1.9819820     0.43298480     0.43295007
   -1.9419419     0.48942436     0.48941514
   -1.9019019     0.47212426     0.47215467
   -1.8618619     0.39608286     0.39612618
   -1.8218218     0.34590596     0.34591897
   -1.7817818     0.38195290     0.38192890
   -1.7417417     0.46936301     0.46933604
   -1.7017017     0.52412829     0.52413141
   -1.6616617     0.49654623     0.49658516
   -1.6216216     0.39529272     0.39535283
   -1.5815816     0.26313619     0.26319688
   -1.5415415     0.14781843     0.14786315
   -1.5015015     0.08037635     0.08039907
   -1.4614615     0.06695551     0.06696009
   -1.4214214     0.09188329     0.09187895
   -1.3813814     0.12266456     0.12266178
   -1.3413413     0.12639297     0.12639779
   -1.3013013     0.09653308     0.09654297
   -1.2612613     0.05646982     0.05647749
   -1.2212212     0.03305782     0.03305802
   -1.1811812     0.03634044     0.03633254
   -1.1411411     0.06012744     0.06011528
   -1.1011011     0.08824474     0.08823556
   -1.0610611     0.10218722     0.10218729
   -1.0210210     0.09298782     0.09299726
   -0.9809810     0.06872962     0.06874198
   -0.9409409     0.04859544     0.04860305
   -0.9009009     0.04740084     0.04740085
   -0.8608609     0.06364106     0.06363699
   -0.8208208     0.08093406     0.08093210
   -0.7807808     0.08234267     0.08234623
   -0.7407407     0.06571811     0.06572516
   -0.7007007     0.04549990     0.04550526
   -0.6606607     0.04036208     0.04036156
   -0.6206206     0.05967105     0.05966348
   -0.5805806     0.09766470     0.09765217
   -0.5405405     0.13605429     0.13604241
   -0.5005005     0.15379211     0.15378842
   -0.4604605     0.14081035     0.14081807
   -0.4204204     0.10870841     0.10872058
   -0.3803804     0.08565697     0.08566184
   -0.3403403     0.09104527     0.09103992
   -0.3003003     0.11308486     0.11307964
   -0.2602603     0.11974043     0.11974684
   -0.2202202     0.09500000     0.09501711
   -0.1801802     0.05429877     0.05431626
   -0.1401401     0.02159489     0.02160562
   -0.1001001     0.00540495     0.00540924
   -0.0600601     0.00046934     0.00047041
   -0.0200200    -0.00000289    -0.00000296
    0.0200200     0.00139722     0.00139626
    0.0600601     0.00632037     0.00631729
    0.1001001     0.01908221     0.01907540
    0.1401401     0.04169452     0.04168489
    0.1801802     0.06627114     0.06626414
    0.2202202     0.07668643     0.07668791
    0.2602603     0.06491933     0.06492843
    0.3003003     0.04211878     0.04212804
    0.3403403     0.02949113     0.02949283
    0.3803804     0.04588485     0.04587399
    0.4204204     0.10336776     0.10334319
    0.4604605     0.19611281     0.19608208
    0.5005005     0.28593823     0.28591849
    0.5405405     0.31921151     0.31921680
    0.5805806     0.27681680     0.27684285
    0.6206206     0.19831636     0.19834352
    0.6606607     0.14361183     0.14362433
    0.7007007     0.13529770     0.13529733
    0.7407407     0.14470198     0.14470254
    0.7807808     0.13208682     0.13209697
    0.8208208     0.09117864     0.09119413
    0.8608609     0.04612038     0.04613273
    0.9009009     0.01696882     0.01697504
    0.9409409     0.00453324     0.00453536
    0.9809810     0.00087898     0.00087948
    1.0210210     0.00012368     0.00012377
    1.0610611     0.00001263     0.00001264
    1.1011011     0.00000094     0.00000094
    1.1411411     0.00000011     0.00000011
    1.1811812     0.00000108     0.00000108
    1.2212212     0.00001449     0.00001448
    1.2612613     0.00014124     0.00014117
    1.3013013     0.00099924     0.00099883
    1.3413413     0.00513016     0.00512845
    1.3813814     0.01911493     0.01910996
    1.4214214     0.05170554     0.05169589
    1.4614615     0.10171086     0.10169915
    1.5015015     0.14684251     0.14683496
    1.5415415     0.16334055     0.16333653
    1.5815816     0.17291463     0.17289461
    1.6216216     0.26213463     0.26206268
    1.6616617     0.53913379     0.53898138
    1.7017017     1.04456953     1.04435181
    1.7417417     1.66479449     1.66458876
    1.7817818     2.13788922     2.13779831
    1.8218218     2.21922597     2.21929762
    1.8618619     1.88532981     1.88551537
    1.9019019     1.33827594     1.33848152
    1.9419419     0.81225778     0.81241884
    1.9819820     0.43453397     0.43463103
    2.0220220     0.24248962     0.24252312
    2.0620621     0.24248757     0.24246148
    2.1021021     0.41955716     0.41948446
    2.1421421     0.70144013     0.70135530
    2.1821822     0.94850174     0.94845167
    2.2222222     1.03064057     1.03065155
    2.2622623     0.92144308     0.92150336
    2.3023023     0.69604072     0.69611806
    2.3423423     0.45959591     0.45966115
    2.3823824     0.29296652     0.29300451
    2.4224224     0.21989543     0.21990946
    2.4624625     0.19974067     0.19974604
    2.5025025     0.17759439     0.17760086
    2.5425425     0.14596791     0.14597107
    2.5825826     0.13775962     0.13775232
    2.6226226     0.16666326     0.16664990
    2.6626627     0.20307636     0.20306916
    2.7027027     0.21796973     0.21797154
    2.7427427     0.22756208     0.22756148
    2.7827828     0.27128494     0.27127081
    2.8228228     0.35622745     0.35620257
    2.8628629     0.43838618     0.43836640
    2.9029029     0.45757657     0.45757702
    2.9429429     0.39854177     0.39855938
    2.9829830     0.31914471     0.31915647
    3.0230230     0.30642720     0.30640961
    3.0630631     0.40876005     0.40870748
    3.1031031     0.61304597     0.61297071
    3.1431431     0.86643857     0.86635977
    3.1831832     1.10942956     1.10936312
    3.2232232     1.29966236     1.29961883
    3.2632633     1.40459982     1.40459017
    3.3033033     1.38433438     1.38436703
    3.3433433     1.23075417     1.23081632
    3.3833834     1.03489702     1.03494646
    3.4234234     0.96067160     0.96066452
    3.4634635     1.09326628     1.09320703
    3.5035035     1.31663710     1.31658625
    3.5435435     1.42634022     1.42634538
    3.5835836     1.36873716     1.36878183
    3.6236236     1.24026153     1.24031184
    3.6636637     1.09409372     1.09414555
    3.7037037     0.91710493     0.91716063
    3.7437437     0.72918171     0.72923061
    3.7837838     0.57584016     0.57587296
    3.8238238     0.48254493     0.48255868
    3.8638639     0.46291479     0.46290770
    3.9039039     0.51780964     0.51778657
    3.9439439     0.61270785     0.61268312
    3.9839840     0.70571152     0.70569274
    4.0240240     0.80483880     0.80481794
    4.0640641     0.93781761     0.93779091
    4.1041041     1.07373941     1.07371853
    4.1441441     1.15128828     1.15128010
    4.1841842     1.16878304     1.16877820
    4.2242242     1.16928174     1.16927563
    4.2642643     1.14891621     1.14892293
    4.3043043     1.06649823     1.06652632
    4.3443443     0.93924731     0.93928112
    4.3843844     0.83479685     0.83481883
    4.4244244     0.77625985     0.77627251
    4.4644645     0.72163721     0.72165440
    4.5045045     0.62925882     0.62928387
    4.5445445     0.51902967     0.51904868
    4.5845846     0.44515305     0.44515694
    4.6246246     0.40846123     0.40846418
    4.6646647     0.35596449     0.35598277
    4.7047047     0.27773333     0.27775555
    4.7447447     0.24508645     0.24507975
    4.7847848     0.33817255     0.33811327
    4.8248248     0.56021681     0.56011094
    4.8648649     0.82809141     0.82797144
    4.9049049     1.04229335     1.04220076
    4.9449449     1.15594624     1.15591145
    4.9849850     1.18240350     1.18242436
    5.0250250     1.16398822     1.16402896
    5.0650651     1.12726837     1.12729775
    5.1051051     1.05417079     1.05419597
    5.1451452     0.90971462     0.90976430
    5.1851852     0.69640711     0.69648912
    5.2252252     0.46798591     0.46807471
    5.2652653     0.29439814     0.29445909
    5.3053053     0.22437093     0.22438356
    5.3453453     0.26896478     0.26893148
    5.3853854     0.38956351     0.38951138
    5.4254254     0.50750477     0.50746961
    5.4654655     0.55558991     0.55559103
    5.5055055     0.51319343     0.51323030
    5.5455455     0.39598102     0.39604085
    5.5855856     0.24755629     0.24761604
    5.6256256     0.12651293     0.12655073
    5.6656657     0.06933317     0.06934288
    5.7057057     0.07264420     0.07263433
    5.7457458     0.11261811     0.11260019
    5.7857858     0.18005679     0.18003042
    5.8258258     0.31263001     0.31257382
    5.8658659     0.58020567     0.58009585
    5.9059059     0.99437297     0.99422466
    5.9459459     1.42600274     1.42588286
    5.9859860     1.66334275     1.66332013
    6.0260260     1.58995324     1.59003409
    6.0660661     1.28721003     1.28733630
    6.1061061     0.94351404     0.94362261
    6.1461461     0.69003494     0.69010085
    6.1861862     0.55923076     0.55925089
    6.2262262     0.57795727     0.57792012
    6.2662663     0.80770043     0.80760040
    6.3063063     1.23141564     1.23129141
    6.3463464     1.65339030     1.65331718
    6.3863864     1.81157814     1.81160414
    6.4264264     1.61639812     1.61649731
    6.4664665     1.24214361     1.24223872
    6.5065065     0.98673866     0.98675821
    6.5465466     1.05621440     1.05613910
    6.5865866     1.41034163     1.41022754
    6.6266266     1.76416223     1.76410703
    6.6666667     1.82411104     1.82416212
    6.7067067     1.56732495     1.56743521
    6.7467467     1.21992343     1.22001464
    6.7867868     0.99099533     0.99103013
    6.8268268     0.93482986     0.93481075
    6.8668669     1.01530133     1.01524388
    6.9069069     1.16952861     1.16945728
    6.9469470     1.31160114     1.31155312
    6.9869870     1.34461549     1.34462704
    7.0270270     1.21444535     1.21452042
    7.0670671     0.96941989     0.96951925
    7.1071071     0.74043031     0.74050350
    7.1471472     0.64145423     0.64147824
    7.1871872     0.68257386     0.68256438
    7.2272272     0.76955887     0.76954914
    7.2672673     0.81105693     0.81106128
    7.3073073     0.81744038     0.81744610
    7.3473473     0.84627856     0.84627465
    7.3873874     0.89700499     0.89699697
    7.4274274     0.93988308     0.93987438
    7.4674675     1.00548064     1.00546114
    7.5075075     1.15159187     1.15155732
    7.5475475     1.33981946     1.33978979
    7.5875876     1.42759124     1.42758871
    7.6276276     1.34831283     1.34832019
    7.6676677     1.24069609     1.24066661
    7.7077077     1.28566001     1.28558574
    7.7477478     1.46616609     1.46609848
    7.7877878     1.63195957     1.63193648
    7.8278278     1.74452786     1.74452447
    7.8678679     1.88431853     1.88430080
    7.9079079     2.05209294     2.05207485
    7.9479479     2.12979608     2.12981241
    7.9879880     2.05220379     2.05225446
    8.0280280     1.89970861     1.89976185
    8.0680681     1.77272132     1.77275977
    8.1081081     1.67586039     1.67588996
    8.1481482     1.59622473     1.59624236
    8.1881882     1.58977014     1.58976036
    8.2282282     1.67659814     1.67657253
    8.2682683     1.70917583     1.70918413
    8.3083083     1.49419642     1.49427032
    8.3483484     1.04951657     1.04962459
    8.3883884     0.60609167     0.60617534
    8.4284284     0.35609773     0.35612955
    8.4684685     0.30879364     0.30878302
    8.5085085     0.36994941     0.36991804
    8.5485485     0.45249424     0.45246510
    8.5885886     0.49863891     0.49863240
    8.6286286     0.47815846     0.47817911
    8.6686687     0.40935430     0.40938591
    8.7087087     0.34776966     0.34779246
    8.7487488     0.32617671     0.32618633
    8.7887888     0.31742826     0.31743474
    8.8288288     0.27712527     0.27713578
    8.8688689     0.21882699     0.21883424
    8.9089089     0.21967027     0.21966013
    8.9489490     0.34172850     0.34169691
    8.9889890     0.55403830     0.55399826
    9.0290290     0.75361345     0.75357946
    9.0690691     0.89059290     0.89056008
    9.1091091     1.02447196     1.02442658
    9.1491491     1.20860911     1.20855503
    9.1891892     1.40022775     1.40018225
    9.2292292     1.52470984     1.52468350
    9.2692693     1.55495789     1.55494936
    9.3093093     1.53247302     1.53246937
    9.3493494     1.53732899     1.53731686
    9.3893894     1.58288785     1.58287838
    9.4294294     1.56932306     1.56934311
    9.4694695     1.44862739     1.44866827
    9.5095095     1.38021693     1.38022609
    9.5495496     1.55893519     1.55888556
    9.5895896     1.91700308     1.91693701
    9.6296296     2.18288041     2.18285127
    9.6696697     2.24605790     2.24606014
    9.7097097     2.24898657     2.24898742
    9.7497497     2.27166213     2.27166986
    9.7897898     2.18434652     2.18439214
    9.8298298     1.90741097     1.90748785
    9.8698699     1.57522538     1.57529584
    9.9099099     1.34721623     1.34725893
    9.9499500     1.24385936     1.24387759
    9.9899900     1.22423848     1.22423828
   10.0300300     1.27959967     1.27958373
   10.0700701     1.39692342     1.39690035
   10.1101101     1.52409520     1.52407520
   10.1501502     1.63373573     1.63371666
   10.1901902     1.74565078     1.74562954
   10.2302302     1.82714933     1.82714207
   10.2702703     1.79017132     1.79019153
   10.3103103     1.65836068     1.65838636
   10.3503504     1.59537208     1.59536997
   10.3903904     1.68535287     1.68532978
   10.4304304     1.79827625     1.79827409
   10.4704705     1.75147956     1.75152028
   10.5105105     1.51391121     1.51397707
   10.5505506     1.17472102     1.17478787
   10.5905906     0.82037427     0.82042993
   10.6306306     0.53819681     0.53822637
   10.6706707     0.44660254     0.44658596
   10.7107107     0.61420395     0.61414124
   10.7507508     0.94108713     0.94101838
   10.7907908     1.18257263     1.18255098
   10.8308308     1.18331411     1.18334704
   10.8708709     1.05095404     1.05099787
   10.9109109     0.97437314     0.97439665
   10.9509510     0.94726243     0.94727959
   10.9909910     0.83391724     0.83394775
   11.0310310     0.61814328     0.61817969
   11.0710711     0.41243455     0.41246044
   11.1111111     0.28937423     0.28938603
   11.1511512     0.23907932     0.23908106
   11.1911912     0.24279391     0.24278809
   11.2312312     0.30167426     0.30166194
   11.2712713     0.42096690     0.42094636
   11.3113113     0.61085654     0.61082047
   11.3513514     0.88405969     0.88400249
   11.3913914     1.22021176     1.22014311
   11.4314314     1.54629650     1.54623931
   11.4714715     1.79997544     1.79994288
   11.5115115     2.00256067     2.00254553
   11.5515516     2.19509748     2.19509156
   11.5915916     2.32692856     2.32693528
   11.6316316     2.31719223     2.31721159
   11.6716717     2.18797500     2.18799575
   11.7117117     2.03170398     2.03171623
   11.7517518     1.89909486     1.89909958
   11.7917918     1.77101884     1.77102725
   11.8318318     1.60348904     1.60351114
   11.8718719     1.39226813     1.39230170
   11.9119119     1.18038491     1.18042231
   11.9519520     1.01885974     1.01889300
   11.9919920     0.96094817     0.96096494
   12.0320320     1.03825559     1.03824859
   12.0720721     1.20662352     1.20660250
   12.1121121     1.36883575     1.36881991
   12.1521522     1.45053902     1.45054113
   12.1921922     1.43716941     1.43718604
   12.2322322     1.39379120     1.39380143
   12.2722723     1.45582199     1.45580330
   12.3123123     1.68392502     1.68388415
   12.3523524     1.90373199     1.90370987
   12.3923924     1.84556560     1.84559260
   12.4324324     1.47509233     1.47514992
   12.4724725     1.03945685     1.03950119
   12.5125125     0.78375458     0.78376373
   12.5525526     0.74916952     0.74915133
   12.5925926     0.84979987     0.84976635
   12.6326326     1.02742215     1.02737910
   12.6726727     1.25390390     1.25386737
   12.7127127     1.43426077     1.43425905
   12.7527528     1.43925861     1.43930067
   12.7927928     1.26218998     1.26225059
   12.8328328     1.02945759     1.02950827
   12.8728729     0.83658029     0.83661547
   12.9129129     0.68435755     0.68438259
   12.9529530     0.56855127     0.56856588
   12.9929930     0.53356765     0.53356679
   13.0330330     0.63723641     0.63721539
   13.0730731     0.91039852     0.91035391
   13.1131131     1.33753205     1.33746626
   13.1531532     1.80364910     1.80358284
   13.1931932     2.06684872     2.06681980
   13.2332332     1.92216735     1.92219944
   13.2732733     1.42445713     1.42453372
   13.3133133     0.84617596     0.84625618
   13.3533534     0.42636931     0.42642357
   13.3933934     0.22440846     0.22443338
   13.4334334     0.16942194     0.16942889
   13.4734735     0.18271853     0.18271688
   13.5135135     0.24423472     0.24422731
   13.5535536     0.35161796     0.35160784
   13.5935936     0.45125473     0.45124825
   13.6336336     0.48177315     0.48177061
   13.6736737     0.50036003     0.50034771
   13.7137137     0.68244077     0.68240257
   13.7537538     1.12149229     1.12143328
   13.7937938     1.64660160     1.64655303
   13.8338338     1.93239087     1.93238200
   13.8738739     1.83395572     1.83398399
   13.9139139     1.52745141     1.52748874
   13.9539540     1.29066520     1.29068741
   13.9939940     1.22847082     1.22847542
   14.0340340     1.22347088     1.22347227
   14.0740741     1.11159604     1.11160696
   14.1141141     0.87558986     0.87560880
   14.1541542     0.64389708     0.64391161
   14.1941942     0.55813925     0.55813415
   14.2342342     0.69059445     0.69056233
   14.2742743     1.00058805     1.00054465
   14.3143143     1.30639118     1.30637053
   14.3543544     1.38946309     1.38948123
   14.3943944     1.20293563     1.20296891
   14.4344344     0.93326895     0.93328030
   14.4744745     0.82192251     0.82189925
   14.5145145     0.94929064     0.94925058
   14.5545546     1.18591291     1.18588253
   14.5945946     1.32503262     1.32502823
   14.6346346     1.25724024     1.25726453
   14.6746747     1.03317417     1.03321620
   14.7147147     0.78243543     0.78247714
   14.7547548     0.58899663     0.58902806
   14.7947948     0.45891664     0.45893808
   14.8348348     0.40139890     0.40140749
   14.8748749     0.48170132     0.48168767
   14.9149149     0.74041032     0.74037272
   14.9549550     1.08588870     1.08584323
   14.9949950     1.34348423     1.34345340
   15.0350350     1.42356772     1.42356205
   15.0750751     1.37474874     1.37476472
   15.1151151     1.28974616     1.28977585
   15.1551552     1.22896070     1.22899727
   15.1951952     1.18276017     1.18279799
   15.2352352     1.06948340     1.06951541
   15.2752753     0.84303114     0.84304864
   15.3153153     0.59665410     0.59665231
   15.3553554     0.49587383     0.49585490
   15.3953954     0.63369351     0.63366223
   15.4354354     0.96788945     0.96785076
   15.4754755     1.33294869     1.33291433
   15.5155155     1.50315025     1.50314127
   15.5555556     1.33966616     1.33969456
   15.5955956     0.92290075     0.92295155
   15.6356356     0.48441474     0.48446003
   15.6756757     0.19833962     0.19836543
   15.7157157     0.09061362     0.09062364
   15.7557558     0.11539698     0.11539883
   15.7957958     0.22648414     0.22648058
   15.8358358     0.36679687     0.36678723
   15.8758759     0.46136665     0.46135201
   15.9159159     0.46688803     0.46687359
   15.9559560     0.40399961     0.40399174
   15.9959960     0.32152693     0.32152800
   16.0360360     0.25994846     0.25995317
   16.0760761     0.26136017     0.26135667
   16.1161161     0.37200013     0.37197865
   16.1561562     0.59597534     0.59593899
   16.1961962     0.85609643     0.85606189
   16.2362362     1.02928294     1.02926892
   16.2762763     1.03125539     1.03126962
   16.3163163     0.87169997     0.87173408
   16.3563564     0.64106902     0.64110396
   16.3963964     0.45339348     0.45341203
   16.4364364     0.38411139     0.38410960
   16.4764765     0.42738995     0.42737823
   16.5165165     0.51387833     0.51386843
   16.5565566     0.59689164     0.59688142
   16.5965966     0.71179153     0.71176619
   16.6366366     0.91923702     0.91918926
   16.6766767     1.18438626     1.18433537
   16.7167167     1.34494994     1.34493321
   16.7567568     1.24828489     1.24832147
   16.7967968     0.92131200     0.92138102
   16.8368368     0.55904555     0.55910750
   16.8768769     0.34842480     0.34845600
   16.9169169     0.34707170     0.34707164
   16.9569570     0.52075372     0.52073027
   16.9969970     0.83306865     0.83302785
   17.0370370     1.24060588     1.24055753
   17.0770771     1.60384703     1.60381311
   17.1171171     1.71876785     1.71876994
   17.1571572     1.53103691     1.53107100
   17.1971972     1.22750561     1.22754284
   17.2372372     1.03447605     1.03449049
   17.2772773     1.01381189     1.01380015
   17.3173173     1.08130417     1.08128351
   17.3573574     1.13465082     1.13464041
   17.3973974     1.16444817     1.16444741
   17.4374374     1.25116436     1.25115809
   17.4774775     1.40077296     1.40075926
   17.5175175     1.46540833     1.46540245
   17.5575576     1.33197196     1.33198328
   17.5975976     1.06887904     1.06890320
   17.6376376     0.79949624     0.79952595
   17.6776777     0.56744265     0.56747201
   17.7177177     0.37704072     0.37706306
   17.7577578     0.25325923     0.25326848
   17.7977978     0.22493299     0.22492740
   17.8378378     0.29723993     0.29722322
   17.8778779     0.46273461     0.46271121
   17.9179179     0.71984504     0.71981631
   17.9579580     1.04126058     1.04123112
   17.9979980     1.33179791     1.33177975
   18.0380380     1.47056843     1.47057099
   18.0780781     1.40704822     1.40706750
   18.1181181     1.21254943     1.21256953
   18.1581582     1.03525512     1.03525929
   18.1981982     0.97720891     0.97719120
   18.2382382     1.01993983     1.01990938
   18.2782783     1.06819884     1.06817524
   18.3183183     1.03213118     1.03213147
   18.3583584     0.88407484     0.88410124
   18.3983984     0.66311605     0.66315805
   18.4384384     0.43084984     0.43089415
   18.4784785     0.23689899     0.23693449
   18.5185185     0.11270340     0.11272361
   18.5585586     0.07518167     0.07518507
   18.5985986     0.14549087     0.14547670
   18.6386386     0.36336068     0.36332772
   18.6786787     0.75007967     0.75003187
   18.7187187     1.23257395     1.23252510
   18.7587588     1.62157969     1.62154869
   18.7987988     1.72950191     1.72949813
   18.8388388     1.56744168     1.56745214
   18.8788789     1.38336734     1.38336632
   18.9189189     1.42195780     1.42193586
   18.9589590     1.66746601     1.66744190
   18.9989990     1.90053092     1.90052677
   19.0390390     1.98296529     1.98297987
   19.0790791     1.96202750     1.96204619
   19.1191191     1.90683976     1.90685725
   19.1591592     1.79874054     1.79876102
   19.1991992     1.58245353     1.58248084
   19.2392392     1.24547752     1.24550824
   19.2792793     0.87907891     0.87909806
   19.3193193     0.66044205     0.66043045
   19.3593594     0.73090682     0.73085843
   19.3993994     1.09271928     1.09265000
   19.4394394     1.59295010     1.59289109
   19.4794795     1.96747749     1.96746097
   19.5195195     1.98386289     1.98390192
   19.5595596     1.65681092     1.65688206
   19.5995996     1.27341355     1.27346981
   19.6396396     1.12287067     1.12287958
   19.6796797     1.25492534     1.25489133
   19.7197197     1.50982329     1.50977924
   19.7597598     1.68668654     1.68666754
   19.7997998     1.67239211     1.67241022
   19.8398398     1.47063520     1.47067786
   19.8798799     1.14595804     1.14600705
   19.9199199     0.77305967     0.77310329
   19.9599600     0.43313650     0.43316828
   20.0000000     0.19514716     0.19516474
