#
#   partial DOS for atom species: Ga
#
#   Add data for atom_index =   1,  n,l,m,z=  4  1 -1  1
#   Add data for atom_index =   1,  n,l,m,z=  4  1  0  1
#   Add data for atom_index =   1,  n,l,m,z=  4  1  1  1
#   Add data for atom_index =   1,  n,l,m,z=  4  1 -1  2
#   Add data for atom_index =   1,  n,l,m,z=  4  1  0  2
#   Add data for atom_index =   1,  n,l,m,z=  4  1  1  2
#   Add data for atom_index =   1,  n,l,m,z=  4  1 -1  3
#   Add data for atom_index =   1,  n,l,m,z=  4  1  0  3
#   Add data for atom_index =   1,  n,l,m,z=  4  1  1  3
#
#    Energy          spin 1        spin2
#
  -20.0000000     0.00000000     0.00000000
  -19.9599600     0.00000000     0.00000000
  -19.9199199     0.00000000     0.00000000
  -19.8798799     0.00000000     0.00000000
  -19.8398398     0.00000000     0.00000000
  -19.7997998     0.00000000     0.00000000
  -19.7597598     0.00000000     0.00000000
  -19.7197197     0.00000000     0.00000000
  -19.6796797     0.00000000     0.00000000
  -19.6396396     0.00000000     0.00000000
  -19.5995996     0.00000000     0.00000000
  -19.5595596     0.00000000     0.00000000
  -19.5195195     0.00000000     0.00000000
  -19.4794795     0.00000000     0.00000000
  -19.4394394     0.00000000     0.00000000
  -19.3993994     0.00000000     0.00000000
  -19.3593594     0.00000000     0.00000000
  -19.3193193     0.00000000     0.00000000
  -19.2792793     0.00000000     0.00000000
  -19.2392392     0.00000000     0.00000000
  -19.1991992     0.00000000     0.00000000
  -19.1591592     0.00000000     0.00000000
  -19.1191191     0.00000000     0.00000000
  -19.0790791     0.00000000     0.00000000
  -19.0390390     0.00000000     0.00000000
  -18.9989990     0.00000000     0.00000000
  -18.9589590     0.00000000     0.00000000
  -18.9189189     0.00000000     0.00000000
  -18.8788789     0.00000000     0.00000000
  -18.8388388     0.00000000     0.00000000
  -18.7987988     0.00000000     0.00000000
  -18.7587588    -0.00000000     0.00000000
  -18.7187187    -0.00000000    -0.00000000
  -18.6786787    -0.00000000    -0.00000000
  -18.6386386    -0.00000002    -0.00000000
  -18.5985986    -0.00000014    -0.00000000
  -18.5585586    -0.00000095    -0.00000000
  -18.5185185    -0.00000454    -0.00000003
  -18.4784785    -0.00001571    -0.00000016
  -18.4384384    -0.00003946    -0.00000070
  -18.3983984    -0.00007189    -0.00000220
  -18.3583584    -0.00009506    -0.00000498
  -18.3183183    -0.00009121    -0.00000820
  -18.2782783    -0.00006351    -0.00000980
  -18.2382382    -0.00003209    -0.00000850
  -18.1981982    -0.00001177    -0.00000535
  -18.1581582    -0.00000313    -0.00000244
  -18.1181181    -0.00000065    -0.00000081
  -18.0780781    -0.00000108    -0.00000020
  -18.0380380    -0.00001602    -0.00000009
  -17.9979980    -0.00018606    -0.00000108
  -17.9579580    -0.00156944    -0.00001609
  -17.9179179    -0.00960704    -0.00017538
  -17.8778779    -0.04267575    -0.00138697
  -17.8378378    -0.13756881    -0.00795992
  -17.7977978    -0.32181494    -0.03315112
  -17.7577578    -0.54631087    -0.10019247
  -17.7177177    -0.67300900    -0.21974521
  -17.6776777    -0.60165746    -0.34974469
  -17.6376376    -0.39032389    -0.40395246
  -17.5975976    -0.18375889    -0.33857647
  -17.5575576    -0.06277967    -0.20593525
  -17.5175175    -0.01556457    -0.09089752
  -17.4774775    -0.00280032    -0.02911526
  -17.4374374    -0.00036635    -0.00676763
  -17.3973974    -0.00004592    -0.00114160
  -17.3573574    -0.00012636    -0.00014040
  -17.3173173    -0.00098928    -0.00002218
  -17.2772773    -0.00572703    -0.00010513
  -17.2372372    -0.02406230    -0.00080852
  -17.1971972    -0.07336565    -0.00454666
  -17.1571572    -0.16232889    -0.01855498
  -17.1171171    -0.26064311    -0.05495107
  -17.0770771    -0.30369949    -0.11809711
  -17.0370370    -0.25679661    -0.18418308
  -16.9969970    -0.15757304    -0.20845275
  -16.9569570    -0.07016523    -0.17120360
  -16.9169169    -0.02267302    -0.10203885
  -16.8768769    -0.00531672    -0.04413322
  -16.8368368    -0.00090475    -0.01385202
  -16.7967968    -0.00011173    -0.00315506
  -16.7567568    -0.00001001    -0.00052150
  -16.7167167    -0.00000065    -0.00006255
  -16.6766767    -0.00000003    -0.00000544
  -16.6366366    -0.00000000    -0.00000034
  -16.5965966     0.00000000    -0.00000002
  -16.5565566     0.00000000    -0.00000000
  -16.5165165     0.00000000     0.00000000
  -16.4764765     0.00000000     0.00000000
  -16.4364364     0.00000000     0.00000000
  -16.3963964     0.00000000     0.00000000
  -16.3563564     0.00000000     0.00000000
  -16.3163163     0.00000000     0.00000000
  -16.2762763     0.00000000     0.00000000
  -16.2362362     0.00000000     0.00000000
  -16.1961962    -0.00000001     0.00000000
  -16.1561562    -0.00000028     0.00000000
  -16.1161161    -0.00000460    -0.00000000
  -16.0760761    -0.00005563    -0.00000004
  -16.0360360    -0.00048864    -0.00000089
  -15.9959960    -0.00311480    -0.00001282
  -15.9559560    -0.01440841    -0.00013408
  -15.9159159    -0.04836698    -0.00101776
  -15.8758759    -0.11782281    -0.00560610
  -15.8358358    -0.20828461    -0.02240908
  -15.7957958    -0.26719750    -0.06500317
  -15.7557558    -0.24874537    -0.13683351
  -15.7157157    -0.16804478    -0.20902477
  -15.6756757    -0.08238412    -0.23171303
  -15.6356356    -0.02931215    -0.18640199
  -15.5955956    -0.00759270    -0.10881733
  -15.5555556    -0.00159381    -0.04609926
  -15.5155155    -0.00106258    -0.01417334
  -15.4754755    -0.00309617    -0.00317181
  -15.4354354    -0.00757613    -0.00057248
  -15.3953954    -0.01160783    -0.00032001
  -15.3553554    -0.00428923    -0.00076383
  -15.3153153     0.03152089    -0.00119715
  -15.2752753     0.10234127     0.00124111
  -15.2352352     0.18170543     0.01525034
  -15.1951952     0.21767979     0.05562481
  -15.1551552     0.18111273     0.12946981
  -15.1151151     0.09514640     0.21150883
  -15.0750751     0.00467888     0.24727999
  -15.0350350    -0.06079843     0.20463544
  -14.9949950    -0.08871278     0.11014926
  -14.9549550    -0.07962069     0.01734270
  -14.9149149    -0.05043303    -0.04016730
  -14.8748749    -0.02328625    -0.05703739
  -14.8348348    -0.00922045    -0.04560108
  -14.7947948    -0.00899399    -0.02526656
  -14.7547548    -0.02368092    -0.01011268
  -14.7147147    -0.05534528    -0.00325714
  -14.6746747    -0.09501531    -0.00215656
  -14.6346346    -0.11845115    -0.00493019
  -14.5945946    -0.10716772    -0.01096115
  -14.5545546    -0.07041170    -0.01798772
  -14.5145145    -0.03401923    -0.02144008
  -14.4744745    -0.01483800    -0.01855951
  -14.4344344    -0.01825087    -0.01179946
  -14.3943944    -0.05311397    -0.00647662
  -14.3543544    -0.13085235    -0.00801852
  -14.3143143    -0.23604820    -0.02467410
  -14.2742743    -0.30915873    -0.06819934
  -14.2342342    -0.29389222    -0.13887557
  -14.1941942    -0.20309054    -0.20541363
  -14.1541542    -0.10378565    -0.22049892
  -14.1141141    -0.04630712    -0.17176958
  -14.0740741    -0.03742200    -0.09714638
  -14.0340340    -0.06075226    -0.04012188
  -13.9939940    -0.09109170    -0.01308443
  -13.9539540    -0.10165925    -0.00631986
  -13.9139139    -0.08230219    -0.00875541
  -13.8738739    -0.04721057    -0.01352070
  -13.8338338    -0.01536442    -0.01577733
  -13.7937938     0.00784573    -0.01340442
  -13.7537538     0.02400367    -0.00831836
  -13.7137137     0.02771139    -0.00413910
  -13.6736737     0.01364860    -0.00362463
  -13.6336336    -0.00159092    -0.00987922
  -13.5935936     0.01208300    -0.02753235
  -13.5535536     0.05328506    -0.05656189
  -13.5135135     0.08169444    -0.08125519
  -13.4734735     0.07226835    -0.07138601
  -13.4334334     0.04388479    -0.00360541
  -13.3933934     0.02768143     0.11333592
  -13.3533534     0.03803038     0.22899140
  -13.3133133     0.07090361     0.27669959
  -13.2732733     0.10602950     0.23254818
  -13.2332332     0.11654139     0.14072000
  -13.1931932     0.09342863     0.06370738
  -13.1531532     0.05465422     0.02904471
  -13.1131131     0.02332896     0.03316790
  -13.0730731     0.00714712     0.06478296
  -13.0330330     0.00122487     0.10569684
  -12.9929930    -0.00062100     0.12835885
  -12.9529530    -0.00100790     0.11692717
  -12.9129129     0.00148189     0.08561560
  -12.8728729     0.01365635     0.05965554
  -12.8328328     0.04821970     0.04554732
  -12.7927928     0.11425741     0.03267177
  -12.7527528     0.19751462     0.01475135
  -12.7127127     0.25819372    -0.00247921
  -12.6726727     0.26448744    -0.01063724
  -12.6326326     0.22195814    -0.00701244
  -12.5925926     0.16017535     0.00820960
  -12.5525526     0.10160552     0.04112267
  -12.5125125     0.04910752     0.10509891
  -12.4724725    -0.00225594     0.20154041
  -12.4324324    -0.04590178     0.29715061
  -12.3923924    -0.06341104     0.34126632
  -12.3523524    -0.04474760     0.31935412
  -12.3123123     0.00199998     0.26407216
  -12.2722723     0.06682443     0.20286899
  -12.2322322     0.15671602     0.13419856
  -12.1921922     0.28395743     0.06279650
  -12.1521522     0.42344821     0.01148101
  -12.1121121     0.50242722    -0.00963372
  -12.0720721     0.46694804    -0.01297994
  -12.0320320     0.34115079    -0.01142369
  -11.9919920     0.19578288    -0.00368754
  -11.9519520     0.08475963     0.01993936
  -11.9119119     0.02433290     0.07080462
  -11.8718719     0.00565487     0.16615254
  -11.8318318     0.01363201     0.31835973
  -11.7917918     0.04018414     0.49144754
  -11.7517518     0.08293312     0.59254655
  -11.7117117     0.13134060     0.55299191
  -11.6716717     0.16149436     0.40263187
  -11.6316316     0.15637872     0.23444716
  -11.5915916     0.12715215     0.11922335
  -11.5515516     0.09948533     0.07188730
  -11.5115115     0.08210183     0.07254313
  -11.4714715     0.06291363     0.09160397
  -11.4314314     0.03461682     0.10144754
  -11.3913914     0.00813218     0.08917898
  -11.3513514    -0.00299006     0.06400898
  -11.3113113     0.00525450     0.04196088
  -11.2712713     0.03680761     0.02667849
  -11.2312312     0.09953709     0.01156772
  -11.1911912     0.18415103    -0.00714249
  -11.1511512     0.24927523    -0.02410515
  -11.1111111     0.25398538    -0.02673742
  -11.0710711     0.20485129    -0.00381771
  -11.0310310     0.14705168     0.04414736
  -10.9909910     0.11599436     0.10091251
  -10.9509510     0.11693130     0.13942867
  -10.9109109     0.14013181     0.13973235
  -10.8708709     0.17932493     0.10986191
  -10.8308308     0.23268393     0.08028417
  -10.7907908     0.28798680     0.07388247
  -10.7507508     0.31807260     0.08881275
  -10.7107107     0.30280358     0.10867198
  -10.6706707     0.25172773     0.12073047
  -10.6306306     0.19548620     0.12218880
  -10.5905906     0.15813680     0.11542920
  -10.5505506     0.14396575     0.10566320
  -10.5105105     0.14264324     0.10149835
  -10.4704705     0.14065826     0.10852454
  -10.4304304     0.13374645     0.11973195
  -10.3903904     0.12903157     0.11987657
  -10.3503504     0.13255839     0.10449518
  -10.3103103     0.13967405     0.08922646
  -10.2702703     0.14336969     0.09700143
  -10.2302302     0.14780645     0.13786498
  -10.1901902     0.16281577     0.19630208
  -10.1501502     0.18648277     0.23697232
  -10.1101101     0.20453996     0.23580044
  -10.0700701     0.20735343     0.20959746
  -10.0300300     0.19965423     0.20334401
   -9.9899900     0.19051746     0.24388315
   -9.9499500     0.17905757     0.30978494
   -9.9099099     0.15800759     0.34955104
   -9.8698699     0.12703116     0.33156175
   -9.8298298     0.09319731     0.27097889
   -9.7897898     0.06291712     0.20716798
   -9.7497497     0.03932279     0.16864952
   -9.7097097     0.02424950     0.16087537
   -9.6696697     0.01986803     0.17130296
   -9.6296296     0.02771658     0.18219930
   -9.5895896     0.04591319     0.18863697
   -9.5495496     0.06875649     0.20296861
   -9.5095095     0.08971023     0.23440487
   -9.4694695     0.10482381     0.27535258
   -9.4294294     0.11652157     0.31353200
   -9.3893894     0.13271061     0.33566532
   -9.3493494     0.15460005     0.32009896
   -9.3093093     0.17086888     0.25814646
   -9.2692693     0.17311056     0.17833220
   -9.2292292     0.16575730     0.12257889
   -9.1891892     0.15253679     0.10825439
   -9.1491491     0.12850661     0.12733464
   -9.1091091     0.09518535     0.16786487
   -9.0690691     0.07038209     0.22287561
   -9.0290290     0.07071567     0.28276153
   -8.9889890     0.09011924     0.33092389
   -8.9489490     0.10559787     0.35286546
   -8.9089089     0.10289447     0.34548788
   -8.8688689     0.08863280     0.31419048
   -8.8288288     0.07703138     0.26442273
   -8.7887888     0.07262108     0.20463720
   -8.7487488     0.06870030     0.15693706
   -8.7087087     0.05833593     0.14729789
   -8.6686687     0.04314329     0.17806185
   -8.6286286     0.03062470     0.22138664
   -8.5885886     0.02587223     0.24353837
   -8.5485485     0.02903355     0.23021826
   -8.5085085     0.03839952     0.18987197
   -8.4684685     0.05180648     0.14024838
   -8.4284284     0.06613251     0.09590648
   -8.3883884     0.07885391     0.06474272
   -8.3483484     0.09008181     0.05057639
   -8.3083083     0.10109868     0.05680052
   -8.2682683     0.11094733     0.08467620
   -8.2282282     0.11511866     0.12525315
   -8.1881882     0.10836661     0.15764917
   -8.1481482     0.09099642     0.16243486
   -8.1081081     0.07112601     0.13653358
   -8.0680681     0.05769365     0.09463257
   -8.0280280     0.05284249     0.05881769
   -7.9879880     0.05194581     0.04468199
   -7.9479479     0.04902767     0.05309158
   -7.9079079     0.04270821     0.07354840
   -7.8678679     0.03733012     0.09468674
   -7.8278278     0.03772290     0.11068399
   -7.7877878     0.04402058     0.11851629
   -7.7477478     0.05226383     0.11405221
   -7.7077077     0.05964260     0.09531273
   -7.6676677     0.06757159     0.06775126
   -7.6276276     0.07781304     0.04226127
   -7.5875876     0.08758973     0.02824748
   -7.5475475     0.09131273     0.02994387
   -7.5075075     0.08627357     0.04507567
   -7.4674675     0.07509964     0.06322676
   -7.4274274     0.06274104     0.07133575
   -7.3873874     0.05371154     0.06622418
   -7.3473473     0.05308134     0.05677420
   -7.3073073     0.06343237     0.05180807
   -7.2672673     0.07769205     0.05152911
   -7.2272272     0.08272539     0.05110746
   -7.1871872     0.07323708     0.04848870
   -7.1471472     0.05565996     0.04619308
   -7.1071071     0.03808925     0.04534950
   -7.0670671     0.02364116     0.04242392
   -7.0270270     0.01322610     0.03472695
   -6.9869870     0.00843979     0.02502193
   -6.9469470     0.01063474     0.01774392
   -6.9069069     0.01903362     0.01405047
   -6.8668669     0.03040656     0.01303840
   -6.8268268     0.04141138     0.01473302
   -6.7867868     0.05046943     0.01908802
   -6.7467467     0.05587339     0.02422458
   -6.7067067     0.05560291     0.02805016
   -6.6666667     0.05253242     0.02985452
   -6.6266266     0.05548795     0.02936088
   -6.5865866     0.07076217     0.02695852
   -6.5465466     0.09457923     0.02477852
   -6.5065065     0.11602143     0.02445959
   -6.4664665     0.12674003     0.02486134
   -6.4264264     0.12713292     0.02435456
   -6.3863864     0.12272043     0.02377077
   -6.3463464     0.11550474     0.02556821
   -6.3063063     0.10218467     0.03148288
   -6.2662663     0.08094463     0.04137253
   -6.2262262     0.05606488     0.05258513
   -6.1861862     0.03562410     0.06002782
   -6.1461461     0.02621633     0.05894722
   -6.1061061     0.02847621     0.04961348
   -6.0660661     0.03676904     0.03861036
   -6.0260260     0.04414433     0.03371880
   -5.9859860     0.04876105     0.03785523
   -5.9459459     0.05612453     0.04870603
   -5.9059059     0.07423688     0.06200455
   -5.8658659     0.10431823     0.07335999
   -5.8258258     0.13608386     0.07931410
   -5.7857858     0.15570229     0.07958088
   -5.7457458     0.15817600     0.07725654
   -5.7057057     0.14810560     0.07470743
   -5.6656657     0.13318787     0.07089308
   -5.6256256     0.12189271     0.06399531
   -5.5855856     0.11941380     0.05470100
   -5.5455455     0.12001755     0.04660623
   -5.5055055     0.11097253     0.04394978
   -5.4654655     0.09042498     0.04812323
   -5.4254254     0.07434632     0.05615339
   -5.3853854     0.07764450     0.06312299
   -5.3453453     0.09379059     0.06645622
   -5.3053053     0.10302568     0.06710209
   -5.2652653     0.09879671     0.06614555
   -5.2252252     0.09587870     0.06231691
   -5.1851852     0.11025924     0.05434969
   -5.1451452     0.13634638     0.04365116
   -5.1051051     0.15086001     0.03267152
   -5.0650651     0.14577514     0.02290534
   -5.0250250     0.14686266     0.01568140
   -4.9849850     0.18044143     0.01225131
   -4.9449449     0.22884664     0.01269234
   -4.9049049     0.24380060     0.01653695
   -4.8648649     0.20619069     0.02372699
   -4.8248248     0.14715284     0.03303771
   -4.7847848     0.10388478     0.04048488
   -4.7447447     0.08196002     0.04266003
   -4.7047047     0.06766616     0.04253696
   -4.6646647     0.05342286     0.04798864
   -4.6246246     0.04440785     0.06096532
   -4.5845846     0.05224275     0.07119702
   -4.5445445     0.08171790     0.06648473
   -4.5045045     0.11688753     0.04762247
   -4.4644645     0.12852134     0.02754848
   -4.4244244     0.10579979     0.01874830
   -4.3843844     0.07303206     0.02627926
   -4.3443443     0.06983796     0.04744881
   -4.3043043     0.12103504     0.07322476
   -4.2642643     0.21358878     0.09577976
   -4.2242242     0.29087206     0.11523887
   -4.1841842     0.29456055     0.13007841
   -4.1441441     0.22549313     0.12815934
   -4.1041041     0.13711376     0.10344325
   -4.0640641     0.07277511     0.07323194
   -4.0240240     0.03922256     0.06388294
   -3.9839840     0.02725256     0.08492847
   -3.9439439     0.02892993     0.12373960
   -3.9039039     0.04002954     0.15948334
   -3.8638639     0.05947669     0.17482392
   -3.8238238     0.08429172     0.15916848
   -3.7837838     0.10400397     0.11604594
   -3.7437437     0.10657263     0.06707577
   -3.7037037     0.08955908     0.03792791
   -3.6636637     0.06147187     0.04512355
   -3.6236236     0.03459445     0.09676146
   -3.5835836     0.01791957     0.18548447
   -3.5435435     0.01386393     0.27368271
   -3.5035035     0.01892037     0.31443062
   -3.4634635     0.02628995     0.30498111
   -3.4234234     0.03027644     0.28846016
   -3.3833834     0.03185499     0.28710885
   -3.3433433     0.03881210     0.27504462
   -3.3033033     0.05620154     0.23202837
   -3.2632633     0.07722216     0.17996596
   -3.2232232     0.08974803     0.14846158
   -3.1831832     0.09228308     0.13583661
   -3.1431431     0.09332005     0.11927495
   -3.1031031     0.09375050     0.08756168
   -3.0630631     0.08474453     0.05107387
   -3.0230230     0.06552714     0.02504428
   -2.9829830     0.04736127     0.01499223
   -2.9429429     0.03765274     0.01777983
   -2.9029029     0.03417911     0.02680175
   -2.8628629     0.03696613     0.03503670
   -2.8228228     0.05348115     0.04031046
   -2.7827828     0.08470085     0.04809612
   -2.7427427     0.11209364     0.06340561
   -2.7027027     0.11155547     0.08145930
   -2.6626627     0.08171203     0.09294319
   -2.6226226     0.04616425     0.09573320
   -2.5825826     0.02927101     0.09290150
   -2.5425425     0.04124463     0.08313350
   -2.5025025     0.07796010     0.06393581
   -2.4624625     0.12057122     0.04067027
   -2.4224224     0.14443932     0.02309208
   -2.3823824     0.14039118     0.01550960
   -2.3423423     0.11889700     0.01595363
   -2.3023023     0.09398798     0.02378500
   -2.2622623     0.07816327     0.04316363
   -2.2222222     0.08391635     0.07415774
   -2.1821822     0.10938109     0.10334313
   -2.1421421     0.12942071     0.11607108
   -2.1021021     0.11979656     0.11962989
   -2.0620621     0.08550494     0.13693445
   -2.0220220     0.05057467     0.17375318
   -1.9819820     0.02851503     0.20807784
   -1.9419419     0.01647100     0.21249100
   -1.9019019     0.00879364     0.17825628
   -1.8618619     0.00385644     0.12347824
   -1.8218218     0.00162260     0.08028314
   -1.7817818     0.00176291     0.06682166
   -1.7417417     0.00405759     0.07273383
   -1.7017017     0.00815607     0.07520844
   -1.6616617     0.01252734     0.06431900
   -1.6216216     0.01472771     0.04676421
   -1.5815816     0.01343012     0.03075283
   -1.5415415     0.00988583     0.01824269
   -1.5015015     0.00731593     0.00908150
   -1.4614615     0.00997302     0.00352798
   -1.4214214     0.02354811     0.00102517
   -1.3813814     0.05392771     0.00021406
   -1.3413413     0.10050249     0.00000727
   -1.3013013     0.14943984    -0.00009795
   -1.2612613     0.17853991    -0.00026424
   -1.2212212     0.17542472    -0.00036634
   -1.1811812     0.15312581     0.00050492
   -1.1411411     0.14333078     0.00518695
   -1.1011011     0.17185323     0.01907575
   -1.0610611     0.23660149     0.04639432
   -1.0210210     0.29898309     0.08151128
   -0.9809810     0.31147728     0.10806865
   -0.9409409     0.27743295     0.11502075
   -0.9009009     0.25674075     0.10739054
   -0.8608609     0.28294868     0.09461232
   -0.8208208     0.30969478     0.08441123
   -0.7807808     0.27410633     0.09552279
   -0.7407407     0.18108557     0.15190329
   -0.7007007     0.08739199     0.24474259
   -0.6606607     0.03065457     0.31717548
   -0.6206206     0.00784350     0.32007673
   -0.5805806     0.00164010     0.27798684
   -0.5405405     0.00087842     0.26057003
   -0.5005005     0.00181078     0.28805761
   -0.4604605     0.00394920     0.30447007
   -0.4204204     0.00884510     0.25609001
   -0.3803804     0.02189294     0.15982108
   -0.3403403     0.05166800     0.07156063
   -0.3003003     0.10072446     0.02112763
   -0.2602603     0.15488568     0.00201186
   -0.2202202     0.18839368    -0.00196738
   -0.1801802     0.18417925    -0.00099312
   -0.1401401     0.14826171     0.00062570
   -0.1001001     0.10500720     0.00142601
   -0.0600601     0.07626152     0.00134754
   -0.0200200     0.06462860     0.00117035
    0.0200200     0.06333852     0.00276721
    0.0600601     0.07964451     0.01109559
    0.1001001     0.13335271     0.03608657
    0.1401401     0.22154415     0.08625438
    0.1801802     0.29460112     0.15126079
    0.2202202     0.29443793     0.19786266
    0.2602603     0.21984933     0.20256436
    0.3003003     0.12587480     0.18077492
    0.3403403     0.06012380     0.16178643
    0.3803804     0.02843837     0.15394658
    0.4204204     0.01580162     0.15900054
    0.4604605     0.01171457     0.18884072
    0.5005005     0.01269650     0.23512881
    0.5405405     0.01663433     0.25340239
    0.5805806     0.02369703     0.21344869
    0.6206206     0.03963784     0.14232605
    0.6606607     0.06995878     0.09058723
    0.7007007     0.10841669     0.07624004
    0.7407407     0.13959438     0.07898564
    0.7807808     0.15613625     0.07405027
    0.8208208     0.16492465     0.05652088
    0.8608609     0.17681579     0.03602537
    0.9009009     0.19416548     0.02128701
    0.9409409     0.20163942     0.01485293
    0.9809810     0.17773105     0.01465066
    1.0210210     0.12529591     0.01578419
    1.0610611     0.07260305     0.01404555
    1.1011011     0.03974197     0.00936074
    1.1411411     0.02366809     0.00459684
    1.1811812     0.01420706     0.00196398
    1.2212212     0.00778530     0.00264115
    1.2612613     0.00695596     0.01041121
    1.3013013     0.01901493     0.03525502
    1.3413413     0.05752886     0.08899505
    1.3813814     0.13425073     0.16888422
    1.4214214     0.24083218     0.24778319
    1.4614615     0.35358586     0.29370967
    1.5015015     0.47153987     0.29436370
    1.5415415     0.61388556     0.25318821
    1.5815816     0.74747610     0.18261303
    1.6216216     0.77939698     0.11193984
    1.6616617     0.67845907     0.07997034
    1.7017017     0.53675771     0.11356374
    1.7417417     0.45318082     0.21770225
    1.7817818     0.41706903     0.37625204
    1.8218218     0.35472612     0.55056717
    1.8618619     0.24281769     0.67388528
    1.9019019     0.12648295     0.67942892
    1.9419419     0.05159835     0.57236262
    1.9819820     0.02606674     0.43455040
    2.0220220     0.03789875     0.32802581
    2.0620621     0.07360942     0.25149077
    2.1021021     0.11418161     0.19573661
    2.1421421     0.13642210     0.17331857
    2.1821822     0.13088023     0.19149402
    2.2222222     0.10961450     0.23513534
    2.2622623     0.09379088     0.27140328
    2.3023023     0.10085423     0.26465188
    2.3423423     0.13364282     0.20890788
    2.3823824     0.16958600     0.14421300
    2.4224224     0.17447535     0.11959898
    2.4624625     0.14011455     0.14248507
    2.5025025     0.09566380     0.17371965
    2.5425425     0.07445013     0.17092533
    2.5825826     0.08340532     0.13232689
    2.6226226     0.10786793     0.09177538
    2.6626627     0.12967649     0.07547537
    2.7027027     0.13482216     0.07731196
    2.7427427     0.12040650     0.07781095
    2.7827828     0.10489369     0.07649985
    2.8228228     0.11966916     0.09627176
    2.8628629     0.18052611     0.15371150
    2.9029029     0.26616319     0.22850863
    2.9429429     0.32335089     0.27274019
    2.9829830     0.30593475     0.26210651
    3.0230230     0.22184143     0.22609955
    3.0630631     0.12815921     0.20561502
    3.1031031     0.07421503     0.19668849
    3.1431431     0.06638671     0.16692002
    3.1831832     0.08516037     0.11145038
    3.2232232     0.11921208     0.06026150
    3.2632633     0.17996137     0.04562566
    3.3033033     0.27605842     0.09103519
    3.3433433     0.36970865     0.21444988
    3.3833834     0.39067642     0.40277241
    3.4234234     0.31530910     0.57986016
    3.4634635     0.19672278     0.64056016
    3.5035035     0.10325461     0.54457067
    3.5435435     0.06546512     0.35718053
    3.5835836     0.08397386     0.18193070
    3.6236236     0.14256642     0.07629202
    3.6636637     0.20069844     0.04248767
    3.7037037     0.21005465     0.06744932
    3.7437437     0.16097045     0.13953111
    3.7837838     0.09114239     0.22842410
    3.8238238     0.03983596     0.28003015
    3.8638639     0.01562220     0.25821101
    3.9039039     0.00823242     0.18112949
    3.9439439     0.00851829     0.09797583
    3.9839840     0.01207085     0.04170122
    4.0240240     0.01549875     0.01469541
    4.0640641     0.01666624     0.00498869
    4.1041041     0.01703857     0.00223905
    4.1441441     0.02043815     0.00163772
    4.1841842     0.03013834     0.00182924
    4.2242242     0.04720296     0.00320328
    4.2642643     0.06694830     0.00699106
    4.3043043     0.07855580     0.01343543
    4.3443443     0.07952346     0.01982016
    4.3843844     0.09303048     0.02193568
    4.4244244     0.15666967     0.01944943
    4.4644645     0.27513563     0.02060106
    4.5045045     0.38433097     0.04494030
    4.5445445     0.39746044     0.12139525
    4.5845846     0.30279917     0.26284188
    4.6246246     0.17647929     0.42017809
    4.6646647     0.09256444     0.49060020
    4.7047047     0.06577389     0.41810907
    4.7447447     0.07682470     0.25964861
    4.7847848     0.10576038     0.11468528
    4.8248248     0.13421409     0.03048166
    4.8648649     0.14421751    -0.00084481
    4.9049049     0.12797141    -0.00117793
    4.9449449     0.09392565     0.01197830
    4.9849850     0.06102087     0.02702046
    5.0250250     0.04585815     0.04126707
    5.0650651     0.05352419     0.06037784
    5.1051051     0.07929205     0.08635186
    5.1451452     0.11543361     0.10858675
    5.1851852     0.15613086     0.11587212
    5.2252252     0.19641188     0.11114577
    5.2652653     0.22268341     0.10469427
    5.3053053     0.21354404     0.10455974
    5.3453453     0.16403903     0.12161669
    5.3853854     0.09860738     0.16445041
    5.4254254     0.04904517     0.21728059
    5.4654655     0.03115629     0.24229169
    5.5055055     0.04534938     0.21753686
    5.5455455     0.08252757     0.15931719
    5.5855856     0.12198232     0.10256472
    5.6256256     0.13826192     0.07170570
    5.6656657     0.12267451     0.06811108
    5.7057057     0.09118116     0.07432121
    5.7457458     0.06526662     0.07197300
    5.7857858     0.05208358     0.05923355
    5.8258258     0.04469978     0.04936426
    5.8658659     0.03518940     0.05526020
    5.9059059     0.02472363     0.07603607
    5.9459459     0.02203724     0.09430206
    5.9859860     0.03429994     0.09072210
    6.0260260     0.05887966     0.06496346
    6.0660661     0.08259052     0.03492798
    6.1061061     0.09273396     0.01582473
    6.1461461     0.08859838     0.00891911
    6.1861862     0.07654655     0.00813543
    6.2262262     0.05949213     0.01002292
    6.2662663     0.03936140     0.01794333
    6.3063063     0.02279338     0.03872134
    6.3463464     0.01735867     0.07212837
    6.3863864     0.02595678     0.10285768
    6.4264264     0.04600121     0.11088030
    6.4664665     0.07101787     0.09337771
    6.5065065     0.09394218     0.06726725
    6.5465466     0.11283854     0.04799011
    6.5865866     0.13965912     0.03716616
    6.6266266     0.20269118     0.03439337
    6.6666667     0.31772955     0.05354496
    6.7067067     0.44089060     0.12162655
    6.7467467     0.48330194     0.24970797
    6.7867868     0.40604358     0.39180171
    6.8268268     0.26730927     0.45687044
    6.8668669     0.14897339     0.39839285
    6.9069069     0.07882123     0.26842106
    6.9469470     0.04193318     0.15400142
    6.9869870     0.02358346     0.09648078
    7.0270270     0.01976119     0.08791559
    7.0670671     0.02681887     0.10257811
    7.1071071     0.03611658     0.11437905
    7.1471472     0.03871063     0.10654537
    7.1871872     0.03312469     0.07930964
    7.2272272     0.02565347     0.04632206
    7.2672673     0.02223517     0.02101956
    7.3073073     0.02300781     0.00737471
    7.3473473     0.02491075     0.00200111
    7.3873874     0.02594077     0.00043739
    7.4274274     0.02604710     0.00022345
    7.4674675     0.02590461     0.00092412
    7.5075075     0.02570274     0.00368335
    7.5475475     0.02512134     0.01039685
    7.5875876     0.02407204     0.02100360
    7.6276276     0.02275336     0.03075899
    7.6676677     0.02107957     0.03305882
    7.7077077     0.01872818     0.02687609
    7.7477478     0.01569994     0.01884413
    7.7877878     0.01224702     0.01655681
    7.8278278     0.00856570     0.02143437
    7.8678679     0.00507648     0.02812581
    7.9079079     0.00253598     0.02999235
    7.9479479     0.00164284     0.02521583
    7.9879880     0.00304821     0.01721705
    8.0280280     0.00750548     0.01008771
    8.0680681     0.01507956     0.00557583
    8.1081081     0.02493639     0.00379952
    8.1481482     0.03847375     0.00552183
    8.1881882     0.06335036     0.01592638
    8.2282282     0.11207086     0.04827255
    8.2682683     0.19207895     0.11613451
    8.3083083     0.28912804     0.20741674
    8.3483484     0.35872014     0.27214664
    8.3883884     0.35218416     0.26503107
    8.4284284     0.26662934     0.19898591
    8.4684685     0.15406141     0.12831527
    8.5085085     0.06988174     0.09130809
    8.5485485     0.02975690     0.09344012
    8.5885886     0.01830097     0.12172900
    8.6286286     0.01690042     0.14964128
    8.6686687     0.01721945     0.14788831
    8.7087087     0.01950215     0.11153044
    8.7487488     0.02535918     0.06550044
    8.7887888     0.03427236     0.03635832
    8.8288288     0.04696003     0.03150876
    8.8688689     0.06763361     0.04583527
    8.9089089     0.09794261     0.07137957
    8.9489490     0.13256281     0.09497474
    8.9889890     0.16658674     0.10032748
    9.0290290     0.19882571     0.08470969
    9.0690691     0.22020943     0.06737817
    9.1091091     0.21234601     0.07105676
    9.1491491     0.16842424     0.09584828
    9.1891892     0.10622286     0.11749504
    9.2292292     0.05305328     0.11582949
    9.2692693     0.02364162     0.09944315
    9.3093093     0.01565038     0.09148901
    9.3493494     0.01859897     0.09678959
    9.3893894     0.02188184     0.09759371
    9.4294294     0.01976946     0.08046849
    9.4694695     0.01400549     0.05353388
    9.5095095     0.01173306     0.03302592
    9.5495496     0.02152457     0.02374953
    9.5895896     0.04870582     0.01923951
    9.6296296     0.08555035     0.01390675
    9.6696697     0.10705383     0.00811242
    9.7097097     0.09275974     0.00404517
    9.7497497     0.05416169     0.00210715
    9.7897898     0.02192873     0.00180875
    9.8298298     0.00904200     0.00385006
    9.8698699     0.00472320     0.01045044
    9.9099099    -0.00247638     0.02283655
    9.9499500    -0.00939742     0.03697948
    9.9899900    -0.00256081     0.04319061
   10.0300300     0.02440320     0.03274881
   10.0700701     0.05861062     0.00565253
   10.1101101     0.08079121    -0.02572347
   10.1501502     0.08656437    -0.04052125
   10.1901902     0.08403237    -0.02579402
   10.2302302     0.07642165     0.00897518
   10.2702703     0.06032952     0.04123319
   10.3103103     0.03825885     0.05601104
   10.3503504     0.02131359     0.05335216
   10.3903904     0.01832979     0.04388215
   10.4304304     0.02838171     0.04005023
   10.4704705     0.04399357     0.04592998
   10.5105105     0.05789110     0.05461540
   10.5505506     0.06632601     0.05746820
   10.5905906     0.06776880     0.05347103
   10.6306306     0.06121934     0.04611585
   10.6706707     0.04793165     0.03616816
   10.7107107     0.03230728     0.02463260
   10.7507508     0.01879866     0.01763005
   10.7907908     0.00947701     0.02166589
   10.8308308     0.00449944     0.03693657
   10.8708709     0.00304962     0.05563279
   10.9109109     0.00402382     0.06554085
   10.9509510     0.00759088     0.06078366
   10.9909910     0.01767306     0.04974864
   11.0310310     0.04155195     0.04584874
   11.0710711     0.08116264     0.05171768
   11.1111111     0.12180998     0.05912411
   11.1511512     0.13772632     0.06151227
   11.1911912     0.11695806     0.05865503
   11.2312312     0.07462745     0.05201028
   11.2712713     0.03582532     0.04435431
   11.3113113     0.01312990     0.04155734
   11.3513514     0.00452727     0.04787335
   11.3913914     0.00417478     0.06103892
   11.4314314     0.00900025     0.07393382
   11.4714715     0.01823760     0.07986652
   11.5115115     0.03121950     0.07779321
   11.5515516     0.04554798     0.07133292
   11.5915916     0.05527878     0.06138988
   11.6316316     0.05345383     0.04603792
   11.6716717     0.03998812     0.02820282
   11.7117117     0.02348886     0.01532914
   11.7517518     0.01318785     0.01149326
   11.7917918     0.01351775     0.01441443
   11.8318318     0.02528196     0.01921985
   11.8718719     0.04504065     0.02407320
   11.9119119     0.06367535     0.03196907
   11.9519520     0.07220034     0.04468884
   11.9919920     0.06929895     0.05629205
   12.0320320     0.05973868     0.05788178
   12.0720721     0.04942790     0.04839159
   12.1121121     0.04570440     0.03575417
   12.1521522     0.05694921     0.02798759
   12.1921922     0.08517907     0.02732509
   12.2322322     0.11749843     0.03306675
   12.2722723     0.13069863     0.04487081
   12.3123123     0.11225337     0.06002189
   12.3523524     0.07390071     0.07300228
   12.3923924     0.03818325     0.08132334
   12.4324324     0.01644447     0.08465446
   12.4724725     0.00370729     0.07848850
   12.5125125    -0.01382554     0.05964757
   12.5525526    -0.05157721     0.03518756
   12.5925926    -0.11441535     0.01597735
   12.6326326    -0.17905466     0.00581803
   12.6726727    -0.20221359     0.00187905
   12.7127127    -0.16526282     0.00061174
   12.7527528    -0.09723976    -0.00011639
   12.7927928    -0.04007980    -0.00294415
   12.8328328    -0.00988270    -0.01528119
   12.8728729     0.00094989    -0.05267325
   12.9129129     0.00419480    -0.12924264
   12.9529530     0.00654691    -0.22889564
   12.9929930     0.00940111    -0.29361437
   13.0330330     0.01132414    -0.27293244
   13.0730731     0.01184901    -0.18339637
   13.1131131     0.01370698    -0.08759312
   13.1531532     0.02030134    -0.02655914
   13.1931932     0.03055545     0.00009142
   13.2332332     0.03756935     0.00790465
   13.2732733     0.03489381     0.00861411
   13.3133133     0.02392008     0.00964755
   13.3533534     0.01203171     0.01587139
   13.3933934     0.00457940     0.02706975
   13.4334334     0.00193600     0.03639244
   13.4734735     0.00263698     0.03618791
   13.5135135     0.00619199     0.02681886
   13.5535536     0.01300033     0.01616895
   13.5935936     0.02233972     0.01048162
   13.6336336     0.03056313     0.00941823
   13.6736737     0.03331423     0.00929359
   13.7137137     0.03098621     0.00778934
   13.7537538     0.02861338     0.00516796
   13.7937938     0.02862899     0.00263748
   13.8338338     0.02832055     0.00083515
   13.8738739     0.02605087    -0.00000869
   13.9139139     0.02489572     0.00077399
   13.9539540     0.02744419     0.00432596
   13.9939940     0.03061786     0.01117785
   14.0340340     0.02920329     0.01948302
   14.0740741     0.02251608     0.02497380
   14.1141141     0.01422321     0.02477744
   14.1541542     0.00744432     0.02055278
   14.1941942     0.00279635     0.01611676
   14.2342342    -0.00017543     0.01405866
   14.2742743    -0.00114437     0.01575247
   14.3143143     0.00218457     0.02194599
   14.3543544     0.01369325     0.03221541
   14.3943944     0.03655005     0.04453744
   14.4344344     0.07212360     0.05460375
   14.4744745     0.12485426     0.05622025
   14.5145145     0.20578577     0.04640824
   14.5545546     0.31288057     0.03044123
   14.5945946     0.40226531     0.01871731
   14.6346346     0.41551229     0.02221772
   14.6746747     0.35054591     0.05585910
   14.7147147     0.26199417     0.13599557
   14.7547548     0.18853323     0.25282116
   14.7947948     0.12842082     0.34731421
   14.8348348     0.07625667     0.35446605
   14.8748749     0.03823790     0.28022813
   14.9149149     0.01731497     0.19488357
   14.9549550     0.00906654     0.14760623
   14.9949950     0.01008468     0.12840621
   15.0350350     0.02116336     0.10769516
   15.0750751     0.04185972     0.07577083
   15.1151151     0.06330940     0.04235759
   15.1551552     0.07081508     0.01871194
   15.1951952     0.05845959     0.00818997
   15.2352352     0.03691895     0.00929444
   15.2752753     0.02231973     0.02069021
   15.3153153     0.02182472     0.03935226
   15.3553554     0.03080758     0.05612647
   15.3953954     0.03948093     0.05997490
   15.4354354     0.04406628     0.04949804
   15.4754755     0.05322530     0.03625261
   15.5155155     0.07807661     0.03528366
   15.5555556     0.11395087     0.05472718
   15.5955956     0.13827559     0.09077162
   15.6356356     0.13119974     0.12605080
   15.6756757     0.09565247     0.13726525
   15.7157157     0.05314648     0.11472397
   15.7557558     0.02247539     0.07288251
   15.7957958     0.00758302     0.03527901
   15.8358358     0.00319685     0.01382572
   15.8758759     0.00448182     0.00649676
   15.9159159     0.01023566     0.00751697
   15.9559560     0.02141295     0.01397228
   15.9959960     0.03865503     0.02449118
   16.0360360     0.05954617     0.03478227
   16.0760761     0.07738438     0.03837556
   16.1161161     0.08416730     0.03452739
   16.1561562     0.07608479     0.03154923
   16.1961962     0.05677424     0.03754902
   16.2362362     0.03563822     0.04951968
   16.2762763     0.02222492     0.05577159
   16.3163163     0.02107170     0.05025397
   16.3563564     0.03098627     0.04021865
   16.3963964     0.04876308     0.03630546
   16.4364364     0.07495086     0.03951823
   16.4764765     0.11771885     0.04227913
   16.5165165     0.18565759     0.03892634
   16.5565566     0.26621684     0.03152118
   16.5965966     0.31868955     0.02876605
   16.6366366     0.31029766     0.04308588
   16.6766767     0.25436669     0.08300313
   16.7167167     0.19275424     0.13814664
   16.7567568     0.14906508     0.17549192
   16.7967968     0.11629253     0.16916289
   16.8368368     0.08221636     0.13648830
   16.8768769     0.04871557     0.12584759
   16.9169169     0.02483436     0.16464320
   16.9569570     0.01346150     0.22795038
   16.9969970     0.00986356     0.25985476
   17.0370370     0.00812492     0.22736546
   17.0770771     0.00604217     0.15108100
   17.1171171     0.00574794     0.07785578
   17.1571572     0.01290674     0.03432268
   17.1971972     0.03588132     0.01631746
   17.2372372     0.08013598     0.00953086
   17.2772773     0.13811258     0.00601021
   17.3173173     0.18900725     0.00514328
   17.3573574     0.21299263     0.00948892
   17.3973974     0.20141404     0.02235143
   17.4374374     0.15749759     0.04440752
   17.4774775     0.09733542     0.07008669
   17.5175175     0.04397483     0.09327889
   17.5575576     0.01197835     0.11812950
   17.5975976     0.00042507     0.15041451
   17.6376376     0.00055662     0.17577448
   17.6776777     0.00530763     0.16932797
   17.7177177     0.01165470     0.13159292
   17.7577578     0.01838841     0.09057077
   17.7977978     0.02509849     0.06614158
   17.8378378     0.03253977     0.05384758
   17.8778779     0.04049819     0.04368419
   17.9179179     0.04506205     0.03673907
   17.9579580     0.04221749     0.03843484
   17.9979980     0.03520279     0.04537237
   18.0380380     0.03594872     0.04705658
   18.0780781     0.05961940     0.03885338
   18.1181181     0.11380056     0.02652651
   18.1581582     0.18422894     0.01739649
   18.1981982     0.23523491     0.01270682
   18.2382382     0.23729173     0.00976238
   18.2782783     0.19390070     0.00754607
   18.3183183     0.13441558     0.00890248
   18.3583584     0.08476574     0.01889899
   18.3983984     0.05246850     0.04019967
   18.4384384     0.03568137     0.06739777
   18.4784785     0.03598594     0.08999676
   18.5185185     0.05771925     0.10749616
   18.5585586     0.09562737     0.13325826
   18.5985986     0.12809900     0.17093037
   18.6386386     0.13329718     0.19946411
   18.6786787     0.11247445     0.19985680
   18.7187187     0.08592036     0.18058779
   18.7587588     0.06867231     0.15860427
   18.7987988     0.06020713     0.13799820
   18.8388388     0.05369101     0.12006737
   18.8788789     0.04709787     0.10875321
   18.9189189     0.04265232     0.10088503
   18.9589590     0.03904493     0.08987847
   18.9989990     0.03174434     0.07647076
   19.0390390     0.02052075     0.06478071
   19.0790791     0.01019916     0.05359091
   19.1191191     0.00488593     0.03936723
   19.1591592     0.00607049     0.02367276
   19.1991992     0.01480414     0.01196751
   19.2392392     0.03091238     0.00818245
   19.2792793     0.04954651     0.01358775
   19.3193193     0.06286783     0.02695281
   19.3593594     0.06640851     0.04276529
   19.3993994     0.06021709     0.05357258
   19.4394394     0.04603588     0.05700009
   19.4794795     0.02812528     0.05552403
   19.5195195     0.01313520     0.04930708
   19.5595596     0.00645041     0.03716654
   19.5995996     0.01176266     0.02283790
   19.6396396     0.03173111     0.01238071
   19.6796797     0.06261955     0.00764538
   19.7197197     0.09089026     0.00739524
   19.7597598     0.10437684     0.01301942
   19.7997998     0.10595445     0.02878226
   19.8398398     0.10648596     0.05355932
   19.8798799     0.10623856     0.07512173
   19.9199199     0.09552936     0.08185326
   19.9599600     0.07273450     0.07993343
   20.0000000     0.04847251     0.08531902
