#
#   partial DOS for atom species: Mn
#
#   Add data for atom_index =   6,  n,l,m,z=  3  2 -2  1
#   Add data for atom_index =   6,  n,l,m,z=  3  2 -1  1
#   Add data for atom_index =   6,  n,l,m,z=  3  2  0  1
#   Add data for atom_index =   6,  n,l,m,z=  3  2  1  1
#   Add data for atom_index =   6,  n,l,m,z=  3  2  2  1
#   Add data for atom_index =   6,  n,l,m,z=  3  2 -2  2
#   Add data for atom_index =   6,  n,l,m,z=  3  2 -1  2
#   Add data for atom_index =   6,  n,l,m,z=  3  2  0  2
#   Add data for atom_index =   6,  n,l,m,z=  3  2  1  2
#   Add data for atom_index =   6,  n,l,m,z=  3  2  2  2
#   Add data for atom_index =   6,  n,l,m,z=  3  2 -2  3
#   Add data for atom_index =   6,  n,l,m,z=  3  2 -1  3
#   Add data for atom_index =   6,  n,l,m,z=  3  2  0  3
#   Add data for atom_index =   6,  n,l,m,z=  3  2  1  3
#   Add data for atom_index =   6,  n,l,m,z=  3  2  2  3
#
#    Energy          spin 1        spin2
#
  -20.0000000     0.00000000     0.00000000
  -19.9599600     0.00000000     0.00000000
  -19.9199199     0.00000000     0.00000000
  -19.8798799     0.00000000     0.00000000
  -19.8398398     0.00000000     0.00000000
  -19.7997998     0.00000000     0.00000000
  -19.7597598     0.00000000     0.00000000
  -19.7197197     0.00000000     0.00000000
  -19.6796797     0.00000000     0.00000000
  -19.6396396     0.00000000     0.00000000
  -19.5995996     0.00000000     0.00000000
  -19.5595596     0.00000000     0.00000000
  -19.5195195     0.00000000     0.00000000
  -19.4794795     0.00000000     0.00000000
  -19.4394394     0.00000000     0.00000000
  -19.3993994     0.00000000     0.00000000
  -19.3593594     0.00000000     0.00000000
  -19.3193193     0.00000000     0.00000000
  -19.2792793     0.00000000     0.00000000
  -19.2392392     0.00000000     0.00000000
  -19.1991992     0.00000000     0.00000000
  -19.1591592     0.00000000     0.00000000
  -19.1191191     0.00000000     0.00000000
  -19.0790791     0.00000000     0.00000000
  -19.0390390     0.00000000     0.00000000
  -18.9989990     0.00000000     0.00000000
  -18.9589590     0.00000000     0.00000000
  -18.9189189     0.00000000     0.00000000
  -18.8788789     0.00000000     0.00000000
  -18.8388388     0.00000000     0.00000000
  -18.7987988     0.00000000     0.00000000
  -18.7587588     0.00000000     0.00000000
  -18.7187187     0.00000000     0.00000000
  -18.6786787     0.00000000     0.00000000
  -18.6386386     0.00000000     0.00000000
  -18.5985986     0.00000000     0.00000000
  -18.5585586     0.00000000     0.00000000
  -18.5185185     0.00000000     0.00000000
  -18.4784785     0.00000000     0.00000000
  -18.4384384     0.00000000     0.00000000
  -18.3983984     0.00000000     0.00000000
  -18.3583584     0.00000000     0.00000000
  -18.3183183     0.00000000     0.00000000
  -18.2782783     0.00000000     0.00000000
  -18.2382382     0.00000000     0.00000000
  -18.1981982     0.00000000     0.00000000
  -18.1581582     0.00000000     0.00000000
  -18.1181181     0.00000000     0.00000000
  -18.0780781     0.00000000     0.00000000
  -18.0380380     0.00000000     0.00000000
  -17.9979980     0.00000000     0.00000002
  -17.9579580     0.00000002     0.00000017
  -17.9179179     0.00000017     0.00000106
  -17.8778779     0.00000087     0.00000476
  -17.8378378     0.00000323     0.00001542
  -17.7977978     0.00000870     0.00003630
  -17.7577578     0.00001698     0.00006205
  -17.7177177     0.00002407     0.00007723
  -17.6776777     0.00002487     0.00007076
  -17.6376376     0.00001890     0.00004976
  -17.5975976     0.00001095     0.00003076
  -17.5575576     0.00000539     0.00002152
  -17.5175175     0.00000323     0.00001989
  -17.4774775     0.00000480     0.00002572
  -17.4374374     0.00001354     0.00004430
  -17.3973974     0.00003476     0.00007449
  -17.3573574     0.00006699     0.00009887
  -17.3173173     0.00009412     0.00009708
  -17.2772773     0.00009594     0.00006946
  -17.2372372     0.00007034     0.00003608
  -17.1971972     0.00003373     0.00001351
  -17.1571572    -0.00000368     0.00000339
  -17.1171171    -0.00005134     0.00000025
  -17.0770771    -0.00011775     0.00000217
  -17.0370370    -0.00017323     0.00001970
  -16.9969970    -0.00014136     0.00008814
  -16.9569570     0.00004959     0.00026550
  -16.9169169     0.00038182     0.00057065
  -16.8768769     0.00070408     0.00088889
  -16.8368368     0.00081928     0.00101858
  -16.7967968     0.00067657     0.00090751
  -16.7567568     0.00043819     0.00076407
  -16.7167167     0.00031685     0.00081760
  -16.6766767     0.00039141     0.00102132
  -16.6366366     0.00056495     0.00110139
  -16.5965966     0.00065446     0.00089473
  -16.5565566     0.00055921     0.00052373
  -16.5165165     0.00035366     0.00021758
  -16.4764765     0.00019427     0.00011031
  -16.4364364     0.00018857     0.00024518
  -16.3963964     0.00036197     0.00059976
  -16.3563564     0.00065051     0.00102218
  -16.3163163     0.00093058     0.00131397
  -16.2762763     0.00120778     0.00155459
  -16.2362362     0.00176546     0.00219839
  -16.1961962     0.00285306     0.00352062
  -16.1561562     0.00411090     0.00496019
  -16.1161161     0.00464425     0.00546689
  -16.0760761     0.00399633     0.00474857
  -16.0360360     0.00278300     0.00367511
  -15.9959960     0.00201788     0.00310825
  -15.9559560     0.00202558     0.00289682
  -15.9159159     0.00226519     0.00241633
  -15.8758759     0.00208637     0.00155790
  -15.8358358     0.00142838     0.00072215
  -15.7957958     0.00070250     0.00020304
  -15.7557558     0.00022646    -0.00002170
  -15.7157157     0.00001114    -0.00008466
  -15.6756757    -0.00005227    -0.00006474
  -15.6356356    -0.00000325     0.00007109
  -15.5955956     0.00026963     0.00053882
  -15.5555556     0.00103176     0.00169541
  -15.5155155     0.00245252     0.00359900
  -15.4754755     0.00410219     0.00544590
  -15.4354354     0.00494039     0.00594777
  -15.3953954     0.00430802     0.00470567
  -15.3553554     0.00272422     0.00270017
  -15.3153153     0.00124989     0.00112486
  -15.2752753     0.00041648     0.00034592
  -15.2352352     0.00010398     0.00011216
  -15.1951952     0.00004065     0.00017546
  -15.1551552     0.00011535     0.00052391
  -15.1151151     0.00041422     0.00125404
  -15.0750751     0.00114805     0.00235713
  -15.0350350     0.00246144     0.00370766
  -14.9949950     0.00416044     0.00517151
  -14.9549550     0.00560426     0.00637879
  -14.9149149     0.00603446     0.00663253
  -14.8748749     0.00530534     0.00578874
  -14.8348348     0.00422773     0.00483029
  -14.7947948     0.00370940     0.00465488
  -14.7547548     0.00364374     0.00482429
  -14.7147147     0.00324945     0.00439153
  -14.6746747     0.00231842     0.00343601
  -14.6346346     0.00146149     0.00290348
  -14.5945946     0.00127085     0.00318490
  -14.5545546     0.00170182     0.00357855
  -14.5145145     0.00217422     0.00325863
  -14.4744745     0.00215758     0.00236288
  -14.4344344     0.00178363     0.00195773
  -14.3943944     0.00191811     0.00333778
  -14.3543544     0.00362168     0.00729130
  -14.3143143     0.00722347     0.01306201
  -14.2742743     0.01144765     0.01811528
  -14.2342342     0.01410786     0.02066504
  -14.1941942     0.01478328     0.02246412
  -14.1541542     0.01587225     0.02648851
  -14.1141141     0.01915202     0.03153533
  -14.0740741     0.02229612     0.03273856
  -14.0340340     0.02147422     0.02859228
  -13.9939940     0.01680838     0.02356650
  -13.9539540     0.01251890     0.02201021
  -13.9139139     0.01196299     0.02262677
  -13.8738739     0.01421124     0.02102681
  -13.8338338     0.01543067     0.01577925
  -13.7937938     0.01317828     0.00948614
  -13.7537538     0.00867665     0.00498361
  -13.7137137     0.00467947     0.00297604
  -13.6736737     0.00258703     0.00286637
  -13.6336336     0.00215850     0.00445883
  -13.5935936     0.00281768     0.00926078
  -13.5535536     0.00484283     0.01981422
  -13.5135135     0.00946437     0.03558129
  -13.4734735     0.01711796     0.04971990
  -13.4334334     0.02536911     0.05380114
  -13.3933934     0.02993821     0.04644799
  -13.3533534     0.02849194     0.03390215
  -13.3133133     0.02238357     0.02290455
  -13.2732733     0.01491342     0.01655223
  -13.2332332     0.00924179     0.01513606
  -13.1931932     0.00718640     0.01747968
  -13.1531532     0.00846621     0.02297479
  -13.1131131     0.01145027     0.03323196
  -13.0730731     0.01561088     0.04772738
  -13.0330330     0.02215165     0.05820158
  -12.9929930     0.03031047     0.05496874
  -12.9529530     0.03487455     0.03953537
  -12.9129129     0.03114446     0.02392666
  -12.8728729     0.02118628     0.01806925
  -12.8328328     0.01177240     0.02220227
  -12.7927928     0.00771274     0.02874212
  -12.7527528     0.00915406     0.02927225
  -12.7127127     0.01278484     0.02200766
  -12.6726727     0.01431398     0.01241136
  -12.6326326     0.01183244     0.00714923
  -12.5925926     0.00726206     0.01124539
  -12.5525526     0.00397340     0.03005173
  -12.5125125     0.00433735     0.06590542
  -12.4724725     0.01003286     0.10822118
  -12.4324324     0.02247917     0.13553238
  -12.3923924     0.04087788     0.13652166
  -12.3523524     0.05985850     0.12070023
  -12.3123123     0.07113979     0.10313350
  -12.2722723     0.06979143     0.09089417
  -12.2322322     0.05824769     0.08376744
  -12.1921922     0.04322204     0.07610323
  -12.1521522     0.03079641     0.06225825
  -12.1121121     0.02420048     0.04516883
  -12.0720721     0.02281549     0.03309673
  -12.0320320     0.02346558     0.02942229
  -11.9919920     0.02405090     0.03304462
  -11.9519520     0.02403508     0.04546229
  -11.9119119     0.02205191     0.06953843
  -11.8718719     0.01715552     0.10338763
  -11.8318318     0.01195596     0.14082691
  -11.7917918     0.01116976     0.17343771
  -11.7517518     0.01695625     0.19093346
  -11.7117117     0.02628813     0.19031936
  -11.6716717     0.03357725     0.18403359
  -11.6316316     0.03734793     0.18477549
  -11.5915916     0.04225334     0.18658807
  -11.5515516     0.05227654     0.17806236
  -11.5115115     0.06545489     0.16554011
  -11.4714715     0.07713928     0.16279966
  -11.4314314     0.08442284     0.16734090
  -11.3913914     0.08592802     0.16404616
  -11.3513514     0.08077196     0.14343669
  -11.3113113     0.07038498     0.10935344
  -11.2712713     0.06031725     0.07595616
  -11.2312312     0.05679278     0.05643196
  -11.1911912     0.05965391     0.05486652
  -11.1511512     0.06134620     0.07452180
  -11.1111111     0.05533106     0.12259797
  -11.0710711     0.04319524     0.19028825
  -11.0310310     0.03166160     0.24227631
  -10.9909910     0.02560796     0.25368068
  -10.9509510     0.02574089     0.24394347
  -10.9109109     0.03131412     0.24411023
  -10.8708709     0.04397734     0.25077698
  -10.8308308     0.06682355     0.24096333
  -10.7907908     0.09598246     0.20961934
  -10.7507508     0.11689160     0.17054210
  -10.7107107     0.11924712     0.13759284
  -10.6706707     0.11267587     0.11694952
  -10.6306306     0.11374830     0.10702826
  -10.5905906     0.12160730     0.10000003
  -10.5505506     0.12131880     0.08941159
  -10.5105105     0.10626172     0.08009497
  -10.4704705     0.08360856     0.08845779
  -10.4304304     0.06197250     0.13025345
  -10.3903904     0.04395686     0.20417276
  -10.3503504     0.02955636     0.28345485
  -10.3103103     0.02073578     0.32624199
  -10.2702703     0.02001947     0.30734150
  -10.2302302     0.02651147     0.24809848
  -10.1901902     0.03664110     0.20401152
  -10.1501502     0.04773881     0.21700445
  -10.1101101     0.05703388     0.28391991
  -10.0700701     0.06020879     0.35772902
  -10.0300300     0.05848393     0.37697037
   -9.9899900     0.06411984     0.32139549
   -9.9499500     0.08824547     0.23561973
   -9.9099099     0.12271941     0.17476767
   -9.8698699     0.14465155     0.14794410
   -9.8298298     0.14207392     0.13741571
   -9.7897898     0.12420709     0.14730450
   -9.7497497     0.10421484     0.21218179
   -9.7097097     0.08615051     0.36503621
   -9.6696697     0.07177748     0.58771476
   -9.6296296     0.06651511     0.79140180
   -9.5895896     0.07248992     0.89109268
   -9.5495496     0.08196165     0.90410144
   -9.5095095     0.08350185     0.91808027
   -9.4694695     0.07343331     0.96466078
   -9.4294294     0.05763466     0.97343948
   -9.3893894     0.04432122     0.86132420
   -9.3493494     0.03863684     0.64735619
   -9.3093093     0.04277878     0.44841824
   -9.2692693     0.05808966     0.36682497
   -9.2292292     0.08308618     0.40655883
   -9.1891892     0.10964351     0.47954695
   -9.1491491     0.13013776     0.48928640
   -9.1091091     0.14984786     0.43331126
   -9.0690691     0.17956526     0.40376793
   -9.0290290     0.21437058     0.47990524
   -8.9889890     0.23361560     0.65685314
   -8.9489490     0.22541928     0.86657040
   -8.9089089     0.20195185     1.03390966
   -8.8688689     0.18627379     1.12717006
   -8.8288288     0.18896821     1.15962532
   -8.7887888     0.20226745     1.14333866
   -8.7487488     0.21147016     1.09311879
   -8.7087087     0.20436851     1.08269544
   -8.6686687     0.17717275     1.21128908
   -8.6286286     0.14089537     1.46927515
   -8.5885886     0.11633482     1.69759910
   -8.5485485     0.11700297     1.74343277
   -8.5085085     0.13698406     1.62333429
   -8.4684685     0.15663450     1.46510218
   -8.4284284     0.16630295     1.33676250
   -8.3883884     0.18135754     1.24042482
   -8.3483484     0.21988692     1.22279070
   -8.3083083     0.27423684     1.34745803
   -8.2682683     0.32414864     1.57566958
   -8.2282282     0.36303744     1.80230234
   -8.1881882     0.38904160     1.97612714
   -8.1481482     0.38826988     2.05168537
   -8.1081081     0.34931261     1.91587312
   -8.0680681     0.28264639     1.53128191
   -8.0280280     0.21363304     1.05926913
   -7.9879880     0.16327244     0.73037576
   -7.9479479     0.13885283     0.67266791
   -7.9079079     0.13810104     0.88222352
   -7.8678679     0.15903399     1.26931932
   -7.8278278     0.20139778     1.72600686
   -7.7877878     0.25403746     2.19389700
   -7.7477478     0.29175463     2.64490543
   -7.7077077     0.30230529     2.99112548
   -7.6676677     0.30687045     3.09979885
   -7.6276276     0.33345599     2.93823806
   -7.5875876     0.38268700     2.65275276
   -7.5475475     0.43475565     2.43479746
   -7.5075075     0.47524996     2.30512735
   -7.4674675     0.50242957     2.14421113
   -7.4274274     0.50861442     1.91587117
   -7.3873874     0.47007793     1.67561562
   -7.3473473     0.38803312     1.42407366
   -7.3073073     0.33362150     1.13485140
   -7.2672673     0.40935312     0.85247041
   -7.2272272     0.63440169     0.66082567
   -7.1871872     0.87265118     0.59155026
   -7.1471472     0.93819401     0.58365661
   -7.1071071     0.80489431     0.53702948
   -7.0670671     0.64229638     0.41799459
   -7.0270270     0.62162925     0.29113325
   -6.9869870     0.74412358     0.23618822
   -6.9469470     0.86328989     0.25968111
   -6.9069069     0.84680909     0.30238014
   -6.8668669     0.70615441     0.31728050
   -6.8268268     0.55799182     0.31637041
   -6.7867868     0.48447864     0.34361114
   -6.7467467     0.47702042     0.42406263
   -6.7067067     0.49352656     0.52992155
   -6.6666667     0.50258282     0.58838074
   -6.6266266     0.48067812     0.55254028
   -6.5865866     0.42680230     0.45928247
   -6.5465466     0.37466439     0.38197476
   -6.5065065     0.35259647     0.34843041
   -6.4664665     0.34210390     0.35145305
   -6.4264264     0.30694962     0.41189279
   -6.3863864     0.25833703     0.55099217
   -6.3463464     0.27137307     0.70032658
   -6.3063063     0.43153356     0.73523438
   -6.2662663     0.74581847     0.62326053
   -6.2262262     1.09320166     0.46025003
   -6.1861862     1.29558913     0.35224396
   -6.1461461     1.26235957     0.33095583
   -6.1061061     1.06701311     0.37574446
   -6.0660661     0.89623796     0.45259831
   -6.0260260     0.89991953     0.51595485
   -5.9859860     1.05484318     0.51494610
   -5.9459459     1.19884094     0.43686466
   -5.9059059     1.21106147     0.33007740
   -5.8658659     1.11603289     0.26131372
   -5.8258258     1.00659203     0.26399850
   -5.7857858     0.93361256     0.32519967
   -5.7457458     0.89032341     0.39499032
   -5.7057057     0.84790561     0.42025620
   -5.6656657     0.79503908     0.39305791
   -5.6256256     0.76778313     0.34830347
   -5.5855856     0.82579379     0.30713243
   -5.5455455     0.97271701     0.25509431
   -5.5055055     1.11929899     0.18279709
   -5.4654655     1.16585916     0.11224884
   -5.4254254     1.10680509     0.07111935
   -5.3853854     1.02143630     0.06812758
   -5.3453453     0.99746603     0.10347194
   -5.3053053     1.09221848     0.17620990
   -5.2652653     1.31417181     0.26048149
   -5.2252252     1.61498219     0.29961835
   -5.1851852     1.94073450     0.25935913
   -5.1451452     2.27376935     0.17043754
   -5.1051051     2.57224432     0.09200414
   -5.0650651     2.69943272     0.05505751
   -5.0250250     2.50579513     0.05579372
   -4.9849850     2.02962676     0.07781940
   -4.9449449     1.52913614     0.10648113
   -4.9049049     1.24215605     0.13274537
   -4.8648649     1.19518037     0.15515714
   -4.8248248     1.25636428     0.17896691
   -4.7847848     1.27115388     0.20232499
   -4.7447447     1.16642178     0.20666790
   -4.7047047     0.98271642     0.18011237
   -4.6646647     0.80413404     0.14015721
   -4.6246246     0.70053734     0.11150539
   -4.5845846     0.73328722     0.09593847
   -4.5445445     0.91152588     0.08018359
   -4.5045045     1.11533957     0.05940798
   -4.4644645     1.14721222     0.04288240
   -4.4244244     0.92365217     0.04617110
   -4.3843844     0.57655134     0.08172335
   -4.3443443     0.31735076     0.14597561
   -4.3043043     0.25150356     0.20939631
   -4.2642643     0.34461449     0.23139920
   -4.2242242     0.50078711     0.19772681
   -4.1841842     0.65856113     0.13605681
   -4.1441441     0.82934852     0.08575949
   -4.1041041     1.02294652     0.06161828
   -4.0640641     1.16931091     0.05422903
   -4.0240240     1.18530686     0.05308764
   -3.9839840     1.08921131     0.05739727
   -3.9439439     0.96871726     0.07054749
   -3.9039039     0.85351819     0.09286791
   -3.8638639     0.70529330     0.11695605
   -3.8238238     0.52230822     0.12901104
   -3.7837838     0.36285006     0.12133830
   -3.7437437     0.27526177     0.10147342
   -3.7037037     0.26661328     0.08283611
   -3.6636637     0.31635903     0.07207362
   -3.6236236     0.39453237     0.06870746
   -3.5835836     0.48705423     0.06817743
   -3.5435435     0.59423353     0.06390845
   -3.5035035     0.69276963     0.05443933
   -3.4634635     0.73048301     0.04692346
   -3.4234234     0.67550284     0.04840323
   -3.3833834     0.55067131     0.05740479
   -3.3433433     0.41049297     0.06647120
   -3.3033033     0.30077119     0.07024713
   -3.2632633     0.24181375     0.07121868
   -3.2232232     0.22674529     0.07679223
   -3.1831832     0.23440360     0.08954030
   -3.1431431     0.26088183     0.10396734
   -3.1031031     0.32181363     0.11264042
   -3.0630631     0.40613722     0.11119063
   -3.0230230     0.46480171     0.09915998
   -2.9829830     0.46815643     0.07984328
   -2.9429429     0.43217888     0.06004245
   -2.9029029     0.37818702     0.04809006
   -2.8628629     0.31368706     0.04823186
   -2.8228228     0.25013208     0.05767373
   -2.7827828     0.20059910     0.07176467
   -2.7427427     0.16577937     0.08732107
   -2.7027027     0.14219208     0.09849496
   -2.6626627     0.13623282     0.09777003
   -2.6226226     0.15506446     0.08504767
   -2.5825826     0.18712220     0.06920661
   -2.5425425     0.20764031     0.05834649
   -2.5025025     0.20593474     0.05340371
   -2.4624625     0.19532515     0.05131222
   -2.4224224     0.19277733     0.04903278
   -2.3823824     0.19758271     0.04455976
   -2.3423423     0.19546300     0.03800795
   -2.3023023     0.17649870     0.03203676
   -2.2622623     0.14484540     0.03016554
   -2.2222222     0.11890096     0.03413576
   -2.1821822     0.11971708     0.04146892
   -2.1421421     0.14821336     0.04618146
   -2.1021021     0.17859551     0.04384241
   -2.0620621     0.18750926     0.03541228
   -2.0220220     0.18580143     0.02618958
   -1.9819820     0.20153156     0.02241233
   -1.9419419     0.23123262     0.02700604
   -1.9019019     0.23535648     0.03662815
   -1.8618619     0.19061382     0.04504087
   -1.8218218     0.12127255     0.05008148
   -1.7817818     0.06887977     0.05421333
   -1.7417417     0.05283141     0.05914807
   -1.7017017     0.06686016     0.06392057
   -1.6616617     0.09415864     0.06663131
   -1.6216216     0.11701481     0.06525540
   -1.5815816     0.12347995     0.05921083
   -1.5415415     0.11494740     0.05125447
   -1.5015015     0.10535078     0.04527365
   -1.4614615     0.10742608     0.04265637
   -1.4214214     0.12013115     0.04266645
   -1.3813814     0.13252126     0.04593837
   -1.3413413     0.13618663     0.05600613
   -1.3013013     0.12983942     0.07470762
   -1.2612613     0.11593695     0.09623405
   -1.2212212     0.09764968     0.10989325
   -1.1811812     0.07880185     0.11056069
   -1.1411411     0.06357007     0.10486432
   -1.1011011     0.05573820     0.10412286
   -1.0610611     0.05990916     0.10989701
   -1.0210210     0.08013449     0.11114193
   -0.9809810     0.11495229     0.09779729
   -0.9409409     0.15626127     0.07209679
   -0.9009009     0.19140113     0.04582211
   -0.8608609     0.20646047     0.03118480
   -0.8208208     0.19680296     0.03468310
   -0.7807808     0.17585126     0.05507326
   -0.7407407     0.16283067     0.08285873
   -0.7007007     0.16200576     0.10298307
   -0.6606607     0.16359829     0.10381961
   -0.6206206     0.16073935     0.08595226
   -0.5805806     0.15488089     0.06139445
   -0.5405405     0.14622046     0.04448734
   -0.5005005     0.12904180     0.04208429
   -0.4604605     0.10113348     0.04958170
   -0.4204204     0.07097161     0.05591943
   -0.3803804     0.05228983     0.05358372
   -0.3403403     0.05636887     0.04484680
   -0.3003003     0.08722055     0.03894719
   -0.2602603     0.13751271     0.04256199
   -0.2202202     0.18826743     0.05250595
   -0.1801802     0.21542716     0.05921973
   -0.1401401     0.20556321     0.05795973
   -0.1001001     0.17222001     0.05359417
   -0.0600601     0.14721231     0.05342678
   -0.0200200     0.14789336     0.05879818
    0.0200200     0.16135430     0.06469026
    0.0600601     0.16427074     0.06630081
    0.1001001     0.14807174     0.06607174
    0.1401401     0.12030322     0.07110810
    0.1801802     0.09321411     0.08133728
    0.2202202     0.07766625     0.08669025
    0.2602603     0.07834393     0.08059932
    0.3003003     0.09109028     0.07035629
    0.3403403     0.10933551     0.06952638
    0.3803804     0.12926241     0.08270834
    0.4204204     0.14680426     0.09975471
    0.4604605     0.15530505     0.10441755
    0.5005005     0.14802653     0.08872990
    0.5405405     0.12580863     0.05958611
    0.5805806     0.10268077     0.03150750
    0.6206206     0.09466189     0.01416020
    0.6606607     0.10339484     0.00780119
    0.7007007     0.12007566     0.00770720
    0.7407407     0.13802387     0.00965336
    0.7807808     0.15029396     0.01276021
    0.8208208     0.14742720     0.02018061
    0.8608609     0.12883452     0.03625412
    0.9009009     0.10438046     0.05899791
    0.9409409     0.08137541     0.07573638
    0.9809810     0.06162222     0.07327852
    1.0210210     0.04795250     0.05366606
    1.0610611     0.04350556     0.03271897
    1.1011011     0.04740836     0.02342068
    1.1411411     0.05615213     0.02600434
    1.1811812     0.06674723     0.03169315
    1.2212212     0.07655746     0.03264200
    1.2612613     0.08370315     0.02906339
    1.3013013     0.08913620     0.02712705
    1.3413413     0.09488171     0.03173721
    1.3813814     0.10063780     0.04262557
    1.4214214     0.10454709     0.05439912
    1.4614615     0.10508251     0.06013107
    1.5015015     0.10043075     0.05848955
    1.5415415     0.08832966     0.05576727
    1.5815816     0.06931766     0.05695698
    1.6216216     0.04999105     0.05822691
    1.6616617     0.03968201     0.05362288
    1.7017017     0.04186025     0.04508379
    1.7417417     0.05059155     0.03930589
    1.7817818     0.05703498     0.03852577
    1.8218218     0.05797276     0.04037729
    1.8618619     0.05716621     0.04345119
    1.9019019     0.05984739     0.04825862
    1.9419419     0.06695023     0.05505336
    1.9819820     0.07577473     0.06218795
    2.0220220     0.08512069     0.06480649
    2.0620621     0.09507071     0.05765123
    2.1021021     0.10220411     0.04156704
    2.1421421     0.10184760     0.02441634
    2.1821822     0.09555207     0.01482869
    2.2222222     0.08885595     0.01775317
    2.2622623     0.08156472     0.03462637
    2.3023023     0.06933018     0.06230394
    2.3423423     0.05442729     0.09060740
    2.3823824     0.04507719     0.10699860
    2.4224224     0.04405774     0.10784205
    2.4624625     0.04653651     0.10027530
    2.5025025     0.05014169     0.09110636
    2.5425425     0.05893025     0.08144856
    2.5825826     0.07366244     0.07227473
    2.6226226     0.08596682     0.06609081
    2.6626627     0.08819289     0.06347783
    2.7027027     0.08398996     0.06377161
    2.7427427     0.08564050     0.06653186
    2.7827828     0.10255284     0.06972036
    2.8228228     0.12875201     0.06955069
    2.8628629     0.14185337     0.06249574
    2.9029029     0.12393840     0.04778706
    2.9429429     0.08265904     0.03008636
    2.9829830     0.04258675     0.01731639
    3.0230230     0.02094422     0.01439540
    3.0630631     0.01984836     0.02082450
    3.1031031     0.03347421     0.03335971
    3.1431431     0.05337020     0.04930236
    3.1831832     0.07199327     0.06627984
    3.2232232     0.08617349     0.07851299
    3.2632633     0.09397850     0.07817296
    3.3033033     0.09122166     0.06468359
    3.3433433     0.07750347     0.04757296
    3.3833834     0.06044280     0.03699209
    3.4234234     0.04784265     0.03572768
    3.4634635     0.03996834     0.03959261
    3.5035035     0.03309985     0.04172247
    3.5435435     0.02672701     0.03788807
    3.5835836     0.02493409     0.02934672
    3.6236236     0.03394505     0.02076507
    3.6636637     0.05675063     0.01575458
    3.7037037     0.08469933     0.01407489
    3.7437437     0.09927543     0.01317299
    3.7837838     0.09069632     0.01185130
    3.8238238     0.06931589     0.01100793
    3.8638639     0.05146759     0.01184908
    3.9039039     0.04136150     0.01517219
    3.9439439     0.03306865     0.02106213
    3.9839840     0.02305274     0.02755715
    4.0240240     0.01361622     0.03080718
    4.0640641     0.00760076     0.02826386
    4.1041041     0.00554283     0.02114035
    4.1441441     0.00696045     0.01294349
    4.1841842     0.01118798     0.00658988
    4.2242242     0.01727167     0.00336617
    4.2642643     0.02387094     0.00366381
    4.3043043     0.02863768     0.00803688
    4.3443443     0.02896775     0.01738240
    4.3843844     0.02515121     0.03194310
    4.4244244     0.02078194     0.05014158
    4.4644645     0.01866966     0.06862002
    4.5045045     0.01913879     0.08301627
    4.5445445     0.02300665     0.08846880
    4.5845846     0.03252314     0.08277403
    4.6246246     0.04753021     0.07205754
    4.6646647     0.06320680     0.06938609
    4.7047047     0.07394948     0.08323720
    4.7447447     0.07856675     0.10789603
    4.7847848     0.07980766     0.12811754
    4.8248248     0.07992022     0.13501777
    4.8648649     0.08065000     0.13414651
    4.9049049     0.08625658     0.13486001
    4.9449449     0.09910334     0.13580508
    4.9849850     0.11277766     0.12615934
    5.0250250     0.11670774     0.10148539
    5.0650651     0.10650527     0.07225226
    5.1051051     0.08708076     0.05149211
    5.1451452     0.07037117     0.04067671
    5.1851852     0.06969969     0.03441173
    5.2252252     0.08980676     0.03133669
    5.2652653     0.12080046     0.03269533
    5.3053053     0.14319666     0.03629487
    5.3453453     0.14168901     0.04010671
    5.3853854     0.11678455     0.04900172
    5.4254254     0.08240465     0.07029782
    5.4654655     0.05371052     0.10177538
    5.5055055     0.03824126     0.12854327
    5.5455455     0.03421132     0.13429743
    5.5855856     0.03435449     0.11687530
    5.6256256     0.03279816     0.09372424
    5.6656657     0.03052377     0.08876277
    5.7057057     0.03517237     0.10915974
    5.7457458     0.05363550     0.13523173
    5.7857858     0.08228246     0.13790008
    5.8258258     0.10662229     0.10853277
    5.8658659     0.11497425     0.06629406
    5.9059059     0.10981986     0.03563029
    5.9459459     0.10097746     0.02562263
    5.9859860     0.09452992     0.03027966
    6.0260260     0.09550090     0.03879615
    6.0660661     0.10930036     0.04544175
    6.1061061     0.12928237     0.05490509
    6.1461461     0.13616439     0.07676639
    6.1861862     0.12052901     0.11212511
    6.2262262     0.09281404     0.14696240
    6.2662663     0.06674359     0.16111883
    6.3063063     0.04791275     0.14696717
    6.3463464     0.03850650     0.11884465
    6.3863864     0.03993106     0.09959150
    6.4264264     0.05197372     0.09967002
    6.4664665     0.07691578     0.11135761
    6.5065065     0.12108970     0.11748845
    6.5465466     0.18425832     0.10610041
    6.5865866     0.24591771     0.08098937
    6.6266266     0.27040460     0.05623865
    6.6666667     0.23797834     0.04208726
    6.7067067     0.16935705     0.04007193
    6.7467467     0.10634795     0.04632744
    6.7867868     0.07215079     0.05405874
    6.8268268     0.06136535     0.05699040
    6.8668669     0.05897058     0.05319540
    6.9069069     0.05638036     0.04404806
    6.9469470     0.05180269     0.03183753
    6.9869870     0.04407674     0.01973050
    7.0270270     0.03221415     0.01068804
    7.0670671     0.01888060     0.00559167
    7.1071071     0.00874700     0.00380336
    7.1471472     0.00388472     0.00494996
    7.1871872     0.00306049     0.00924187
    7.2272272     0.00379793     0.01615473
    7.2672673     0.00391633     0.02329382
    7.3073073     0.00268707     0.02787027
    7.3473473     0.00146704     0.03039875
    7.3873874     0.00306244     0.03521966
    7.4274274     0.01105526     0.04652908
    7.4674675     0.02877849     0.06726628
    7.5075075     0.05519755     0.09919613
    7.5475475     0.08140688     0.13452629
    7.5875876     0.09607262     0.15252064
    7.6276276     0.09625530     0.13933839
    7.6676677     0.09080292     0.10540227
    7.7077077     0.09176048     0.07087182
    7.7477478     0.10106118     0.04448210
    7.7877878     0.10788228     0.02528270
    7.8278278     0.10172070     0.01307271
    7.8678679     0.08319565     0.01050296
    7.9079079     0.06044626     0.02164609
    7.9479479     0.04051540     0.04908088
    7.9879880     0.02563268     0.08572927
    8.0280280     0.01547802     0.11267617
    8.0680681     0.01137955     0.11643444
    8.1081081     0.01805695     0.10629113
    8.1481482     0.04145957     0.10441638
    8.1881882     0.08104574     0.12293221
    8.2282282     0.12138465     0.15387494
    8.2682683     0.14059906     0.17318635
    8.3083083     0.13621998     0.15860039
    8.3483484     0.13276736     0.11275476
    8.3883884     0.15139611     0.06147440
    8.4284284     0.17926300     0.02754240
    8.4684685     0.18242751     0.01623819
    8.5085085     0.14702403     0.02235992
    8.5485485     0.09430774     0.03847295
    8.5885886     0.05442513     0.05723159
    8.6286286     0.03827202     0.07413354
    8.6686687     0.03746151     0.08749565
    8.7087087     0.04206320     0.09387992
    8.7487488     0.05174397     0.09086996
    8.7887888     0.06912593     0.08518322
    8.8288288     0.08747518     0.08789771
    8.8688689     0.09388997     0.09964640
    8.9089089     0.08538537     0.10744678
    8.9489490     0.07213662     0.09940853
    8.9889890     0.06370370     0.07848093
    9.0290290     0.06200851     0.05809971
    9.0690691     0.06698254     0.05105572
    9.1091091     0.07868160     0.06644964
    9.1491491     0.09255302     0.10613725
    9.1891892     0.09969498     0.15731622
    9.2292292     0.09626000     0.19753230
    9.2692693     0.08885959     0.21460580
    9.3093093     0.08555819     0.22097557
    9.3493494     0.08515415     0.24456469
    9.3893894     0.08248854     0.29431838
    9.4294294     0.08438922     0.33373197
    9.4694695     0.11120206     0.31480174
    9.5095095     0.17269383     0.24173583
    9.5495496     0.24418626     0.16712575
    9.5895896     0.28018515     0.12814770
    9.6296296     0.25952255     0.11936334
    9.6696697     0.20650107     0.11940074
    9.7097097     0.16118482     0.11645174
    9.7497497     0.14442122     0.10843073
    9.7897898     0.15506467     0.09504106
    9.8298298     0.17929765     0.08012031
    9.8698699     0.19979550     0.07540273
    9.9099099     0.21219595     0.08812196
    9.9499500     0.22642913     0.10763841
    9.9899900     0.24126460     0.11635635
   10.0300300     0.23382853     0.10980883
   10.0700701     0.18857708     0.09693218
   10.1101101     0.12361667     0.08791894
   10.1501502     0.07364154     0.08766647
   10.1901902     0.05590764     0.09364739
   10.2302302     0.06401163     0.09771361
   10.2702703     0.08458460     0.09341308
   10.3103103     0.10619246     0.08132540
   10.3503504     0.11720537     0.06713130
   10.3903904     0.11055980     0.05704596
   10.4304304     0.09156851     0.05653343
   10.4704705     0.07213607     0.06865645
   10.5105105     0.05966626     0.08714984
   10.5505506     0.05532180     0.09586962
   10.5905906     0.05818826     0.08467181
   10.6306306     0.06767692     0.06305769
   10.6706707     0.08145227     0.05041588
   10.7107107     0.09367959     0.05431970
   10.7507508     0.09935593     0.06337840
   10.7907908     0.09833333     0.06168168
   10.8308308     0.09209454     0.04634526
   10.8708709     0.07972232     0.02816145
   10.9109109     0.06108320     0.02022379
   10.9509510     0.04117352     0.03146687
   10.9909910     0.02687421     0.06467114
   11.0310310     0.02228468     0.11036297
   11.0710711     0.02974329     0.14584466
   11.1111111     0.05127013     0.15137754
   11.1511512     0.08376220     0.12724653
   11.1911912     0.11285394     0.08983988
   11.2312312     0.12109064     0.05608154
   11.2712713     0.10757141     0.03524596
   11.3113113     0.08861673     0.02860529
   11.3513514     0.07539140     0.03098950
   11.3913914     0.06389275     0.03459912
   11.4314314     0.04859025     0.03585008
   11.4714715     0.03382871     0.03933296
   11.5115115     0.02912788     0.05208979
   11.5515516     0.03911626     0.07351478
   11.5915916     0.05854337     0.09404827
   11.6316316     0.07522151     0.10567227
   11.6716717     0.08145281     0.10993794
   11.7117117     0.08438179     0.11134563
   11.7517518     0.09802017     0.11003471
   11.7917918     0.12089651     0.10893768
   11.8318318     0.13138031     0.11831969
   11.8718719     0.11416202     0.14235845
   11.9119119     0.08198379     0.16674310
   11.9519520     0.06234469     0.16897526
   11.9919920     0.07256341     0.14309701
   12.0320320     0.11094527     0.10860546
   12.0720721     0.15863789     0.09117740
   12.1121121     0.18857911     0.10121399
   12.1521522     0.18581639     0.13030540
   12.1921922     0.15909286     0.15699635
   12.2322322     0.12727387     0.16060463
   12.2722723     0.10626403     0.14059371
   12.3123123     0.10956476     0.11702508
   12.3523524     0.13822186     0.11025116
   12.3923924     0.16836204     0.12647653
   12.4324324     0.17196746     0.15604701
   12.4724725     0.15168815     0.17871025
   12.5125125     0.13545110     0.17937361
   12.5525526     0.13720030     0.16281984
   12.5925926     0.14174656     0.14580102
   12.6326326     0.13002594     0.13891109
   12.6726727     0.10261103     0.14242437
   12.7127127     0.07327988     0.14974358
   12.7527528     0.05399711     0.15389634
   12.7927928     0.05261265     0.15967156
   12.8328328     0.07223184     0.17904763
   12.8728729     0.10540410     0.20655514
   12.9129129     0.13918483     0.21589609
   12.9529530     0.16944113     0.19181502
   12.9929930     0.19680019     0.15363172
   13.0330330     0.21318931     0.13569915
   13.0730731     0.21434211     0.14843543
   13.1131131     0.21445679     0.16957449
   13.1531532     0.22412552     0.17430568
   13.1931932     0.22956983     0.15877787
   13.2332332     0.21355411     0.13061732
   13.2732733     0.17882980     0.09760148
   13.3133133     0.13899248     0.07178740
   13.3533534     0.10444002     0.06687947
   13.3933934     0.08194186     0.08626327
   13.4334334     0.07303347     0.12110366
   13.4734735     0.07361504     0.15863493
   13.5135135     0.08324908     0.18670816
   13.5535536     0.10631490     0.19516971
   13.5935936     0.13680278     0.18357795
   13.6336336     0.15404806     0.17025111
   13.6736737     0.14270464     0.18246124
   13.7137137     0.10813903     0.22163099
   13.7537538     0.06789968     0.24711858
   13.7937938     0.03730554     0.22141320
   13.8338338     0.02597790     0.16129119
   13.8738739     0.04127308     0.11435110
   13.9139139     0.08815187     0.09987779
   13.9539540     0.16151178     0.10145500
   13.9939940     0.24176846     0.10413851
   14.0340340     0.30232689     0.11064806
   14.0740741     0.31835560     0.12400346
   14.1141141     0.27809935     0.13927194
   14.1541542     0.20353465     0.15624929
   14.1941942     0.14714776     0.17691594
   14.2342342     0.14842587     0.18663217
   14.2742743     0.19782668     0.16435225
   14.3143143     0.24568149     0.11459623
   14.3543544     0.24505176     0.06635406
   14.3943944     0.19279532     0.04554196
   14.4344344     0.12789547     0.06830765
   14.4744745     0.08779976     0.14902383
   14.5145145     0.07703511     0.28651496
   14.5545546     0.08226884     0.43608065
   14.5945946     0.10389340     0.51873203
   14.6346346     0.15703345     0.48681332
   14.6746747     0.23993501     0.37349300
   14.7147147     0.31479120     0.25105122
   14.7547548     0.33435637     0.15735263
   14.7947948     0.28824192     0.09022769
   14.8348348     0.21482742     0.04372950
   14.8748749     0.16569196     0.01824223
   14.9149149     0.16334246     0.01293951
   14.9549550     0.19386653     0.02702611
   14.9949950     0.22624022     0.06138684
   15.0350350     0.23011787     0.11138548
   15.0750751     0.19608231     0.16156685
   15.1151151     0.15045331     0.19142227
   15.1551552     0.13019721     0.18648911
   15.1951952     0.14158964     0.14866415
   15.2352352     0.16114544     0.09932553
   15.2752753     0.16779753     0.06681616
   15.3153153     0.15557436     0.06766805
   15.3553554     0.12610788     0.09908977
   15.3953954     0.08651179     0.14334547
   15.4354354     0.04935911     0.17818268
   15.4754755     0.02684361     0.19195308
   15.5155155     0.02808228     0.19133012
   15.5555556     0.06196801     0.18867068
   15.5955956     0.13219603     0.18775117
   15.6356356     0.22041952     0.18870695
   15.6756757     0.28283365     0.19398237
   15.7157157     0.28109657     0.20128478
   15.7557558     0.21839183     0.20086892
   15.7957958     0.13640168     0.18467665
   15.8358358     0.07907208     0.15485572
   15.8758759     0.06405968     0.12074502
   15.9159159     0.08247178     0.08968498
   15.9559560     0.11603505     0.06713198
   15.9959960     0.15054083     0.06224137
   16.0360360     0.17516993     0.08299343
   16.0760761     0.17916311     0.12466610
   16.1161161     0.15794133     0.17032121
   16.1561562     0.11997397     0.20477215
   16.1961962     0.08397190     0.21943389
   16.2362362     0.06863636     0.20834918
   16.2762763     0.08217789     0.17753597
   16.3163163     0.11821355     0.14812434
   16.3563564     0.16339699     0.13546659
   16.3963964     0.21065280     0.14301897
   16.4364364     0.25435070     0.17710662
   16.4764765     0.27385839     0.23462800
   16.5165165     0.24956854     0.27853242
   16.5565566     0.19511028     0.26687440
   16.5965966     0.14592814     0.20899108
   16.6366366     0.12457388     0.15885906
   16.6766767     0.13467839     0.15280094
   16.7167167     0.17021353     0.17440010
   16.7567568     0.21717215     0.18049609
   16.7967968     0.25720391     0.15421600
   16.8368368     0.27549869     0.12415376
   16.8768769     0.26321806     0.12847061
   16.9169169     0.21896394     0.17362473
   16.9569570     0.15960773     0.23588754
   16.9969970     0.12427130     0.29107222
   17.0370370     0.14995908     0.33108316
   17.0770771     0.23485584     0.35712222
   17.1171171     0.32560542     0.36922473
   17.1571572     0.35376434     0.36575273
   17.1971972     0.30144160     0.34859556
   17.2372372     0.22134256     0.32119674
   17.2772773     0.17872242     0.28213735
   17.3173173     0.18959065     0.23218366
   17.3573574     0.22711657     0.18443463
   17.3973974     0.26497114     0.15679031
   17.4374374     0.29281577     0.15909280
   17.4774775     0.30520044     0.18812957
   17.5175175     0.29917673     0.22575759
   17.5575576     0.28350656     0.24435716
   17.5975976     0.27755175     0.22749541
   17.6376376     0.28597086     0.18779419
   17.6776777     0.28107171     0.15500117
   17.7177177     0.23562747     0.14643080
   17.7577578     0.16545412     0.15506334
   17.7977978     0.11602796     0.16262330
   17.8378378     0.11587996     0.15775485
   17.8778779     0.15255192     0.14167902
   17.9179179     0.18597796     0.12126013
   17.9579580     0.18661641     0.10163922
   17.9979980     0.16082353     0.08711657
   18.0380380     0.13369819     0.08375749
   18.0780781     0.11870617     0.09510367
   18.1181181     0.11159810     0.12047732
   18.1581582     0.10094101     0.16076388
   18.1981982     0.08069579     0.21337643
   18.2382382     0.05903224     0.25792483
   18.2782783     0.05299817     0.26423573
   18.3183183     0.07235497     0.22162509
   18.3583584     0.11066587     0.15218653
   18.3983984     0.15174286     0.09410658
   18.4384384     0.18147406     0.07380248
   18.4784785     0.19408928     0.08976327
   18.5185185     0.19225587     0.11864147
   18.5585586     0.17945171     0.13892450
   18.5985986     0.15394849     0.15328224
   18.6386386     0.12095463     0.19016362
   18.6786787     0.10222879     0.27842778
   18.7187187     0.11792876     0.40309541
   18.7587588     0.16701564     0.48986429
   18.7987988     0.23502191     0.47155978
   18.8388388     0.30952463     0.36851769
   18.8788789     0.37740287     0.26201671
   18.9189189     0.41710599     0.20366015
   18.9589590     0.40867431     0.18497036
   18.9989990     0.35024012     0.17144153
   19.0390390     0.25890069     0.14387924
   19.0790791     0.16108260     0.11779689
   19.1191191     0.08210020     0.12360628
   19.1591592     0.03575540     0.16531636
   19.1991992     0.02452274     0.21229669
   19.2392392     0.05303568     0.23847661
   19.2792793     0.13186390     0.24892073
   19.3193193     0.25285376     0.25378116
   19.3593594     0.36701858     0.24521219
   19.3993994     0.41848105     0.21812683
   19.4394394     0.40151918     0.18280609
   19.4794795     0.35015384     0.14665411
   19.5195195     0.28564025     0.11175594
   19.5595596     0.21302042     0.08927363
   19.5995996     0.14534123     0.09289963
   19.6396396     0.09791556     0.12210944
   19.6796797     0.07481238     0.16134095
   19.7197197     0.07151792     0.18695711
   19.7597598     0.07750885     0.17818510
   19.7997998     0.07813451     0.13638562
   19.8398398     0.06541339     0.08795875
   19.8798799     0.04526892     0.06204467
   19.9199199     0.03199003     0.07485995
   19.9599600     0.04046804     0.12611559
   20.0000000     0.08013605     0.19082990
