    24
     1   -0.403187   -0.000000    0.000000       0.027778
     2   -0.201594   -0.000000    0.000000       0.027778
     3    0.000000    0.000000    0.000000       0.027778
     4    0.201594    0.000000   -0.000000       0.027778
     5    0.403187    0.000000   -0.000000       0.027778
     6    0.604781    0.000000   -0.000000       0.027778
     7   -0.403187    0.201594    0.000000       0.055556
     8   -0.201594    0.201594    0.000000       0.055556
     9    0.000000    0.201594   -0.000000       0.055556
    10    0.201594    0.201594   -0.000000       0.055556
    11    0.403187    0.201594   -0.000000       0.055556
    12    0.604781    0.201594   -0.000000       0.055556
    13   -0.403187    0.403187    0.000000       0.055556
    14   -0.201594    0.403187   -0.000000       0.055556
    15    0.000000    0.403187   -0.000000       0.055556
    16    0.201594    0.403187   -0.000000       0.055556
    17    0.403187    0.403187   -0.000000       0.055556
    18    0.604781    0.403187   -0.000000       0.055556
    19   -0.403187    0.604781   -0.000000       0.027778
    20   -0.201594    0.604781   -0.000000       0.027778
    21    0.000000    0.604781   -0.000000       0.027778
    22    0.201594    0.604781   -0.000000       0.027778
    23    0.403187    0.604781   -0.000000       0.027778
    24    0.604781    0.604781   -0.000000       0.027778
