#
#   partial DOS for atom species: Mn
#
#   Add data for atom_index =   6,  n,l,m,z=  4  0  0  1
#   Add data for atom_index =   6,  n,l,m,z=  4  0  0  2
#   Add data for atom_index =   6,  n,l,m,z=  4  0  0  3
#   Add data for atom_index =   7,  n,l,m,z=  4  0  0  1
#   Add data for atom_index =   7,  n,l,m,z=  4  0  0  2
#   Add data for atom_index =   7,  n,l,m,z=  4  0  0  3
#   Add data for atom_index =   8,  n,l,m,z=  4  0  0  1
#   Add data for atom_index =   8,  n,l,m,z=  4  0  0  2
#   Add data for atom_index =   8,  n,l,m,z=  4  0  0  3
#
#    Energy          spin 1        spin2
#
  -20.0000000     0.00000000     0.00000000
  -19.9599600     0.00000000     0.00000000
  -19.9199199     0.00000000     0.00000000
  -19.8798799     0.00000000     0.00000000
  -19.8398398     0.00000000     0.00000000
  -19.7997998     0.00000000     0.00000000
  -19.7597598     0.00000000     0.00000000
  -19.7197197     0.00000000     0.00000000
  -19.6796797     0.00000000     0.00000000
  -19.6396396     0.00000000     0.00000000
  -19.5995996     0.00000000     0.00000000
  -19.5595596     0.00000000     0.00000000
  -19.5195195     0.00000000     0.00000000
  -19.4794795     0.00000000     0.00000000
  -19.4394394     0.00000000     0.00000000
  -19.3993994     0.00000000     0.00000000
  -19.3593594     0.00000000     0.00000000
  -19.3193193     0.00000000     0.00000000
  -19.2792793     0.00000000     0.00000000
  -19.2392392     0.00000000     0.00000000
  -19.1991992     0.00000000     0.00000000
  -19.1591592     0.00000000     0.00000000
  -19.1191191     0.00000000     0.00000000
  -19.0790791     0.00000000     0.00000000
  -19.0390390     0.00000000     0.00000000
  -18.9989990     0.00000000     0.00000000
  -18.9589590     0.00000000     0.00000000
  -18.9189189     0.00000000     0.00000000
  -18.8788789     0.00000000     0.00000000
  -18.8388388     0.00000000     0.00000000
  -18.7987988     0.00000000     0.00000000
  -18.7587588     0.00000000     0.00000000
  -18.7187187     0.00000000     0.00000000
  -18.6786787     0.00000000     0.00000000
  -18.6386386     0.00000000     0.00000000
  -18.5985986     0.00000000     0.00000000
  -18.5585586     0.00000000     0.00000000
  -18.5185185     0.00000000     0.00000000
  -18.4784785     0.00000000     0.00000000
  -18.4384384     0.00000000     0.00000000
  -18.3983984     0.00000000     0.00000000
  -18.3583584     0.00000000     0.00000000
  -18.3183183     0.00000000     0.00000000
  -18.2782783     0.00000000     0.00000000
  -18.2382382     0.00000000     0.00000000
  -18.1981982     0.00000000     0.00000000
  -18.1581582     0.00000000     0.00000000
  -18.1181181     0.00000000     0.00000000
  -18.0780781     0.00000000     0.00000000
  -18.0380380     0.00000000     0.00000000
  -17.9979980     0.00000000     0.00000000
  -17.9579580     0.00000000     0.00000000
  -17.9179179     0.00000000     0.00000000
  -17.8778779     0.00000000     0.00000000
  -17.8378378     0.00000000    -0.00000000
  -17.7977978    -0.00000000    -0.00000001
  -17.7577578    -0.00000001    -0.00000014
  -17.7177177    -0.00000014    -0.00000195
  -17.6776777    -0.00000193    -0.00002026
  -17.6376376    -0.00001988    -0.00015383
  -17.5975976    -0.00014951    -0.00085267
  -17.5575576    -0.00082070    -0.00345247
  -17.5175175    -0.00328993    -0.01021798
  -17.4774775    -0.00963490    -0.02211663
  -17.4374374    -0.02062000    -0.03502600
  -17.3973974    -0.03225524    -0.04060019
  -17.3573574    -0.03688305    -0.03445248
  -17.3173173    -0.03082957    -0.02140383
  -17.2772773    -0.01883544    -0.00973414
  -17.2372372    -0.00840935    -0.00323990
  -17.1971972    -0.00274283    -0.00078891
  -17.1571572    -0.00065332    -0.00014047
  -17.1171171    -0.00011360    -0.00001833
  -17.0770771    -0.00001448    -0.00000251
  -17.0370370    -0.00000244    -0.00000952
  -16.9969970    -0.00001309    -0.00008262
  -16.9569570    -0.00011077    -0.00052458
  -16.9169169    -0.00067871    -0.00239270
  -16.8768769    -0.00296611    -0.00775079
  -16.8368368    -0.00910504    -0.01744504
  -16.7967968    -0.01902934    -0.02595972
  -16.7567568    -0.02501401    -0.02186652
  -16.7167167    -0.01478512    -0.00149343
  -16.6766767     0.01155232     0.02115585
  -16.6366366     0.03476435     0.02906985
  -16.5965966     0.03793025     0.02172463
  -16.5565566     0.02526811     0.01062580
  -16.5165165     0.01135375     0.00359546
  -16.4764765     0.00356975     0.00086180
  -16.4364364     0.00079906     0.00014810
  -16.3963964     0.00012860     0.00001871
  -16.3563564     0.00001609     0.00000553
  -16.3163163     0.00001398     0.00003074
  -16.2762763     0.00010155     0.00017400
  -16.2362362     0.00058749     0.00071060
  -16.1961962     0.00246901     0.00208155
  -16.1561562     0.00753208     0.00435829
  -16.1161161     0.01667966     0.00648964
  -16.0760761     0.02681358     0.00681820
  -16.0360360     0.03129200     0.00498727
  -15.9959960     0.02651181     0.00247615
  -15.9559560     0.01630767     0.00078717
  -15.9159159     0.00728301     0.00013164
  -15.8758759     0.00236167    -0.00000358
  -15.8358358     0.00055608    -0.00000759
  -15.7957958     0.00009508    -0.00000196
  -15.7557558     0.00001181    -0.00000028
  -15.7157157     0.00000106    -0.00000003
  -15.6756757     0.00000007    -0.00000000
  -15.6356356     0.00000000     0.00000000
  -15.5955956     0.00000001     0.00000001
  -15.5555556     0.00000013     0.00000024
  -15.5155155     0.00000170     0.00000298
  -15.4754755     0.00001649     0.00002665
  -15.4354354     0.00011606     0.00017574
  -15.3953954     0.00059427     0.00086441
  -15.3553554     0.00221952     0.00324265
  -15.3153153     0.00610308     0.00957477
  -15.2752753     0.01271661     0.02298170
  -15.2352352     0.02168964     0.04548323
  -15.1951952     0.03476638     0.07315246
  -15.1551552     0.05691419     0.09256792
  -15.1151151     0.08685669     0.08928758
  -15.0750751     0.10780093     0.06422674
  -15.0350350     0.10107372     0.03413532
  -14.9949950     0.06978974     0.01394778
  -14.9549550     0.03584739     0.00660828
  -14.9149149     0.01609722     0.00810428
  -14.8748749     0.01202360     0.01292242
  -14.8348348     0.01568485     0.01526922
  -14.7947948     0.01631449     0.01352445
  -14.7547548     0.00791580     0.01360691
  -14.7147147    -0.00275729     0.01982077
  -14.6746747    -0.00130767     0.02576873
  -14.6346346     0.01807390     0.02400274
  -14.5945946     0.04498867     0.01916360
  -14.5545546     0.06190626     0.02557165
  -14.5145145     0.06265423     0.05697273
  -14.4744745     0.06416143     0.11363687
  -14.4344344     0.09512129     0.16968169
  -14.3943944     0.16528337     0.18478210
  -14.3543544     0.24261419     0.14322334
  -14.3143143     0.26976087     0.07313418
  -14.2742743     0.21514982     0.01992809
  -14.2342342     0.10633037     0.00620825
  -14.1941942     0.00687846     0.02015246
  -14.1541542    -0.03952861     0.04236180
  -14.1141141    -0.03782152     0.07201258
  -14.0740741    -0.01714172     0.11342655
  -14.0340340     0.00704408     0.15060487
  -13.9939940     0.04124444     0.15664645
  -13.9539540     0.09440274     0.12507736
  -13.9139139     0.15476042     0.07672764
  -13.8738739     0.18988080     0.03734447
  -13.8338338     0.17684082     0.02031602
  -13.7937938     0.12801285     0.03105214
  -13.7537538     0.08204269     0.07468614
  -13.7137137     0.07945059     0.14586881
  -13.6736737     0.14603794     0.21561393
  -13.6336336     0.27050331     0.25254298
  -13.5935936     0.38456479     0.25875263
  -13.5535536     0.40370548     0.25572122
  -13.5135135     0.31324498     0.24436465
  -13.4734735     0.18133388     0.21711633
  -13.4334334     0.07969464     0.19150915
  -13.3933934     0.02903967     0.19122415
  -13.3533534     0.01852993     0.20583136
  -13.3133133     0.04175979     0.20083256
  -13.2732733     0.10088916     0.16245606
  -13.2332332     0.18116369     0.10870620
  -13.1931932     0.23832200     0.06216175
  -13.1531532     0.23494823     0.03282597
  -13.1131131     0.18169416     0.02181932
  -13.0730731     0.11883816     0.02536736
  -13.0330330     0.07238118     0.03472144
  -12.9929930     0.04830622     0.04191876
  -12.9529530     0.04947218     0.05215670
  -12.9129129     0.07487153     0.08437903
  -12.8728729     0.10709134     0.14580606
  -12.8328328     0.11927077     0.20583213
  -12.7927928     0.10368543     0.21623768
  -12.7527528     0.08169353     0.16645197
  -12.7127127     0.07688682     0.09798701
  -12.6726727     0.09102374     0.06038050
  -12.6326326     0.11180608     0.07429127
  -12.5925926     0.12973627     0.12951132
  -12.5525526     0.14154029     0.19279136
  -12.5125125     0.14788840     0.22337415
  -12.4724725     0.14955355     0.20377678
  -12.4324324     0.14061737     0.15811439
  -12.3923924     0.11389936     0.12811131
  -12.3523524     0.07744644     0.12993579
  -12.3123123     0.05348101     0.14357566
  -12.2722723     0.05780690     0.14258078
  -12.2322322     0.08625402     0.12432951
  -12.1921922     0.12037873     0.11322903
  -12.1521522     0.14690079     0.13903440
  -12.1121121     0.17070934     0.20269384
  -12.0720721     0.20147062     0.26097837
  -12.0320320     0.23225254     0.26528133
  -11.9919920     0.24283293     0.22155985
  -11.9519520     0.22090394     0.18395043
  -11.9119119     0.17442612     0.18264491
  -11.8718719     0.12600533     0.19054487
  -11.8318318     0.09658772     0.17101157
  -11.7917918     0.09481055     0.12930744
  -11.7517518     0.11597350     0.09990843
  -11.7117117     0.14036906     0.10018602
  -11.6716717     0.14286703     0.11363219
  -11.6316316     0.11932404     0.11451505
  -11.5915916     0.09102964     0.09815772
  -11.5515516     0.07515849     0.08248429
  -11.5115115     0.06825868     0.08446317
  -11.4714715     0.06228903     0.10125453
  -11.4314314     0.05935568     0.11333217
  -11.3913914     0.06475777     0.10425056
  -11.3513514     0.07403490     0.07824084
  -11.3113113     0.07416631     0.05614471
  -11.2712713     0.05827021     0.05399025
  -11.2312312     0.03340038     0.06900285
  -11.1911912     0.01175677     0.08491041
  -11.1511512     0.00002340     0.08718887
  -11.1111111    -0.00139696     0.07286507
  -11.0710711     0.00595610     0.04845103
  -11.0310310     0.02041337     0.02373727
  -10.9909910     0.03804932     0.00736185
  -10.9509510     0.05224504     0.00193259
  -10.9109109     0.05934321     0.00285214
  -10.8708709     0.06238311     0.00421982
  -10.8308308     0.06442614     0.00317545
  -10.7907908     0.06109509    -0.00171849
  -10.7507508     0.04586492    -0.01217909
  -10.7107107     0.02155337    -0.02896381
  -10.6706707     0.00034237    -0.04921759
  -10.6306306    -0.00927390    -0.06503774
  -10.5905906    -0.01078671    -0.06773474
  -10.5505506    -0.01257657    -0.05670560
  -10.5105105    -0.01737177    -0.04164096
  -10.4704705    -0.02187980    -0.03263360
  -10.4304304    -0.02268087    -0.03047030
  -10.3903904    -0.01903692    -0.02928168
  -10.3503504    -0.01236323    -0.02570636
  -10.3103103    -0.00566641    -0.02207447
  -10.2702703    -0.00323810    -0.02176675
  -10.2302302    -0.00910393    -0.02447474
  -10.1901902    -0.02257214    -0.02730147
  -10.1501502    -0.03535065    -0.02860412
  -10.1101101    -0.03799618    -0.02831803
  -10.0700701    -0.02953404    -0.02596898
  -10.0300300    -0.01647912    -0.02077406
   -9.9899900    -0.00426078    -0.01317365
   -9.9499500     0.00592385    -0.00576946
   -9.9099099     0.01327134    -0.00252907
   -9.8698699     0.01484028    -0.00550613
   -9.8298298     0.00920165    -0.01210835
   -9.7897898     0.00053209    -0.01667076
   -9.7497497    -0.00464614    -0.01442056
   -9.7097097    -0.00379796    -0.00465975
   -9.6696697     0.00092731     0.00731325
   -9.6296296     0.00619898     0.01301892
   -9.5895896     0.00975298     0.00903309
   -9.5495496     0.01066122     0.00024162
   -9.5095095     0.00885274    -0.00670714
   -9.4694695     0.00521787    -0.00945413
   -9.4294294     0.00206688    -0.00943855
   -9.3893894     0.00151902    -0.00947786
   -9.3493494     0.00296317    -0.01145319
   -9.3093093     0.00360014    -0.01414671
   -9.2692693     0.00148507    -0.01481988
   -9.2292292    -0.00271223    -0.01332158
   -9.1891892    -0.00630542    -0.01191201
   -9.1491491    -0.00652671    -0.01128052
   -9.1091091    -0.00252935    -0.00967823
   -9.0690691     0.00418891    -0.00607925
   -9.0290290     0.01087407    -0.00209402
   -8.9889890     0.01448050     0.00007231
   -8.9489490     0.01274633     0.00045711
   -8.9089089     0.00635149     0.00052572
   -8.8688689    -0.00022153     0.00027895
   -8.8288288    -0.00257303    -0.00158321
   -8.7887888    -0.00165558    -0.00518274
   -8.7487488    -0.00248914    -0.00866596
   -8.7087087    -0.00743482    -0.00949862
   -8.6686687    -0.01390995    -0.00669236
   -8.6286286    -0.01889628    -0.00182883
   -8.5885886    -0.02228758     0.00305927
   -8.5485485    -0.02464761     0.00759017
   -8.5085085    -0.02449662     0.01213977
   -8.4684685    -0.02028033     0.01661689
   -8.4284284    -0.01370802     0.02026997
   -8.3883884    -0.00878792     0.02147164
   -8.3483484    -0.00769752     0.01877542
   -8.3083083    -0.00887758     0.01288411
   -8.2682683    -0.00937618     0.00646895
   -8.2282282    -0.00824804     0.00217220
   -8.1881882    -0.00688429     0.00112127
   -8.1481482    -0.00648284     0.00232504
   -8.1081081    -0.00649574     0.00332589
   -8.0680681    -0.00575462     0.00239495
   -8.0280280    -0.00415034     0.00034690
   -7.9879880    -0.00269097    -0.00012055
   -7.9479479    -0.00224709     0.00272446
   -7.9079079    -0.00268725     0.00746058
   -7.8678679    -0.00327153     0.01088518
   -7.8278278    -0.00353832     0.01139481
   -7.7877878    -0.00362181     0.01014300
   -7.7477478    -0.00383286     0.00933588
   -7.7077077    -0.00408001     0.00994263
   -7.6676677    -0.00393950     0.01066183
   -7.6276276    -0.00333607     0.00933793
   -7.5875876    -0.00275601     0.00542291
   -7.5475475    -0.00283869     0.00043772
   -7.5075075    -0.00429275    -0.00342873
   -7.4674675    -0.00767518    -0.00463654
   -7.4274274    -0.01202175    -0.00302777
   -7.3873874    -0.01433547     0.00018994
   -7.3473473    -0.01229772     0.00340822
   -7.3073073    -0.00695699     0.00588732
   -7.2672673    -0.00113123     0.00828565
   -7.2272272     0.00368981     0.01166086
   -7.1871872     0.00749781     0.01550639
   -7.1471472     0.01013674     0.01729494
   -7.1071071     0.01106382     0.01482594
   -7.0670671     0.01070146     0.00875282
   -7.0270270     0.01064224     0.00214226
   -6.9869870     0.01160750    -0.00220300
   -6.9469470     0.01239253    -0.00352120
   -6.9069069     0.01163170    -0.00253812
   -6.8668669     0.00944415    -0.00003818
   -6.8268268     0.00693425     0.00346384
   -6.7867868     0.00509201     0.00712113
   -6.7467467     0.00444603     0.00961081
   -6.7067067     0.00502220     0.00974132
   -6.6666667     0.00631278     0.00727334
   -6.6266266     0.00777697     0.00322799
   -6.5865866     0.00925900    -0.00066294
   -6.5465466     0.01016226    -0.00271457
   -6.5065065     0.00910185    -0.00195471
   -6.4664665     0.00596386     0.00136623
   -6.4264264     0.00301111     0.00593295
   -6.3863864     0.00180737     0.00958085
   -6.3463464     0.00073202     0.00974802
   -6.3063063    -0.00198563     0.00576941
   -6.2662663    -0.00475549     0.00064980
   -6.2262262    -0.00476643    -0.00148954
   -6.1861862    -0.00188892     0.00052090
   -6.1461461     0.00165332     0.00456688
   -6.1061061     0.00407671     0.00795603
   -6.0660661     0.00498353     0.00947873
   -6.0260260     0.00449543     0.00965795
   -5.9859860     0.00268457     0.00955077
   -5.9459459    -0.00019155     0.00928496
   -5.9059059    -0.00338329     0.00820889
   -5.8658659    -0.00589197     0.00630672
   -5.8258258    -0.00728694     0.00468693
   -5.7857858    -0.00821613     0.00448916
   -5.7457458    -0.00965717     0.00531589
   -5.7057057    -0.01165070     0.00514439
   -5.6656657    -0.01307215     0.00254509
   -5.6256256    -0.01263659    -0.00145891
   -5.5855856    -0.01033576    -0.00452270
   -5.5455455    -0.00789485    -0.00544640
   -5.5055055    -0.00707876    -0.00494895
   -5.4654655    -0.00770075    -0.00448171
   -5.4254254    -0.00815456    -0.00499371
   -5.3853854    -0.00755767    -0.00669256
   -5.3453453    -0.00664585    -0.00887193
   -5.3053053    -0.00679792    -0.00978499
   -5.2652653    -0.00862665    -0.00799527
   -5.2252252    -0.01152917    -0.00397676
   -5.1851852    -0.01430251     0.00055679
   -5.1451452    -0.01594695     0.00422377
   -5.1051051    -0.01621650     0.00603103
   -5.0650651    -0.01550397     0.00520073
   -5.0250250    -0.01391377     0.00218619
   -4.9849850    -0.01128747    -0.00115086
   -4.9449449    -0.00859059    -0.00351090
   -4.9049049    -0.00799758    -0.00544236
   -4.8648649    -0.01115819    -0.00771677
   -4.8248248    -0.01760528    -0.00957892
   -4.7847848    -0.02441328    -0.00972344
   -4.7447447    -0.02815660    -0.00827638
   -4.7047047    -0.02793653    -0.00702916
   -4.6646647    -0.02525851    -0.00757294
   -4.6246246    -0.02146761    -0.00944791
   -4.5845846    -0.01722553    -0.01078102
   -4.5445445    -0.01323953    -0.01053749
   -4.5045045    -0.00996824    -0.00945938
   -4.4644645    -0.00745788    -0.00918288
   -4.4244244    -0.00551246    -0.01066792
   -4.3843844    -0.00353424    -0.01285265
   -4.3443443    -0.00089646    -0.01316671
   -4.3043043     0.00213892    -0.01028303
   -4.2642643     0.00440167    -0.00575857
   -4.2242242     0.00499633    -0.00220660
   -4.1841842     0.00406233    -0.00076411
   -4.1441441     0.00216624    -0.00064817
   -4.1041041    -0.00044350    -0.00001832
   -4.0640641    -0.00360517     0.00275515
   -4.0240240    -0.00644956     0.00754153
   -3.9839840    -0.00745941     0.01208289
   -3.9439439    -0.00607247     0.01374436
   -3.9039039    -0.00380871     0.01160518
   -3.8638639    -0.00304398     0.00677285
   -3.8238238    -0.00477629     0.00109690
   -3.7837838    -0.00759257    -0.00384590
   -3.7437437    -0.00887866    -0.00668606
   -3.7037037    -0.00740721    -0.00647306
   -3.6636637    -0.00447579    -0.00379252
   -3.6236236    -0.00213828    -0.00077363
   -3.5835836    -0.00073338     0.00104492
   -3.5435435     0.00085513     0.00220612
   -3.5035035     0.00256397     0.00399662
   -3.4634635     0.00276097     0.00632719
   -3.4234234     0.00089454     0.00760195
   -3.3833834    -0.00171501     0.00652168
   -3.3433433    -0.00379419     0.00355264
   -3.3033033    -0.00469524     0.00038979
   -3.2632633    -0.00366558    -0.00173962
   -3.2232232    -0.00065407    -0.00310608
   -3.1831832     0.00283328    -0.00483869
   -3.1431431     0.00517168    -0.00712664
   -3.1031031     0.00596262    -0.00877629
   -3.0630631     0.00535787    -0.00890082
   -3.0230230     0.00367203    -0.00764961
   -2.9829830     0.00202383    -0.00511875
   -2.9429429     0.00169568    -0.00130250
   -2.9029029     0.00253607     0.00263092
   -2.8628629     0.00326219     0.00448387
   -2.8228228     0.00337423     0.00326043
   -2.7827828     0.00360545     0.00053213
   -2.7427427     0.00452653    -0.00131886
   -2.7027027     0.00566182    -0.00157597
   -2.6626627     0.00596370    -0.00124307
   -2.6226226     0.00464377    -0.00144039
   -2.5825826     0.00164748    -0.00226512
   -2.5425425    -0.00243768    -0.00297669
   -2.5025025    -0.00690636    -0.00334560
   -2.4624625    -0.01123543    -0.00452686
   -2.4224224    -0.01485717    -0.00772023
   -2.3823824    -0.01696364    -0.01196009
   -2.3423423    -0.01678489    -0.01436170
   -2.3023023    -0.01416057    -0.01306367
   -2.2622623    -0.00996929    -0.00904520
   -2.2222222    -0.00588378    -0.00472908
   -2.1821822    -0.00337822    -0.00178422
   -2.1421421    -0.00281442    -0.00049957
   -2.1021021    -0.00333736    -0.00044727
   -2.0620621    -0.00360358    -0.00124581
   -2.0220220    -0.00297576    -0.00265863
   -1.9819820    -0.00213014    -0.00415255
   -1.9419419    -0.00222775    -0.00484409
   -1.9019019    -0.00353292    -0.00429206
   -1.8618619    -0.00499409    -0.00313605
   -1.8218218    -0.00522732    -0.00246033
   -1.7817818    -0.00392124    -0.00253331
   -1.7417417    -0.00201587    -0.00259768
   -1.7017017    -0.00057823    -0.00200877
   -1.6616617    -0.00002490    -0.00115717
   -1.6216216    -0.00028512    -0.00105501
   -1.5815816    -0.00110833    -0.00231071
   -1.5415415    -0.00219666    -0.00480068
   -1.5015015    -0.00336274    -0.00825824
   -1.4614615    -0.00451783    -0.01225198
   -1.4214214    -0.00527648    -0.01502504
   -1.3813814    -0.00482832    -0.01410577
   -1.3413413    -0.00281530    -0.00919936
   -1.3013013    -0.00022231    -0.00270419
   -1.2612613     0.00135338     0.00286653
   -1.2212212     0.00122710     0.00624278
   -1.1811812    -0.00008702     0.00714600
   -1.1411411    -0.00162171     0.00640613
   -1.1011011    -0.00251019     0.00538663
   -1.0610611    -0.00229083     0.00447105
   -1.0210210    -0.00089688     0.00304203
   -0.9809810     0.00179831     0.00107795
   -0.9409409     0.00577424    -0.00027836
   -0.9009009     0.00968779    -0.00003409
   -0.8608609     0.01114420     0.00139449
   -0.8208208     0.00933829     0.00266984
   -0.7807808     0.00632818     0.00298984
   -0.7407407     0.00477385     0.00278754
   -0.7007007     0.00544616     0.00356471
   -0.6606607     0.00717708     0.00730297
   -0.6206206     0.00823873     0.01462485
   -0.5805806     0.00777067     0.02225085
   -0.5405405     0.00649355     0.02446459
   -0.5005005     0.00604185     0.02023511
   -0.4604605     0.00758564     0.01696619
   -0.4204204     0.01119076     0.02401724
   -0.3803804     0.01571217     0.04353715
   -0.3403403     0.01875461     0.06727950
   -0.3003003     0.01825278     0.08128022
   -0.2602603     0.01529630     0.07843601
   -0.2202202     0.01418529     0.06807091
   -0.1801802     0.01887541     0.06747677
   -0.1401401     0.02991582     0.08418733
   -0.1001001     0.04469621     0.10899977
   -0.0600601     0.05915241     0.12273073
   -0.0200200     0.06795364     0.11120973
    0.0200200     0.06662021     0.07931107
    0.0600601     0.05810924     0.04721526
    0.1001001     0.05296987     0.03012401
    0.1401401     0.05756804     0.02636750
    0.1801802     0.06539986     0.02534740
    0.2202202     0.06430320     0.02156513
    0.2602603     0.05116762     0.01889869
    0.3003003     0.03526083     0.02385757
    0.3403403     0.02710867     0.03811722
    0.3803804     0.02972714     0.05822823
    0.4204204     0.04102511     0.07941319
    0.4604605     0.05823360     0.09523111
    0.5005005     0.07744567     0.09625838
    0.5405405     0.09258834     0.07855388
    0.5805806     0.09832063     0.05263843
    0.6206206     0.09449114     0.03476748
    0.6606607     0.08514464     0.03032391
    0.7007007     0.07171532     0.03190610
    0.7407407     0.05290110     0.03096687
    0.7807808     0.03322699     0.02566208
    0.8208208     0.02321812     0.01851196
    0.8608609     0.02750469     0.01130400
    0.9009009     0.03823920     0.00403379
    0.9409409     0.04293969    -0.00243647
    0.9809810     0.03651520    -0.00484553
    1.0210210     0.02421489    -0.00058992
    1.0610611     0.01443588     0.00848813
    1.1011011     0.01055308     0.01761172
    1.1411411     0.00939170     0.02364735
    1.1811812     0.00624233     0.02680678
    1.2212212     0.00084756     0.02950033
    1.2612613    -0.00143395     0.03446798
    1.3013013     0.00528214     0.04181255
    1.3413413     0.02071314     0.04708031
    1.3813814     0.03788831     0.04541725
    1.4214214     0.05057135     0.03895649
    1.4614615     0.05882442     0.03603950
    1.5015015     0.06468875     0.04132479
    1.5415415     0.06649128     0.05079650
    1.5815816     0.06158033     0.05765239
    1.6216216     0.05065491     0.05862997
    1.6616617     0.03637046     0.05470807
    1.7017017     0.02179824     0.05140900
    1.7417417     0.01130486     0.05690691
    1.7817818     0.00821120     0.07203548
    1.8218218     0.01128363     0.08452910
    1.8618619     0.01807498     0.08209571
    1.9019019     0.03065301     0.06783744
    1.9419419     0.05216798     0.05436142
    1.9819820     0.07828774     0.04709189
    2.0220220     0.09770980     0.04127788
    2.0620621     0.10153547     0.03254766
    2.1021021     0.08940523     0.02285692
    2.1421421     0.06828458     0.01609289
    2.1821822     0.04738212     0.01438580
    2.2222222     0.03270972     0.02042990
    2.2622623     0.02564346     0.03795558
    2.3023023     0.02553845     0.06507210
    2.3423423     0.03042315     0.08925946
    2.3823824     0.03541450     0.09727923
    2.4224224     0.03525548     0.09140025
    2.4624625     0.03031562     0.08575568
    2.5025025     0.02788536     0.08680136
    2.5425425     0.03661805     0.08863382
    2.5825826     0.05903019     0.08487948
    2.6226226     0.08630034     0.07640301
    2.6626627     0.10161892     0.07048916
    2.7027027     0.09512856     0.07589184
    2.7427427     0.07392209     0.09732979
    2.7827828     0.05199770     0.13273004
    2.8228228     0.03664933     0.16850617
    2.8628629     0.02928503     0.17994574
    2.9029029     0.03123399     0.15312071
    2.9429429     0.04353312     0.10371590
    2.9829830     0.06590997     0.05961246
    3.0230230     0.09941479     0.03446861
    3.0630631     0.14253168     0.02676663
    3.1031031     0.17817702     0.02961639
    3.1431431     0.17921760     0.03401202
    3.1831832     0.14010632     0.03272313
    3.2232232     0.08757077     0.02662841
    3.2632633     0.05123072     0.02358706
    3.3033033     0.03972875     0.03013176
    3.3433433     0.04624135     0.04693708
    3.3833834     0.05897672     0.07032084
    3.4234234     0.06497702     0.09214082
    3.4634635     0.05837200     0.10008057
    3.5035035     0.04846109     0.08758727
    3.5435435     0.05154075     0.06362208
    3.5835836     0.07151608     0.04506389
    3.6236236     0.09210201     0.04031763
    3.6636637     0.09266891     0.04505963
    3.7037037     0.07071207     0.05265634
    3.7437437     0.04288050     0.06203790
    3.7837838     0.02623310     0.07168633
    3.8238238     0.02484361     0.07464153
    3.8638639     0.03150277     0.06913310
    3.9039039     0.03710139     0.06722459
    3.9439439     0.03916746     0.08162260
    3.9839840     0.04255404     0.10648692
    4.0240240     0.05161042     0.12158366
    4.0640641     0.06380753     0.11741570
    4.1041041     0.07396072     0.10580688
    4.1441441     0.08243118     0.10153942
    4.1841842     0.09229553     0.10644785
    4.2242242     0.09921954     0.11589321
    4.2642643     0.09459930     0.12643591
    4.3043043     0.08037252     0.13360397
    4.3443443     0.07183197     0.13318911
    4.3843844     0.08361960     0.12443583
    4.4244244     0.11334543     0.10902734
    4.4644645     0.13752807     0.09384816
    4.5045045     0.13128581     0.09048462
    4.5445445     0.09575878     0.10160937
    4.5845846     0.05634447     0.11428588
    4.6246246     0.03500740     0.11485067
    4.6646647     0.03571436     0.10374308
    4.7047047     0.05240499     0.09001258
    4.7447447     0.07734507     0.07846615
    4.7847848     0.10218222     0.06894676
    4.8248248     0.12293012     0.06227542
    4.8648649     0.14421378     0.06107196
    4.9049049     0.16724149     0.07011483
    4.9449449     0.17822516     0.09551213
    4.9849850     0.16392634     0.13445431
    5.0250250     0.13247224     0.17007800
    5.0650651     0.10320432     0.18605552
    5.1051051     0.08448323     0.17969278
    5.1451452     0.07615167     0.15636317
    5.1851852     0.08166036     0.12287143
    5.2252252     0.10152071     0.08784907
    5.2652653     0.12528592     0.05866548
    5.3053053     0.14447615     0.03937581
    5.3453453     0.16245354     0.03422238
    5.3853854     0.17768697     0.04638323
    5.4254254     0.17269862     0.07030203
    5.4654655     0.13669268     0.09048819
    5.5055055     0.08493335     0.09415632
    5.5455455     0.04213664     0.08511760
    5.5855856     0.01862722     0.07980753
    5.6256256     0.00995407     0.08781976
    5.6656657     0.00867043     0.10196638
    5.7057057     0.01029187     0.11203391
    5.7457458     0.01365190     0.12033924
    5.7857858     0.02049169     0.13206933
    5.8258258     0.03418129     0.13799854
    5.8658659     0.05579349     0.12501552
    5.9059059     0.08052328     0.09908034
    5.9459459     0.10160907     0.08042596
    5.9859860     0.11783430     0.08064842
    6.0260260     0.13105742     0.09498731
    6.0660661     0.13791421     0.11158101
    6.1061061     0.13410211     0.12442161
    6.1461461     0.12685561     0.13776372
    6.1861862     0.13066594     0.15527166
    6.2262262     0.14705754     0.16966695
    6.2662663     0.15971980     0.16891167
    6.3063063     0.15478953     0.14938704
    6.3463464     0.13774113     0.12029088
    6.3863864     0.12573975     0.09722788
    6.4264264     0.12760285     0.09420575
    6.4664665     0.13412179     0.11589973
    6.5065065     0.12959365     0.14823799
    6.5465466     0.11046272     0.16384537
    6.5865866     0.08690076     0.14722684
    6.6266266     0.07020543     0.10822238
    6.6666667     0.06400939     0.06772532
    6.7067067     0.06427445     0.03891377
    6.7467467     0.06526162     0.02332426
    6.7867868     0.06408079     0.01798459
    6.8268268     0.05969131     0.02192860
    6.8668669     0.05306532     0.03484269
    6.9069069     0.04788069     0.05141162
    6.9469470     0.04543253     0.06271485
    6.9869870     0.04219593     0.06562824
    7.0270270     0.03674264     0.06445925
    7.0670671     0.03427090     0.06149363
    7.1071071     0.04120959     0.05520829
    7.1471472     0.05798858     0.04897855
    7.1871872     0.07764054     0.05090691
    7.2272272     0.09079053     0.06177098
    7.2672673     0.09274902     0.07044325
    7.3073073     0.08634797     0.06612325
    7.3473473     0.07835161     0.05129989
    7.3873874     0.07251820     0.03787775
    7.4274274     0.06585843     0.03371158
    7.4674675     0.05358744     0.03744969
    7.5075075     0.03710129     0.04374502
    7.5475475     0.02363483     0.04861178
    7.5875876     0.01867555     0.04993378
    7.6276276     0.02155931     0.04696621
    7.6676677     0.02803584     0.04149613
    7.7077077     0.03498241     0.03747248
    7.7477478     0.04140451     0.03863749
    7.7877878     0.04645088     0.04742447
    7.8278278     0.05008558     0.06293347
    7.8678679     0.05490142     0.07793583
    7.9079079     0.06208574     0.08330712
    7.9479479     0.06635368     0.07774114
    7.9879880     0.06179524     0.06819899
    8.0280280     0.05207747     0.06047416
    8.0680681     0.04741032     0.05442113
    8.1081081     0.05179809     0.04801045
    8.1481482     0.05882335     0.04128698
    8.1881882     0.05975398     0.03615441
    8.2282282     0.05232477     0.03474339
    8.2682683     0.04122171     0.03826741
    8.3083083     0.03343953     0.04588274
    8.3483484     0.03523677     0.05330243
    8.3883884     0.04885829     0.05498583
    8.4284284     0.06752440     0.05000986
    8.4684685     0.07794413     0.04275957
    8.5085085     0.07254895     0.03726622
    8.5485485     0.05587877     0.03525689
    8.5885886     0.03763328     0.03898956
    8.6286286     0.02448030     0.05009448
    8.6686687     0.01841091     0.06486969
    8.7087087     0.01793426     0.07458650
    8.7487488     0.02009144     0.07184963
    8.7887888     0.02270567     0.05713167
    8.8288288     0.02487554     0.03950947
    8.8688689     0.02672866     0.02938051
    8.9089089     0.02938566     0.03030394
    8.9489490     0.03370900     0.03894955
    8.9889890     0.03971099     0.05014222
    9.0290290     0.04815663     0.05863238
    9.0690691     0.05976835     0.05970313
    9.1091091     0.07111096     0.05335786
    9.1491491     0.07581317     0.04501614
    9.1891892     0.07306901     0.03936699
    9.2292292     0.06968414     0.03770783
    9.2692693     0.06994532     0.04177096
    9.3093093     0.06943698     0.05432064
    9.3493494     0.06316823     0.07280472
    9.3893894     0.05467206     0.08714316
    9.4294294     0.05217516     0.09003050
    9.4694695     0.05743840     0.08530879
    9.5095095     0.06267258     0.08066083
    9.5495496     0.06031415     0.07801706
    9.5895896     0.05252040     0.07493001
    9.6296296     0.04792451     0.06984527
    9.6696697     0.05101690     0.06314080
    9.7097097     0.05762288     0.05521833
    9.7497497     0.06115104     0.04595204
    9.7897898     0.05953277     0.03593706
    9.8298298     0.05388375     0.02639117
    9.8698699     0.04604877     0.01832490
    9.9099099     0.03960791     0.01330642
    9.9499500     0.03740763     0.01355703
    9.9899900     0.03729556     0.01917562
   10.0300300     0.03442112     0.02577009
   10.0700701     0.02757101     0.02757710
   10.1101101     0.02078247     0.02398560
   10.1501502     0.01901736     0.02047909
   10.1901902     0.02361633     0.02237519
   10.2302302     0.03155687     0.02960741
   10.2702703     0.03809536     0.03719853
   10.3103103     0.03983426     0.04001379
   10.3503504     0.03661335     0.03770195
   10.3903904     0.03262100     0.03391884
   10.4304304     0.03394507     0.03177453
   10.4704705     0.04184489     0.03327826
   10.5105105     0.05062988     0.04046867
   10.5505506     0.05459945     0.05276601
   10.5905906     0.05353741     0.06505793
   10.6306306     0.04986828     0.07105499
   10.6706707     0.04513645     0.06866212
   10.7107107     0.04067188     0.06151450
   10.7507508     0.03806118     0.05425713
   10.7907908     0.03763047     0.04830509
   10.8308308     0.03785414     0.04406711
   10.8708709     0.03775509     0.04235865
   10.9109109     0.03938222     0.04140402
   10.9509510     0.04448125     0.03811326
   10.9909910     0.04922403     0.03337516
   11.0310310     0.04853608     0.03195384
   11.0710711     0.04544505     0.03711803
   11.1111111     0.04880263     0.04659317
   11.1511512     0.06143619     0.05374050
   11.1911912     0.07598446     0.05394283
   11.2312312     0.08284698     0.04959481
   11.2712713     0.07877352     0.04651883
   11.3113113     0.06703006     0.04578946
   11.3513514     0.05290410     0.04291159
   11.3913914     0.04116372     0.03610962
   11.4314314     0.03512211     0.03058527
   11.4714715     0.03558660     0.03292535
   11.5115115     0.04052764     0.04480881
   11.5515516     0.04583758     0.06098482
   11.5915916     0.04738844     0.07163648
   11.6316316     0.04489868     0.07114012
   11.6716717     0.04334679     0.06395784
   11.7117117     0.04675565     0.05689794
   11.7517518     0.05119329     0.05049200
   11.7917918     0.04858437     0.04340478
   11.8318318     0.03756910     0.03850656
   11.8718719     0.02629351     0.03890136
   11.9119119     0.02349689     0.04202098
   11.9519520     0.02965333     0.04154997
   11.9919920     0.03775945     0.03438840
   12.0320320     0.04138919     0.02401102
   12.0720721     0.04017776     0.01650354
   12.1121121     0.03727098     0.01454276
   12.1521522     0.03440044     0.01619482
   12.1921922     0.03102767     0.01797651
   12.2322322     0.02636624     0.01776643
   12.2722723     0.02079030     0.01615527
   12.3123123     0.01554023     0.01594375
   12.3523524     0.01211225     0.01923893
   12.3923924     0.01228296     0.02470942
   12.4324324     0.01708551     0.02880044
   12.4724725     0.02457466     0.02961665
   12.5125125     0.02995582     0.02814501
   12.5525526     0.02958275     0.02576240
   12.5925926     0.02474910     0.02238962
   12.6326326     0.02081615     0.01770551
   12.6726727     0.02209122     0.01308572
   12.7127127     0.02728255     0.01193735
   12.7527528     0.03109832     0.01858212
   12.7927928     0.03128843     0.03517381
   12.8328328     0.03190708     0.05737148
   12.8728729     0.03709872     0.07508255
   12.9129129     0.04351944     0.08053936
   12.9529530     0.04353200     0.07389072
   12.9929930     0.03623984     0.06078768
   13.0330330     0.02997115     0.04868348
   13.0730731     0.03224242     0.04458791
   13.1131131     0.04171691     0.05181973
   13.1531532     0.05165515     0.06781397
   13.1931932     0.05807111     0.08464446
   13.2332332     0.06191710     0.09123422
   13.2732733     0.06514058     0.07988581
   13.3133133     0.06752836     0.05465914
   13.3533534     0.06659585     0.02903025
   13.3933934     0.05998868     0.01358872
   13.4334334     0.04882282     0.01042555
   13.4734735     0.03702906     0.01781115
   13.5135135     0.02746342     0.03378227
   13.5535536     0.02125835     0.05371845
   13.5935936     0.01971772     0.06838028
   13.6336336     0.02350106     0.06903395
   13.6736737     0.03011519     0.05547219
   13.7137137     0.03544466     0.03640368
   13.7537538     0.03910984     0.02157054
   13.7937938     0.04481002     0.01493653
   13.8338338     0.05292235     0.01438465
   13.8738739     0.05702821     0.01583040
   13.9139139     0.05162824     0.01688554
   13.9539540     0.03955267     0.01719176
   13.9939940     0.02783192     0.01725827
   14.0340340     0.01965556     0.01846536
   14.0740741     0.01417258     0.02279050
   14.1141141     0.01120426     0.03041136
   14.1541542     0.01191379     0.03816968
   14.1941942     0.01585468     0.04203497
   14.2342342     0.02071551     0.04070908
   14.2742743     0.02565085     0.03648576
   14.3143143     0.03243401     0.03288922
   14.3543544     0.04133439     0.03057952
   14.3943944     0.04764575     0.02665890
   14.4344344     0.04555499     0.01999734
   14.4744745     0.03527996     0.01453405
   14.5145145     0.02352840     0.01453749
   14.5545546     0.01652640     0.01924201
   14.5945946     0.01509356     0.02464664
   14.6346346     0.01713420     0.02942889
   14.6746747     0.02199823     0.03681612
   14.7147147     0.02965652     0.04863001
   14.7547548     0.03737969     0.05926391
   14.7947948     0.04109103     0.06045767
   14.8348348     0.03955944     0.05096238
   14.8748749     0.03545156     0.03687845
   14.9149149     0.03330829     0.02466197
   14.9549550     0.03611940     0.01726207
   14.9949950     0.04263003     0.01502642
   15.0350350     0.04908565     0.01765104
   15.0750751     0.05345341     0.02383246
   15.1151151     0.05564052     0.02956058
   15.1551552     0.05413436     0.03064396
   15.1951952     0.04664058     0.02840607
   15.2352352     0.03446916     0.02940370
   15.2752753     0.02213556     0.03779708
   15.3153153     0.01304577     0.05007669
   15.3553554     0.00853072     0.05845711
   15.3953954     0.00953749     0.05824097
   15.4354354     0.01667697     0.05090839
   15.4754755     0.02818068     0.04156787
   15.5155155     0.03897047     0.03547620
   15.5555556     0.04411002     0.03511297
   15.5955956     0.04354322     0.03792733
   15.6356356     0.04146221     0.03922068
   15.6756757     0.04109304     0.03869350
   15.7157157     0.04226349     0.04057485
   15.7557558     0.04412317     0.04614078
   15.7957958     0.04690226     0.04993089
   15.8358358     0.04971657     0.04612010
   15.8758759     0.05008643     0.03693484
   15.9159159     0.04658672     0.03162846
   15.9559560     0.03988665     0.03736949
   15.9959960     0.03246145     0.05203648
   16.0360360     0.02873652     0.06468102
   16.0760761     0.03303806     0.06468073
   16.1161161     0.04473328     0.05223846
   16.1561562     0.05608855     0.03695033
   16.1961962     0.05866351     0.02715541
   16.2362362     0.05329666     0.02567526
   16.2762763     0.04960185     0.03270978
   16.3163163     0.05346992     0.04546238
   16.3563564     0.05977479     0.05608334
   16.3963964     0.05989038     0.05692954
   16.4364364     0.05179731     0.04819281
   16.4764765     0.04007596     0.03606843
   16.5165165     0.02967608     0.02535149
   16.5565566     0.02256209     0.01713267
   16.5965966     0.01841611     0.01108071
   16.6366366     0.01572571     0.00735033
   16.6766767     0.01270553     0.00681875
   16.7167167     0.00924610     0.01015348
   16.7567568     0.00782975     0.01728419
   16.7967968     0.01182378     0.02836563
   16.8368368     0.02297073     0.04378052
   16.8768769     0.03994082     0.06078891
   16.9169169     0.05892070     0.07226596
   16.9569570     0.07558118     0.07442175
   16.9969970     0.08607030     0.07476968
   17.0370370     0.08784788     0.08467191
   17.0770771     0.08259922     0.10408791
   17.1171171     0.07736096     0.12177537
   17.1571572     0.07941349     0.12940753
   17.1971972     0.08971875     0.12741084
   17.2372372     0.10189841     0.12067810
   17.2772773     0.10691081     0.11632072
   17.3173173     0.10013622     0.11933576
   17.3573574     0.08548313     0.12497292
   17.3973974     0.07180389     0.12210460
   17.4374374     0.06486767     0.10539987
   17.4774775     0.06242242     0.07954263
   17.5175175     0.05832774     0.05408789
   17.5575576     0.05293813     0.03674867
   17.5975976     0.05372227     0.02907068
   17.6376376     0.06220128     0.02788915
   17.6776777     0.06855577     0.03159012
   17.7177177     0.06431136     0.04380129
   17.7577578     0.05407102     0.07043624
   17.7977978     0.05092371     0.11228170
   17.8378378     0.06372829     0.15772744
   17.8778779     0.08955577     0.18486082
   17.9179179     0.11711797     0.17857302
   17.9579580     0.13810091     0.14705541
   17.9979980     0.15206779     0.11491959
   18.0380380     0.15811999     0.09858473
   18.0780781     0.15150946     0.09432730
   18.1181181     0.13522901     0.09149839
   18.1581582     0.12293956     0.08852141
   18.1981982     0.12167836     0.08951727
   18.2382382     0.12157206     0.09177645
   18.2782783     0.11047964     0.08641450
   18.3183183     0.09056462     0.07060287
   18.3583584     0.07179089     0.05185485
   18.3983984     0.05748034     0.03909626
   18.4384384     0.04621727     0.03462210
   18.4784785     0.03986617     0.03664860
   18.5185185     0.04163337     0.04595797
   18.5585586     0.05163012     0.06745567
   18.5985986     0.06583610     0.10404745
   18.6386386     0.07618590     0.14702430
   18.6786787     0.07679574     0.17587447
   18.7187187     0.07183200     0.17424526
   18.7587588     0.07039618     0.14630719
   18.7987988     0.07677949     0.11234936
   18.8388388     0.09301932     0.08789051
   18.8788789     0.12252082     0.07319458
   18.9189189     0.15995812     0.06220919
   18.9589590     0.18569544     0.05220045
   18.9989990     0.18357061     0.04430777
   19.0390390     0.15791607     0.04185145
   19.0790791     0.12441338     0.04853561
   19.1191191     0.09552562     0.06517696
   19.1591592     0.07945653     0.08780242
   19.1991992     0.07838083     0.11051024
   19.2392392     0.08419551     0.12980746
   19.2792793     0.08759173     0.14249730
   19.3193193     0.09124842     0.14219079
   19.3593594     0.10391391     0.12617010
   19.3993994     0.12331781     0.10280515
   19.4394394     0.13538818     0.08480386
   19.4794795     0.13009337     0.07706861
   19.5195195     0.10988697     0.07307932
   19.5595596     0.08438866     0.06291973
   19.5995996     0.06409071     0.04594421
   19.6396396     0.05527738     0.03268571
   19.6796797     0.05609617     0.03377958
   19.7197197     0.06127924     0.05158042
   19.7597598     0.06796902     0.08100387
   19.7997998     0.07127069     0.11213240
   19.8398398     0.06332199     0.13319674
   19.8798799     0.04587277     0.13845909
   19.9199199     0.03553064     0.13215589
   19.9599600     0.04874638     0.11935515
   20.0000000     0.08387202     0.09954301
