#
#   partial DOS for atom species: Mn
#
#   Add data for atom_index =   3,  n,l,m,z=  4  0  0  1
#   Add data for atom_index =   3,  n,l,m,z=  4  0  0  2
#   Add data for atom_index =   3,  n,l,m,z=  4  0  0  3
#   Add data for atom_index =   4,  n,l,m,z=  4  0  0  1
#   Add data for atom_index =   4,  n,l,m,z=  4  0  0  2
#   Add data for atom_index =   4,  n,l,m,z=  4  0  0  3
#
#    Energy          spin 1        spin2
#
  -20.0000000     0.00000000     0.00000000
  -19.9599600     0.00000000     0.00000000
  -19.9199199     0.00000000     0.00000000
  -19.8798799     0.00000000     0.00000000
  -19.8398398     0.00000000     0.00000000
  -19.7997998     0.00000000     0.00000000
  -19.7597598     0.00000000     0.00000000
  -19.7197197     0.00000000     0.00000000
  -19.6796797     0.00000000     0.00000000
  -19.6396396     0.00000000     0.00000000
  -19.5995996     0.00000000     0.00000000
  -19.5595596     0.00000000     0.00000000
  -19.5195195     0.00000000     0.00000000
  -19.4794795     0.00000000     0.00000000
  -19.4394394     0.00000000     0.00000000
  -19.3993994     0.00000000     0.00000000
  -19.3593594     0.00000000     0.00000000
  -19.3193193     0.00000000     0.00000000
  -19.2792793     0.00000000     0.00000000
  -19.2392392     0.00000000     0.00000000
  -19.1991992     0.00000000     0.00000000
  -19.1591592     0.00000000     0.00000000
  -19.1191191     0.00000000     0.00000000
  -19.0790791     0.00000000     0.00000000
  -19.0390390     0.00000000     0.00000000
  -18.9989990     0.00000000     0.00000000
  -18.9589590     0.00000000     0.00000000
  -18.9189189     0.00000000     0.00000000
  -18.8788789     0.00000000     0.00000000
  -18.8388388     0.00000000     0.00000000
  -18.7987988     0.00000000     0.00000000
  -18.7587588     0.00000000     0.00000000
  -18.7187187     0.00000000     0.00000000
  -18.6786787     0.00000000     0.00000000
  -18.6386386     0.00000000     0.00000000
  -18.5985986     0.00000000     0.00000000
  -18.5585586     0.00000000     0.00000000
  -18.5185185     0.00000000     0.00000000
  -18.4784785     0.00000000     0.00000000
  -18.4384384     0.00000000     0.00000000
  -18.3983984     0.00000000     0.00000000
  -18.3583584     0.00000000     0.00000000
  -18.3183183     0.00000000     0.00000000
  -18.2782783     0.00000000     0.00000000
  -18.2382382     0.00000000     0.00000000
  -18.1981982     0.00000000     0.00000000
  -18.1581582     0.00000000     0.00000000
  -18.1181181     0.00000000     0.00000000
  -18.0780781     0.00000000     0.00000000
  -18.0380380     0.00000000     0.00000000
  -17.9979980     0.00000000     0.00000000
  -17.9579580     0.00000000     0.00000000
  -17.9179179     0.00000000     0.00000000
  -17.8778779     0.00000000     0.00000000
  -17.8378378     0.00000000     0.00000000
  -17.7977978     0.00000000     0.00000000
  -17.7577578     0.00000000     0.00000000
  -17.7177177     0.00000000     0.00000000
  -17.6776777     0.00000000     0.00000000
  -17.6376376     0.00000000     0.00000000
  -17.5975976     0.00000000     0.00000000
  -17.5575576     0.00000000     0.00000000
  -17.5175175     0.00000000     0.00000000
  -17.4774775     0.00000000     0.00000000
  -17.4374374     0.00000000     0.00000000
  -17.3973974     0.00000000     0.00000000
  -17.3573574     0.00000000     0.00000000
  -17.3173173     0.00000000     0.00000000
  -17.2772773     0.00000000     0.00000000
  -17.2372372     0.00000000     0.00000000
  -17.1971972     0.00000000     0.00000000
  -17.1571572     0.00000000     0.00000000
  -17.1171171     0.00000000     0.00000000
  -17.0770771     0.00000000     0.00000000
  -17.0370370     0.00000000     0.00000000
  -16.9969970     0.00000000     0.00000000
  -16.9569570     0.00000000     0.00000000
  -16.9169169     0.00000000     0.00000000
  -16.8768769     0.00000000     0.00000000
  -16.8368368     0.00000000     0.00000000
  -16.7967968     0.00000000     0.00000000
  -16.7567568     0.00000000     0.00000000
  -16.7167167     0.00000000     0.00000000
  -16.6766767     0.00000000     0.00000000
  -16.6366366     0.00000000     0.00000000
  -16.5965966     0.00000000     0.00000000
  -16.5565566    -0.00000000     0.00000000
  -16.5165165    -0.00000002     0.00000000
  -16.4764765    -0.00000028     0.00000000
  -16.4364364    -0.00000360     0.00000000
  -16.3963964    -0.00003394     0.00000000
  -16.3563564    -0.00023223     0.00000007
  -16.3163163    -0.00115320     0.00000105
  -16.2762763    -0.00415559     0.00001117
  -16.2362362    -0.01086697     0.00008636
  -16.1961962    -0.02062203     0.00048451
  -16.1561562    -0.02839892     0.00197264
  -16.1161161    -0.02838047     0.00582835
  -16.0760761    -0.02058186     0.01249653
  -16.0360360    -0.01083171     0.01944378
  -15.9959960    -0.00413673     0.02195429
  -15.9559560    -0.00114647     0.01798894
  -15.9159159    -0.00023058     0.01069644
  -15.8758759    -0.00003365     0.00461552
  -15.8358358    -0.00000356     0.00144527
  -15.7957958    -0.00000025     0.00032842
  -15.7557558     0.00000054     0.00005416
  -15.7157157     0.00000848     0.00000648
  -15.6756757     0.00009395     0.00000057
  -15.6356356     0.00075442     0.00000028
  -15.5955956     0.00438622     0.00000421
  -15.5555556     0.01844133     0.00005263
  -15.5155155     0.05594993     0.00047742
  -15.4754755     0.12203740     0.00313636
  -15.4354354     0.19004660     0.01490666
  -15.3953954     0.20838717     0.05117064
  -15.3553554     0.15595440     0.12649651
  -15.3153153     0.07306458     0.22401161
  -15.2752753     0.01408333     0.28133506
  -15.2352352    -0.00648542     0.24533927
  -15.1951952    -0.00637140     0.14107608
  -15.1551552    -0.00265004     0.04485114
  -15.1151151    -0.00069793    -0.00084557
  -15.0750751    -0.00012642    -0.00855282
  -15.0350350    -0.00001035    -0.00460016
  -14.9949950     0.00007039    -0.00141061
  -14.9549550     0.00062327    -0.00028906
  -14.9149149     0.00393091    -0.00004012
  -14.8748749     0.01805202     0.00001667
  -14.8348348     0.06047356     0.00021660
  -14.7947948     0.14815205     0.00163257
  -14.7547548     0.26644903     0.00893912
  -14.7147147     0.35381289     0.03564377
  -14.6746747     0.34976947     0.10365409
  -14.6346346     0.26030830     0.22032220
  -14.5945946     0.14780601     0.34341356
  -14.5545546     0.06487056     0.39441097
  -14.5145145     0.02219535     0.33607096
  -14.4744745     0.00592308     0.21442863
  -14.4344344     0.00122329     0.10361446
  -14.3943944     0.00019320     0.03836588
  -14.3543544     0.00002567     0.01098521
  -14.3143143     0.00003669     0.00243992
  -14.2742743     0.00032527     0.00041867
  -14.2342342     0.00223257     0.00005548
  -14.1941942     0.01124299     0.00001365
  -14.1541542     0.04161403     0.00009442
  -14.1141141     0.11346257     0.00078848
  -14.0740741     0.22837085     0.00484305
  -14.0340340     0.33991545     0.02183554
  -13.9939940     0.37459085     0.07242964
  -13.9539540     0.30576310     0.17716821
  -13.9139139     0.18479205     0.32025583
  -13.8738739     0.08259430     0.42852875
  -13.8338338     0.02725389     0.42488186
  -13.7937938     0.00662704     0.31219961
  -13.7537538     0.00120786     0.16989034
  -13.7137137     0.00037980     0.06836707
  -13.6736737     0.00153842     0.02030503
  -13.6336336     0.00749897     0.00444215
  -13.5935936     0.02677798     0.00073400
  -13.5535536     0.06940009     0.00028404
  -13.5135135     0.13052402     0.00141961
  -13.4734735     0.17814280     0.00723774
  -13.4334334     0.17643884     0.02691217
  -13.3933934     0.12681862     0.07262203
  -13.3533534     0.06620269     0.14221188
  -13.3133133     0.02555469     0.20209277
  -13.2732733     0.01019379     0.20840737
  -13.2332332     0.01687585     0.15596354
  -13.1931932     0.05347843     0.08470155
  -13.1531532     0.13585532     0.03340947
  -13.1131131     0.26137232     0.00983194
  -13.0730731     0.39064266     0.00399608
  -13.0330330     0.47107693     0.01073261
  -12.9929930     0.47282746     0.03991497
  -12.9529530     0.39566206     0.11354160
  -12.9129129     0.26798140     0.24425003
  -12.8728729     0.14125560     0.40529339
  -12.8328328     0.05621786     0.53110490
  -12.7927928     0.01690488     0.55957533
  -12.7527528     0.00613869     0.47534275
  -12.7127127     0.01396752     0.32122625
  -12.6726727     0.05122100     0.16916349
  -12.6326326     0.14270420     0.06817872
  -12.5925926     0.29101766     0.02085798
  -12.5525526     0.43395044     0.00540515
  -12.5125125     0.47313080     0.00497546
  -12.4724725     0.37714879     0.02001110
  -12.4324324     0.21989636     0.06978943
  -12.3923924     0.09448127     0.17903601
  -12.3523524     0.03264236     0.33673582
  -12.3123123     0.01625774     0.46577728
  -12.2722723     0.02000455     0.47712561
  -12.2322322     0.02683335     0.36744205
  -12.1921922     0.02718591     0.21919085
  -12.1521522     0.02026484     0.10630348
  -12.1121121     0.01273054     0.04411567
  -12.0720721     0.01151898     0.01596753
  -12.0320320     0.01806904     0.00528400
  -11.9919920     0.02741701     0.00333435
  -11.9519520     0.03170693     0.00721346
  -11.9119119     0.02706465     0.01627261
  -11.8718719     0.01663940     0.02734154
  -11.8318318     0.00611128     0.03342617
  -11.7917918    -0.00037766     0.02977117
  -11.7517518    -0.00022520     0.01943631
  -11.7117117     0.00626209     0.00923664
  -11.6716717     0.01423721     0.00242159
  -11.6316316     0.01833398    -0.00161307
  -11.5915916     0.01799932    -0.00328652
  -11.5515516     0.01666725    -0.00219634
  -11.5115115     0.01770265     0.00081869
  -11.4714715     0.02135141     0.00457869
  -11.4314314     0.02298131     0.01035189
  -11.3913914     0.01611465     0.02037443
  -11.3513514    -0.00008065     0.03249126
  -11.3113113    -0.01810649     0.03883151
  -11.2712713    -0.02841845     0.03254186
  -11.2312312    -0.02764769     0.01531771
  -11.1911912    -0.02038070    -0.00323575
  -11.1511512    -0.01366369    -0.01352728
  -11.1111111    -0.01089538    -0.01344710
  -11.0710711    -0.01090330    -0.00819293
  -11.0310310    -0.01110940    -0.00336052
  -10.9909910    -0.01011037    -0.00036763
  -10.9509510    -0.00780652     0.00167091
  -10.9109109    -0.00471213     0.00243401
  -10.8708709    -0.00161032    -0.00010182
  -10.8308308     0.00073774    -0.00746762
  -10.7907908     0.00196464    -0.01855437
  -10.7507508     0.00228179    -0.02931906
  -10.7107107     0.00238487    -0.03528680
  -10.6706707     0.00316991    -0.03522733
  -10.6306306     0.00499538    -0.03109486
  -10.5905906     0.00685628    -0.02416841
  -10.5505506     0.00710528    -0.01354010
  -10.5105105     0.00537880     0.00147377
  -10.4704705     0.00291359     0.01877292
  -10.4304304     0.00099687     0.03276562
  -10.3903904     0.00010570     0.03716117
  -10.3503504     0.00039258     0.03077343
  -10.3103103     0.00196593     0.01917980
  -10.2702703     0.00436611     0.00916298
  -10.2302302     0.00651487     0.00344765
  -10.1901902     0.00808569     0.00108672
  -10.1501502     0.01041368     0.00035497
  -10.1101101     0.01437773     0.00025069
  -10.0700701     0.01768786     0.00044013
  -10.0300300     0.01687602     0.00087430
   -9.9899900     0.01196337     0.00157406
   -9.9499500     0.00644670     0.00242356
   -9.9099099     0.00318491     0.00295850
   -9.8698699     0.00276501     0.00257572
   -9.8298298     0.00496387     0.00118437
   -9.7897898     0.00918530    -0.00043388
   -9.7497497     0.01324364    -0.00098941
   -9.7097097     0.01371571     0.00034454
   -9.6696697     0.00862663     0.00294369
   -9.6296296    -0.00113466     0.00499028
   -9.5895896    -0.01335252     0.00513397
   -9.5495496    -0.02606066     0.00363861
   -9.5095095    -0.03749201     0.00171929
   -9.4694695    -0.04624019     0.00023808
   -9.4294294    -0.05153873    -0.00057993
   -9.3893894    -0.05238776    -0.00053866
   -9.3493494    -0.04802663     0.00085349
   -9.3093093    -0.03971677     0.00384864
   -9.2692693    -0.02992938     0.00718538
   -9.2292292    -0.02048893     0.00746368
   -9.1891892    -0.01322769     0.00167921
   -9.1491491    -0.01043156    -0.00831968
   -9.1091091    -0.01227865    -0.01595601
   -9.0690691    -0.01563957    -0.01644472
   -9.0290290    -0.01775234    -0.01153113
   -8.9889890    -0.01965429    -0.00668372
   -8.9489490    -0.02359049    -0.00609257
   -8.9089089    -0.02826588    -0.01118150
   -8.8688689    -0.02979675    -0.02056012
   -8.8288288    -0.02646740    -0.02964021
   -8.7887888    -0.01985552    -0.03314115
   -8.7487488    -0.01264462    -0.03012358
   -8.7087087    -0.00724789    -0.02459145
   -8.6686687    -0.00565421    -0.02008705
   -8.6286286    -0.00942701    -0.01720922
   -8.5885886    -0.01836681    -0.01764942
   -8.5485485    -0.02791429    -0.02392250
   -8.5085085    -0.03079007    -0.03228721
   -8.4684685    -0.02476034    -0.03455932
   -8.4284284    -0.01567824    -0.02902351
   -8.3883884    -0.00983417    -0.02186417
   -8.3483484    -0.00729784    -0.01907970
   -8.3083083    -0.00424810    -0.02174631
   -8.2682683     0.00212521    -0.02604841
   -8.2282282     0.01133066    -0.02633240
   -8.1881882     0.01945339    -0.02054965
   -8.1481482     0.02182828    -0.01199543
   -8.1081081     0.01748987    -0.00491759
   -8.0680681     0.01003778    -0.00075541
   -8.0280280     0.00341705     0.00116087
   -7.9879880    -0.00150937     0.00181304
   -7.9479479    -0.00568550     0.00157988
   -7.9079079    -0.00894394    -0.00061717
   -7.8678679    -0.00982145    -0.00648714
   -7.8278278    -0.00793380    -0.01478940
   -7.7877878    -0.00493671    -0.02035919
   -7.7477478    -0.00270357    -0.01932814
   -7.7077077    -0.00171522    -0.01340253
   -7.6676677    -0.00139783    -0.00707271
   -7.6276276    -0.00113011    -0.00293973
   -7.5875876    -0.00076226    -0.00097847
   -7.5475475    -0.00056042    -0.00022772
   -7.5075075    -0.00083685     0.00012613
   -7.4674675    -0.00151954     0.00071719
   -7.4274274    -0.00180505     0.00230391
   -7.3873874    -0.00040880     0.00565977
   -7.3473473     0.00310137     0.01078317
   -7.3073073     0.00716529     0.01648812
   -7.2672673     0.00926839     0.02118777
   -7.2272272     0.00845832     0.02334189
   -7.1871872     0.00645940     0.02135793
   -7.1471472     0.00616260     0.01503549
   -7.1071071     0.00912673     0.00660984
   -7.0670671     0.01435746    -0.00122763
   -7.0270270     0.01933570    -0.00704951
   -6.9869870     0.02219546    -0.01006326
   -6.9469470     0.02272954    -0.00989846
   -6.9069069     0.02168229    -0.00742440
   -6.8668669     0.02013737    -0.00448875
   -6.8268268     0.01956988    -0.00256757
   -6.7867868     0.02066909    -0.00193915
   -6.7467467     0.02186623    -0.00197663
   -6.7067067     0.02162610    -0.00201777
   -6.6666667     0.02171599    -0.00190755
   -6.6266266     0.02430175    -0.00174895
   -6.5865866     0.02665756    -0.00148099
   -6.5465466     0.02338218    -0.00097641
   -6.5065065     0.01340878    -0.00026332
   -6.4664665     0.00123021     0.00048565
   -6.4264264    -0.00773958     0.00072041
   -6.3863864    -0.01079984    -0.00076308
   -6.3463464    -0.00883036    -0.00484699
   -6.3063063    -0.00503290    -0.01007179
   -6.2662663    -0.00220650    -0.01259859
   -6.2262262    -0.00119396    -0.00971250
   -6.1861862    -0.00150334    -0.00296458
   -6.1461461    -0.00224527     0.00341190
   -6.1061061    -0.00256879     0.00687070
   -6.0660661    -0.00219411     0.00828303
   -6.0260260    -0.00164568     0.00940494
   -5.9859860    -0.00151465     0.01005179
   -5.9459459    -0.00165827     0.00892971
   -5.9059059    -0.00147302     0.00619030
   -5.8658659    -0.00073024     0.00348302
   -5.8258258     0.00019993     0.00203625
   -5.7857858     0.00089157     0.00180001
   -5.7457458     0.00151750     0.00198395
   -5.7057057     0.00308335     0.00191391
   -5.6656657     0.00685112     0.00170313
   -5.6256256     0.01281731     0.00223105
   -5.5855856     0.01850962     0.00430290
   -5.5455455     0.02035329     0.00757715
   -5.5055055     0.01713225     0.01016986
   -5.4654655     0.01142340     0.01003095
   -5.4254254     0.00695468     0.00715818
   -5.3853854     0.00519680     0.00338693
   -5.3453453     0.00497081     0.00001614
   -5.3053053     0.00461888    -0.00268642
   -5.2652653     0.00367844    -0.00416250
   -5.2252252     0.00256192    -0.00383937
   -5.1851852     0.00159422    -0.00233793
   -5.1451452     0.00082939    -0.00093319
   -5.1051051     0.00025539    -0.00022312
   -5.0650651    -0.00017533    -0.00003291
   -5.0250250    -0.00046028    -0.00011008
   -4.9849850    -0.00035981    -0.00047364
   -4.9449449     0.00045685    -0.00121243
   -4.9049049     0.00184092    -0.00191715
   -4.8648649     0.00294702    -0.00129622
   -4.8248248     0.00299146     0.00203437
   -4.7847848     0.00210313     0.00770564
   -4.7447447     0.00105758     0.01293773
   -4.7047047     0.00040655     0.01464298
   -4.6646647     0.00022432     0.01219640
   -4.6246246     0.00046523     0.00768278
   -4.5845846     0.00119147     0.00368024
   -4.5445445     0.00236060     0.00133627
   -4.5045045     0.00349694     0.00036950
   -4.4644645     0.00386761     0.00009946
   -4.4244244     0.00319120     0.00010770
   -4.3843844     0.00196019     0.00027711
   -4.3443443     0.00088970     0.00061101
   -4.3043043     0.00028039     0.00114795
   -4.2642643     0.00001125     0.00207297
   -4.2242242    -0.00012333     0.00372924
   -4.1841842    -0.00023281     0.00609171
   -4.1441441    -0.00042262     0.00819976
   -4.1041041    -0.00107410     0.00871260
   -4.0640641    -0.00305762     0.00726506
   -4.0240240    -0.00731130     0.00482046
   -3.9839840    -0.01354063     0.00260893
   -3.9439439    -0.01929598     0.00117849
   -3.9039039    -0.02114923     0.00044339
   -3.8638639    -0.01740748     0.00013038
   -3.8238238    -0.00995916     0.00002153
   -3.7837838    -0.00340740    -0.00000637
   -3.7437437    -0.00153095    -0.00000835
   -3.7037037    -0.00405038    -0.00000474
   -3.6636637    -0.00724255    -0.00000165
   -3.6236236    -0.00784236     0.00000189
   -3.5835836    -0.00585775     0.00001953
   -3.5435435    -0.00353040     0.00010723
   -3.5035035    -0.00266257     0.00040934
   -3.4634635    -0.00373912     0.00111800
   -3.4234234    -0.00659579     0.00221434
   -3.3833834    -0.01037999     0.00319064
   -3.3433433    -0.01301752     0.00325011
   -3.3033033    -0.01248127     0.00185713
   -3.2632633    -0.00907964    -0.00114090
   -3.2232232    -0.00518915    -0.00565475
   -3.1831832    -0.00273456    -0.01085540
   -3.1431431    -0.00193188    -0.01467713
   -3.1031031    -0.00197302    -0.01478982
   -3.0630631    -0.00201163    -0.01057681
   -3.0230230    -0.00166874    -0.00413159
   -2.9829830    -0.00106686     0.00109769
   -2.9429429    -0.00051655     0.00310565
   -2.9029029    -0.00018739     0.00254777
   -2.8628629    -0.00005049     0.00116546
   -2.8228228    -0.00001004    -0.00026507
   -2.7827828    -0.00000146    -0.00238988
   -2.7427427    -0.00000011    -0.00627480
   -2.7027027     0.00000032    -0.01173739
   -2.6626627     0.00000160    -0.01649421
   -2.6226226     0.00000419    -0.01778405
   -2.5825826    -0.00000242    -0.01503745
   -2.5425425    -0.00007765    -0.01023229
   -2.5025025    -0.00038262    -0.00582115
   -2.4624625    -0.00112915    -0.00294950
   -2.4224224    -0.00231208    -0.00142531
   -2.3823824    -0.00349565    -0.00065772
   -2.3423423    -0.00410480    -0.00026729
   -2.3023023    -0.00392589    -0.00008758
   -2.2622623    -0.00314020    -0.00002192
   -2.2222222    -0.00207618    -0.00000408
   -2.1821822    -0.00109256    -0.00000053
   -2.1421421    -0.00044050     0.00000017
   -2.1021021    -0.00013259     0.00000145
   -2.0620621    -0.00002937     0.00000685
   -2.0220220    -0.00000475     0.00002353
   -1.9819820    -0.00000054     0.00005778
   -1.9419419     0.00000005     0.00009071
   -1.9019019     0.00000036     0.00002599
   -1.8618619     0.00000101    -0.00036958
   -1.8218218     0.00000216    -0.00142374
   -1.7817818     0.00000361    -0.00325084
   -1.7417417     0.00000487    -0.00536458
   -1.7017017     0.00000537    -0.00684669
   -1.6616617     0.00000476    -0.00705843
   -1.6216216     0.00000330    -0.00600225
   -1.5815816     0.00000174    -0.00416724
   -1.5415415     0.00000068    -0.00229054
   -1.5015015     0.00000020    -0.00096954
   -1.4614615     0.00000004    -0.00031873
   -1.4214214     0.00000001    -0.00009536
   -1.3813814     0.00000000    -0.00004215
   -1.3413413     0.00000000    -0.00003081
   -1.3013013     0.00000000    -0.00002332
   -1.2612613     0.00000000    -0.00001461
   -1.2212212     0.00000002    -0.00000710
   -1.1811812     0.00000016    -0.00000259
   -1.1411411     0.00000105    -0.00000070
   -1.1011011     0.00000492    -0.00000014
   -1.0610611     0.00001673    -0.00000002
   -1.0210210     0.00004124    -0.00000000
   -0.9809810     0.00007376    -0.00000000
   -0.9409409     0.00009578     0.00000000
   -0.9009009     0.00009067     0.00000000
   -0.8608609     0.00006643     0.00000000
   -0.8208208     0.00006560    -0.00000000
   -0.7807808     0.00019765    -0.00000000
   -0.7407407     0.00072480    -0.00000000
   -0.7007007     0.00202694    -0.00000000
   -0.6606607     0.00412776    -0.00000000
   -0.6206206     0.00610153    -0.00000001
   -0.5805806     0.00654561    -0.00000004
   -0.5405405     0.00510097    -0.00000025
   -0.5005005     0.00292526    -0.00000104
   -0.4604605     0.00144660    -0.00000317
   -0.4204204     0.00145086    -0.00000703
   -0.3803804     0.00339881    -0.00001130
   -0.3403403     0.00745470    -0.00001276
   -0.3003003     0.01265318    -0.00000636
   -0.2602603     0.01700283     0.00002855
   -0.2202202     0.01905713     0.00018411
   -0.1801802     0.01862026     0.00071592
   -0.1401401     0.01641807     0.00199221
   -0.1001001     0.01437146     0.00401832
   -0.0600601     0.01450024     0.00588152
   -0.0200200     0.01599952     0.00625154
    0.0200200     0.01555526     0.00485708
    0.0600601     0.01167778     0.00293905
    0.1001001     0.00647160     0.00212233
    0.1401401     0.00261437     0.00347482
    0.1801802     0.00076733     0.00723588
    0.2202202     0.00016349     0.01238595
    0.2602603     0.00002528     0.01687382
    0.3003003     0.00000284     0.01910083
    0.3403403     0.00000023     0.01882949
    0.3803804     0.00000001     0.01710086
    0.4204204     0.00000000     0.01607565
    0.4604605     0.00000000     0.01716983
    0.5005005     0.00000000     0.01849972
    0.5405405     0.00000000     0.01668545
    0.5805806     0.00000000     0.01143851
    0.6206206     0.00000000     0.00576789
    0.6606607     0.00000000     0.00211873
    0.7007007     0.00000000     0.00056539
    0.7407407     0.00000000     0.00010952
    0.7807808    -0.00000000     0.00001540
    0.8208208    -0.00000000     0.00000157
    0.8608609     0.00000000     0.00000012
    0.9009009     0.00000001     0.00000001
    0.9409409     0.00000011     0.00000000
    0.9809810     0.00000185     0.00000000
    1.0210210     0.00002193     0.00000000
    1.0610611     0.00019168     0.00000000
    1.1011011     0.00124046     0.00000000
    1.1411411     0.00598778     0.00000000
    1.1811812     0.02176475     0.00000000
    1.2212212     0.06027055    -0.00000000
    1.2612613     0.12878283    -0.00000000
    1.3013013     0.21515920    -0.00000000
    1.3413413     0.28606398    -0.00000000
    1.3813814     0.31408958     0.00000000
    1.4214214     0.30844201     0.00000003
    1.4614615     0.30072312     0.00000059
    1.5015015     0.29812834     0.00000792
    1.5415415     0.27554722     0.00007706
    1.5815816     0.21646033     0.00054966
    1.6216216     0.13744306     0.00288442
    1.6616617     0.06885127     0.01120830
    1.7017017     0.02705217     0.03260535
    1.7417417     0.00909363     0.07245919
    1.7817818     0.00436796     0.12785348
    1.8218218     0.00456802     0.19117755
    1.8618619     0.00564652     0.26078510
    1.9019019     0.00636903     0.33239939
    1.9419419     0.00717900     0.37761944
    1.9819820     0.00948861     0.36043706
    2.0220220     0.01428405     0.28416992
    2.0620621     0.02043487     0.19159839
    2.1021021     0.02501272     0.11669429
    2.1421421     0.02552445     0.06465107
    2.1821822     0.02143137     0.03077249
    2.2222222     0.01441785     0.01217272
    2.2622623     0.00751972     0.00499245
    2.3023023     0.00295887     0.00393812
    2.3423423     0.00086291     0.00496285
    2.3823824     0.00018466     0.00629639
    2.4224224     0.00002920     0.00802953
    2.4624625     0.00000739     0.01113616
    2.5025025     0.00003343     0.01590694
    2.5425425     0.00019501     0.02081552
    2.5825826     0.00083945     0.02330651
    2.6226226     0.00266271     0.02170340
    2.6626627     0.00629183     0.01640397
    2.7027027     0.01127178     0.00976153
    2.7427427     0.01573060     0.00444121
    2.7827828     0.01783871     0.00151155
    2.8228228     0.01766763     0.00037960
    2.8628629     0.01741327     0.00006982
    2.9029029     0.02040904     0.00000973
    2.9429429     0.03024428     0.00000502
    2.9829830     0.04866680     0.00003319
    3.0230230     0.07160881     0.00019615
    3.0630631     0.08918993     0.00085777
    3.1031031     0.09256837     0.00279986
    3.1431431     0.07974130     0.00692412
    3.1831832     0.05606901     0.01321940
    3.2232232     0.03180487     0.01989150
    3.2632633     0.01645459     0.02409860
    3.3033033     0.01349700     0.02418139
    3.3433433     0.01995858     0.02150411
    3.3833834     0.02878507     0.02046635
    3.4234234     0.03322871     0.02663317
    3.4634635     0.03244690     0.04264563
    3.5035035     0.03112696     0.06371419
    3.5435435     0.03187473     0.07900072
    3.5835836     0.03124204     0.07957488
    3.6236236     0.02529079     0.06467049
    3.6636637     0.01569227     0.04167033
    3.7037037     0.00764033     0.02076162
    3.7437437     0.00487767     0.00781561
    3.7837838     0.00968691     0.00219285
    3.8238238     0.02463569     0.00050575
    3.8638639     0.04941853     0.00038050
    3.9039039     0.07647979     0.00126842
    3.9439439     0.09491140     0.00369244
    3.9839840     0.09847203     0.00787944
    4.0240240     0.08652950     0.01239969
    4.0640641     0.06279378     0.01494989
    4.1041041     0.03645565     0.01545831
    4.1441441     0.01745409     0.01706011
    4.1841842     0.00918013     0.02327744
    4.2242242     0.00963337     0.03606119
    4.2642643     0.01756484     0.05534967
    4.3043043     0.03359021     0.07686869
    4.3443443     0.05600779     0.09255696
    4.3843844     0.08034135     0.09600552
    4.4244244     0.10435792     0.08518070
    4.4644645     0.12784027     0.06262477
    4.5045045     0.14857290     0.03659381
    4.5445445     0.16509404     0.01681147
    4.5845846     0.17471347     0.00739153
    4.6246246     0.16543449     0.00711607
    4.6646647     0.12827466     0.01391886
    4.7047047     0.07647342     0.02508293
    4.7447447     0.03396752     0.03529872
    4.7847848     0.01109558     0.04032932
    4.8248248     0.00268498     0.04423489
    4.8648649     0.00076921     0.05744775
    4.9049049     0.00203006     0.08330367
    4.9449449     0.00927939     0.11121009
    4.9849850     0.03189071     0.12906744
    5.0250250     0.08006574     0.13591892
    5.0650651     0.14671156     0.13395916
    5.1051051     0.19623739     0.11885236
    5.1451452     0.19196245     0.08902767
    5.1851852     0.13899585     0.05406120
    5.2252252     0.07990572     0.02615787
    5.2652653     0.04861516     0.01016757
    5.3053053     0.04503961     0.00449728
    5.3453453     0.04859370     0.00839179
    5.3853854     0.04300868     0.02786342
    5.4254254     0.02828970     0.07263647
    5.4654655     0.01373566     0.13895721
    5.5055055     0.00527800     0.19558626
    5.5455455     0.00224693     0.20530961
    5.5855856     0.00168197     0.16542227
    5.6256256     0.00160547     0.10758133
    5.6656657     0.00134176     0.05993236
    5.7057057     0.00089347     0.02934055
    5.7457458     0.00046191     0.01224304
    5.7857858     0.00019351     0.00426176
    5.8258258     0.00016965     0.00155499
    5.8658659     0.00077496     0.00113597
    5.9059059     0.00362978     0.00129127
    5.9459459     0.01254060     0.00130188
    5.9859860     0.03157856     0.00102742
    6.0260260     0.05808732     0.00062306
    6.0660661     0.07846893     0.00028806
    6.1061061     0.07870265     0.00010896
    6.1461461     0.05998427     0.00011221
    6.1861862     0.03649946     0.00059186
    6.2262262     0.01946670     0.00290041
    6.2662663     0.01028726     0.01043508
    6.3063063     0.00583818     0.02740276
    6.3463464     0.00371161     0.05268120
    6.3863864     0.00278179     0.07457536
    6.4264264     0.00231819     0.07854364
    6.4664665     0.00183965     0.06264189
    6.5065065     0.00134642     0.03890498
    6.5465466     0.00146567     0.01971842
    6.5865866     0.00366836     0.00925281
    6.6266266     0.01020662     0.00577808
    6.6666667     0.02244798     0.00587678
    6.7067067     0.03830011     0.00641504
    6.7467467     0.05283185     0.00566884
    6.7867868     0.06211741     0.00379125
    6.8268268     0.06457044     0.00189936
    6.8668669     0.06046900     0.00074433
    6.9069069     0.05394149     0.00045263
    6.9469470     0.05195885     0.00132204
    6.9869870     0.05679883     0.00470990
    7.0270270     0.06347253     0.01280629
    7.0670671     0.06843084     0.02642630
    7.1071071     0.07456670     0.04302391
    7.1471472     0.08442301     0.05877928
    7.1871872     0.09689025     0.07203206
    7.2272272     0.11269024     0.08173793
    7.2672673     0.13333649     0.08422075
    7.3073073     0.15030651     0.07588613
    7.3473473     0.14519622     0.05915987
    7.3873874     0.11086935     0.04280664
    7.4274274     0.06408993     0.03581291
    7.4674675     0.02750874     0.04140865
    7.5075075     0.00870394     0.05541721
    7.5475475     0.00203945     0.06922113
    7.5875876     0.00047328     0.07457182
    7.6276276     0.00094209     0.06733479
    7.6676677     0.00469245     0.05058726
    7.7077077     0.01786141     0.03510572
    7.7477478     0.04980250     0.03431372
    7.7877878     0.10213569     0.05560240
    7.8278278     0.15521019     0.09069200
    7.8678679     0.17665874     0.11479272
    7.9079079     0.15288243     0.10708809
    7.9479479     0.10298689     0.07406899
    7.9879880     0.05680501     0.04305765
    8.0280280     0.02935099     0.03708415
    8.0680681     0.01847997     0.06183305
    8.1081081     0.01674525     0.10297275
    8.1481482     0.01880576     0.13010079
    8.1881882     0.02117715     0.12013805
    8.2282282     0.02264472     0.08133069
    8.2682683     0.02592689     0.04168115
    8.3083083     0.03349722     0.01827900
    8.3483484     0.04111343     0.00906413
    8.3883884     0.04072806     0.00623481
    8.4284284     0.03054213     0.00677252
    8.4684685     0.01743875     0.01259738
    8.5085085     0.00974584     0.02585462
    8.5485485     0.01266776     0.04353226
    8.5885886     0.02951065     0.05624153
    8.6286286     0.05957791     0.05608133
    8.6686687     0.09209259     0.04591413
    8.7087087     0.10925614     0.03602492
    8.7487488     0.10161971     0.03254967
    8.7887888     0.07725684     0.03340486
    8.8288288     0.05226141     0.03389701
    8.8688689     0.03560375     0.03374862
    8.9089089     0.02566032     0.03755460
    8.9489490     0.01773379     0.04671989
    8.9889890     0.01042532     0.05425957
    9.0290290     0.00507732     0.05249988
    9.0690691     0.00279557     0.04261856
    9.1091091     0.00409339     0.03234319
    9.1491491     0.01046258     0.02826346
    9.1891892     0.02441617     0.03297555
    9.2292292     0.04615337     0.04509593
    9.2692693     0.06929927     0.05858795
    9.3093093     0.08317336     0.06418643
    9.3493494     0.08473462     0.05601519
    9.3893894     0.08653770     0.03782674
    9.4294294     0.10347528     0.01974566
    9.4694695     0.12908427     0.00906704
    9.5095095     0.13644509     0.00654497
    9.5495496     0.11022200     0.00936870
    9.5895896     0.06578322     0.01523076
    9.6296296     0.02870868     0.02616544
    9.6696697     0.00913029     0.04932927
    9.7097097     0.00211332     0.08750868
    9.7497497     0.00035579     0.12560842
    9.7897898     0.00004355     0.13685619
    9.8298298     0.00000388     0.11088767
    9.8698699     0.00000030     0.06635115
    9.9099099     0.00000087     0.02922400
    9.9499500     0.00001052     0.00945378
    9.9899900     0.00009345     0.00224231
   10.0300300     0.00060235     0.00038940
   10.0700701     0.00281878     0.00004946
   10.1101101     0.00957964     0.00000459
   10.1501502     0.02365624     0.00000031
   10.1901902     0.04249636     0.00000007
   10.2302302     0.05572581     0.00000063
   10.2702703     0.05412788     0.00000515
   10.3103103     0.04185098     0.00003068
   10.3503504     0.03377901     0.00013571
   10.3903904     0.03989285     0.00046413
   10.4304304     0.05487341     0.00134017
   10.4704705     0.06426705     0.00366158
   10.5105105     0.06198062     0.00968328
   10.5505506     0.05715034     0.02245431
   10.5905906     0.05863246     0.04135847
   10.6306306     0.06057057     0.05813915
   10.6706707     0.05206756     0.06337845
   10.7107107     0.03387227     0.05790575
   10.7507508     0.01629057     0.05011010
   10.7907908     0.00619890     0.04350045
   10.8308308     0.00320692     0.03663258
   10.8708709     0.00433610     0.03145027
   10.9109109     0.00732588     0.03106042
   10.9509510     0.01105624     0.03221538
   10.9909910     0.01525274     0.02854448
   11.0310310     0.01936988     0.01957314
   11.0710711     0.02239730     0.01079901
   11.1111111     0.02625329     0.00646808
   11.1511512     0.03766875     0.00624099
   11.1911912     0.06025106     0.00781445
   11.2312312     0.08337649     0.01028980
   11.2712713     0.08794588     0.01420084
   11.3113113     0.06813037     0.01849615
   11.3513514     0.03839009     0.01969893
   11.3913914     0.01568541     0.01586546
   11.4314314     0.00463611     0.00935939
   11.4714715     0.00099098     0.00395708
   11.5115115     0.00019026     0.00113548
   11.5515516     0.00030802     0.00016423
   11.5915916     0.00154976    -0.00000307
   11.6316316     0.00603052     0.00026830
   11.6716717     0.01735320     0.00175311
   11.7117117     0.03726393     0.00732870
   11.7517518     0.06078996     0.02203074
   11.7917918     0.07817456     0.04802751
   11.8318318     0.08553231     0.07597633
   11.8718719     0.08939115     0.08722134
   11.9119119     0.09542665     0.07268488
   11.9519520     0.09797171     0.04411989
   11.9919920     0.08808072     0.02034294
   12.0320320     0.06826483     0.01046996
   12.0720721     0.05160522     0.01438293
   12.1121121     0.04695062     0.02961225
   12.1521522     0.05089354     0.05276201
   12.1921922     0.05490034     0.08012309
   12.2322322     0.05376579     0.10865641
   12.2722723     0.04579512     0.13092866
   12.3123123     0.03228278     0.13385945
   12.3523524     0.01833699     0.11337417
   12.3923924     0.00938132     0.08420412
   12.4324324     0.00763610     0.06462429
   12.4724725     0.01366999     0.05824974
   12.5125125     0.02753311     0.05715181
   12.5525526     0.04547272     0.05365730
   12.5925926     0.05845429     0.04424515
   12.6326326     0.05826264     0.02996283
   12.6726727     0.04517690     0.01602053
   12.7127127     0.02734974     0.00743729
   12.7527528     0.01295886     0.00593487
   12.7927928     0.00481442     0.01159058
   12.8328328     0.00163993     0.02371670
   12.8728729     0.00195799     0.03846636
   12.9129129     0.00655622     0.04854341
   12.9529530     0.01812706     0.04814029
   12.9929930     0.03727499     0.03788031
   13.0330330     0.05844976     0.02386128
   13.0730731     0.07318025     0.01220948
   13.1131131     0.07734657     0.00532830
   13.1531532     0.07116124     0.00285979
   13.1931932     0.05589845     0.00483353
   13.2332332     0.03597371     0.01327169
   13.2732733     0.01861612     0.02990146
   13.3133133     0.00791996     0.05140956
   13.3533534     0.00290492     0.06950254
   13.3933934     0.00094057     0.07779455
   13.4334334     0.00025986     0.07502177
   13.4734735     0.00005912     0.06208035
   13.5135135     0.00002991     0.04254271
   13.5535536     0.00018249     0.02365765
   13.5935936     0.00118077     0.01098725
   13.6336336     0.00558359     0.00457819
   13.6736737     0.01918008     0.00178416
   13.7137137     0.04788330     0.00062708
   13.7537538     0.08696424     0.00027689
   13.7937938     0.11510637     0.00077222
   13.8338338     0.11141175     0.00377073
   13.8738739     0.07937748     0.01398921
   13.9139139     0.04218745     0.03772462
   13.9539540     0.01721995     0.07387143
   13.9939940     0.00583922     0.10515128
   14.0340340     0.00228592     0.10916878
   14.0740741     0.00249488     0.08352388
   14.1141141     0.00558151     0.04860015
   14.1541542     0.01174794     0.02345692
   14.1941942     0.02044818     0.01108095
   14.2342342     0.03053778     0.00575816
   14.2742743     0.04082833     0.00310705
   14.3143143     0.04872689     0.00183474
   14.3543544     0.04996857     0.00198045
   14.3943944     0.04290809     0.00414169
   14.4344344     0.03208929     0.00910509
   14.4744745     0.02419472     0.01682750
   14.5145145     0.02077402     0.02609338
   14.5545546     0.01796268     0.03548688
   14.5945946     0.01292073     0.04337306
   14.6346346     0.00703984     0.04682656
   14.6746747     0.00281791     0.04303259
   14.7147147     0.00082139     0.03280768
   14.7547548     0.00017392     0.02142587
   14.7947948     0.00002673     0.01487868
   14.8348348     0.00000298     0.01494681
   14.8748749     0.00000024     0.01778542
   14.9149149     0.00000001     0.01783808
   14.9549550     0.00000000     0.01339598
   14.9949950     0.00000000     0.00734447
   15.0350350     0.00000001     0.00292545
   15.0750751     0.00000014     0.00084580
   15.1151151     0.00000192     0.00017746
   15.1551552     0.00001878     0.00002702
   15.1951952     0.00013308     0.00000299
   15.2352352     0.00068429     0.00000024
   15.2752753     0.00255339     0.00000001
   15.3153153     0.00691419     0.00000000
   15.3553554     0.01358669     0.00000000
   15.3953954     0.01937462     0.00000000
   15.4354354     0.02004935     0.00000000
   15.4754755     0.01505618     0.00000000
   15.5155155     0.00820497     0.00000000
   15.5555556     0.00324490     0.00000006
   15.5955956     0.00093311     0.00000091
   15.6356356     0.00021734     0.00000986
   15.6756757     0.00023700     0.00007728
   15.7157157     0.00134063     0.00043937
   15.7557558     0.00625000     0.00181279
   15.7957958     0.02119359     0.00542762
   15.8358358     0.05215471     0.01179288
   15.8758759     0.09313871     0.01859423
   15.9159159     0.12070196     0.02127637
   15.9559560     0.11351306     0.01767608
   15.9959960     0.07746843     0.01074714
   16.0360360     0.03836640     0.00539964
   16.0760761     0.01378875     0.00541049
   16.1161161     0.00359622     0.01541055
   16.1561562     0.00068064     0.04195735
   16.1961962     0.00009349     0.08454650
   16.2362362     0.00000948     0.12378004
   16.2762763     0.00000289     0.13151771
   16.3163163     0.00002143     0.10140682
   16.3563564     0.00015134     0.05674108
   16.3963964     0.00078332     0.02303963
   16.4364364     0.00296892     0.00678893
   16.4764765     0.00824456     0.00145180
   16.5165165     0.01678126     0.00022677
   16.5565566     0.02504486     0.00004010
   16.5965966     0.02741992     0.00010703
   16.6366366     0.02205266     0.00054748
   16.6766767     0.01307081     0.00210040
   16.7167167     0.00564983     0.00598082
   16.7567568     0.00118397     0.01278898
   16.7967968    -0.00215285     0.02084452
   16.8368368    -0.00637029     0.02628533
   16.8768769    -0.01190157     0.02588440
   16.9169169    -0.01785356     0.01978458
   16.9569570    -0.02276998     0.01106568
   16.9969970    -0.02457255     0.00278081
   17.0370370    -0.02150835    -0.00394103
   17.0770771    -0.01460363    -0.00927397
   17.1171171    -0.00737289    -0.01413390
   17.1571572    -0.00204930    -0.02010037
   17.1971972     0.00311538    -0.02697860
   17.2372372     0.01367218    -0.03066799
   17.2772773     0.03545046    -0.02711370
   17.3173173     0.06601859    -0.01792978
   17.3573574     0.08930569    -0.00873195
   17.3973974     0.08833013    -0.00306949
   17.4374374     0.06566171    -0.00043252
   17.4774775     0.04100205     0.00201511
   17.5175175     0.02845536     0.00896347
   17.5575576     0.02620553     0.02699980
   17.5975976     0.02715515     0.05888989
   17.6376376     0.03026600     0.09322363
   17.6776777     0.03868463     0.10722156
   17.7177177     0.05116071     0.09012132
   17.7577578     0.05980962     0.05718733
   17.7977978     0.05716975     0.03199029
   17.8378378     0.04358133     0.02319027
   17.8778779     0.02624306     0.02393811
   17.9179179     0.01235899     0.02623622
   17.9579580     0.00449926     0.03054089
   17.9979980     0.00128511     0.04157061
   18.0380380     0.00045668     0.05723864
   18.0780781     0.00099096     0.06671151
   18.1181181     0.00396897     0.06176765
   18.1581582     0.01273660     0.04612079
   18.1981982     0.03065817     0.02999012
   18.2382382     0.05574791     0.01890478
   18.2782783     0.07860666     0.01178336
   18.3183183     0.08939349     0.00662269
   18.3583584     0.08533652     0.00346480
   18.3983984     0.06959263     0.00360483
   18.4384384     0.04768762     0.00966764
   18.4784785     0.02650115     0.02593863
   18.5185185     0.01157544     0.05442589
   18.5585586     0.00404014     0.08732658
   18.5985986     0.00184421     0.10655955
   18.6386386     0.00326254     0.09826804
   18.6786787     0.00823940     0.06800637
   18.7187187     0.01691849     0.03510351
   18.7587588     0.02857416     0.01352901
   18.7987988     0.04468006     0.00412607
   18.8388388     0.07167839     0.00151067
   18.8788789     0.11132883     0.00146108
   18.9189189     0.14528470     0.00276235
   18.9589590     0.14498712     0.00638230
   18.9989990     0.10510307     0.01361521
   19.0390390     0.05121927     0.02362116
   19.0790791     0.01079288     0.03397698
   19.1191191    -0.00796566     0.04675379
   19.1591592    -0.01106512     0.07111624
   19.1991992    -0.00747378     0.10960079
   19.2392392    -0.00341527     0.14152999
   19.2792793    -0.00111423     0.13781037
   19.3193193    -0.00026171     0.09721891
   19.3593594    -0.00003514     0.04878131
   19.3993994     0.00006404     0.01711787
   19.4394394     0.00039941     0.00408568
   19.4794795     0.00189458     0.00062434
   19.5195195     0.00737203     0.00006542
   19.5595596     0.02302566     0.00009360
   19.5995996     0.05646777     0.00037809
   19.6396396     0.10787198     0.00110475
   19.6796797     0.16179087     0.00241597
   19.7197197     0.19369496     0.00437107
   19.7597598     0.18754344     0.00835637
   19.7997998     0.14747241     0.01985667
   19.8398398     0.09642537     0.04795836
   19.8798799     0.06249695     0.09625423
   19.9199199     0.06211457     0.15216998
   19.9599600     0.09113649     0.19127251
   20.0000000     0.12452851     0.19481867
