              -2174.7885629087
          0.000010804       0.000000000       0.000000000
          0.000000000       0.000003121       0.000000000
          0.000000000       0.000000000       0.000008779
          10
  1    25       0.000000071      -0.000447902      -0.000000027  Mn
  1    25      -0.000000006      -0.000374130      -0.000000062  Mn
  1    25       0.000000027      -0.000218729      -0.000000029  Mn
  1    25      -0.000000000       0.000239051       0.000000048  Mn
  1    25      -0.000000003       0.000846360       0.000000003  Mn
  1    25      -0.000000011      -0.000697749       0.000000070  Mn
  1    25      -0.000000035      -0.000158182       0.000000021  Mn
  1    25       0.000000046       0.000305789       0.000000016  Mn
  1    25       0.000000020       0.000308771       0.000000017  Mn
  1    25       0.000000027       0.000418542       0.000000007  Mn
