#
#   partial DOS for atom species: Ga
#
#   Add data for atom_index =   1,  n,l,m,z=  4  1 -1  1
#   Add data for atom_index =   1,  n,l,m,z=  4  1  0  1
#   Add data for atom_index =   1,  n,l,m,z=  4  1  1  1
#   Add data for atom_index =   1,  n,l,m,z=  4  1 -1  2
#   Add data for atom_index =   1,  n,l,m,z=  4  1  0  2
#   Add data for atom_index =   1,  n,l,m,z=  4  1  1  2
#   Add data for atom_index =   1,  n,l,m,z=  4  1 -1  3
#   Add data for atom_index =   1,  n,l,m,z=  4  1  0  3
#   Add data for atom_index =   1,  n,l,m,z=  4  1  1  3
#
#    Energy          spin 1        spin2
#
  -20.0000000     0.00000000     0.00000000
  -19.9599600     0.00000000     0.00000000
  -19.9199199     0.00000000     0.00000000
  -19.8798799     0.00000000     0.00000000
  -19.8398398     0.00000000     0.00000000
  -19.7997998     0.00000000     0.00000000
  -19.7597598     0.00000000     0.00000000
  -19.7197197     0.00000000     0.00000000
  -19.6796797     0.00000000     0.00000000
  -19.6396396     0.00000000     0.00000000
  -19.5995996     0.00000000     0.00000000
  -19.5595596     0.00000000     0.00000000
  -19.5195195     0.00000000     0.00000000
  -19.4794795     0.00000000     0.00000000
  -19.4394394     0.00000000     0.00000000
  -19.3993994     0.00000000     0.00000000
  -19.3593594     0.00000000     0.00000000
  -19.3193193     0.00000000     0.00000000
  -19.2792793     0.00000000     0.00000000
  -19.2392392     0.00000000     0.00000000
  -19.1991992     0.00000000     0.00000000
  -19.1591592     0.00000000     0.00000000
  -19.1191191     0.00000000     0.00000000
  -19.0790791     0.00000000     0.00000000
  -19.0390390     0.00000000     0.00000000
  -18.9989990     0.00000000     0.00000000
  -18.9589590     0.00000000     0.00000000
  -18.9189189     0.00000000     0.00000000
  -18.8788789     0.00000000     0.00000000
  -18.8388388     0.00000000     0.00000000
  -18.7987988     0.00000000     0.00000000
  -18.7587588     0.00000000     0.00000000
  -18.7187187     0.00000000     0.00000000
  -18.6786787     0.00000000     0.00000000
  -18.6386386     0.00000000     0.00000000
  -18.5985986     0.00000000     0.00000000
  -18.5585586     0.00000000     0.00000000
  -18.5185185     0.00000000     0.00000000
  -18.4784785     0.00000000     0.00000000
  -18.4384384     0.00000000     0.00000000
  -18.3983984     0.00000000     0.00000000
  -18.3583584     0.00000000     0.00000000
  -18.3183183    -0.00000000     0.00000000
  -18.2782783    -0.00000000     0.00000000
  -18.2382382    -0.00000000     0.00000000
  -18.1981982    -0.00000000    -0.00000000
  -18.1581582    -0.00000000    -0.00000000
  -18.1181181    -0.00000000    -0.00000000
  -18.0780781    -0.00000000    -0.00000000
  -18.0380380    -0.00000000    -0.00000000
  -17.9979980    -0.00000000    -0.00000000
  -17.9579580    -0.00000000    -0.00000000
  -17.9179179    -0.00000000    -0.00000000
  -17.8778779    -0.00000001    -0.00000000
  -17.8378378    -0.00000003    -0.00000000
  -17.7977978    -0.00000005    -0.00000000
  -17.7577578    -0.00000007    -0.00000001
  -17.7177177    -0.00000007    -0.00000001
  -17.6776777    -0.00000005    -0.00000002
  -17.6376376    -0.00000008    -0.00000003
  -17.5975976    -0.00000117    -0.00000002
  -17.5575576    -0.00001708    -0.00000001
  -17.5175175    -0.00018159    -0.00000003
  -17.4774775    -0.00140172    -0.00000052
  -17.4374374    -0.00785740    -0.00000784
  -17.3973974    -0.03202219    -0.00008605
  -17.3573574    -0.09517046    -0.00068594
  -17.3173173    -0.20790142    -0.00397172
  -17.2772773    -0.34040773    -0.01672551
  -17.2372372    -0.43625480    -0.05137691
  -17.1971972    -0.47126485    -0.11589867
  -17.1571572    -0.46037542    -0.19487520
  -17.1171171    -0.40519966    -0.25161278
  -17.0770771    -0.29859984    -0.26201399
  -17.0370370    -0.17142407    -0.23220080
  -16.9969970    -0.07359600    -0.17841476
  -16.9569570    -0.02320293    -0.11478599
  -16.9169169    -0.00534252    -0.05848254
  -16.8768769    -0.00100340    -0.02260596
  -16.8368368    -0.00101957    -0.00647283
  -16.7967968    -0.00537284    -0.00136147
  -16.7567568    -0.02295338    -0.00025935
  -16.7167167    -0.07164456    -0.00046876
  -16.6766767    -0.16413087    -0.00277377
  -16.6366366    -0.27965929    -0.01253602
  -16.5965966    -0.36374664    -0.04132407
  -16.5565566    -0.37691720    -0.09974807
  -16.5165165    -0.32676336    -0.17788223
  -16.4764765    -0.24254021    -0.23822994
  -16.4364364    -0.15048914    -0.24607940
  -16.3963964    -0.07431459    -0.20294838
  -16.3563564    -0.02799481    -0.13750445
  -16.3163163    -0.00784065    -0.07678786
  -16.2762763    -0.00161142    -0.03448603
  -16.2362362    -0.00024153    -0.01202870
  -16.1961962    -0.00002633    -0.00316583
  -16.1561562    -0.00000208    -0.00061726
  -16.1161161    -0.00000012    -0.00008825
  -16.0760761    -0.00000001    -0.00000920
  -16.0360360     0.00000000    -0.00000070
  -15.9959960     0.00000000    -0.00000004
  -15.9559560     0.00000000    -0.00000000
  -15.9159159     0.00000000     0.00000000
  -15.8758759     0.00000000     0.00000000
  -15.8358358     0.00000000     0.00000000
  -15.7957958     0.00000000     0.00000000
  -15.7557558     0.00000000     0.00000000
  -15.7157157    -0.00000000     0.00000000
  -15.6756757    -0.00000004     0.00000000
  -15.6356356    -0.00000077     0.00000000
  -15.5955956    -0.00001050     0.00000000
  -15.5555556    -0.00010463    -0.00000000
  -15.5155155    -0.00075790    -0.00000006
  -15.4754755    -0.00399502    -0.00000111
  -15.4354354    -0.01535696    -0.00001441
  -15.3953954    -0.04320904    -0.00013646
  -15.3553554    -0.08953895    -0.00093944
  -15.3153153    -0.13800355    -0.00470796
  -15.2752753    -0.16048424    -0.01721097
  -15.2352352    -0.14336470    -0.04605753
  -15.1951952    -0.10014042    -0.09072394
  -15.1551552    -0.05553311    -0.13264974
  -15.1151151    -0.02610897    -0.14565256
  -15.0750751    -0.01708751    -0.12181840
  -15.0350350    -0.02890333    -0.07867798
  -14.9949950    -0.05812218    -0.03957508
  -14.9549550    -0.09009162    -0.01549407
  -14.9149149    -0.10166429    -0.00468493
  -14.8748749    -0.08188204    -0.00114979
  -14.8348348    -0.04145659    -0.00070136
  -14.7947948     0.00764761    -0.00253785
  -14.7547548     0.07074313    -0.00874035
  -14.7147147     0.15454043    -0.02119893
  -14.6746747     0.23528849    -0.03344811
  -14.6346346     0.26345280    -0.02407913
  -14.5945946     0.21675361     0.03177215
  -14.5545546     0.13045714     0.13329505
  -14.5145145     0.05725150     0.23762813
  -14.4744745     0.01821242     0.28399544
  -14.4344344     0.00353224     0.24597180
  -14.3943944    -0.00409534     0.15694430
  -14.3543544    -0.02342659     0.07377080
  -14.3143143    -0.08338322     0.02544895
  -14.2742743    -0.21461126     0.00641952
  -14.2342342    -0.40080686     0.00118008
  -14.1941942    -0.54320557     0.00014603
  -14.1541542    -0.53424524    -0.00011711
  -14.1141141    -0.38129799    -0.00105348
  -14.0740741    -0.19748575    -0.00609055
  -14.0340340    -0.07422572    -0.02552659
  -13.9939940    -0.02024513    -0.07763765
  -13.9539540    -0.00400713    -0.17135602
  -13.9139139    -0.00057557    -0.27445664
  -13.8738739    -0.00006010    -0.31900356
  -13.8338338    -0.00000662    -0.26906965
  -13.7937938    -0.00002871    -0.16469533
  -13.7537538    -0.00028223    -0.07315521
  -13.7137137    -0.00202730    -0.02358070
  -13.6736737    -0.01054371    -0.00551589
  -13.6336336    -0.03966872    -0.00093630
  -13.5935936    -0.10782696    -0.00011530
  -13.5535536    -0.21134341    -0.00000998
  -13.5135135    -0.29782392     0.00000234
  -13.4734735    -0.30049546     0.00002134
  -13.4334334    -0.21637093     0.00009241
  -13.3933934    -0.11327993     0.00012145
  -13.3533534    -0.05120722    -0.00113320
  -13.3133133    -0.03363165    -0.00832339
  -13.2732733    -0.02982456    -0.02915287
  -13.2332332    -0.01009472    -0.06440784
  -13.1931932     0.03917602    -0.09643296
  -13.1531532     0.11334471    -0.10075997
  -13.1131131     0.19484852    -0.07465889
  -13.0730731     0.26428230    -0.04006325
  -13.0330330     0.30332447    -0.01739151
  -12.9929930     0.29196737    -0.00975195
  -12.9529530     0.22607450    -0.00719315
  -12.9129129     0.13552252     0.00795625
  -12.8728729     0.06141811     0.05587829
  -12.8328328     0.02074005     0.14415501
  -12.7927928     0.00489808     0.25305664
  -12.7527528    -0.00052680     0.34160176
  -12.7127127    -0.00486928     0.37015262
  -12.6726727    -0.01211345     0.32299922
  -12.6326326    -0.02132104     0.22280073
  -12.5925926    -0.02708109     0.11864648
  -12.5525526    -0.02402538     0.04778208
  -12.5125125    -0.01032202     0.01392725
  -12.4724725     0.01819967     0.00099807
  -12.4324324     0.07392587    -0.00648682
  -12.3923924     0.16219317    -0.01593194
  -12.3523524     0.25374007    -0.02643434
  -12.3123123     0.29536612    -0.03164543
  -12.2722723     0.26649783    -0.02701254
  -12.2322322     0.19914424    -0.01427152
  -12.1921922     0.12956956     0.00417293
  -12.1521522     0.06892083     0.03242102
  -12.1121121     0.02641055     0.07795848
  -12.0720721     0.01782008     0.14248585
  -12.0320320     0.04511718     0.21617655
  -11.9919920     0.09427548     0.27426374
  -11.9519520     0.15265317     0.28559988
  -11.9119119     0.21343447     0.24671797
  -11.8718719     0.26638830     0.19894565
  -11.8318318     0.29654027     0.18464551
  -11.7917918     0.29028274     0.19872399
  -11.7517518     0.23882484     0.20244614
  -11.7117117     0.15134592     0.16956584
  -11.6716717     0.06940170     0.10638698
  -11.6316316     0.04144351     0.03812692
  -11.5915916     0.06935444    -0.00934492
  -11.5515516     0.10317164    -0.01210248
  -11.5115115     0.10376790     0.04746260
  -11.4714715     0.08578252     0.15532159
  -11.4314314     0.08688449     0.25369819
  -11.3913914     0.12092401     0.28457408
  -11.3513514     0.16773915     0.24900465
  -11.3113113     0.19224578     0.20531194
  -11.2712713     0.17461382     0.21140661
  -11.2312312     0.12909193     0.27457530
  -11.1911912     0.08873031     0.34942679
  -11.1511512     0.07399462     0.38371019
  -11.1111111     0.08341586     0.35426433
  -11.0710711     0.10428675     0.25752858
  -11.0310310     0.12109276     0.11187400
  -10.9909910     0.12406834    -0.02333436
  -10.9509510     0.12149210    -0.08505485
  -10.9109109     0.13724822    -0.06795806
  -10.8708709     0.18514724    -0.01827886
  -10.8308308     0.24561788     0.01947305
  -10.7907908     0.27955311     0.03095075
  -10.7507508     0.26992927     0.02649296
  -10.7107107     0.23630739     0.02654693
  -10.6706707     0.20644458     0.04978354
  -10.6306306     0.18982305     0.10192624
  -10.5905906     0.17993481     0.16393218
  -10.5505506     0.17129700     0.19825613
  -10.5105105     0.16915079     0.18340861
  -10.4704705     0.18044245     0.13682323
  -10.4304304     0.19924089     0.09312261
  -10.3903904     0.21019747     0.07074728
  -10.3503504     0.20576345     0.06670723
  -10.3103103     0.18887008     0.07273916
  -10.2702703     0.15969382     0.08682169
  -10.2302302     0.11749453     0.11226192
  -10.1901902     0.07808473     0.15410879
  -10.1501502     0.07176275     0.20995645
  -10.1101101     0.11609768     0.25517441
  -10.0700701     0.19477750     0.25543088
  -10.0300300     0.26716579     0.20737805
   -9.9899900     0.30167021     0.14723654
   -9.9499500     0.29463878     0.11156186
   -9.9099099     0.25623741     0.10494700
   -9.8698699     0.19799120     0.10608889
   -9.8298298     0.13824947     0.09709935
   -9.7897898     0.09598170     0.08521050
   -9.7497497     0.07519294     0.09258317
   -9.7097097     0.06941147     0.12863097
   -9.6696697     0.07504237     0.18412687
   -9.6296296     0.08970210     0.25111012
   -9.5895896     0.10663366     0.32790437
   -9.5495496     0.11969162     0.39634281
   -9.5095095     0.12961800     0.41973767
   -9.4694695     0.14052500     0.38095435
   -9.4294294     0.15148257     0.30850127
   -9.3893894     0.15651629     0.25296821
   -9.3493494     0.15131665     0.23867307
   -9.3093093     0.13349334     0.24510129
   -9.2692693     0.10376615     0.23852828
   -9.2292292     0.07503808     0.21010452
   -9.1891892     0.06940113     0.17691604
   -9.1491491     0.09694247     0.15716393
   -9.1091091     0.14050167     0.15540770
   -9.0690691     0.16707928     0.17236750
   -9.0290290     0.15769934     0.21534350
   -8.9889890     0.12305143     0.28681089
   -8.9489490     0.08833727     0.37113925
   -8.9089089     0.06967467     0.43971246
   -8.8688689     0.06811039     0.46462814
   -8.8288288     0.07816367     0.43380578
   -8.7887888     0.09455791     0.36000033
   -8.7487488     0.11303051     0.27126022
   -8.7087087     0.12900740     0.19608344
   -8.6686687     0.13682503     0.15551059
   -8.6286286     0.13333813     0.15663950
   -8.5885886     0.12194844     0.19361546
   -8.5485485     0.10820773     0.25230475
   -8.5085085     0.09400278     0.30670078
   -8.4684685     0.07985485     0.32567285
   -8.4284284     0.06798259     0.29923859
   -8.3883884     0.06088188     0.24706076
   -8.3483484     0.05898904     0.19467848
   -8.3083083     0.05813148     0.15436068
   -8.2682683     0.05166736     0.12716053
   -8.2282282     0.03907589     0.11203113
   -8.1881882     0.02759454     0.11442930
   -8.1481482     0.02288908     0.14411143
   -8.1081081     0.02357309     0.19785229
   -8.0680681     0.02603277     0.25056563
   -8.0280280     0.02986284     0.27133755
   -7.9879880     0.03657341     0.24577952
   -7.9479479     0.04504674     0.18393099
   -7.9079079     0.05020817     0.11464996
   -7.8678679     0.04723247     0.07092526
   -7.8278278     0.03684775     0.06939907
   -7.7877878     0.02462768     0.09991135
   -7.7477478     0.01571166     0.13877854
   -7.7077077     0.01263069     0.16821684
   -7.6676677     0.01667038     0.17673662
   -7.6276276     0.02740161     0.15553526
   -7.5875876     0.04000777     0.11009826
   -7.5475475     0.04606186     0.06286537
   -7.5075075     0.04069886     0.03305997
   -7.4674675     0.02931795     0.02241393
   -7.4274274     0.02358423     0.02273028
   -7.3873874     0.02867924     0.02740179
   -7.3473473     0.03752931     0.03243228
   -7.3073073     0.04023300     0.03381122
   -7.2672673     0.03551455     0.03023719
   -7.2272272     0.02989360     0.02589786
   -7.1871872     0.02992945     0.02633433
   -7.1471472     0.03844112     0.03324071
   -7.1071071     0.05420234     0.04536067
   -7.0670671     0.07220411     0.06061756
   -7.0270270     0.08714622     0.07366163
   -6.9869870     0.09748333     0.07655897
   -6.9469470     0.10269613     0.06805221
   -6.9069069     0.09917205     0.05660869
   -6.8668669     0.08381890     0.04926692
   -6.8268268     0.05980635     0.04471114
   -6.7867868     0.03567254     0.04070892
   -6.7467467     0.01976764     0.04001240
   -6.7067067     0.01689937     0.04428123
   -6.6666667     0.02811677     0.04830660
   -6.6266266     0.04911033     0.04677108
   -6.5865866     0.06908065     0.04366303
   -6.5465466     0.07758315     0.04831368
   -6.5065065     0.07412568     0.06320292
   -6.4664665     0.06584098     0.07961183
   -6.4264264     0.05738133     0.08499357
   -6.3863864     0.05083458     0.07473291
   -6.3463464     0.05197712     0.05664982
   -6.3063063     0.06546244     0.04216980
   -6.2662663     0.08549659     0.03558510
   -6.2262262     0.10108526     0.03473378
   -6.1861862     0.10818044     0.03702522
   -6.1461461     0.10839160     0.04006342
   -6.1061061     0.10197204     0.04031010
   -6.0660661     0.09152678     0.03587409
   -6.0260260     0.08393836     0.02980901
   -5.9859860     0.08083939     0.02783201
   -5.9459459     0.07722590     0.03168132
   -5.9059059     0.07155786     0.03653805
   -5.8658659     0.06675489     0.03681493
   -5.8258258     0.06487607     0.03237658
   -5.7857858     0.06800514     0.02719294
   -5.7457458     0.07624749     0.02511819
   -5.7057057     0.08381191     0.02905436
   -5.6656657     0.08728365     0.03952115
   -5.6256256     0.09170797     0.05036161
   -5.5855856     0.09876710     0.05115245
   -5.5455455     0.10109246     0.03939136
   -5.5055055     0.09661851     0.02578533
   -5.4654655     0.09595522     0.02317264
   -5.4254254     0.10971000     0.03408838
   -5.3853854     0.13407075     0.05064687
   -5.3453453     0.15052552     0.06337393
   -5.3053053     0.14280226     0.06841680
   -5.2652653     0.11588123     0.06612147
   -5.2252252     0.09234028     0.05651288
   -5.1851852     0.09075491     0.04122426
   -5.1451452     0.11327985     0.02683198
   -5.1051051     0.14561052     0.02044353
   -5.0650651     0.16299413     0.02291441
   -5.0250250     0.15257801     0.02873109
   -4.9849850     0.13895286     0.03193825
   -4.9449449     0.17092644     0.03156970
   -4.9049049     0.26615249     0.03083252
   -4.8648649     0.37248128     0.03193834
   -4.8248248     0.40900744     0.03433616
   -4.7847848     0.35621146     0.03735356
   -4.7447447     0.27438370     0.04136426
   -4.7047047     0.22189287     0.04626121
   -4.6646647     0.19560007     0.05040981
   -4.6246246     0.16490329     0.05076140
   -4.5845846     0.12342658     0.04454392
   -4.5445445     0.08468589     0.03294390
   -4.5045045     0.05495953     0.02177488
   -4.4644645     0.03221831     0.01654713
   -4.4244244     0.01667248     0.01854637
   -4.3843844     0.00986114     0.02554696
   -4.3443443     0.00985083     0.03356885
   -4.3043043     0.01175797     0.03847700
   -4.2642643     0.01157351     0.03873935
   -4.2242242     0.00938498     0.03700239
   -4.1841842     0.00992969     0.03706790
   -4.1441441     0.02174477     0.03920167
   -4.1041041     0.05447397     0.04100611
   -4.0640641     0.10830446     0.04244644
   -4.0240240     0.16301027     0.04537161
   -3.9839840     0.19209169     0.04895542
   -3.9439439     0.19225398     0.05091978
   -3.9039039     0.17863431     0.05089407
   -3.8638639     0.15466294     0.04806080
   -3.8238238     0.11509362     0.04027213
   -3.7837838     0.06929978     0.02980832
   -3.7437437     0.03555726     0.02550627
   -3.7037037     0.02197272     0.03621187
   -3.6636637     0.02584106     0.06353245
   -3.6236236     0.04035036     0.10012623
   -3.5835836     0.05494187     0.13333511
   -3.5435435     0.05820997     0.15160380
   -3.5035035     0.04687551     0.15039256
   -3.4634635     0.02851044     0.13402415
   -3.4234234     0.01314254     0.11490700
   -3.3833834     0.00524068     0.11319447
   -3.3433433     0.00479844     0.14751059
   -3.3033033     0.01277721     0.21400020
   -3.2632633     0.03240157     0.28229967
   -3.2232232     0.06351192     0.32446880
   -3.1831832     0.09580261     0.33695548
   -3.1431431     0.11175644     0.32389731
   -3.1031031     0.10152084     0.27982066
   -3.0630631     0.07545621     0.20558818
   -3.0230230     0.05869675     0.12371941
   -2.9829830     0.07142717     0.06269941
   -2.9429429     0.11197199     0.03579534
   -2.9029029     0.15527677     0.03909561
   -2.8628629     0.17082956     0.05776229
   -2.8228228     0.14745402     0.07220818
   -2.7827828     0.10003105     0.07179656
   -2.7427427     0.05311666     0.06680540
   -2.7027027     0.02182443     0.07666344
   -2.6626627     0.00683442     0.10236803
   -2.6226226     0.00161222     0.11976936
   -2.5825826     0.00033115     0.10797832
   -2.5425425     0.00041802     0.07690811
   -2.5025025     0.00210105     0.05650106
   -2.4624625     0.00836065     0.06453599
   -2.4224224     0.02418075     0.09065775
   -2.3823824     0.05075274     0.10795300
   -2.3423423     0.07730342     0.10063189
   -2.3023023     0.08544768     0.07925266
   -2.2622623     0.06857032     0.06572619
   -2.2222222     0.04015845     0.07213995
   -2.1821822     0.01835597     0.09848704
   -2.1421421     0.01147133     0.13758688
   -2.1021021     0.02065822     0.17349482
   -2.0620621     0.04472643     0.18530842
   -2.0220220     0.07502979     0.16586418
   -1.9819820     0.09323569     0.13224150
   -1.9419419     0.08611111     0.10649134
   -1.9019019     0.06140693     0.09354896
   -1.8618619     0.04092635     0.08509921
   -1.8218218     0.04106867     0.07301136
   -1.7817818     0.06286322     0.05564755
   -1.7417417     0.09102576     0.03973772
   -1.7017017     0.10187767     0.03481640
   -1.6616617     0.08419320     0.04153038
   -1.6216216     0.05083526     0.04856150
   -1.5815816     0.02263179     0.04449772
   -1.5415415     0.00855768     0.03005797
   -1.5015015     0.00617348     0.01477952
   -1.4614615     0.01223910     0.00527681
   -1.4214214     0.02914660     0.00136828
   -1.3813814     0.06480334     0.00026756
   -1.3413413     0.12203650     0.00011761
   -1.3013013     0.18106915     0.00047683
   -1.2612613     0.20415053     0.00197124
   -1.2212212     0.17576114     0.00596349
   -1.1811812     0.13151408     0.01316313
   -1.1411411     0.13391662     0.02152737
   -1.1011011     0.21956709     0.02758800
   -1.0610611     0.35747964     0.03234121
   -1.0210210     0.45442951     0.04232508
   -0.9809810     0.43444432     0.05966641
   -0.9409409     0.32023482     0.07591405
   -0.9009009     0.20517493     0.08524476
   -0.8608609     0.15550926     0.09785057
   -0.8208208     0.16413465     0.12370208
   -0.7807808     0.17864431     0.14735039
   -0.7407407     0.15719482     0.14190568
   -0.7007007     0.10355496     0.10944735
   -0.6606607     0.05003600     0.08773432
   -0.6206206     0.01762251     0.11454484
   -0.5805806     0.00451388     0.19181028
   -0.5405405     0.00084010     0.27891794
   -0.5005005     0.00011357     0.32304908
   -0.4604605     0.00001118     0.30106173
   -0.4204204     0.00000091     0.22958461
   -0.3803804     0.00000130     0.14645645
   -0.3403403     0.00001626     0.09104717
   -0.3003003     0.00015902     0.08735994
   -0.2602603     0.00113398     0.13047594
   -0.2202202     0.00589252     0.18546902
   -0.1801802     0.02239980     0.20943621
   -0.1401401     0.06283509     0.18808195
   -0.1001001     0.13241917     0.14821587
   -0.0600601     0.21693259     0.12768106
   -0.0200200     0.29194647     0.13574953
    0.0200200     0.34445122     0.14728706
    0.0600601     0.37202365     0.13532074
    0.1001001     0.36907062     0.10051173
    0.1401401     0.32874146     0.06318268
    0.1801802     0.25388130     0.03817743
    0.2202202     0.16528893     0.02681811
    0.2602603     0.09676517     0.02596737
    0.3003003     0.07152523     0.03664527
    0.3403403     0.08453671     0.06094178
    0.3803804     0.11223564     0.09147080
    0.4204204     0.13619593     0.11403115
    0.4604605     0.15017332     0.12618555
    0.5005005     0.14702507     0.13763067
    0.5405405     0.11921572     0.14529776
    0.5805806     0.07628285     0.13137853
    0.6206206     0.04307144     0.09436773
    0.6606607     0.04116169     0.05935036
    0.7007007     0.08234376     0.05214047
    0.7407407     0.16648910     0.07551802
    0.7807808     0.26762289     0.10735123
    0.8208208     0.33124203     0.11934169
    0.8608609     0.31218581     0.10475001
    0.9009009     0.22166214     0.08186885
    0.9409409     0.11743957     0.06706986
    0.9809810     0.04638248     0.06069106
    1.0210210     0.01548075     0.06287587
    1.0610611     0.01218831     0.08482503
    1.1011011     0.02932248     0.13560140
    1.1411411     0.06530785     0.20277589
    1.1811812     0.11013045     0.25076967
    1.2212212     0.14429444     0.24681340
    1.2612613     0.15719564     0.19239688
    1.3013013     0.15396643     0.12029897
    1.3413413     0.14269136     0.06313854
    1.3813814     0.13940905     0.03637884
    1.4214214     0.18590761     0.04512656
    1.4614615     0.32518947     0.08941429
    1.5015015     0.53651367     0.15408361
    1.5415415     0.71294303     0.20292992
    1.5815816     0.73747435     0.20451874
    1.6216216     0.58994801     0.16964389
    1.6616617     0.36264921     0.14640468
    1.7017017     0.16977730     0.16952612
    1.7417417     0.06097001     0.22590180
    1.7817818     0.02194182     0.28155316
    1.8218218     0.02496294     0.32691277
    1.8618619     0.05568748     0.36644082
    1.9019019     0.10102811     0.38729571
    1.9419419     0.13393128     0.38195320
    1.9819820     0.12895179     0.36566224
    2.0220220     0.09040152     0.33606821
    2.0620621     0.04719572     0.26867037
    2.1021021     0.02156116     0.17040494
    2.1421421     0.01589427     0.08546076
    2.1821822     0.02364325     0.04789562
    2.2222222     0.04108521     0.06194535
    2.2622623     0.07054651     0.11235847
    2.3023023     0.11607179     0.17157343
    2.3423423     0.17242395     0.21607551
    2.3823824     0.22027090     0.24655274
    2.4224224     0.24289845     0.27013663
    2.4624625     0.24158820     0.27259875
    2.5025025     0.22290913     0.24429628
    2.5425425     0.19066563     0.21230194
    2.5825826     0.15959947     0.20673822
    2.6226226     0.14907966     0.21676995
    2.6626627     0.16341827     0.20875610
    2.7027027     0.20041441     0.17393036
    2.7427427     0.25817692     0.14102826
    2.7827828     0.31206175     0.14074853
    2.8228228     0.32206307     0.16433858
    2.8628629     0.29063262     0.17117873
    2.9029029     0.27652133     0.13992451
    2.9429429     0.32314757     0.09276010
    2.9829830     0.39531120     0.06540536
    3.0230230     0.41083637     0.07918078
    3.0630631     0.33175843     0.14614560
    3.1031031     0.20227670     0.26585266
    3.1431431     0.09269393     0.39917281
    3.1831832     0.03565195     0.47813593
    3.2232232     0.02594226     0.46804742
    3.2632633     0.04934024     0.39620298
    3.3033033     0.08899851     0.30792579
    3.3433433     0.11872061     0.22608758
    3.3833834     0.11658183     0.16200354
    3.4234234     0.09023050     0.13557630
    3.4634635     0.07581059     0.16483968
    3.5035035     0.10801126     0.23847666
    3.5435435     0.18795118     0.31063624
    3.5835836     0.26984342     0.33500174
    3.6236236     0.29126085     0.30183974
    3.6636637     0.23574937     0.23659564
    3.7037037     0.15161970     0.17595098
    3.7437437     0.09892314     0.14827371
    3.7837838     0.09638411     0.15464436
    3.8238238     0.11931436     0.16550221
    3.8638639     0.12958463     0.15423352
    3.9039039     0.10872815     0.12878920
    3.9439439     0.07070229     0.11246514
    3.9839840     0.04341826     0.10584740
    4.0240240     0.04418183     0.09059122
    4.0640641     0.07622593     0.06139439
    4.1041041     0.13805462     0.03233515
    4.1441441     0.22222075     0.01662861
    4.1841842     0.30015290     0.01520117
    4.2242242     0.32685677     0.02217987
    4.2642643     0.28778530     0.03513645
    4.3043043     0.22898719     0.06225998
    4.3443443     0.20872124     0.11539286
    4.3843844     0.22663814     0.18758200
    4.4244244     0.22958305     0.24845852
    4.4644645     0.18446937     0.27805239
    4.5045045     0.11435317     0.29017629
    4.5445445     0.05840022     0.30424405
    4.5845846     0.02884411     0.31193180
    4.6246246     0.01607745     0.29214684
    4.6646647     0.01087945     0.24965276
    4.7047047     0.01132132     0.21446000
    4.7447447     0.01909497     0.19903467
    4.7847848     0.03474689     0.18151922
    4.8248248     0.05272287     0.14161881
    4.8648649     0.06188840     0.09190467
    4.9049049     0.05684748     0.06212439
    4.9449449     0.04705924     0.06533272
    4.9849850     0.04790671     0.08582926
    5.0250250     0.06390607     0.09523113
    5.0650651     0.08486171     0.08033822
    5.1051051     0.09593178     0.05324569
    5.1451452     0.08869246     0.03233064
    5.1851852     0.06651313     0.02246014
    5.2252252     0.04271638     0.01734226
    5.2652653     0.03076625     0.01173380
    5.3053053     0.03388344     0.00587007
    5.3453453     0.04371960     0.00201914
    5.3853854     0.04813175     0.00135037
    5.4254254     0.04116298     0.00445300
    5.4654655     0.02690799     0.01296848
    5.5055055     0.01416774     0.02833728
    5.5455455     0.00937718     0.04692203
    5.5855856     0.01549845     0.05910174
    5.6256256     0.03313375     0.05955214
    5.6656657     0.05774652     0.05719824
    5.7057057     0.07819024     0.06666781
    5.7457458     0.08503871     0.08886564
    5.7857858     0.08149935     0.10835532
    5.8258258     0.07963006     0.11333742
    5.8658659     0.08380024     0.10805960
    5.9059059     0.08603240     0.09992385
    5.9459459     0.08044087     0.08702411
    5.9859860     0.07098462     0.06579546
    6.0260260     0.06152606     0.04115186
    6.0660661     0.05034895     0.02269497
    6.1061061     0.03693998     0.01529850
    6.1461461     0.02471365     0.01659832
    6.1861862     0.01669055     0.02196868
    6.2262262     0.01403273     0.03035384
    6.2662663     0.01824938     0.04374139
    6.3063063     0.03459955     0.05939700
    6.3463464     0.07621706     0.06710105
    6.3863864     0.15882177     0.06159330
    6.4264264     0.27533590     0.05645350
    6.4664665     0.37463412     0.08100823
    6.5065065     0.39140491     0.16213315
    6.5465466     0.31190714     0.29451498
    6.5865866     0.19069985     0.41606591
    6.6266266     0.09348900     0.44155263
    6.6666667     0.04496400     0.34875825
    6.7067067     0.03760051     0.20454939
    6.7467467     0.06715916     0.08987140
    6.7867868     0.14224150     0.03194603
    6.8268268     0.25632225     0.01402549
    6.8668669     0.35920272     0.01438301
    6.9069069     0.38474367     0.02258854
    6.9469470     0.31919700     0.03377210
    6.9869870     0.21511743     0.04087594
    7.0270270     0.13295147     0.03751461
    7.0670671     0.09564275     0.02560773
    7.1071071     0.09123261     0.01383598
    7.1471472     0.09211372     0.00934249
    7.1871872     0.07755079     0.01475836
    7.2272272     0.04942429     0.03060767
    7.2672673     0.02321200     0.05630827
    7.3073073     0.00832693     0.08778736
    7.3473473     0.00379020     0.11517945
    7.3873874     0.00596000     0.12899516
    7.4274274     0.01250045     0.13271629
    7.4674675     0.02015054     0.14113500
    7.5075075     0.02390436     0.16304802
    7.5475475     0.02111580     0.19482986
    7.5875876     0.01396040     0.22701340
    7.6276276     0.00576605     0.24431904
    7.6676677    -0.00129516     0.22908818
    7.7077077    -0.00203967     0.18353462
    7.7477478     0.01509654     0.14235668
    7.7877878     0.06397776     0.14808182
    7.8278278     0.14849220     0.21162563
    7.8678679     0.24496985     0.29429267
    7.9079079     0.30132324     0.33046052
    7.9479479     0.27805231     0.28427795
    7.9879880     0.19470804     0.18449962
    8.0280280     0.11335355     0.08804707
    8.0680681     0.07797887     0.02107149
    8.1081081     0.08891052    -0.02428861
    8.1481482     0.12604078    -0.05340049
    8.1881882     0.17460424    -0.05882028
    8.2282282     0.22293141    -0.04024554
    8.2682683     0.24933368    -0.01008229
    8.3083083     0.23838155     0.02051158
    8.3483484     0.21289399     0.04531063
    8.3883884     0.21882989     0.05676034
    8.4284284     0.26863270     0.05020901
    8.4684685     0.31896531     0.03227675
    8.5085085     0.31327112     0.01572740
    8.5485485     0.24142726     0.00905185
    8.5885886     0.14863511     0.01733158
    8.6286286     0.08641350     0.04899590
    8.6686687     0.07088498     0.11057971
    8.7087087     0.08789190     0.18754004
    8.7487488     0.11436867     0.24022991
    8.7887888     0.12861473     0.23814196
    8.8288288     0.12086276     0.19470752
    8.8688689     0.10225570     0.15143089
    8.9089089     0.09120748     0.13504343
    8.9489490     0.09230537     0.14388448
    8.9889890     0.09828940     0.16317889
    9.0290290     0.10448888     0.17748138
    9.0690691     0.11107432     0.17679844
    9.1091091     0.11507075     0.16284489
    9.1491491     0.10881079     0.14435874
    9.1891892     0.09056450     0.12473446
    9.2292292     0.06964239     0.10629779
    9.2692693     0.05515914     0.10172088
    9.3093093     0.04923114     0.12199081
    9.3493494     0.05288780     0.15587141
    9.3893894     0.06447186     0.17636827
    9.4294294     0.07119363     0.16728164
    9.4694695     0.05649989     0.13643901
    9.5095095     0.01958270     0.10387451
    9.5495496    -0.01932763     0.08067653
    9.5895896    -0.03546523     0.06262861
    9.6296296    -0.02113823     0.04318802
    9.6696697     0.00853191     0.02226357
    9.7097097     0.03137175    -0.00050170
    9.7497497     0.03687322    -0.02987904
    9.7897898     0.02897325    -0.06487487
    9.8298298     0.01714719    -0.08892094
    9.8698699     0.00873323    -0.08159114
    9.9099099     0.00678739    -0.04304325
    9.9499500     0.01107643     0.00312219
    9.9899900     0.01849995     0.03256163
   10.0300300     0.02344820     0.03752893
   10.0700701     0.02166856     0.02569761
   10.1101101     0.01453801     0.01082542
   10.1501502     0.00707913     0.00271352
   10.1901902     0.00250666     0.00186636
   10.2302302     0.00068096     0.00354851
   10.2702703     0.00032576     0.00510876
   10.3103103     0.00079771     0.00821706
   10.3503504     0.00216525     0.01712389
   10.3903904     0.00447618     0.03476248
   10.4304304     0.00747404     0.05624754
   10.4704705     0.01216864     0.06826405
   10.5105105     0.02282112     0.06203350
   10.5505506     0.04363797     0.04514346
   10.5905906     0.06958299     0.03428784
   10.6306306     0.08463242     0.03829966
   10.6706707     0.07697741     0.05080967
   10.7107107     0.05365680     0.05732688
   10.7507508     0.03405017     0.04940137
   10.7907908     0.03233784     0.03180686
   10.8308308     0.04775252     0.01527331
   10.8708709     0.06545323     0.00586769
   10.9109109     0.06814753     0.00392444
   10.9509510     0.05264756     0.00978098
   10.9909910     0.03149603     0.02612257
   11.0310310     0.01704785     0.05193996
   11.0710711     0.01119755     0.07508010
   11.1111111     0.01048990     0.07885064
   11.1511512     0.01294899     0.06029178
   11.1911912     0.01718655     0.03382151
   11.2312312     0.01968835     0.01428071
   11.2712713     0.01736123     0.00490179
   11.3113113     0.01138631     0.00166064
   11.3513514     0.00559462     0.00106815
   11.3913914     0.00217150     0.00285405
   11.4314314     0.00075414     0.00994161
   11.4714715     0.00027149     0.02656826
   11.5115115     0.00013505     0.05179078
   11.5515516     0.00031746     0.07350202
   11.5915916     0.00146530     0.07635556
   11.6316316     0.00528705     0.05900092
   11.6716717     0.01358781     0.03536426
   11.7117117     0.02384152     0.01794028
   11.7517518     0.02494692     0.00857239
   11.7917918     0.00393236     0.00403697
   11.8318318    -0.03632225     0.00226668
   11.8718719    -0.07142789     0.00299909
   11.9119119    -0.07762052     0.00639511
   11.9519520    -0.05616545     0.01169100
   11.9919920    -0.02697471     0.01710383
   12.0320320    -0.00457466     0.02208565
   12.0720721     0.00963787     0.02772120
   12.1121121     0.01816565     0.03083817
   12.1521522     0.02217068     0.01942348
   12.1921922     0.02483295    -0.01896433
   12.2322322     0.03121190    -0.07931020
   12.2722723     0.04091928    -0.13166260
   12.3123123     0.04591679    -0.14241678
   12.3523524     0.03994309    -0.10856569
   12.3923924     0.02643963    -0.05953721
   12.4324324     0.01377054    -0.02363079
   12.4724725     0.00662755    -0.00680167
   12.5125125     0.00454478    -0.00142829
   12.5525526     0.00506482    -0.00027037
   12.5925926     0.00608017    -0.00028688
   12.6326326     0.00670298    -0.00089462
   12.6726727     0.00725028    -0.00211116
   12.7127127     0.00829632    -0.00328892
   12.7527528     0.00944824    -0.00265011
   12.7927928     0.01012555     0.00148624
   12.8328328     0.01350549     0.00884333
   12.8728729     0.02727617     0.01690297
   12.9129129     0.05358429     0.02209053
   12.9529530     0.07881842     0.02200486
   12.9929930     0.08335311     0.01833302
   13.0330330     0.06314649     0.01639864
   13.0730731     0.03364738     0.01949269
   13.1131131     0.01369432     0.02455615
   13.1531532     0.01170227     0.02597750
   13.1931932     0.02272156     0.02383977
   13.2332332     0.03425377     0.02548877
   13.2732733     0.03772099     0.03654605
   13.3133133     0.03345076     0.05121253
   13.3533534     0.02512954     0.05552469
   13.3933934     0.01563580     0.04312423
   13.4334334     0.00747168     0.02213613
   13.4734735     0.00205542     0.00142071
   13.5135135    -0.00108199    -0.01963521
   13.5535536    -0.00267702    -0.03830510
   13.5935936    -0.00189405    -0.03931022
   13.6336336     0.00364729    -0.01456294
   13.6736737     0.01711151     0.01915572
   13.7137137     0.04236394     0.03771261
   13.7537538     0.08118869     0.03537766
   13.7937938     0.12534317     0.02389142
   13.8338338     0.15698646     0.01536468
   13.8738739     0.16947872     0.01328328
   13.9139139     0.18124074     0.01491569
   13.9539540     0.21248585     0.01594527
   13.9939940     0.25523955     0.01336101
   14.0340340     0.27905124     0.00793964
   14.0740741     0.25939094     0.00512630
   14.1141141     0.19841027     0.01334683
   14.1541542     0.12386939     0.04239224
   14.1941942     0.06494279     0.09942589
   14.2342342     0.03088136     0.17755439
   14.2742743     0.01470547     0.24807962
   14.3143143     0.00749135     0.27514531
   14.3543544     0.00548943     0.24569387
   14.3943944     0.00963813     0.18348802
   14.4344344     0.02075479     0.12934139
   14.4744745     0.03408598     0.10590852
   14.5145145     0.04025784     0.10283855
   14.5545546     0.03435620     0.09524015
   14.5945946     0.02178486     0.07191695
   14.6346346     0.01283442     0.04194474
   14.6746747     0.01551681     0.01867097
   14.7147147     0.03409058     0.00642152
   14.7547548     0.06564260     0.00209311
   14.7947948     0.09452549     0.00192124
   14.8348348     0.10111757     0.00406762
   14.8748749     0.08400091     0.00710601
   14.9149149     0.06492303     0.00860683
   14.9549550     0.06548813     0.00711784
   14.9949950     0.08512700     0.00534093
   15.0350350     0.10484544     0.00862600
   15.0750751     0.10782009     0.01882300
   15.1151151     0.09356513     0.03053311
   15.1551552     0.07478846     0.03526797
   15.1951952     0.06308281     0.03052563
   15.2352352     0.05786068     0.02339018
   15.2752753     0.05104509     0.02487510
   15.3153153     0.04056113     0.04205370
   15.3553554     0.03300607     0.07210740
   15.3953954     0.03413892     0.10189675
   15.4354354     0.04150936     0.11947076
   15.4754755     0.04728038     0.12576417
   15.5155155     0.04907126     0.12752132
   15.5555556     0.05536733     0.12385570
   15.5955956     0.07279978     0.10899059
   15.6356356     0.09052760     0.08441477
   15.6756757     0.09025095     0.06134344
   15.7157157     0.07184324     0.04939157
   15.7557558     0.05490205     0.04601237
   15.7957958     0.05484168     0.04238505
   15.8358358     0.06919142     0.03780313
   15.8758759     0.08448004     0.04124423
   15.9159159     0.08718604     0.05761002
   15.9559560     0.07300801     0.07669573
   15.9959960     0.05369905     0.08062634
   16.0360360     0.05266482     0.06303028
   16.0760761     0.08906294     0.03520795
   16.1161161     0.15837447     0.01343336
   16.1561562     0.22339618     0.00844358
   16.1961962     0.24053351     0.02504532
   16.2362362     0.20658584     0.05941922
   16.2762763     0.15998165     0.09673377
   16.3163163     0.13079105     0.12576234
   16.3563564     0.11404558     0.15622481
   16.3963964     0.09293602     0.20235031
   16.4364364     0.06516075     0.24861777
   16.4764765     0.04108925     0.25570710
   16.5165165     0.02852457     0.20567904
   16.5565566     0.02673798     0.12406442
   16.5965966     0.03003749     0.05460652
   16.6366366     0.03188882     0.02543740
   16.6766767     0.03001092     0.03774581
   16.7167167     0.03067535     0.07049170
   16.7567568     0.04315663     0.09429686
   16.7967968     0.06595253     0.09221693
   16.8368368     0.08228904     0.07077935
   16.8768769     0.07677912     0.04960924
   16.9169169     0.05485956     0.04293934
   16.9569570     0.03721432     0.05237094
   16.9969970     0.03829569     0.07024371
   17.0370370     0.05859689     0.08336988
   17.0770771     0.09282570     0.08041468
   17.1171171     0.13529553     0.06296290
   17.1571572     0.17880342     0.04438523
   17.1971972     0.21814387     0.03607256
   17.2372372     0.25139438     0.03868548
   17.2772773     0.26763298     0.04400037
   17.3173173     0.24671626     0.04299319
   17.3573574     0.18696167     0.03493566
   17.3973974     0.11887029     0.02854477
   17.4374374     0.07681719     0.03486216
   17.4774775     0.06602088     0.06162244
   17.5175175     0.06540166     0.11027024
   17.5575576     0.05666455     0.17080635
   17.5975976     0.04231976     0.21974124
   17.6376376     0.03576249     0.23154744
   17.6776777     0.04357528     0.19825518
   17.7177177     0.06359775     0.13686719
   17.7577578     0.09212050     0.07706363
   17.7977978     0.12069215     0.04338798
   17.8378378     0.13091302     0.04911407
   17.8778779     0.11002585     0.09957721
   17.9179179     0.06948820     0.18524675
   17.9579580     0.03380605     0.26791925
   17.9979980     0.01663063     0.29634951
   18.0380380     0.01589797     0.25188066
   18.0780781     0.02268788     0.16573555
   18.1181181     0.02872113     0.08461966
   18.1581582     0.03187799     0.03308541
   18.1981982     0.03697428     0.00951394
   18.2382382     0.04719227     0.00204565
   18.2782783     0.05631570     0.00110710
   18.3183183     0.05460848     0.00220071
   18.3583584     0.04094931     0.00368521
   18.3983984     0.02425360     0.00508715
   18.4384384     0.01397098     0.00745905
   18.4784785     0.01280232     0.01313327
   18.5185185     0.01682995     0.02249220
   18.5585586     0.01967527     0.03131692
   18.5985986     0.01798136     0.03505657
   18.6386386     0.01407351     0.03607579
   18.6786787     0.01228864     0.04103905
   18.7187187     0.01364705     0.05003467
   18.7587588     0.01547968     0.05537203
   18.7987988     0.01514552     0.05252501
   18.8388388     0.01286182     0.04438461
   18.8788789     0.01101464     0.03425719
   18.9189189     0.01100953     0.02299380
   18.9589590     0.01151871     0.01251367
   18.9989990     0.01076760     0.00566440
   19.0390390     0.00968005     0.00328800
   19.0790791     0.01097762     0.00398201
   19.1191191     0.01546351     0.00544681
   19.1591592     0.02115742     0.00566228
   19.1991992     0.02716945     0.00409924
   19.2392392     0.03639512     0.00177218
   19.2792793     0.05014408    -0.00019613
   19.3193193     0.06095895    -0.00115969
   19.3593594     0.05845517    -0.00018248
   19.3993994     0.04365769     0.00344996
   19.4394394     0.02972228     0.00819065
   19.4794795     0.02724292     0.01069948
   19.5195195     0.03399508     0.00970426
   19.5595596     0.03920625     0.00762183
   19.5995996     0.03612908     0.00727419
   19.6396396     0.02939608     0.00856482
   19.6796797     0.02825696     0.00940808
   19.7197197     0.03393134     0.00928480
   19.7597598     0.03741284     0.01088660
   19.7997998     0.03128009     0.01803399
   19.8398398     0.02119550     0.03201556
   19.8798799     0.02249566     0.04854879
   19.9199199     0.04635202     0.05812821
   19.9599600     0.09100742     0.05352335
   20.0000000     0.14208729     0.03862618
