#
#   partial DOS for atom species: Ni
#
#   Add data for atom_index =   4,  n,l,m,z=  3  2 -2  1
#   Add data for atom_index =   4,  n,l,m,z=  3  2 -1  1
#   Add data for atom_index =   4,  n,l,m,z=  3  2  0  1
#   Add data for atom_index =   4,  n,l,m,z=  3  2  1  1
#   Add data for atom_index =   4,  n,l,m,z=  3  2  2  1
#   Add data for atom_index =   4,  n,l,m,z=  3  2 -2  2
#   Add data for atom_index =   4,  n,l,m,z=  3  2 -1  2
#   Add data for atom_index =   4,  n,l,m,z=  3  2  0  2
#   Add data for atom_index =   4,  n,l,m,z=  3  2  1  2
#   Add data for atom_index =   4,  n,l,m,z=  3  2  2  2
#   Add data for atom_index =   4,  n,l,m,z=  3  2 -2  3
#   Add data for atom_index =   4,  n,l,m,z=  3  2 -1  3
#   Add data for atom_index =   4,  n,l,m,z=  3  2  0  3
#   Add data for atom_index =   4,  n,l,m,z=  3  2  1  3
#   Add data for atom_index =   4,  n,l,m,z=  3  2  2  3
#
#    Energy          spin 1        spin2
#
  -20.0000000     0.00000000     0.00000000
  -19.9599600     0.00000000     0.00000000
  -19.9199199     0.00000000     0.00000000
  -19.8798799     0.00000000     0.00000000
  -19.8398398     0.00000000     0.00000000
  -19.7997998     0.00000000     0.00000000
  -19.7597598     0.00000000     0.00000000
  -19.7197197     0.00000000     0.00000000
  -19.6796797     0.00000000     0.00000000
  -19.6396396     0.00000000     0.00000000
  -19.5995996     0.00000000     0.00000000
  -19.5595596     0.00000000     0.00000000
  -19.5195195     0.00000000     0.00000000
  -19.4794795     0.00000000     0.00000000
  -19.4394394     0.00000000     0.00000000
  -19.3993994     0.00000000     0.00000000
  -19.3593594     0.00000000     0.00000000
  -19.3193193     0.00000000     0.00000000
  -19.2792793     0.00000000     0.00000000
  -19.2392392    -0.00000000     0.00000000
  -19.1991992    -0.00000000     0.00000000
  -19.1591592    -0.00000000     0.00000000
  -19.1191191    -0.00000000     0.00000000
  -19.0790791    -0.00000001     0.00000000
  -19.0390390    -0.00000006     0.00000001
  -18.9989990    -0.00000032     0.00000009
  -18.9589590    -0.00000119     0.00000037
  -18.9189189    -0.00000319     0.00000119
  -18.8788789    -0.00000604     0.00000279
  -18.8388388    -0.00000739     0.00000512
  -18.7987988    -0.00000284     0.00000843
  -18.7587588     0.00001171     0.00001497
  -18.7187187     0.00003536     0.00002797
  -18.6786787     0.00005804     0.00004543
  -18.6386386     0.00006527     0.00005680
  -18.5985986     0.00005252     0.00005239
  -18.5585586     0.00003056     0.00003522
  -18.5185185     0.00001289     0.00001720
  -18.4784785     0.00000395     0.00000610
  -18.4384384     0.00000089     0.00000157
  -18.3983984     0.00000031     0.00000036
  -18.3583584     0.00000132     0.00000061
  -18.3183183     0.00000742     0.00000372
  -18.2782783     0.00003069     0.00001776
  -18.2382382     0.00009282     0.00006182
  -18.1981982     0.00020685     0.00015759
  -18.1581582     0.00034648     0.00029772
  -18.1181181     0.00045629     0.00042945
  -18.0780781     0.00051504     0.00050572
  -18.0380380     0.00055354     0.00054375
  -17.9979980     0.00058582     0.00058259
  -17.9579580     0.00057416     0.00060356
  -17.9179179     0.00048869     0.00055489
  -17.8778779     0.00035309     0.00043217
  -17.8378378     0.00021528     0.00028282
  -17.7977978     0.00010867     0.00015440
  -17.7577578     0.00004386     0.00006855
  -17.7177177     0.00001366     0.00002388
  -17.6776777     0.00000329     0.00000635
  -17.6376376     0.00000145     0.00000156
  -17.5975976     0.00000647     0.00000284
  -17.5575576     0.00003418     0.00001684
  -17.5175175     0.00013687     0.00007909
  -17.4774775     0.00040990     0.00027596
  -17.4374374     0.00091496     0.00071298
  -17.3973974     0.00152549     0.00136467
  -17.3573574     0.00193610     0.00195396
  -17.3173173     0.00198912     0.00216893
  -17.2772773     0.00187532     0.00204485
  -17.2372372     0.00179845     0.00187175
  -17.1971972     0.00164779     0.00172135
  -17.1571572     0.00125462     0.00141375
  -17.1171171     0.00072856     0.00092002
  -17.0770771     0.00031202     0.00044787
  -17.0370370     0.00009749     0.00015976
  -16.9969970     0.00002251     0.00004156
  -16.9569570     0.00000700     0.00000866
  -16.9169169     0.00002164     0.00000750
  -16.8768769     0.00009855     0.00003642
  -16.8368368     0.00033861     0.00015139
  -16.7967968     0.00086830     0.00046884
  -16.7567568     0.00167812     0.00108865
  -16.7167167     0.00247041     0.00191460
  -16.6766767     0.00279337     0.00257366
  -16.6366366     0.00243348     0.00265807
  -16.5965966     0.00162754     0.00210769
  -16.5565566     0.00082843     0.00127496
  -16.5165165     0.00031744     0.00058265
  -16.4764765     0.00009063     0.00019910
  -16.4364364     0.00001914     0.00005042
  -16.3963964     0.00000325     0.00000945
  -16.3563564     0.00000322     0.00000189
  -16.3163163     0.00002088     0.00000555
  -16.2762763     0.00011166     0.00003585
  -16.2362362     0.00044731     0.00017639
  -16.1961962     0.00136019     0.00065302
  -16.1561562     0.00319953     0.00184423
  -16.1161161     0.00594111     0.00403980
  -16.0760761     0.00884423     0.00697389
  -16.0360360     0.01061773     0.00959462
  -15.9959960     0.01028267     0.01058029
  -15.9559560     0.00810153     0.00940855
  -15.9159159     0.00535794     0.00686040
  -15.8758759     0.00312771     0.00423655
  -15.8358358     0.00167032     0.00229908
  -15.7957958     0.00081661     0.00112322
  -15.7557558     0.00036477     0.00050249
  -15.7157157     0.00016016     0.00021227
  -15.6756757     0.00013431     0.00010330
  -15.6356356     0.00039753     0.00015951
  -15.5955956     0.00131268     0.00057202
  -15.5555556     0.00327526     0.00175513
  -15.5155155     0.00602443     0.00399554
  -15.4754755     0.00837181     0.00680198
  -15.4354354     0.00944408     0.00904743
  -15.3953954     0.00994706     0.01027732
  -15.3553554     0.01110440     0.01118548
  -15.3153153     0.01295906     0.01240091
  -15.2752753     0.01473385     0.01383145
  -15.2352352     0.01563343     0.01499270
  -15.1951952     0.01465709     0.01485735
  -15.1551552     0.01131676     0.01238800
  -15.1151151     0.00680752     0.00812759
  -15.0750751     0.00308989     0.00403843
  -15.0350350     0.00104119     0.00149160
  -14.9949950     0.00025917     0.00040604
  -14.9549550     0.00005560     0.00008295
  -14.9149149     0.00006585     0.00002875
  -14.8748749     0.00030099     0.00010816
  -14.8348348     0.00111133     0.00049474
  -14.7947948     0.00303502     0.00168648
  -14.7547548     0.00618002     0.00427592
  -14.7147147     0.00957063     0.00819495
  -14.6746747     0.01175362     0.01220055
  -14.6346346     0.01238341     0.01467033
  -14.5945946     0.01237606     0.01487567
  -14.5545546     0.01232325     0.01323228
  -14.5145145     0.01187925     0.01087111
  -14.4744745     0.01074261     0.00893384
  -14.4344344     0.00931590     0.00765741
  -14.3943944     0.00873363     0.00668896
  -14.3543544     0.01041191     0.00659446
  -14.3143143     0.01441257     0.00883521
  -14.2742743     0.01862012     0.01356892
  -14.2342342     0.02118069     0.01867680
  -14.1941942     0.02258677     0.02221470
  -14.1541542     0.02358833     0.02450284
  -14.1141141     0.02353109     0.02634891
  -14.0740741     0.02264302     0.02744048
  -14.0340340     0.02291005     0.02769450
  -13.9939940     0.02483521     0.02736036
  -13.9539540     0.02593404     0.02559435
  -13.9139139     0.02483400     0.02195989
  -13.8738739     0.02545719     0.01905791
  -13.8338338     0.03428148     0.02136247
  -13.7937938     0.05293518     0.03184048
  -13.7537538     0.07409488     0.05000344
  -13.7137137     0.08562309     0.07038930
  -13.6736737     0.08053959     0.08293529
  -13.6336336     0.06252054     0.07988848
  -13.5935936     0.04113570     0.06315823
  -13.5535536     0.02413216     0.04205839
  -13.5135135     0.01425419     0.02524005
  -13.4734735     0.01043408     0.01598268
  -13.4334334     0.01022197     0.01272155
  -13.3933934     0.01119763     0.01200516
  -13.3533534     0.01200771     0.01134355
  -13.3133133     0.01306943     0.01058548
  -13.2732733     0.01501276     0.01073678
  -13.2332332     0.01692574     0.01171187
  -13.1931932     0.01781405     0.01267652
  -13.1531532     0.01818885     0.01428529
  -13.1131131     0.01851678     0.01815453
  -13.0730731     0.01877595     0.02361426
  -13.0330330     0.02142639     0.02764475
  -12.9929930     0.03168609     0.02971446
  -12.9529530     0.05186374     0.03456044
  -12.9129129     0.07574747     0.04722607
  -12.8728729     0.09026591     0.06546088
  -12.8328328     0.08528458     0.07957583
  -12.7927928     0.06334309     0.08042322
  -12.7527528     0.03809476     0.06680748
  -12.7127127     0.02237350     0.04675652
  -12.6726727     0.01930662     0.03157038
  -12.6326326     0.02363307     0.02629545
  -12.5925926     0.02820150     0.02681342
  -12.5525526     0.02897123     0.02687735
  -12.5125125     0.02599772     0.02484432
  -12.4724725     0.02187116     0.02243801
  -12.4324324     0.01970227     0.02097230
  -12.3923924     0.02046792     0.02106445
  -12.3523524     0.02183668     0.02296340
  -12.3123123     0.02236971     0.02559533
  -12.2722723     0.02647317     0.02838651
  -12.2322322     0.04040891     0.03438551
  -12.1921922     0.06181866     0.04704008
  -12.1521522     0.07850314     0.06390067
  -12.1121121     0.08212191     0.07838081
  -12.0720721     0.07815743     0.08643827
  -12.0320320     0.07725042     0.08769615
  -11.9919920     0.08185640     0.08385334
  -11.9519520     0.08561143     0.07863673
  -11.9119119     0.08219370     0.07429236
  -11.8718719     0.07105907     0.06772673
  -11.8318318     0.05544020     0.05502254
  -11.7917918     0.03910300     0.03882725
  -11.7517518     0.02684207     0.02806824
  -11.7117117     0.02490216     0.03079025
  -11.6716717     0.03683152     0.04663937
  -11.6316316     0.05731796     0.06459581
  -11.5915916     0.07371726     0.07114025
  -11.5515516     0.07880690     0.06421167
  -11.5115115     0.07847992     0.05566755
  -11.4714715     0.08220496     0.05817284
  -11.4314314     0.09256605     0.07450456
  -11.3913914     0.10614060     0.09889955
  -11.3513514     0.11496514     0.12123458
  -11.3113113     0.10875204     0.12947362
  -11.2712713     0.08615428     0.11691091
  -11.2312312     0.06087350     0.09039221
  -11.1911912     0.04964003     0.06569371
  -11.1511512     0.05722439     0.05409045
  -11.1111111     0.07576869     0.05725977
  -11.0710711     0.09453978     0.07133516
  -11.0310310     0.10755032     0.08915757
  -10.9909910     0.11701329     0.10187606
  -10.9509510     0.13486683     0.10693337
  -10.9109109     0.17368810     0.11336968
  -10.8708709     0.22865989     0.13164001
  -10.8308308     0.27753807     0.16246129
  -10.7907908     0.30570564     0.20458170
  -10.7507508     0.31922130     0.26059311
  -10.7107107     0.32475050     0.31861365
  -10.6706707     0.31656244     0.34578585
  -10.6306306     0.29742036     0.32261760
  -10.5905906     0.28650798     0.26876611
  -10.5505506     0.29258599     0.22075832
  -10.5105105     0.30224625     0.20427727
  -10.4704705     0.29953196     0.22884552
  -10.4304304     0.28609972     0.28304219
  -10.3903904     0.29192165     0.34294086
  -10.3503504     0.35977222     0.40264028
  -10.3103103     0.48701786     0.47191750
  -10.2702703     0.59389166     0.53428248
  -10.2302302     0.59335166     0.55084001
  -10.1901902     0.48892937     0.52044150
  -10.1501502     0.37406725     0.48939533
  -10.1101101     0.34357014     0.48647203
  -10.0700701     0.42090408     0.48738362
  -10.0300300     0.55520821     0.45376234
   -9.9899900     0.67097395     0.38235985
   -9.9499500     0.72199438     0.30777052
   -9.9099099     0.70719828     0.26921261
   -9.8698699     0.65014241     0.28571270
   -9.8298298     0.57404818     0.35124187
   -9.7897898     0.49506933     0.43049675
   -9.7497497     0.43344307     0.47526192
   -9.7097097     0.41433027     0.47739959
   -9.6696697     0.44286885     0.48011135
   -9.6296296     0.49334735     0.50745375
   -9.5895896     0.54434765     0.53228663
   -9.5495496     0.61202951     0.55051856
   -9.5095095     0.72944661     0.62959525
   -9.4694695     0.90133604     0.82681708
   -9.4294294     1.08652743     1.08656459
   -9.3893894     1.22272979     1.27948107
   -9.3493494     1.28660729     1.35370825
   -9.3093093     1.33226163     1.39774802
   -9.2692693     1.42072824     1.53410704
   -9.2292292     1.51198843     1.78535639
   -9.1891892     1.52095181     2.04592340
   -9.1491491     1.48707160     2.16831400
   -9.1091091     1.55630497     2.09891420
   -9.0690691     1.75720539     1.93510510
   -9.0290290     1.92213527     1.81817391
   -8.9889890     1.90724797     1.78388634
   -8.9489490     1.79599374     1.77843989
   -8.9089089     1.76929508     1.80080271
   -8.8688689     1.85170581     1.91501347
   -8.8288288     1.93110596     2.10175112
   -8.7887888     1.95310514     2.22910216
   -8.7487488     1.96134734     2.22433575
   -8.7087087     2.01802465     2.18917480
   -8.6686687     2.15272761     2.30500951
   -8.6286286     2.33672732     2.61876536
   -8.5885886     2.51677118     2.92544881
   -8.5485485     2.66621346     2.94428929
   -8.5085085     2.74862357     2.62138684
   -8.4684685     2.70809002     2.15921066
   -8.4284284     2.54754733     1.77638896
   -8.3883884     2.33619944     1.54437330
   -8.3483484     2.14127584     1.41922805
   -8.3083083     1.99701875     1.34923614
   -8.2682683     1.90061232     1.35376826
   -8.2282282     1.82313572     1.48975551
   -8.1881882     1.75477406     1.72867183
   -8.1481482     1.73401471     1.93672858
   -8.1081081     1.80226107     2.00932561
   -8.0680681     1.92373864     1.94924438
   -8.0280280     1.99009724     1.80716220
   -7.9879880     1.93104184     1.63389988
   -7.9479479     1.77557476     1.48639787
   -7.9079079     1.58888865     1.39026650
   -7.8678679     1.41159229     1.28960306
   -7.8278278     1.26325546     1.10522028
   -7.7877878     1.14372740     0.84872409
   -7.7477478     1.02045185     0.62708904
   -7.7077077     0.85333496     0.53461018
   -7.6676677     0.65516837     0.56713215
   -7.6276276     0.50098341     0.63593175
   -7.5875876     0.44916023     0.66246809
   -7.5475475     0.47850967     0.65308511
   -7.5075075     0.52656693     0.66197266
   -7.4674675     0.54887850     0.70704791
   -7.4274274     0.51577591     0.75224422
   -7.3873874     0.41130414     0.75318179
   -7.3473473     0.26521897     0.70264167
   -7.3073073     0.13728269     0.63022689
   -7.2672673     0.06161333     0.56220469
   -7.2272272     0.03640374     0.50024057
   -7.1871872     0.05609269     0.44921692
   -7.1471472     0.12651497     0.43907184
   -7.1071071     0.24516781     0.48734870
   -7.0670671     0.37944878     0.55631119
   -7.0270270     0.48169315     0.57591002
   -6.9869870     0.52564324     0.50735531
   -6.9469470     0.51822360     0.37744389
   -6.9069069     0.48620438     0.24950615
   -6.8668669     0.45606187     0.16800272
   -6.8268268     0.43440573     0.14247357
   -6.7867868     0.41335904     0.16966416
   -6.7467467     0.39513009     0.24156761
   -6.7067067     0.38895082     0.32738059
   -6.6666667     0.38619117     0.37285714
   -6.6266266     0.36741959     0.34503732
   -6.5865866     0.33462127     0.27204529
   -6.5465466     0.30737840     0.21757925
   -6.5065065     0.28652455     0.22409657
   -6.4664665     0.25083182     0.29023170
   -6.4264264     0.19167791     0.38073560
   -6.3863864     0.12753179     0.44245966
   -6.3463464     0.08296650     0.43174680
   -6.3063063     0.06970227     0.35291112
   -6.2662663     0.08664584     0.26303572
   -6.2262262     0.12449207     0.22042025
   -6.1861862     0.16821092     0.23322810
   -6.1461461     0.20035877     0.26338627
   -6.1061061     0.20600434     0.26967190
   -6.0660661     0.18181510     0.24111067
   -6.0260260     0.14309726     0.19518877
   -5.9859860     0.11488952     0.15485547
   -5.9459459     0.11339196     0.13106068
   -5.9059059     0.13744881     0.12202029
   -5.8658659     0.17180099     0.12187905
   -5.8258258     0.19549280     0.12500873
   -5.7857858     0.19531035     0.12524693
   -5.7457458     0.17365590     0.11877783
   -5.7057057     0.14263758     0.10792866
   -5.6656657     0.11628427     0.09813662
   -5.6256256     0.10453251     0.09256822
   -5.5855856     0.10594122     0.09193255
   -5.5455455     0.10990476     0.09644801
   -5.5055055     0.10804722     0.10525232
   -5.4654655     0.09900487     0.11419650
   -5.4254254     0.08567130     0.11523208
   -5.3853854     0.07354680     0.10231968
   -5.3453453     0.06953719     0.08043574
   -5.3053053     0.07857813     0.06374129
   -5.2652653     0.09915231     0.06320658
   -5.2252252     0.12135936     0.07996011
   -5.1851852     0.13264837     0.10808143
   -5.1451452     0.12796844     0.13659384
   -5.1051051     0.11372546     0.15074798
   -5.0650651     0.10150234     0.14243809
   -5.0250250     0.10019388     0.12156526
   -4.9849850     0.11641274     0.10817578
   -4.9449449     0.15449931     0.11374790
   -4.9049049     0.20478179     0.13712316
   -4.8648649     0.23878091     0.17314778
   -4.8248248     0.23248353     0.21423410
   -4.7847848     0.19244666     0.24410354
   -4.7447447     0.14631209     0.24398630
   -4.7047047     0.11248777     0.21329681
   -4.6646647     0.09100718     0.17328813
   -4.6246246     0.07553257     0.14320713
   -4.5845846     0.06131264     0.12353334
   -4.5445445     0.04822233     0.10599489
   -4.5045045     0.04363090     0.08705721
   -4.4644645     0.05548304     0.06759811
   -4.4244244     0.07858660     0.05010760
   -4.3843844     0.09497390     0.03948727
   -4.3443443     0.09332388     0.04031719
   -4.3043043     0.08125204     0.05090265
   -4.2642643     0.07215303     0.06139897
   -4.2242242     0.06875309     0.06106794
   -4.1841842     0.06634084     0.04975383
   -4.1441441     0.06280400     0.03890062
   -4.1041041     0.05896983     0.03903762
   -4.0640641     0.05613301     0.04914644
   -4.0240240     0.05815525     0.05920331
   -3.9839840     0.07015886     0.06095629
   -3.9439439     0.08930287     0.05545088
   -3.9039039     0.10125837     0.05081465
   -3.8638639     0.09379538     0.05327286
   -3.8238238     0.07152601     0.06098820
   -3.7837838     0.05006068     0.06709038
   -3.7437437     0.03937604     0.06755265
   -3.7037037     0.03924172     0.06408143
   -3.6636637     0.04553170     0.05964757
   -3.6236236     0.05500410     0.05612478
   -3.5835836     0.06621454     0.05910330
   -3.5435435     0.07694530     0.07673486
   -3.5035035     0.08141471     0.10504974
   -3.4634635     0.07554968     0.12266308
   -3.4234234     0.06525618     0.11278784
   -3.3833834     0.06206571     0.08424961
   -3.3433433     0.06901681     0.05967832
   -3.3033033     0.07655615     0.05013963
   -3.2632633     0.07396941     0.05038470
   -3.2232232     0.06044319     0.05162975
   -3.1831832     0.04399515     0.04942283
   -3.1431431     0.03317591     0.04315466
   -3.1031031     0.03068470     0.03657253
   -3.0630631     0.03382782     0.03659652
   -3.0230230     0.03973163     0.04576309
   -2.9829830     0.04762670     0.05828483
   -2.9429429     0.05628868     0.06697452
   -2.9029029     0.06335188     0.06991024
   -2.8628629     0.06797926     0.06715438
   -2.8228228     0.07032967     0.05766889
   -2.7827828     0.06909668     0.04435188
   -2.7427427     0.06341220     0.03534822
   -2.7027027     0.05528103     0.03589330
   -2.6626627     0.04832359     0.04355719
   -2.6226226     0.04623358     0.05334408
   -2.5825826     0.05205535     0.06318999
   -2.5425425     0.06604808     0.07229740
   -2.5025025     0.08249220     0.07773565
   -2.4624625     0.09134954     0.07695886
   -2.4224224     0.08721297     0.07149568
   -2.3823824     0.07361908     0.06411075
   -2.3423423     0.05633626     0.05490938
   -2.3023023     0.03838943     0.04309681
   -2.2622623     0.02237601     0.03016737
   -2.2222222     0.01147641     0.01979087
   -2.1821822     0.00747820     0.01525707
   -2.1421421     0.00999626     0.01690277
   -2.1021021     0.01651874     0.02190310
   -2.0620621     0.02307787     0.02752010
   -2.0220220     0.02774433     0.03388364
   -1.9819820     0.03333818     0.04119699
   -1.9419419     0.04290412     0.04625233
   -1.9019019     0.05349852     0.04627952
   -1.8618619     0.05937259     0.04366418
   -1.8218218     0.05931438     0.04241031
   -1.7817818     0.05579377     0.04307224
   -1.7417417     0.05029056     0.04392295
   -1.7017017     0.04385647     0.04369719
   -1.6616617     0.03887440     0.04162001
   -1.6216216     0.03740374     0.03757382
   -1.5815816     0.03946991     0.03304867
   -1.5415415     0.04394800     0.03006342
   -1.5015015     0.04975576     0.02942791
   -1.4614615     0.05456808     0.03123177
   -1.4214214     0.05386137     0.03533126
   -1.3813814     0.04479955     0.04013641
   -1.3413413     0.03085676     0.04259149
   -1.3013013     0.01933816     0.04028048
   -1.2612613     0.01416570     0.03368211
   -1.2212212     0.01343750     0.02668866
   -1.1811812     0.01390459     0.02373555
   -1.1411411     0.01514925     0.02539106
   -1.1011011     0.01849030     0.02811901
   -1.0610611     0.02466439     0.02959021
   -1.0210210     0.03409772     0.03214987
   -0.9809810     0.04597562     0.03850004
   -0.9409409     0.05543359     0.04599883
   -0.9009009     0.05570236     0.04878430
   -0.8608609     0.04553320     0.04440847
   -0.8208208     0.03263926     0.03565257
   -0.7807808     0.02813095     0.02738325
   -0.7407407     0.03722893     0.02450101
   -0.7007007     0.05437253     0.03072423
   -0.6606607     0.06712131     0.04433290
   -0.6206206     0.06653839     0.05594818
   -0.5805806     0.05408269     0.05627358
   -0.5405405     0.03839030     0.04624688
   -0.5005005     0.02735423     0.03510588
   -0.4604605     0.02309824     0.02963262
   -0.4204204     0.02215973     0.02942487
   -0.3803804     0.02010257     0.03092734
   -0.3403403     0.01658142     0.03191332
   -0.3003003     0.01543495     0.03213740
   -0.2602603     0.01946289     0.03176083
   -0.2202202     0.02635564     0.03017122
   -0.1801802     0.03164327     0.02676344
   -0.1401401     0.03499911     0.02274693
   -0.1001001     0.04011049     0.02157482
   -0.0600601     0.04816894     0.02673775
   -0.0200200     0.05576135     0.03855337
    0.0200200     0.05927121     0.05298086
    0.0600601     0.05698092     0.06312504
    0.1001001     0.04793413     0.06311764
    0.1401401     0.03369238     0.05341118
    0.1801802     0.01977359     0.04103650
    0.2202202     0.01155285     0.03190903
    0.2602603     0.00996827     0.02579818
    0.3003003     0.01236697     0.02043820
    0.3403403     0.01594266     0.01582021
    0.3803804     0.01969856     0.01308326
    0.4204204     0.02354537     0.01276218
    0.4604605     0.02622895     0.01451410
    0.5005005     0.02570972     0.01713508
    0.5405405     0.02235090     0.01927629
    0.5805806     0.01995192     0.02032875
    0.6206206     0.02215422     0.02077307
    0.6606607     0.02864223     0.02222153
    0.7007007     0.03568939     0.02620741
    0.7407407     0.04049801     0.03208722
    0.7807808     0.04385763     0.03698666
    0.8208208     0.04693265     0.03852789
    0.8608609     0.04814515     0.03760297
    0.9009009     0.04695733     0.03844256
    0.9409409     0.04682315     0.04484748
    0.9809810     0.04955432     0.05516930
    1.0210210     0.05094251     0.06265605
    1.0610611     0.04652744     0.06246506
    1.1011011     0.03846928     0.05618850
    1.1411411     0.03317429     0.04812730
    1.1811812     0.03366449     0.04030064
    1.2212212     0.03709355     0.03297418
    1.2612613     0.03989220     0.02754293
    1.3013013     0.04241096     0.02631321
    1.3413413     0.04626452     0.02953964
    1.3813814     0.05008708     0.03503086
    1.4214214     0.05210719     0.04223314
    1.4614615     0.05378128     0.05378137
    1.5015015     0.05646483     0.06947526
    1.5415415     0.05862606     0.08209629
    1.5815816     0.05890070     0.08478344
    1.6216216     0.05713019     0.07923168
    1.6616617     0.05240858     0.07120924
    1.7017017     0.04411901     0.06260445
    1.7417417     0.03412341     0.05254838
    1.7817818     0.02620118     0.04192020
    1.8218218     0.02325573     0.03318790
    1.8618619     0.02427504     0.02783498
    1.9019019     0.02475680     0.02540218
    1.9419419     0.02211685     0.02427494
    1.9819820     0.01953306     0.02312854
    2.0220220     0.02239427     0.02234917
    2.0620621     0.03187154     0.02396259
    2.1021021     0.04301522     0.02916640
    2.1421421     0.04877745     0.03580811
    2.1821822     0.04554265     0.03946577
    2.2222222     0.03498122     0.03752567
    2.2622623     0.02204849     0.03118895
    2.3023023     0.01186483     0.02371204
    2.3423423     0.00701721     0.01779363
    2.3823824     0.00663409     0.01417214
    2.4224224     0.00780357     0.01216664
    2.4624625     0.00823709     0.01118327
    2.5025025     0.00809274     0.01115986
    2.5425425     0.00903409     0.01208105
    2.5825826     0.01166360     0.01376385
    2.6226226     0.01466294     0.01577008
    2.6626627     0.01615063     0.01700852
    2.7027027     0.01512270     0.01613683
    2.7427427     0.01211949     0.01338205
    2.7827828     0.00924061     0.01154705
    2.8228228     0.00940429     0.01416610
    2.8628629     0.01501201     0.02188276
    2.9029029     0.02546701     0.03031438
    2.9429429     0.03507142     0.03290590
    2.9829830     0.03700210     0.02749772
    3.0230230     0.03179435     0.01881921
    3.0630631     0.02788621     0.01348362
    3.1031031     0.03146853     0.01433475
    3.1431431     0.03927017     0.02011478
    3.1831832     0.04346451     0.02815217
    3.2232232     0.04138814     0.03568827
    3.2632633     0.03708436     0.04006827
    3.3033033     0.03402853     0.04043124
    3.3433433     0.03095782     0.03911040
    3.3833834     0.02569386     0.03858190
    3.4234234     0.01933106     0.03723655
    3.4634635     0.01516744     0.03154180
    3.5035035     0.01533597     0.02215451
    3.5435435     0.01963873     0.01447031
    3.5835836     0.02631702     0.01348793
    3.6236236     0.03250145     0.02028767
    3.6636637     0.03519465     0.03181526
    3.7037037     0.03364272     0.04210177
    3.7437437     0.03029608     0.04538301
    3.7837838     0.02886670     0.04030747
    3.8238238     0.03142555     0.03164125
    3.8638639     0.03650181     0.02728533
    3.9039039     0.04026122     0.03197877
    3.9439439     0.04038911     0.04240525
    3.9839840     0.03752322     0.04935014
    4.0240240     0.03312379     0.04633716
    4.0640641     0.02878700     0.03539816
    4.1041041     0.02681093     0.02388881
    4.1441441     0.02841082     0.01787352
    4.1841842     0.03180009     0.01880380
    4.2242242     0.03347709     0.02379786
    4.2642643     0.03181764     0.02863654
    4.3043043     0.02933127     0.03174705
    4.3443443     0.02979889     0.03417711
    4.3843844     0.03286797     0.03569676
    4.4244244     0.03445700     0.03459059
    4.4644645     0.03269427     0.03142161
    4.5045045     0.02961068     0.02880370
    4.5445445     0.02709779     0.02760655
    4.5845846     0.02477550     0.02634332
    4.6246246     0.02202668     0.02356869
    4.6646647     0.01981874     0.01956545
    4.7047047     0.01944538     0.01646275
    4.7447447     0.02058889     0.01654454
    4.7847848     0.02223651     0.01942168
    4.8248248     0.02466925     0.02166400
    4.8648649     0.02840855     0.02062699
    4.9049049     0.03188362     0.01792372
    4.9449449     0.03239850     0.01771358
    4.9849850     0.02897187     0.02186790
    5.0250250     0.02314766     0.02761937
    5.0650651     0.01802303     0.03000251
    5.1051051     0.01660634     0.02638273
    5.1451452     0.01991502     0.01864143
    5.1851852     0.02634886     0.01143920
    5.2252252     0.03244407     0.00895792
    5.2652653     0.03455644     0.01322854
    5.3053053     0.03206602     0.02381121
    5.3453453     0.02857296     0.03667186
    5.3853854     0.02776814     0.04444697
    5.4254254     0.02955121     0.04229348
    5.4654655     0.03128199     0.03376429
    5.5055055     0.03096977     0.02672570
    5.5455455     0.02919512     0.02437227
    5.5855856     0.02854023     0.02419396
    5.6256256     0.03069599     0.02337442
    5.6656657     0.03514753     0.02105148
    5.7057057     0.04037883     0.01758258
    5.7457458     0.04412133     0.01512049
    5.7857858     0.04395291     0.01729974
    5.8258258     0.03999451     0.02562054
    5.8658659     0.03503568     0.03648013
    5.9059059     0.03138127     0.04393855
    5.9459459     0.02990834     0.04586021
    5.9859860     0.03152071     0.04529732
    6.0260260     0.03669338     0.04631265
    6.0660661     0.04407210     0.05066974
    6.1061061     0.05216244     0.05691398
    6.1461461     0.06125158     0.06118635
    6.1861862     0.07091905     0.06091217
    6.2262262     0.07746814     0.05823449
    6.2662663     0.07712244     0.05811356
    6.3063063     0.07127206     0.06183411
    6.3463464     0.06549453     0.06422235
    6.3863864     0.06272744     0.06072047
    6.4264264     0.06022983     0.05514490
    6.4664665     0.05435247     0.05553460
    6.5065065     0.04542018     0.06372406
    6.5465466     0.03650234     0.07244834
    6.5865866     0.03031968     0.07274678
    6.6266266     0.02850980     0.06360419
    6.6666667     0.03122643     0.05209054
    6.7067067     0.03671597     0.04378547
    6.7467467     0.04298495     0.03902973
    6.7867868     0.04948898     0.03889466
    6.8268268     0.05478313     0.04540928
    6.8668669     0.05396687     0.05374978
    6.9069069     0.04347597     0.05364126
    6.9469470     0.02753974     0.04201919
    6.9869870     0.01514120     0.02712957
    7.0270270     0.01227450     0.01828262
    7.0670671     0.01989600     0.01774499
    7.1071071     0.03529466     0.02248389
    7.1471472     0.05160188     0.02828351
    7.1871872     0.05914545     0.03279290
    7.2272272     0.05258548     0.03760916
    7.2672673     0.03679704     0.04489515
    7.3073073     0.02255300     0.05094676
    7.3473473     0.01674488     0.04890136
    7.3873874     0.01838604     0.03900156
    7.4274274     0.02194438     0.02958342
    7.4674675     0.02259698     0.02742788
    7.5075075     0.02001846     0.03227179
    7.5475475     0.01858192     0.03935908
    7.5875876     0.02337281     0.04309847
    7.6276276     0.03552335     0.04015293
    7.6676677     0.05055055     0.03301918
    7.7077077     0.06131076     0.02956778
    7.7477478     0.06447767     0.03597743
    7.7877878     0.06270930     0.04949283
    7.8278278     0.05851654     0.05903747
    7.8678679     0.05072846     0.05527776
    7.9079079     0.03939183     0.04039528
    7.9479479     0.02869222     0.02468334
    7.9879880     0.02368257     0.01497628
    8.0280280     0.02692031     0.01134662
    8.0680681     0.03593869     0.01288399
    8.1081081     0.04273371     0.02027995
    8.1481482     0.04040262     0.03199780
    8.1881882     0.03140208     0.04281280
    8.2282282     0.02516971     0.04894340
    8.2682683     0.02713137     0.05102714
    8.3083083     0.03303735     0.05014130
    8.3483484     0.03495625     0.04586332
    8.3883884     0.03107593     0.03938725
    8.4284284     0.02758694     0.03449860
    8.4684685     0.03134784     0.03526746
    8.5085085     0.04227263     0.04287287
    8.5485485     0.05364604     0.05308883
    8.5885886     0.06024371     0.05909048
    8.6286286     0.06323792     0.05878166
    8.6686687     0.06479385     0.05693057
    8.7087087     0.06275738     0.05879057
    8.7487488     0.05419477     0.06305474
    8.7887888     0.04079992     0.06266762
    8.8288288     0.02880810     0.05363670
    8.8688689     0.02433908     0.04041616
    8.9089089     0.02793258     0.02987942
    8.9489490     0.03325966     0.02386507
    8.9889890     0.03289138     0.02045047
    9.0290290     0.02539507     0.01799476
    9.0690691     0.01553959     0.01568735
    9.1091091     0.00905296     0.01382876
    9.1491491     0.00938301     0.01500603
    9.1891892     0.01808129     0.02294727
    9.2292292     0.03440459     0.03821826
    9.2692693     0.05334055     0.05435171
    9.3093093     0.06770483     0.06146149
    9.3493494     0.07408710     0.05720918
    9.3893894     0.07314470     0.05034917
    9.4294294     0.06524178     0.04909985
    9.4694695     0.05193307     0.05094360
    9.5095095     0.03885923     0.04831619
    9.5495496     0.03147941     0.03924144
    9.5895896     0.03125716     0.02868627
    9.6296296     0.03757015     0.02308567
    9.6696697     0.04813858     0.02507312
    9.7097097     0.05773844     0.03195971
    9.7497497     0.06155950     0.03972512
    9.7897898     0.06001472     0.04735264
    9.8298298     0.05837994     0.05448828
    9.8698699     0.06113059     0.05755019
    9.9099099     0.06573577     0.05296574
    9.9499500     0.06523117     0.04339081
    9.9899900     0.05966814     0.03788468
   10.0300300     0.05829939     0.04434783
   10.0700701     0.06653794     0.06046064
   10.1101101     0.07787720     0.07500809
   10.1501502     0.08185683     0.08206670
   10.1901902     0.07491159     0.08800828
   10.2302302     0.06189178     0.09776153
   10.2702703     0.04986494     0.10244565
   10.3103103     0.04156208     0.09010183
   10.3503504     0.03509798     0.06262327
   10.3903904     0.02908551     0.03425916
   10.4304304     0.02523174     0.01745371
   10.4704705     0.02653430     0.01554351
   10.5105105     0.03475311     0.02507734
   10.5505506     0.04827114     0.03950391
   10.5905906     0.06287482     0.05347139
   10.6306306     0.07522011     0.06722831
   10.6706707     0.08244001     0.08268933
   10.7107107     0.08063232     0.09407494
   10.7507508     0.06930585     0.09063330
   10.7907908     0.05392049     0.07059245
   10.8308308     0.04070960     0.04481045
   10.8708709     0.03298062     0.02607107
   10.9109109     0.03180575     0.02028065
   10.9509510     0.03559771     0.02607099
   10.9909910     0.04061085     0.03701083
   11.0310310     0.04527673     0.04518450
   11.0710711     0.05175120     0.04774818
   11.1111111     0.06074861     0.04950401
   11.1511512     0.06842521     0.05492526
   11.1911912     0.07213334     0.05990782
   11.2312312     0.07562193     0.05770734
   11.2712713     0.08403165     0.05110567
   11.3113113     0.09647493     0.05105095
   11.3513514     0.10586820     0.06317758
   11.3913914     0.10578495     0.08114101
   11.4314314     0.09819572     0.09466619
   11.4714715     0.09078689     0.09971491
   11.5115115     0.08633813     0.09784120
   11.5515516     0.08278800     0.09237444
   11.5915916     0.08133742     0.08944781
   11.6316316     0.08417906     0.09369337
   11.6716717     0.08737878     0.09958488
   11.7117117     0.08370731     0.09684759
   11.7517518     0.07042816     0.08530469
   11.7917918     0.05177063     0.07425753
   11.8318318     0.03570206     0.06844629
   11.8718719     0.02873539     0.06421744
   11.9119119     0.03249983     0.05807339
   11.9519520     0.04365948     0.05225167
   11.9919920     0.05518310     0.05175871
   12.0320320     0.05921981     0.05777766
   12.0720721     0.05330034     0.06482480
   12.1121121     0.04434459     0.06608481
   12.1521522     0.04394291     0.06066759
   12.1921922     0.05811372     0.05405155
   12.2322322     0.08042975     0.05443514
   12.2722723     0.09618951     0.06817578
   12.3123123     0.09570749     0.09251565
   12.3523524     0.08174239     0.11455325
   12.3923924     0.06402026     0.12296568
   12.4324324     0.05200539     0.11617927
   12.4724725     0.05164031     0.09774568
   12.5125125     0.06197473     0.07369951
   12.5525526     0.07663405     0.05476034
   12.5925926     0.09267304     0.05136154
   12.6326326     0.11320620     0.06625251
   12.6726727     0.13986488     0.09529749
   12.7127127     0.16761756     0.13080092
   12.7527528     0.18512884     0.16195440
   12.7927928     0.17954646     0.17741871
   12.8328328     0.14866943     0.17128565
   12.8728729     0.10849064     0.14940159
   12.9129129     0.08180741     0.12895545
   12.9529530     0.08082555     0.12389421
   12.9929930     0.10307312     0.13092103
   13.0330330     0.13666604     0.13677809
   13.0730731     0.16426376     0.13469921
   13.1131131     0.16954127     0.12611734
   13.1531532     0.14883539     0.11214396
   13.1931932     0.11407445     0.09230143
   13.2332332     0.08174657     0.07123871
   13.2732733     0.06363036     0.06161935
   13.3133133     0.06517470     0.07471694
   13.3533534     0.08312453     0.10606092
   13.3933934     0.10717015     0.13588651
   13.4334334     0.13182291     0.14869305
   13.4734735     0.15903967     0.14849289
   13.5135135     0.18334738     0.15071587
   13.5535536     0.19143474     0.16311645
   13.5935936     0.18520242     0.18073688
   13.6336336     0.18751610     0.19857841
   13.6736737     0.21362951     0.21696749
   13.7137137     0.24602814     0.22955326
   13.7537538     0.24895377     0.22245532
   13.7937938     0.20837469     0.19188169
   13.8338338     0.14838594     0.15091669
   13.8738739     0.10409696     0.11831076
   13.9139139     0.08833511     0.10422724
   13.9539540     0.09033123     0.10376711
   13.9939940     0.09658934     0.10523144
   14.0340340     0.10432576     0.10457671
   14.0740741     0.11679174     0.10749566
   14.1141141     0.13159909     0.11851190
   14.1541542     0.14033520     0.13435994
   14.1941942     0.14125240     0.15086895
   14.2342342     0.14420951     0.16985356
   14.2742743     0.15728950     0.19108187
   14.3143143     0.17454999     0.20180408
   14.3543544     0.18224907     0.18590387
   14.3943944     0.17353026     0.14510646
   14.4344344     0.15404778     0.10330653
   14.4744745     0.13641060     0.08638265
   14.5145145     0.13336446     0.10088574
   14.5545546     0.14945780     0.13314493
   14.5945946     0.16947292     0.16237111
   14.6346346     0.16763535     0.17150202
   14.6746747     0.14251691     0.15617514
   14.7147147     0.12744808     0.13031724
   14.7547548     0.15151582     0.11638783
   14.7947948     0.20121509     0.12790610
   14.8348348     0.23351372     0.16030910
   14.8748749     0.22302944     0.19156622
   14.9149149     0.18296925     0.19699571
   14.9549550     0.14051181     0.17354772
   14.9949950     0.11026719     0.14252324
   15.0350350     0.09404485     0.12430751
   15.0750751     0.08790819     0.12077687
   15.1151151     0.08392495     0.12174423
   15.1551552     0.07539170     0.11734958
   15.1951952     0.06489039     0.10596409
   15.2352352     0.06490338     0.09768842
   15.2752753     0.08828859     0.10648930
   15.3153153     0.13585219     0.13487125
   15.3553554     0.19151776     0.16949420
   15.3953954     0.22989616     0.19156631
   15.4354354     0.23491602     0.19176612
   15.4754755     0.21861014     0.18068412
   15.5155155     0.21262060     0.18257794
   15.5555556     0.22820313     0.20932384
   15.5955956     0.23879388     0.24082237
   15.6356356     0.21966685     0.24405600
   15.6756757     0.18687346     0.21599991
   15.7157157     0.17560898     0.19228790
   15.7557558     0.19349863     0.20347685
   15.7957958     0.21507937     0.23468042
   15.8358358     0.21872073     0.24236947
   15.8758759     0.21288192     0.20801087
   15.9159159     0.21898014     0.16045601
   15.9559560     0.23764835     0.14266679
   15.9959960     0.24465476     0.16833953
   16.0360360     0.22072947     0.21304920
   16.0760761     0.17269574     0.23811124
   16.1161161     0.12094310     0.22133967
   16.1561562     0.08062234     0.17123242
   16.1961962     0.05951223     0.11650054
   16.2362362     0.06280755     0.08355473
   16.2762763     0.09489899     0.08160282
   16.3163163     0.15218145     0.10310956
   16.3563564     0.20989885     0.13393260
   16.3963964     0.22979958     0.16197926
   16.4364364     0.19541931     0.17698719
   16.4764765     0.13097704     0.17041067
   16.5165165     0.07674412     0.14485061
   16.5565566     0.05548303     0.11750847
   16.5965966     0.06582355     0.10431054
   16.6366366     0.09507332     0.10431059
   16.6766767     0.13102276     0.10707965
   16.7167167     0.16439242     0.11068754
   16.7567568     0.18321148     0.12157020
   16.7967968     0.17347977     0.13605351
   16.8368368     0.13492262     0.13538601
   16.8768769     0.08959063     0.10951085
   16.9169169     0.06573162     0.07542637
   16.9569570     0.07507862     0.06064497
   16.9969970     0.10349487     0.07776538
   17.0370370     0.12177434     0.11988571
   17.0770771     0.11415609     0.16721926
   17.1171171     0.09498620     0.19398100
   17.1571572     0.08856079     0.18350293
   17.1971972     0.10054381     0.14466550
   17.2372372     0.11844061     0.10575871
   17.2772773     0.12948655     0.08734993
   17.3173173     0.12746675     0.08480850
   17.3573574     0.11038662     0.07982371
   17.3973974     0.08278912     0.06409728
   17.4374374     0.05825652     0.04507454
   17.4774775     0.05267051     0.03341491
   17.5175175     0.07276523     0.03498629
   17.5575576     0.11075851     0.05273947
   17.5975976     0.14970035     0.08571783
   17.6376376     0.17515153     0.12322800
   17.6776777     0.18178055     0.14800209
   17.7177177     0.17051413     0.15152018
   17.7577578     0.14686817     0.14133578
   17.7977978     0.12372114     0.12908492
   17.8378378     0.11483161     0.11975603
   17.8778779     0.11990303     0.11599522
   17.9179179     0.12474224     0.11960946
   17.9579580     0.11961364     0.12525803
   17.9979980     0.10705387     0.12541458
   18.0380380     0.09093913     0.12158142
   18.0780781     0.07206643     0.11897563
   18.1181181     0.05549427     0.11464403
   18.1581582     0.05021028     0.10442308
   18.1981982     0.06039347     0.09547466
   18.2382382     0.08196927     0.09684981
   18.2782783     0.10715093     0.10481453
   18.3183183     0.13112877     0.11210683
   18.3583584     0.15431916     0.12244579
   18.3983984     0.17675655     0.14094226
   18.4384384     0.19080305     0.15925139
   18.4784785     0.18614085     0.16455561
   18.5185185     0.16532868     0.15543390
   18.5585586     0.14483853     0.13774209
   18.5985986     0.13734729     0.11586989
   18.6386386     0.14269272     0.09894391
   18.6786787     0.15695126     0.10357523
   18.7187187     0.17877540     0.13854815
   18.7587588     0.19932364     0.19008032
   18.7987988     0.19708023     0.22695005
   18.8388388     0.15987214     0.22441354
   18.8788789     0.10583398     0.18729105
   18.9189189     0.06702365     0.14455306
   18.9589590     0.05842553     0.11898073
   18.9989990     0.07201339     0.11037142
   19.0390390     0.09095591     0.10527638
   19.0790791     0.10044622     0.09237589
   19.1191191     0.09332155     0.07230980
   19.1591592     0.07706997     0.05981200
   19.1991992     0.07311897     0.07265994
   19.2392392     0.09855911     0.11414810
   19.2792793     0.14551812     0.16838986
   19.3193193     0.18695727     0.21524390
   19.3593594     0.20744137     0.24398963
   19.3993994     0.21492566     0.24790881
   19.4394394     0.21710901     0.22017529
   19.4794795     0.20970756     0.16786232
   19.5195195     0.19857494     0.11819969
   19.5595596     0.20876100     0.10137607
   19.5995996     0.25206916     0.13207669
   19.6396396     0.29783245     0.20098626
   19.6796797     0.29769769     0.27083501
   19.7197197     0.23826755     0.29259546
   19.7597598     0.15413103     0.24853903
   19.7997998     0.09312476     0.17457979
   19.8398398     0.08300856     0.12615120
   19.8798799     0.12092879     0.12881154
   19.9199199     0.17273585     0.16296407
   19.9599600     0.19115595     0.18496785
   20.0000000     0.15697745     0.16593613
