 # Orbital (#, l, z, m, rc):           0           1           0   10.002454960045830     
    0.00000000    1.00811277    0.00000000
    0.01050258    1.00795616   -0.02941345
    0.02100516    1.00750356   -0.05637915
    0.03150773    1.00677240   -0.08306264
    0.04201031    1.00575445   -0.11097149
    0.05251289    1.00444093   -0.13911679
    0.06301547    1.00283322   -0.16700637
    0.07351804    1.00093266   -0.19494178
    0.08402062    0.99873789   -0.22303016
    0.09452320    0.99624762   -0.25120083
    0.10502578    0.99346115   -0.27943846
    0.11552835    0.99037762   -0.30777247
    0.12603093    0.98699598   -0.33620809
    0.13653351    0.98331517   -0.36474252
    0.14703609    0.97933416   -0.39337542
    0.15753867    0.97505192   -0.42210694
    0.16804124    0.97046740   -0.45093462
    0.17854382    0.96557965   -0.47985203
    0.18904640    0.96038774   -0.50885356
    0.19954898    0.95489084   -0.53792909
    0.21005155    0.94908823   -0.56706865
    0.22055413    0.94297930   -0.59625878
    0.23105671    0.93656360   -0.62548385
    0.24155929    0.92984085   -0.65472847
    0.25206186    0.92281094   -0.68397020
    0.26256444    0.91547401   -0.71319263
    0.27306702    0.90783040   -0.74236611
    0.28356960    0.89988072   -0.77147363
    0.29407218    0.89162585   -0.80047856
    0.30457475    0.88306696   -0.82936332
    0.31507733    0.87420553   -0.85808504
    0.32557991    0.86504337   -0.88662532
    0.33608249    0.85558264   -0.91493629
    0.34658506    0.84582585   -0.94299818
    0.35708764    0.83577588   -0.97075974
    0.36759022    0.82543600   -0.99819909
    0.37809280    0.81480988   -1.02526353
    0.38859538    0.80390156   -1.05192817
    0.39909795    0.79271555   -1.07814104
    0.40960053    0.78125671   -1.10387329
    0.42010311    0.76953038   -1.12907585
    0.43060569    0.75754225   -1.15371510
    0.44110826    0.74529854   -1.17774697
    0.45161084    0.73280576   -1.20113240
    0.46211342    0.72007096   -1.22383386
    0.47261600    0.70710150   -1.24580755
    0.48311857    0.69390523   -1.26702237
    0.49362115    0.68049033   -1.28743186
    0.50412373    0.66686543   -1.30701030
    0.51462631    0.65303947   -1.32571085
    0.52512889    0.63902181   -1.34351219
    0.53563146    0.62482211   -1.36036930
    0.54613404    0.61045040   -1.37626427
    0.55663662    0.59591699   -1.39115588
    0.56713920    0.58123250   -1.40502885
    0.57764177    0.56640784   -1.41784738
    0.58814435    0.55145413   -1.42959832
    0.59864693    0.53638275   -1.44025247
    0.60914951    0.52120527   -1.44979861
    0.61965208    0.50593346   -1.45821479
    0.63015466    0.49057923   -1.46549198
    0.64065724    0.47515462   -1.47161553
    0.65115982    0.45967177   -1.47657925
    0.66166240    0.44414293   -1.48037528
    0.67216497    0.42858035   -1.48300133
    0.68266755    0.41299636   -1.48445527
    0.69317013    0.39740323   -1.48474010
    0.70367271    0.38181325   -1.48385807
    0.71417528    0.36623861   -1.48181862
    0.72467786    0.35069145   -1.47862734
    0.73518044    0.33518378   -1.47430075
    0.74568302    0.31972749   -1.46884709
    0.75618559    0.30433428   -1.46229004
    0.76668817    0.28901569   -1.45464031
    0.77719075    0.27378304   -1.44592824
    0.78769333    0.25864743   -1.43616717
    0.79819591    0.24361966   -1.42539311
    0.80869848    0.22871033   -1.41362260
    0.81920106    0.21392964   -1.40089589
    0.82970364    0.19928758   -1.38723358
    0.84020622    0.18479371   -1.37267832
    0.85070879    0.17045731   -1.35725591
    0.86121137    0.15628722   -1.34100930
    0.87171395    0.14229198   -1.32397079
    0.88221653    0.12847963   -1.30618133
    0.89271911    0.11485792   -1.28768106
    0.90322168    0.10143405   -1.26850710
    0.91372426    0.08821491   -1.24870735
    0.92422684    0.07520684   -1.22831484
    0.93472942    0.06241583   -1.20738396
    0.94523199    0.04984734   -1.18594427
    0.95573457    0.03750644   -1.16405485
    0.96623715    0.02539768   -1.14174264
    0.97673973    0.01352520   -1.11906949
    0.98724230    0.00189265   -1.09606067
    0.99774488   -0.00949678   -1.07277876
    1.00824746   -0.02064035   -1.04924847
    1.01875004   -0.03153577   -1.02553104
    1.02925262   -0.04218120   -1.00165165
    1.03975519   -0.05257527   -0.97766831
    1.05025777   -0.06271698   -0.95360758
    1.06076035   -0.07260586   -0.92952247
    1.07126293   -0.08224175   -0.90544172
    1.08176550   -0.09162499   -0.88141187
    1.09226808   -0.10075622   -0.85746432
    1.10277066   -0.10963658   -0.83363801
    1.11327324   -0.11826747   -0.80996719
    1.12377581   -0.12665072   -0.78648283
    1.13427839   -0.13478845   -0.76322078
    1.14478097   -0.14268315   -0.74020517
    1.15528355   -0.15033757   -0.71747149
    1.16578613   -0.15775480   -0.69503843
    1.17628870   -0.16493814   -0.67293921
    1.18679128   -0.17189120   -0.65118830
    1.19729386   -0.17861779   -0.62981509
    1.20779644   -0.18512192   -0.60883072
    1.21829901   -0.19140782   -0.58825954
    1.22880159   -0.19747988   -0.56810998
    1.23930417   -0.20334261   -0.54840049
    1.24980675   -0.20900067   -0.52913708
    1.26030932   -0.21445882   -0.51033191
    1.27081190   -0.21972189   -0.49198845
    1.28131448   -0.22479475   -0.47411263
    1.29181706   -0.22968233   -0.45670485
    1.30231964   -0.23438955   -0.43976534
    1.31282221   -0.23892130   -0.42329052
    1.32332479   -0.24328244   -0.40727591
    1.33382737   -0.24747777   -0.39171269
    1.34432995   -0.25151198   -0.37659295
    1.35483252   -0.25538966   -0.36190133
    1.36533510   -0.25911524   -0.34762740
    1.37583768   -0.26269301   -0.33374923
    1.38634026   -0.26612704   -0.32025472
    1.39684284   -0.26942123   -0.30711285
    1.40734541   -0.27257919   -0.29430973
    1.41784799   -0.27560431   -0.28181313
    1.42835057   -0.27849976   -0.26961362
    1.43885315   -0.28126859   -0.25770160
    1.44935572   -0.28391382   -0.24607426
    1.45985830   -0.28643840   -0.23472664
    1.47036088   -0.28884526   -0.22365599
    1.48086346   -0.29113727   -0.21285549
    1.49136603   -0.29331726   -0.20232210
    1.50186861   -0.29538799   -0.19204992
    1.51237119   -0.29735220   -0.18203539
    1.52287377   -0.29921256   -0.17227292
    1.53337635   -0.30097169   -0.16275841
    1.54387892   -0.30263217   -0.15348696
    1.55438150   -0.30419654   -0.14445380
    1.56488408   -0.30566727   -0.13565475
    1.57538666   -0.30704679   -0.12708446
    1.58588923   -0.30833749   -0.11873940
    1.59639181   -0.30954170   -0.11061379
    1.60689439   -0.31066171   -0.10270459
    1.61739697   -0.31169976   -0.09500577
    1.62789954   -0.31265805   -0.08751465
    1.63840212   -0.31353872   -0.08022503
    1.64890470   -0.31434388   -0.07313442
    1.65940728   -0.31507559   -0.06623669
    1.66990986   -0.31573586   -0.05952942
    1.68041243   -0.31632666   -0.05300671
    1.69091501   -0.31684992   -0.04666607
    1.70141759   -0.31730751   -0.04050193
    1.71192017   -0.31770128   -0.03451165
    1.72242274   -0.31803302   -0.02869013
    1.73292532   -0.31830450   -0.02303443
    1.74342790   -0.31851743   -0.01754002
    1.75393048   -0.31867348   -0.01220361
    1.76443305   -0.31877430   -0.00702131
    1.77493563   -0.31882149   -0.00198939
    1.78543821   -0.31881661    0.00289535
    1.79594079   -0.31876118    0.00763701
    1.80644337   -0.31865668    0.01223824
    1.81694594   -0.31850458    0.01670336
    1.82744852   -0.31830630    0.02103462
    1.83795110   -0.31806320    0.02523642
    1.84845368   -0.31777665    0.02931072
    1.85895625   -0.31744795    0.03326191
    1.86945883   -0.31707840    0.03709174
    1.87996141   -0.31666925    0.04080450
    1.89046399   -0.31622170    0.04440186
    1.90096657   -0.31573697    0.04788788
    1.91146914   -0.31521620    0.05126425
    1.92197172   -0.31466052    0.05453471
    1.93247430   -0.31407105    0.05770105
    1.94297688   -0.31344886    0.06076664
    1.95347945   -0.31279499    0.06373344
    1.96398203   -0.31211046    0.06660438
    1.97448461   -0.31139628    0.06938163
    1.98498719   -0.31065341    0.07206767
    1.99548976   -0.30988280    0.07466491
    2.00599234   -0.30908536    0.07717536
    2.01649492   -0.30826201    0.07960163
    2.02699750   -0.30741361    0.08194538
    2.03750008   -0.30654101    0.08420931
    2.04800265   -0.30564505    0.08639481
    2.05850523   -0.30472654    0.08850460
    2.06900781   -0.30378626    0.09053988
    2.07951039   -0.30282499    0.09250333
    2.09001296   -0.30184346    0.09439603
    2.10051554   -0.30084242    0.09622056
    2.11101812   -0.29982257    0.09797794
    2.12152070   -0.29878461    0.09967059
    2.13202327   -0.29772920    0.10129955
    2.14252585   -0.29665701    0.10286703
    2.15302843   -0.29556867    0.10437410
    2.16353101   -0.29446482    0.10582276
    2.17403359   -0.29334605    0.10721416
    2.18453616   -0.29221296    0.10855004
    2.19503874   -0.29106613    0.10983166
    2.20554132   -0.28990612    0.11106048
    2.21604390   -0.28873347    0.11223792
    2.22654647   -0.28754872    0.11336514
    2.23704905   -0.28635239    0.11444368
    2.24755163   -0.28514498    0.11547448
    2.25805421   -0.28392699    0.11645914
    2.26855678   -0.28269889    0.11739844
    2.27905936   -0.28146117    0.11829398
    2.28956194   -0.28021426    0.11914644
    2.30006452   -0.27895862    0.11995739
    2.31056710   -0.27769468    0.12072744
    2.32106967   -0.27642286    0.12145810
    2.33157225   -0.27514357    0.12214995
    2.34207483   -0.27385721    0.12280441
    2.35257741   -0.27256418    0.12342206
    2.36307998   -0.27126484    0.12400422
    2.37358256   -0.26995957    0.12455150
    2.38408514   -0.26864873    0.12506508
    2.39458772   -0.26733267    0.12554563
    2.40509030   -0.26601174    0.12599417
    2.41559287   -0.26468626    0.12641145
    2.42609545   -0.26335655    0.12679831
    2.43659803   -0.26202294    0.12715560
    2.44710061   -0.26068573    0.12748400
    2.45760318   -0.25934522    0.12778442
    2.46810576   -0.25800169    0.12805743
    2.47860834   -0.25665544    0.12830395
    2.48911092   -0.25530674    0.12852447
    2.49961349   -0.25395586    0.12871993
    2.51011607   -0.25260305    0.12889074
    2.52061865   -0.25124857    0.12903783
    2.53112123   -0.24989267    0.12916159
    2.54162381   -0.24853559    0.12926289
    2.55212638   -0.24717756    0.12934211
    2.56262896   -0.24581881    0.12940008
    2.57313154   -0.24445956    0.12943717
    2.58363412   -0.24310003    0.12945415
    2.59413669   -0.24174043    0.12945140
    2.60463927   -0.24038095    0.12942962
    2.61514185   -0.23902180    0.12938921
    2.62564443   -0.23766318    0.12933080
    2.63614700   -0.23630525    0.12925483
    2.64664958   -0.23494822    0.12916181
    2.65715216   -0.23359225    0.12905226
    2.66765474   -0.23223751    0.12892659
    2.67815732   -0.23088418    0.12878535
    2.68865989   -0.22953241    0.12862887
    2.69916247   -0.22818236    0.12845773
    2.70966505   -0.22683418    0.12827222
    2.72016763   -0.22548803    0.12807291
    2.73067020   -0.22414404    0.12786004
    2.74117278   -0.22280235    0.12763420
    2.75167536   -0.22146311    0.12739559
    2.76217794   -0.22012643    0.12714477
    2.77268051   -0.21879246    0.12688195
    2.78318309   -0.21746130    0.12660764
    2.79368567   -0.21613308    0.12632207
    2.80418825   -0.21480792    0.12602570
    2.81469083   -0.21348593    0.12571877
    2.82519340   -0.21216721    0.12540170
    2.83569598   -0.21085188    0.12507473
    2.84619856   -0.20954003    0.12473825
    2.85670114   -0.20823177    0.12439252
    2.86720371   -0.20692718    0.12403785
    2.87770629   -0.20562636    0.12367456
    2.88820887   -0.20432941    0.12330289
    2.89871145   -0.20303640    0.12292318
    2.90921403   -0.20174741    0.12253563
    2.91971660   -0.20046254    0.12214060
    2.93021918   -0.19918186    0.12173825
    2.94072176   -0.19790544    0.12132893
    2.95122434   -0.19663335    0.12091279
    2.96172691   -0.19536567    0.12049017
    2.97222949   -0.19410246    0.12006122
    2.98273207   -0.19284378    0.11962625
    2.99323465   -0.19158971    0.11918541
    3.00373722   -0.19034029    0.11873899
    3.01423980   -0.18909560    0.11828714
    3.02474238   -0.18785567    0.11783013
    3.03524496   -0.18662057    0.11736811
    3.04574754   -0.18539035    0.11690132
    3.05625011   -0.18416506    0.11642993
    3.06675269   -0.18294474    0.11595415
    3.07725527   -0.18172944    0.11547414
    3.08775785   -0.18051920    0.11499010
    3.09826042   -0.17931407    0.11450221
    3.10876300   -0.17811408    0.11401061
    3.11926558   -0.17691927    0.11351552
    3.12976816   -0.17572968    0.11301705
    3.14027073   -0.17454534    0.11251540
    3.15077331   -0.17336629    0.11201069
    3.16127589   -0.17219255    0.11150312
    3.17177847   -0.17102416    0.11099278
    3.18228105   -0.16986114    0.11047987
    3.19278362   -0.16870352    0.10996447
    3.20328620   -0.16755132    0.10944678
    3.21378878   -0.16640458    0.10892689
    3.22429136   -0.16526330    0.10840496
    3.23479393   -0.16412752    0.10788108
    3.24529651   -0.16299725    0.10735541
    3.25579909   -0.16187251    0.10682805
    3.26630167   -0.16075332    0.10629914
    3.27680424   -0.15963969    0.10576876
    3.28730682   -0.15853163    0.10523705
    3.29780940   -0.15742917    0.10470411
    3.30831198   -0.15633231    0.10417004
    3.31881456   -0.15524107    0.10363496
    3.32931713   -0.15415545    0.10309895
    3.33981971   -0.15307546    0.10256212
    3.35032229   -0.15200111    0.10202456
    3.36082487   -0.15093242    0.10148638
    3.37132744   -0.14986938    0.10094764
    3.38183002   -0.14881200    0.10040847
    3.39233260   -0.14776029    0.09986891
    3.40283518   -0.14671424    0.09932908
    3.41333776   -0.14567386    0.09878903
    3.42384033   -0.14463916    0.09824887
    3.43434291   -0.14361013    0.09770865
    3.44484549   -0.14258678    0.09716847
    3.45534807   -0.14156909    0.09662839
    3.46585064   -0.14055708    0.09608848
    3.47635322   -0.13955074    0.09554881
    3.48685580   -0.13855006    0.09500946
    3.49735838   -0.13755505    0.09447047
    3.50786095   -0.13656569    0.09393193
    3.51836353   -0.13558199    0.09339389
    3.52886611   -0.13460394    0.09285640
    3.53936869   -0.13363153    0.09231954
    3.54987127   -0.13266475    0.09178336
    3.56037384   -0.13170360    0.09124791
    3.57087642   -0.13074807    0.09071323
    3.58137900   -0.12979815    0.09017941
    3.59188158   -0.12885383    0.08964647
    3.60238415   -0.12791511    0.08911447
    3.61288673   -0.12698197    0.08858345
    3.62338931   -0.12605440    0.08805348
    3.63389189   -0.12513239    0.08752457
    3.64439446   -0.12421593    0.08699680
    3.65489704   -0.12330500    0.08647018
    3.66539962   -0.12239960    0.08594478
    3.67590220   -0.12149971    0.08542061
    3.68640478   -0.12060532    0.08489774
    3.69690735   -0.11971642    0.08437619
    3.70740993   -0.11883298    0.08385601
    3.71791251   -0.11795501    0.08333721
    3.72841509   -0.11708247    0.08281985
    3.73891766   -0.11621536    0.08230396
    3.74942024   -0.11535366    0.08178956
    3.75992282   -0.11449735    0.08127669
    3.77042540   -0.11364642    0.08076538
    3.78092797   -0.11280085    0.08025566
    3.79143055   -0.11196063    0.07974756
    3.80193313   -0.11112574    0.07924110
    3.81243571   -0.11029615    0.07873631
    3.82293829   -0.10947186    0.07823323
    3.83344086   -0.10865285    0.07773186
    3.84394344   -0.10783909    0.07723225
    3.85444602   -0.10703057    0.07673440
    3.86494860   -0.10622726    0.07623835
    3.87545117   -0.10542916    0.07574411
    3.88595375   -0.10463624    0.07525171
    3.89645633   -0.10384848    0.07476116
    3.90695891   -0.10306586    0.07427249
    3.91746149   -0.10228837    0.07378572
    3.92796406   -0.10151598    0.07330086
    3.93846664   -0.10074867    0.07281793
    3.94896922   -0.09998642    0.07233695
    3.95947180   -0.09922921    0.07185793
    3.96997437   -0.09847702    0.07138090
    3.98047695   -0.09772984    0.07090586
    3.99097953   -0.09698763    0.07043283
    4.00148211   -0.09625038    0.06996182
    4.01198468   -0.09551806    0.06949285
    4.02248726   -0.09479066    0.06902594
    4.03298984   -0.09406815    0.06856108
    4.04349242   -0.09335052    0.06809830
    4.05399500   -0.09263773    0.06763760
    4.06449757   -0.09192977    0.06717900
    4.07500015   -0.09122662    0.06672250
    4.08550273   -0.09052825    0.06626812
    4.09600531   -0.08983464    0.06581586
    4.10650788   -0.08914577    0.06536574
    4.11701046   -0.08846161    0.06491776
    4.12751304   -0.08778215    0.06447193
    4.13801562   -0.08710736    0.06402825
    4.14851819   -0.08643722    0.06358674
    4.15902077   -0.08577171    0.06314740
    4.16952335   -0.08511079    0.06271024
    4.18002593   -0.08445446    0.06227526
    4.19052851   -0.08380269    0.06184247
    4.20103108   -0.08315544    0.06141187
    4.21153366   -0.08251271    0.06098347
    4.22203624   -0.08187447    0.06055728
    4.23253882   -0.08124069    0.06013328
    4.24304139   -0.08061135    0.05971150
    4.25354397   -0.07998643    0.05929194
    4.26404655   -0.07936591    0.05887458
    4.27454913   -0.07874975    0.05845945
    4.28505170   -0.07813795    0.05804654
    4.29555428   -0.07753047    0.05763585
    4.30605686   -0.07692729    0.05722738
    4.31655944   -0.07632839    0.05682114
    4.32706202   -0.07573375    0.05641713
    4.33756459   -0.07514333    0.05601535
    4.34806717   -0.07455713    0.05561579
    4.35856975   -0.07397511    0.05521847
    4.36907233   -0.07339725    0.05482337
    4.37957490   -0.07282353    0.05443050
    4.39007748   -0.07225392    0.05403986
    4.40058006   -0.07168840    0.05365144
    4.41108264   -0.07112695    0.05326526
    4.42158522   -0.07056955    0.05288129
    4.43208779   -0.07001617    0.05249955
    4.44259037   -0.06946678    0.05212004
    4.45309295   -0.06892137    0.05174274
    4.46359553   -0.06837991    0.05136766
    4.47409810   -0.06784238    0.05099480
    4.48460068   -0.06730875    0.05062414
    4.49510326   -0.06677900    0.05025570
    4.50560584   -0.06625311    0.04988947
    4.51610841   -0.06573106    0.04952544
    4.52661099   -0.06521281    0.04916361
    4.53711357   -0.06469836    0.04880398
    4.54761615   -0.06418767    0.04844654
    4.55811873   -0.06368073    0.04809129
    4.56862130   -0.06317750    0.04773822
    4.57912388   -0.06267797    0.04738734
    4.58962646   -0.06218211    0.04703863
    4.60012904   -0.06168991    0.04669210
    4.61063161   -0.06120133    0.04634773
    4.62113419   -0.06071636    0.04600552
    4.63163677   -0.06023497    0.04566547
    4.64213935   -0.05975714    0.04532758
    4.65264192   -0.05928285    0.04499183
    4.66314450   -0.05881207    0.04465822
    4.67364708   -0.05834479    0.04432675
    4.68414966   -0.05788098    0.04399740
    4.69465224   -0.05742061    0.04367018
    4.70515481   -0.05696367    0.04334508
    4.71565739   -0.05651013    0.04302209
    4.72615997   -0.05605998    0.04270121
    4.73666255   -0.05561318    0.04238242
    4.74716512   -0.05516972    0.04206573
    4.75766770   -0.05472957    0.04175112
    4.76817028   -0.05429272    0.04143859
    4.77867286   -0.05385914    0.04112814
    4.78917543   -0.05342881    0.04081975
    4.79967801   -0.05300171    0.04051341
    4.81018059   -0.05257781    0.04020913
    4.82068317   -0.05215710    0.03990689
    4.83118575   -0.05173956    0.03960669
    4.84168832   -0.05132515    0.03930852
    4.85219090   -0.05091387    0.03901236
    4.86269348   -0.05050568    0.03871823
    4.87319606   -0.05010058    0.03842609
    4.88369863   -0.04969853    0.03813596
    4.89420121   -0.04929952    0.03784782
    4.90470379   -0.04890353    0.03756165
    4.91520637   -0.04851053    0.03727747
    4.92570895   -0.04812050    0.03699524
    4.93621152   -0.04773343    0.03671498
    4.94671410   -0.04734929    0.03643667
    4.95721668   -0.04696806    0.03616029
    4.96771926   -0.04658973    0.03588585
    4.97822183   -0.04621427    0.03561334
    4.98872441   -0.04584166    0.03534274
    4.99922699   -0.04547188    0.03507405
    5.00972957   -0.04510492    0.03480725
    5.02023214   -0.04474074    0.03454235
    5.03073472   -0.04437934    0.03427933
    5.04123730   -0.04402069    0.03401818
    5.05173988   -0.04366478    0.03375890
    5.06224246   -0.04331158    0.03350147
    5.07274503   -0.04296107    0.03324588
    5.08324761   -0.04261324    0.03299214
    5.09375019   -0.04226806    0.03274022
    5.10425277   -0.04192552    0.03249012
    5.11475534   -0.04158559    0.03224183
    5.12525792   -0.04124827    0.03199534
    5.13576050   -0.04091352    0.03175064
    5.14626308   -0.04058133    0.03150773
    5.15676565   -0.04025169    0.03126659
    5.16726823   -0.03992457    0.03102721
    5.17777081   -0.03959995    0.03078959
    5.18827339   -0.03927782    0.03055372
    5.19877597   -0.03895816    0.03031958
    5.20927854   -0.03864095    0.03008717
    5.21978112   -0.03832617    0.02985647
    5.23028370   -0.03801380    0.02962749
    5.24078628   -0.03770383    0.02940020
    5.25128885   -0.03739624    0.02917460
    5.26179143   -0.03709101    0.02895069
    5.27229401   -0.03678812    0.02872844
    5.28279659   -0.03648756    0.02850786
    5.29329916   -0.03618930    0.02828893
    5.30380174   -0.03589334    0.02807164
    5.31430432   -0.03559965    0.02785598
    5.32480690   -0.03530821    0.02764195
    5.33530948   -0.03501902    0.02742953
    5.34581205   -0.03473205    0.02721872
    5.35631463   -0.03444728    0.02700950
    5.36681721   -0.03416470    0.02680187
    5.37731979   -0.03388430    0.02659582
    5.38782236   -0.03360605    0.02639133
    5.39832494   -0.03332994    0.02618840
    5.40882752   -0.03305595    0.02598702
    5.41933010   -0.03278407    0.02578718
    5.42983268   -0.03251428    0.02558886
    5.44033525   -0.03224657    0.02539207
    5.45083783   -0.03198091    0.02519679
    5.46134041   -0.03171730    0.02500301
    5.47184299   -0.03145571    0.02481072
    5.48234556   -0.03119614    0.02461991
    5.49284814   -0.03093856    0.02443058
    5.50335072   -0.03068297    0.02424271
    5.51385330   -0.03042934    0.02405630
    5.52435587   -0.03017766    0.02387133
    5.53485845   -0.02992791    0.02368780
    5.54536103   -0.02968008    0.02350569
    5.55586361   -0.02943416    0.02332500
    5.56636619   -0.02919013    0.02314572
    5.57686876   -0.02894798    0.02296784
    5.58737134   -0.02870769    0.02279135
    5.59787392   -0.02846924    0.02261624
    5.60837650   -0.02823262    0.02244250
    5.61887907   -0.02799783    0.02227012
    5.62938165   -0.02776483    0.02209910
    5.63988423   -0.02753363    0.02192942
    5.65038681   -0.02730420    0.02176108
    5.66088938   -0.02707653    0.02159406
    5.67139196   -0.02685061    0.02142837
    5.68189454   -0.02662642    0.02126398
    5.69239712   -0.02640395    0.02110089
    5.70289970   -0.02618318    0.02093909
    5.71340227   -0.02596411    0.02077857
    5.72390485   -0.02574672    0.02061933
    5.73440743   -0.02553100    0.02046135
    5.74491001   -0.02531692    0.02030462
    5.75541258   -0.02510449    0.02014915
    5.76591516   -0.02489368    0.01999491
    5.77641774   -0.02468449    0.01984190
    5.78692032   -0.02447690    0.01969011
    5.79742289   -0.02427089    0.01953954
    5.80792547   -0.02406646    0.01939017
    5.81842805   -0.02386360    0.01924199
    5.82893063   -0.02366228    0.01909501
    5.83943321   -0.02346250    0.01894920
    5.84993578   -0.02326424    0.01880456
    5.86043836   -0.02306750    0.01866108
    5.87094094   -0.02287226    0.01851876
    5.88144352   -0.02267851    0.01837758
    5.89194609   -0.02248623    0.01823754
    5.90244867   -0.02229542    0.01809863
    5.91295125   -0.02210606    0.01796084
    5.92345383   -0.02191815    0.01782416
    5.93395641   -0.02173166    0.01768859
    5.94445898   -0.02154659    0.01755411
    5.95496156   -0.02136293    0.01742073
    5.96546414   -0.02118066    0.01728842
    5.97596672   -0.02099978    0.01715719
    5.98646929   -0.02082027    0.01702702
    5.99697187   -0.02064212    0.01689791
    6.00747445   -0.02046532    0.01676985
    6.01797703   -0.02028986    0.01664283
    6.02847960   -0.02011573    0.01651684
    6.03898218   -0.01994292    0.01639189
    6.04948476   -0.01977142    0.01626795
    6.05998734   -0.01960121    0.01614502
    6.07048992   -0.01943228    0.01602310
    6.08099249   -0.01926464    0.01590217
    6.09149507   -0.01909825    0.01578224
    6.10199765   -0.01893312    0.01566328
    6.11250023   -0.01876924    0.01554530
    6.12300280   -0.01860659    0.01542829
    6.13350538   -0.01844516    0.01531223
    6.14400796   -0.01828495    0.01519713
    6.15451054   -0.01812594    0.01508298
    6.16501311   -0.01796813    0.01496976
    6.17551569   -0.01781150    0.01485748
    6.18601827   -0.01765604    0.01474612
    6.19652085   -0.01750175    0.01463568
    6.20702343   -0.01734861    0.01452615
    6.21752600   -0.01719662    0.01441752
    6.22802858   -0.01704577    0.01430979
    6.23853116   -0.01689604    0.01420296
    6.24903374   -0.01674743    0.01409700
    6.25953631   -0.01659993    0.01399192
    6.27003889   -0.01645352    0.01388772
    6.28054147   -0.01630821    0.01378437
    6.29104405   -0.01616398    0.01368189
    6.30154662   -0.01602082    0.01358025
    6.31204920   -0.01587872    0.01347946
    6.32255178   -0.01573767    0.01337951
    6.33305436   -0.01559768    0.01328039
    6.34355694   -0.01545871    0.01318210
    6.35405951   -0.01532078    0.01308462
    6.36456209   -0.01518387    0.01298796
    6.37506467   -0.01504796    0.01289210
    6.38556725   -0.01491306    0.01279705
    6.39606982   -0.01477916    0.01270279
    6.40657240   -0.01464624    0.01260931
    6.41707498   -0.01451429    0.01251662
    6.42757756   -0.01438332    0.01242471
    6.43808014   -0.01425331    0.01233357
    6.44858271   -0.01412425    0.01224319
    6.45908529   -0.01399614    0.01215357
    6.46958787   -0.01386896    0.01206471
    6.48009045   -0.01374271    0.01197659
    6.49059302   -0.01361739    0.01188922
    6.50109560   -0.01349297    0.01180258
    6.51159818   -0.01336947    0.01171667
    6.52210076   -0.01324686    0.01163149
    6.53260333   -0.01312515    0.01154702
    6.54310591   -0.01300431    0.01146328
    6.55360849   -0.01288436    0.01138024
    6.56411107   -0.01276527    0.01129790
    6.57461365   -0.01264704    0.01121626
    6.58511622   -0.01252966    0.01113532
    6.59561880   -0.01241314    0.01105506
    6.60612138   -0.01229745    0.01097548
    6.61662396   -0.01218259    0.01089658
    6.62712653   -0.01206856    0.01081836
    6.63762911   -0.01195535    0.01074080
    6.64813169   -0.01184295    0.01066390
    6.65863427   -0.01173135    0.01058766
    6.66913684   -0.01162055    0.01051207
    6.67963942   -0.01151054    0.01043713
    6.69014200   -0.01140131    0.01036283
    6.70064458   -0.01129287    0.01028917
    6.71114716   -0.01118519    0.01021614
    6.72164973   -0.01107827    0.01014373
    6.73215231   -0.01097211    0.01007196
    6.74265489   -0.01086671    0.01000080
    6.75315747   -0.01076204    0.00993025
    6.76366004   -0.01065812    0.00986031
    6.77416262   -0.01055492    0.00979098
    6.78466520   -0.01045245    0.00972225
    6.79516778   -0.01035070    0.00965411
    6.80567035   -0.01024967    0.00958656
    6.81617293   -0.01014934    0.00951960
    6.82667551   -0.01004970    0.00945323
    6.83717809   -0.00995077    0.00938743
    6.84768067   -0.00985252    0.00932220
    6.85818324   -0.00975495    0.00925755
    6.86868582   -0.00965806    0.00919345
    6.87918840   -0.00956184    0.00912992
    6.88969098   -0.00946628    0.00906695
    6.90019355   -0.00937138    0.00900453
    6.91069613   -0.00927714    0.00894266
    6.92119871   -0.00918354    0.00888133
    6.93170129   -0.00909058    0.00882055
    6.94220387   -0.00899826    0.00876030
    6.95270644   -0.00890657    0.00870058
    6.96320902   -0.00881550    0.00864139
    6.97371160   -0.00872505    0.00858273
    6.98421418   -0.00863522    0.00852458
    6.99471675   -0.00854599    0.00846696
    7.00521933   -0.00845737    0.00840985
    7.01572191   -0.00836934    0.00835324
    7.02622449   -0.00828190    0.00829715
    7.03672706   -0.00819506    0.00824155
    7.04722964   -0.00810879    0.00818646
    7.05773222   -0.00802310    0.00813186
    7.06823480   -0.00793798    0.00807775
    7.07873738   -0.00785342    0.00802412
    7.08923995   -0.00776943    0.00797099
    7.09974253   -0.00768599    0.00791833
    7.11024511   -0.00760310    0.00786615
    7.12074769   -0.00752075    0.00781445
    7.13125026   -0.00743895    0.00776321
    7.14175284   -0.00735769    0.00771245
    7.15225542   -0.00727695    0.00766214
    7.16275800   -0.00719674    0.00761230
    7.17326057   -0.00711705    0.00756291
    7.18376315   -0.00703788    0.00751398
    7.19426573   -0.00695922    0.00746550
    7.20476831   -0.00688106    0.00741747
    7.21527089   -0.00680341    0.00736988
    7.22577346   -0.00672626    0.00732273
    7.23627604   -0.00664959    0.00727602
    7.24677862   -0.00657342    0.00722974
    7.25728120   -0.00649773    0.00718389
    7.26778377   -0.00642252    0.00713847
    7.27828635   -0.00634778    0.00709347
    7.28878893   -0.00627352    0.00704889
    7.29929151   -0.00619972    0.00700471
    7.30979408   -0.00612638    0.00696094
    7.32029666   -0.00605350    0.00691756
    7.33079924   -0.00598108    0.00687457
    7.34130182   -0.00590910    0.00683196
    7.35180440   -0.00583757    0.00678971
    7.36230697   -0.00576648    0.00674783
    7.37280955   -0.00569583    0.00670628
    7.38331213   -0.00562561    0.00666507
    7.39381471   -0.00555583    0.00662417
    7.40431728   -0.00548647    0.00658357
    7.41481986   -0.00541754    0.00654326
    7.42532244   -0.00534903    0.00650321
    7.43582502   -0.00528093    0.00646341
    7.44632760   -0.00521326    0.00642384
    7.45683017   -0.00514600    0.00638447
    7.46733275   -0.00507915    0.00634529
    7.47783533   -0.00501272    0.00630628
    7.48833791   -0.00494669    0.00626742
    7.49884048   -0.00488107    0.00622868
    7.50934306   -0.00481585    0.00619003
    7.51984564   -0.00475104    0.00615147
    7.53034822   -0.00468664    0.00611296
    7.54085079   -0.00462264    0.00607449
    7.55135337   -0.00455905    0.00603603
    7.56185595   -0.00449585    0.00599756
    7.57235853   -0.00443307    0.00595905
    7.58286111   -0.00437068    0.00592050
    7.59336368   -0.00430870    0.00588187
    7.60386626   -0.00424713    0.00584315
    7.61436884   -0.00418597    0.00580431
    7.62487142   -0.00412521    0.00576535
    7.63537399   -0.00406487    0.00572623
    7.64587657   -0.00400493    0.00568695
    7.65637915   -0.00394541    0.00564748
    7.66688173   -0.00388631    0.00560782
    7.67738430   -0.00382762    0.00556794
    7.68788688   -0.00376935    0.00552784
    7.69838946   -0.00371151    0.00548750
    7.70889204   -0.00365409    0.00544690
    7.71939462   -0.00359710    0.00540605
    7.72989719   -0.00354053    0.00536492
    7.74039977   -0.00348441    0.00532352
    7.75090235   -0.00342871    0.00528183
    7.76140493   -0.00337346    0.00523984
    7.77190750   -0.00331865    0.00519756
    7.78241008   -0.00326429    0.00515497
    7.79291266   -0.00321037    0.00511208
    7.80341524   -0.00315691    0.00506887
    7.81391781   -0.00310390    0.00502536
    7.82442039   -0.00305135    0.00498154
    7.83492297   -0.00299926    0.00493740
    7.84542555   -0.00294764    0.00489296
    7.85592813   -0.00289649    0.00484821
    7.86643070   -0.00284580    0.00480316
    7.87693328   -0.00279560    0.00475780
    7.88743586   -0.00274587    0.00471216
    7.89793844   -0.00269662    0.00466622
    7.90844101   -0.00264785    0.00462001
    7.91894359   -0.00259958    0.00457352
    7.92944617   -0.00255179    0.00452676
    7.93994875   -0.00250449    0.00447974
    7.95045132   -0.00245769    0.00443248
    7.96095390   -0.00241139    0.00438497
    7.97145648   -0.00236558    0.00433724
    7.98195906   -0.00232028    0.00428929
    7.99246164   -0.00227549    0.00424114
    8.00296421   -0.00223120    0.00419279
    8.01346679   -0.00218742    0.00414426
    8.02396937   -0.00214415    0.00409556
    8.03447195   -0.00210139    0.00404670
    8.04497452   -0.00205915    0.00399770
    8.05547710   -0.00201742    0.00394858
    8.06597968   -0.00197621    0.00389934
    8.07648226   -0.00193551    0.00385001
    8.08698484   -0.00189534    0.00380059
    8.09748741   -0.00185568    0.00375110
    8.10798999   -0.00181654    0.00370155
    8.11849257   -0.00177793    0.00365197
    8.12899515   -0.00173983    0.00360236
    8.13949772   -0.00170226    0.00355274
    8.15000030   -0.00166521    0.00350314
    8.16050288   -0.00162868    0.00345355
    8.17100546   -0.00159267    0.00340400
    8.18150803   -0.00155718    0.00335451
    8.19201061   -0.00152220    0.00330509
    8.20251319   -0.00148775    0.00325575
    8.21301577   -0.00145382    0.00320651
    8.22351835   -0.00142040    0.00315738
    8.23402092   -0.00138749    0.00310839
    8.24452350   -0.00135511    0.00305954
    8.25502608   -0.00132323    0.00301086
    8.26552866   -0.00129186    0.00296234
    8.27603123   -0.00126100    0.00291402
    8.28653381   -0.00123065    0.00286590
    8.29703639   -0.00120080    0.00281800
    8.30753897   -0.00117146    0.00277033
    8.31804154   -0.00114261    0.00272290
    8.32854412   -0.00111426    0.00267573
    8.33904670   -0.00108641    0.00262884
    8.34954928   -0.00105904    0.00258223
    8.36005186   -0.00103216    0.00253591
    8.37055443   -0.00100577    0.00248990
    8.38105701   -0.00097986    0.00244422
    8.39155959   -0.00095443    0.00239886
    8.40206217   -0.00092947    0.00235385
    8.41256474   -0.00090499    0.00230919
    8.42306732   -0.00088097    0.00226490
    8.43356990   -0.00085741    0.00222098
    8.44407248   -0.00083431    0.00217744
    8.45457505   -0.00081167    0.00213430
    8.46507763   -0.00078948    0.00209156
    8.47558021   -0.00076774    0.00204924
    8.48608279   -0.00074644    0.00200733
    8.49658537   -0.00072557    0.00196585
    8.50708794   -0.00070514    0.00192480
    8.51759052   -0.00068514    0.00188420
    8.52809310   -0.00066556    0.00184404
    8.53859568   -0.00064640    0.00180434
    8.54909825   -0.00062766    0.00176511
    8.55960083   -0.00060932    0.00172634
    8.57010341   -0.00059140    0.00168804
    8.58060599   -0.00057387    0.00165022
    8.59110857   -0.00055673    0.00161289
    8.60161114   -0.00053998    0.00157604
    8.61211372   -0.00052362    0.00153968
    8.62261630   -0.00050764    0.00150382
    8.63311888   -0.00049203    0.00146845
    8.64362145   -0.00047680    0.00143358
    8.65412403   -0.00046192    0.00139922
    8.66462661   -0.00044740    0.00136536
    8.67512919   -0.00043324    0.00133201
    8.68563176   -0.00041942    0.00129917
    8.69613434   -0.00040595    0.00126684
    8.70663692   -0.00039281    0.00123501
    8.71713950   -0.00038000    0.00120370
    8.72764208   -0.00036752    0.00117291
    8.73814465   -0.00035537    0.00114262
    8.74864723   -0.00034352    0.00111284
    8.75914981   -0.00033199    0.00108358
    8.76965239   -0.00032076    0.00105483
    8.78015496   -0.00030983    0.00102658
    8.79065754   -0.00029919    0.00099884
    8.80116012   -0.00028885    0.00097161
    8.81166270   -0.00027878    0.00094489
    8.82216527   -0.00026900    0.00091866
    8.83266785   -0.00025948    0.00089294
    8.84317043   -0.00025024    0.00086771
    8.85367301   -0.00024126    0.00084298
    8.86417559   -0.00023253    0.00081874
    8.87467816   -0.00022406    0.00079499
    8.88518074   -0.00021583    0.00077172
    8.89568332   -0.00020785    0.00074893
    8.90618590   -0.00020010    0.00072663
    8.91668847   -0.00019258    0.00070479
    8.92719105   -0.00018529    0.00068343
    8.93769363   -0.00017822    0.00066253
    8.94819621   -0.00017137    0.00064209
    8.95869878   -0.00016473    0.00062211
    8.96920136   -0.00015830    0.00060259
    8.97970394   -0.00015208    0.00058351
    8.99020652   -0.00014605    0.00056487
    9.00070910   -0.00014021    0.00054667
    9.01121167   -0.00013456    0.00052890
    9.02171425   -0.00012910    0.00051155
    9.03221683   -0.00012381    0.00049463
    9.04271941   -0.00011871    0.00047813
    9.05322198   -0.00011377    0.00046203
    9.06372456   -0.00010900    0.00044634
    9.07422714   -0.00010439    0.00043105
    9.08472972   -0.00009994    0.00041615
    9.09523230   -0.00009565    0.00040164
    9.10573487   -0.00009151    0.00038752
    9.11623745   -0.00008751    0.00037376
    9.12674003   -0.00008365    0.00036038
    9.13724261   -0.00007994    0.00034736
    9.14774518   -0.00007636    0.00033470
    9.15824776   -0.00007291    0.00032240
    9.16875034   -0.00006958    0.00031043
    9.17925292   -0.00006638    0.00029881
    9.18975549   -0.00006331    0.00028752
    9.20025807   -0.00006034    0.00027656
    9.21076065   -0.00005750    0.00026592
    9.22126323   -0.00005476    0.00025560
    9.23176581   -0.00005213    0.00024558
    9.24226838   -0.00004960    0.00023587
    9.25277096   -0.00004717    0.00022646
    9.26327354   -0.00004484    0.00021733
    9.27377612   -0.00004260    0.00020849
    9.28427869   -0.00004046    0.00019994
    9.29478127   -0.00003840    0.00019165
    9.30528385   -0.00003643    0.00018363
    9.31578643   -0.00003454    0.00017587
    9.32628900   -0.00003274    0.00016837
    9.33679158   -0.00003101    0.00016112
    9.34729416   -0.00002935    0.00015411
    9.35779674   -0.00002777    0.00014734
    9.36829932   -0.00002626    0.00014081
    9.37880189   -0.00002481    0.00013450
    9.38930447   -0.00002343    0.00012841
    9.39980705   -0.00002211    0.00012253
    9.41030963   -0.00002086    0.00011687
    9.42081220   -0.00001966    0.00011142
    9.43131478   -0.00001851    0.00010616
    9.44181736   -0.00001743    0.00010110
    9.45231994   -0.00001639    0.00009622
    9.46282251   -0.00001540    0.00009153
    9.47332509   -0.00001447    0.00008702
    9.48382767   -0.00001358    0.00008269
    9.49433025   -0.00001273    0.00007852
    9.50483283   -0.00001193    0.00007452
    9.51533540   -0.00001116    0.00007068
    9.52583798   -0.00001044    0.00006700
    9.53634056   -0.00000976    0.00006346
    9.54684314   -0.00000911    0.00006007
    9.55734571   -0.00000849    0.00005682
    9.56784829   -0.00000791    0.00005372
    9.57835087   -0.00000737    0.00005074
    9.58885345   -0.00000685    0.00004789
    9.59935603   -0.00000636    0.00004517
    9.60985860   -0.00000590    0.00004257
    9.62036118   -0.00000546    0.00004008
    9.63086376   -0.00000506    0.00003771
    9.64136634   -0.00000467    0.00003544
    9.65186891   -0.00000431    0.00003329
    9.66237149   -0.00000397    0.00003123
    9.67287407   -0.00000365    0.00002927
    9.68337665   -0.00000336    0.00002741
    9.69387922   -0.00000308    0.00002564
    9.70438180   -0.00000282    0.00002396
    9.71488438   -0.00000258    0.00002236
    9.72538696   -0.00000235    0.00002084
    9.73588954   -0.00000214    0.00001940
    9.74639211   -0.00000194    0.00001804
    9.75689469   -0.00000176    0.00001675
    9.76739727   -0.00000159    0.00001553
    9.77789985   -0.00000143    0.00001438
    9.78840242   -0.00000129    0.00001329
    9.79890500   -0.00000115    0.00001226
    9.80940758   -0.00000103    0.00001129
    9.81991016   -0.00000091    0.00001038
    9.83041273   -0.00000081    0.00000953
    9.84091531   -0.00000071    0.00000872
    9.85141789   -0.00000063    0.00000797
    9.86192047   -0.00000055    0.00000726
    9.87242305   -0.00000047    0.00000660
    9.88292562   -0.00000041    0.00000598
    9.89342820   -0.00000035    0.00000541
    9.90393078   -0.00000029    0.00000487
    9.91443336   -0.00000025    0.00000437
    9.92493593   -0.00000020    0.00000391
    9.93543851   -0.00000016    0.00000349
    9.94594109   -0.00000013    0.00000310
    9.95644367   -0.00000010    0.00000274
    9.96694624   -0.00000007    0.00000243
    9.97744882   -0.00000005    0.00000214
    9.98795140   -0.00000003    0.00000189
    9.99845398   -0.00000001    0.00000176
   10.00895656    0.00000000    0.00000000
   10.01945913    0.00000000    0.00000000
   10.02996171    0.00000000    0.00000000
   10.04046429    0.00000000    0.00000000
   10.05096687    0.00000000    0.00000000
   10.06146944    0.00000000    0.00000000
   10.07197202    0.00000000    0.00000000
   10.08247460    0.00000000    0.00000000
   10.09297718    0.00000000    0.00000000
   10.10347976    0.00000000    0.00000000
   10.11398233    0.00000000    0.00000000
   10.12448491    0.00000000    0.00000000
   10.13498749    0.00000000    0.00000000
   10.14549007    0.00000000    0.00000000
   10.15599264    0.00000000    0.00000000
   10.16649522    0.00000000    0.00000000
   10.17699780    0.00000000    0.00000000
   10.18750038    0.00000000    0.00000000
   10.19800295    0.00000000    0.00000000
   10.20850553    0.00000000    0.00000000
   10.21900811    0.00000000    0.00000000
   10.22951069    0.00000000    0.00000000
   10.24001327    0.00000000    0.00000000
   10.25051584    0.00000000    0.00000000
   10.26101842    0.00000000    0.00000000
   10.27152100    0.00000000    0.00000000
   10.28202358    0.00000000    0.00000000
   10.29252615    0.00000000    0.00000000
   10.30302873    0.00000000    0.00000000
   10.31353131    0.00000000    0.00000000
   10.32403389    0.00000000    0.00000000
   10.33453646    0.00000000    0.00000000
   10.34503904    0.00000000    0.00000000
   10.35554162    0.00000000    0.00000000
   10.36604420    0.00000000    0.00000000
   10.37654678    0.00000000    0.00000000
   10.38704935    0.00000000    0.00000000
   10.39755193    0.00000000    0.00000000
   10.40805451    0.00000000    0.00000000
   10.41855709    0.00000000    0.00000000
   10.42905966    0.00000000    0.00000000
   10.43956224    0.00000000    0.00000000
   10.45006482    0.00000000    0.00000000
   10.46056740    0.00000000    0.00000000
   10.47106997    0.00000000    0.00000000
   10.48157255    0.00000000    0.00000000
   10.49207513    0.00000000    0.00000000
   10.50257771    0.00000000    0.00000000
