              -2292.4753212631
          0.000037360      -0.000000000      -0.000000000
         -0.000000000       0.000027728       0.000000000
         -0.000000000       0.000000000       0.000003461
          10
  1    28       0.000372111       0.000000001       0.000000093  Ni
  2    25      -0.001638236       0.000000046       0.000000033  Mn
  2    25      -0.000235483       0.000000038       0.000000063  Mn
  2    25      -0.001583567       0.000000030       0.000000028  Mn
  2    25       0.001292411      -0.000000009       0.000000019  Mn
  2    25       0.001692686       0.000000007      -0.000000007  Mn
  2    25      -0.000216345      -0.000000008       0.000000063  Mn
  2    25      -0.000608454      -0.000000033       0.000000068  Mn
  2    25      -0.000590658      -0.000000037      -0.000000041  Mn
  2    25       0.001729805       0.000000013      -0.000000022  Mn
