#
#   partial DOS for atom species: Ga
#
#   Add data for atom_index =   1,  n,l,m,z=  4  1 -1  1
#   Add data for atom_index =   1,  n,l,m,z=  4  1  0  1
#   Add data for atom_index =   1,  n,l,m,z=  4  1  1  1
#   Add data for atom_index =   1,  n,l,m,z=  4  1 -1  2
#   Add data for atom_index =   1,  n,l,m,z=  4  1  0  2
#   Add data for atom_index =   1,  n,l,m,z=  4  1  1  2
#   Add data for atom_index =   1,  n,l,m,z=  4  1 -1  3
#   Add data for atom_index =   1,  n,l,m,z=  4  1  0  3
#   Add data for atom_index =   1,  n,l,m,z=  4  1  1  3
#
#    Energy          spin 1        spin2
#
  -20.0000000     0.00000000     0.00000000
  -19.9599600     0.00000000     0.00000000
  -19.9199199     0.00000000     0.00000000
  -19.8798799     0.00000000     0.00000000
  -19.8398398     0.00000000     0.00000000
  -19.7997998     0.00000000     0.00000000
  -19.7597598     0.00000000     0.00000000
  -19.7197197     0.00000000     0.00000000
  -19.6796797     0.00000000     0.00000000
  -19.6396396     0.00000000     0.00000000
  -19.5995996     0.00000000     0.00000000
  -19.5595596     0.00000000     0.00000000
  -19.5195195     0.00000000     0.00000000
  -19.4794795     0.00000000     0.00000000
  -19.4394394     0.00000000     0.00000000
  -19.3993994     0.00000000     0.00000000
  -19.3593594     0.00000000     0.00000000
  -19.3193193     0.00000000     0.00000000
  -19.2792793     0.00000000     0.00000000
  -19.2392392     0.00000000     0.00000000
  -19.1991992     0.00000000     0.00000000
  -19.1591592     0.00000000     0.00000000
  -19.1191191     0.00000000     0.00000000
  -19.0790791     0.00000000     0.00000000
  -19.0390390     0.00000000     0.00000000
  -18.9989990     0.00000000     0.00000000
  -18.9589590     0.00000000     0.00000000
  -18.9189189     0.00000000     0.00000000
  -18.8788789     0.00000000     0.00000000
  -18.8388388     0.00000000     0.00000000
  -18.7987988     0.00000000     0.00000000
  -18.7587588     0.00000000     0.00000000
  -18.7187187     0.00000000     0.00000000
  -18.6786787     0.00000000     0.00000000
  -18.6386386     0.00000000     0.00000000
  -18.5985986     0.00000000     0.00000000
  -18.5585586     0.00000000     0.00000000
  -18.5185185     0.00000000     0.00000000
  -18.4784785     0.00000000     0.00000000
  -18.4384384     0.00000000     0.00000000
  -18.3983984     0.00000000     0.00000000
  -18.3583584     0.00000000     0.00000000
  -18.3183183     0.00000000     0.00000000
  -18.2782783     0.00000000     0.00000000
  -18.2382382     0.00000000     0.00000000
  -18.1981982     0.00000000     0.00000000
  -18.1581582     0.00000000     0.00000000
  -18.1181181     0.00000000     0.00000000
  -18.0780781     0.00000000     0.00000000
  -18.0380380     0.00000000     0.00000000
  -17.9979980     0.00000000     0.00000000
  -17.9579580     0.00000000     0.00000000
  -17.9179179     0.00000000     0.00000000
  -17.8778779     0.00000000     0.00000000
  -17.8378378     0.00000000     0.00000000
  -17.7977978     0.00000000     0.00000000
  -17.7577578     0.00000000     0.00000000
  -17.7177177     0.00000000     0.00000000
  -17.6776777     0.00000000     0.00000000
  -17.6376376     0.00000000     0.00000000
  -17.5975976     0.00000000     0.00000000
  -17.5575576     0.00000000     0.00000000
  -17.5175175     0.00000000     0.00000000
  -17.4774775     0.00000000     0.00000000
  -17.4374374     0.00000000     0.00000000
  -17.3973974     0.00000000     0.00000000
  -17.3573574     0.00000000     0.00000000
  -17.3173173     0.00000000     0.00000000
  -17.2772773     0.00000000     0.00000000
  -17.2372372     0.00000000     0.00000000
  -17.1971972     0.00000000     0.00000000
  -17.1571572     0.00000000     0.00000000
  -17.1171171     0.00000000     0.00000000
  -17.0770771     0.00000000     0.00000000
  -17.0370370     0.00000000     0.00000001
  -16.9969970     0.00000002     0.00000006
  -16.9569570     0.00000016     0.00000032
  -16.9169169     0.00000108     0.00000132
  -16.8768769     0.00000521     0.00000397
  -16.8368368     0.00001827     0.00000868
  -16.7967968     0.00004650     0.00001378
  -16.7567568     0.00008592     0.00001586
  -16.7167167     0.00011519     0.00001326
  -16.6766767     0.00011208     0.00000804
  -16.6366366     0.00007913     0.00000354
  -16.5965966     0.00004054     0.00000113
  -16.5565566     0.00001508     0.00000026
  -16.5165165     0.00000409     0.00000006
  -16.4764765     0.00000116     0.00000014
  -16.4364364     0.00000444     0.00000120
  -16.3963964     0.00003708     0.00000765
  -16.3563564     0.00022972     0.00003355
  -16.3163163     0.00102729     0.00008501
  -16.2762763     0.00330558    -0.00004883
  -16.2362362     0.00758299    -0.00174441
  -16.1961962     0.01193763    -0.00995665
  -16.1561562     0.01035354    -0.03527341
  -16.1161161    -0.00683007    -0.08735593
  -16.0760761    -0.04984965    -0.15542014
  -16.0360360    -0.11848404    -0.20010298
  -15.9959960    -0.18576963    -0.18681342
  -15.9559560    -0.20765562    -0.12654332
  -15.9159159    -0.16788546    -0.06226124
  -15.8758759    -0.09843093    -0.02260418
  -15.8358358    -0.04182013    -0.00762417
  -15.7957958    -0.01271429    -0.00727888
  -15.7557558    -0.00248566    -0.01592679
  -15.7157157    -0.00071355    -0.03526668
  -15.6756757    -0.00625461    -0.08348276
  -15.6356356    -0.03352759    -0.21144955
  -15.5955956    -0.12138696    -0.47580391
  -15.5555556    -0.32029724    -0.83193109
  -15.5155155    -0.62237874    -1.07613792
  -15.4754755    -0.89150560    -1.01537903
  -15.4354354    -0.94158719    -0.69618089
  -15.3953954    -0.73333660    -0.34651392
  -15.3553554    -0.42106855    -0.12521248
  -15.3153153    -0.17815458    -0.03324379
  -15.2752753    -0.05578579    -0.00940627
  -15.2352352    -0.01514731    -0.01771358
  -15.1951952    -0.01546356    -0.06522096
  -15.1551552    -0.05277472    -0.18271030
  -15.1151151    -0.15012257    -0.37192570
  -15.0750751    -0.31134939    -0.54945864
  -15.0350350    -0.46866927    -0.58909544
  -14.9949950    -0.51196389    -0.45836108
  -14.9549550    -0.40584912    -0.25882206
  -14.9149149    -0.23347599    -0.10606423
  -14.8748749    -0.09747031    -0.03154793
  -14.8348348    -0.02952973    -0.00683217
  -14.7947948    -0.00649472    -0.00115209
  -14.7547548    -0.00104981    -0.00034056
  -14.7147147    -0.00017550    -0.00041708
  -14.6746747    -0.00017004    -0.00054884
  -14.6346346    -0.00033475    -0.00053587
  -14.5945946    -0.00050650    -0.00038034
  -14.5545546    -0.00055689    -0.00019731
  -14.5145145    -0.00044208    -0.00007663
  -14.4744745    -0.00023660    -0.00000246
  -14.4344344     0.00001344     0.00016897
  -14.3943944     0.00048409     0.00070711
  -14.3543544     0.00160723     0.00177980
  -14.3143143     0.00371034     0.00300303
  -14.2742743     0.00629115     0.00351905
  -14.2342342     0.00787270     0.00293981
  -14.1941942     0.00728750     0.00199790
  -14.1541542     0.00509066     0.00246753
  -14.1141141     0.00336920     0.00791332
  -14.0740741     0.00525951     0.02460763
  -14.0340340     0.01588728     0.05636803
  -13.9939940     0.04069139     0.09038533
  -13.9539540     0.07472542     0.08917451
  -13.9139139     0.09088069     0.00831813
  -13.8738739     0.05038599    -0.16565801
  -13.8338338    -0.06195918    -0.38079823
  -13.7937938    -0.21333196    -0.52591833
  -13.7537538    -0.34137214    -0.51263292
  -13.7137137    -0.39973775    -0.36603354
  -13.6736737    -0.37981330    -0.19873104
  -13.6336336    -0.30023577    -0.10164501
  -13.5935936    -0.20128870    -0.09182693
  -13.5535536    -0.13474652    -0.13542816
  -13.5135135    -0.12728253    -0.18243316
  -13.4734735    -0.15651220    -0.20085674
  -13.4334334    -0.17803958    -0.19723383
  -13.3933934    -0.17468869    -0.18945825
  -13.3533534    -0.16269246    -0.17213521
  -13.3133133    -0.15162941    -0.13516698
  -13.2732733    -0.13013512    -0.09384853
  -13.2332332    -0.09461907    -0.07115036
  -13.1931932    -0.05914000    -0.06654727
  -13.1531532    -0.03296970    -0.06193736
  -13.1131131    -0.01183335    -0.04879198
  -13.0730731     0.00814566    -0.03725298
  -13.0330330     0.02235948    -0.04267039
  -12.9929930     0.02431910    -0.07007281
  -12.9529530     0.01282065    -0.11000623
  -12.9129129    -0.00977181    -0.14673210
  -12.8728729    -0.04039995    -0.16590257
  -12.8328328    -0.06991626    -0.14970286
  -12.7927928    -0.07957040    -0.08065727
  -12.7527528    -0.05162201     0.03012258
  -12.7127127     0.01650380     0.13268050
  -12.6726727     0.10445164     0.17668691
  -12.6326326     0.16978766     0.15397459
  -12.5925926     0.17502747     0.09626838
  -12.5525526     0.12604894     0.04014667
  -12.5125125     0.06485537     0.00271843
  -12.4724725     0.02365322    -0.01082490
  -12.4324324     0.00465485     0.01185346
  -12.3923924    -0.00306303     0.08843135
  -12.3523524    -0.00189066     0.21575265
  -12.3123123     0.02628124     0.34833908
  -12.2722723     0.11174798     0.41560795
  -12.2322322     0.25393167     0.37794617
  -12.1921922     0.38511969     0.26512687
  -12.1521522     0.42050916     0.14717232
  -12.1121121     0.35310032     0.07677887
  -12.0720721     0.25249942     0.06927270
  -12.0320320     0.17869707     0.11329327
  -11.9919920     0.14410684     0.17488748
  -11.9519520     0.13434937     0.20612265
  -11.9119119     0.12569196     0.18041007
  -11.8718719     0.10240525     0.11818238
  -11.8318318     0.07476724     0.06284176
  -11.7917918     0.06769218     0.04113170
  -11.7517518     0.09057895     0.05452614
  -11.7117117     0.12732489     0.09098778
  -11.6716717     0.15769057     0.13607786
  -11.6316316     0.18006753     0.18599817
  -11.5915916     0.20135364     0.24865057
  -11.5515516     0.21551160     0.31683667
  -11.5115115     0.21355239     0.35588198
  -11.4714715     0.20407404     0.34446764
  -11.4314314     0.20594276     0.31280484
  -11.3913914     0.23027694     0.31332973
  -11.3513514     0.27454577     0.36044056
  -11.3113113     0.32259926     0.41267999
  -11.2712713     0.35242693     0.41184708
  -11.2312312     0.35423934     0.33879012
  -11.1911912     0.34151897     0.23313128
  -11.1511512     0.33669506     0.16146004
  -11.1111111     0.33752457     0.16852697
  -11.0710711     0.31003423     0.24949494
  -11.0310310     0.23703739     0.35909427
  -10.9909910     0.15857720     0.44521444
  -10.9509510     0.13882225     0.47384698
  -10.9109109     0.20474727     0.43776322
  -10.8708709     0.32731209     0.35918362
  -10.8308308     0.44641636     0.27445968
  -10.7907908     0.50889186     0.20655764
  -10.7507508     0.49685559     0.15957034
  -10.7107107     0.42911764     0.13129558
  -10.6706707     0.33830583     0.11538947
  -10.6306306     0.25093076     0.10069806
  -10.5905906     0.18409993     0.08315260
  -10.5505506     0.14594848     0.07200637
  -10.5105105     0.13114879     0.07613606
  -10.4704705     0.12307810     0.09115611
  -10.4304304     0.11040994     0.10680845
  -10.3903904     0.09801500     0.12316156
  -10.3503504     0.09436625     0.15135880
  -10.3103103     0.09621590     0.19513585
  -10.2702703     0.09565993     0.23924324
  -10.2302302     0.09675414     0.26304505
  -10.1901902     0.11604294     0.25846735
  -10.1501502     0.16498147     0.22987540
  -10.1101101     0.23212812     0.18684384
  -10.0700701     0.28592602     0.14315644
  -10.0300300     0.30003071     0.11530084
   -9.9899900     0.27389798     0.11289895
   -9.9499500     0.22691376     0.12780865
   -9.9099099     0.17993521     0.13888215
   -9.8698699     0.14630803     0.13358449
   -9.8298298     0.13150473     0.11947223
   -9.7897898     0.13219185     0.11040297
   -9.7497497     0.13889743     0.10919057
   -9.7097097     0.14623892     0.10813743
   -9.6696697     0.15724665     0.10197439
   -9.6296296     0.17297445     0.09609690
   -9.5895896     0.18519549     0.10074048
   -9.5495496     0.18647369     0.11844081
   -9.5095095     0.18075235     0.14129269
   -9.4694695     0.17758032     0.16122206
   -9.4294294     0.17966588     0.17653984
   -9.3893894     0.18062689     0.18586413
   -9.3493494     0.17501478     0.18444410
   -9.3093093     0.16569554     0.17214554
   -9.2692693     0.15789304     0.15744000
   -9.2292292     0.15247375     0.14616900
   -9.1891892     0.14941974     0.13231457
   -9.1491491     0.15022973     0.10866470
   -9.1091091     0.15399682     0.08211733
   -9.0690691     0.15766145     0.06846282
   -9.0290290     0.15906706     0.07307911
   -8.9889890     0.15442775     0.08423665
   -8.9489490     0.13803688     0.08652014
   -8.9089089     0.11011677     0.07650719
   -8.8688689     0.08024663     0.06368804
   -8.8288288     0.05941671     0.05909849
   -8.7887888     0.05175127     0.06508132
   -8.7487488     0.05489920     0.07476820
   -8.7087087     0.06386962     0.07980388
   -8.6686687     0.07258314     0.07728709
   -8.6286286     0.07621259     0.07009809
   -8.5885886     0.07493385     0.06354370
   -8.5485485     0.07296206     0.06158363
   -8.5085085     0.07271957     0.06411100
   -8.4684685     0.07295431     0.06826488
   -8.4284284     0.07290004     0.07246716
   -8.3883884     0.07408428     0.07734474
   -8.3483484     0.07730309     0.08294573
   -8.3083083     0.08099112     0.08735353
   -8.2682683     0.08299522     0.08817302
   -8.2282282     0.08223168     0.08382277
   -8.1881882     0.07946557     0.07463996
   -8.1481482     0.07830381     0.06455191
   -8.1081081     0.08364543     0.05898980
   -8.0680681     0.09625228     0.05895858
   -8.0280280     0.10987408     0.05977994
   -7.9879880     0.11660520     0.05729709
   -7.9479479     0.11427932     0.05308442
   -7.9079079     0.10589041     0.05189308
   -7.8678679     0.09425500     0.05546788
   -7.8278278     0.08138769     0.06082351
   -7.7877878     0.07036515     0.06460688
   -7.7477478     0.06360646     0.06714588
   -7.7077077     0.06113947     0.06937811
   -7.6676677     0.06236082     0.06769129
   -7.6276276     0.06685354     0.05752792
   -7.5875876     0.07288334     0.04099032
   -7.5475475     0.07779571     0.02576006
   -7.5075075     0.07996895     0.01781396
   -7.4674675     0.07934022     0.01786765
   -7.4274274     0.07726375     0.02301677
   -7.3873874     0.07617897     0.03014819
   -7.3473473     0.07712204     0.03815881
   -7.3073073     0.07683551     0.04710590
   -7.2672673     0.07125360     0.05601691
   -7.2272272     0.06390622     0.06277112
   -7.1871872     0.06490076     0.06522878
   -7.1471472     0.07737054     0.06187356
   -7.1071071     0.09083109     0.05377835
   -7.0670671     0.09370465     0.04550649
   -7.0270270     0.08733730     0.04044970
   -6.9869870     0.08088917     0.03646634
   -6.9469470     0.07802506     0.02946509
   -6.9069069     0.07578688     0.01984335
   -6.8668669     0.07120561     0.01256746
   -6.8268268     0.06392233     0.01170110
   -6.7867868     0.05588814     0.01702231
   -6.7467467     0.04985241     0.02585165
   -6.7067067     0.04674317     0.03617381
   -6.6666667     0.04595444     0.04744036
   -6.6266266     0.04707163     0.05953643
   -6.5865866     0.04904324     0.07059692
   -6.5465466     0.05084623     0.07636709
   -6.5065065     0.05476302     0.07506828
   -6.4664665     0.06439431     0.07161200
   -6.4264264     0.07696370     0.07294629
   -6.3863864     0.08239020     0.08162353
   -6.3463464     0.07421974     0.09496353
   -6.3063063     0.05823289     0.10529409
   -6.2662663     0.04698065     0.10307666
   -6.2262262     0.04798023     0.08671535
   -6.1861862     0.05795526     0.06614226
   -6.1461461     0.06736225     0.05248786
   -6.1061061     0.07004094     0.04974847
   -6.0660661     0.06692946     0.05735111
   -6.0260260     0.06182353     0.07126428
   -5.9859860     0.05787555     0.08179373
   -5.9459459     0.05773807     0.08041258
   -5.9059059     0.06289272     0.07031515
   -5.8658659     0.07147512     0.06413234
   -5.8258258     0.07924678     0.07091459
   -5.7857858     0.08495393     0.08691710
   -5.7457458     0.09306333     0.09865728
   -5.7057057     0.10763377     0.09681406
   -5.6656657     0.12375015     0.08691552
   -5.6256256     0.12990048     0.08235363
   -5.5855856     0.12137126     0.08793276
   -5.5455455     0.10726324     0.09597715
   -5.5055055     0.10038726     0.10020117
   -5.4654655     0.10360523     0.10800890
   -5.4254254     0.11036950     0.13085408
   -5.3853854     0.11468446     0.16371642
   -5.3453453     0.11445531     0.18608398
   -5.3053053     0.10841619     0.18433334
   -5.2652653     0.09677957     0.16208341
   -5.2252252     0.08317170     0.13036737
   -5.1851852     0.07185974     0.09855623
   -5.1451452     0.06500936     0.07277501
   -5.1051051     0.06303316     0.05546874
   -5.0650651     0.06518366     0.04706824
   -5.0250250     0.07036758     0.04897589
   -4.9849850     0.07722179     0.06234500
   -4.9449449     0.08259325     0.08474327
   -4.9049049     0.08345659     0.10847002
   -4.8648649     0.08102549     0.12155157
   -4.8248248     0.07875671     0.11630774
   -4.7847848     0.07756135     0.09911331
   -4.7447447     0.07617601     0.08365430
   -4.7047047     0.07348108     0.07469006
   -4.6646647     0.06862757     0.06655753
   -4.6246246     0.06135564     0.05621787
   -4.5845846     0.05321982     0.05226046
   -4.5445445     0.04734386     0.07040771
   -4.5045045     0.04646286     0.11872299
   -4.4644645     0.05113275     0.18256728
   -4.4244244     0.05921702     0.22484961
   -4.3843844     0.06695744     0.21327883
   -4.3443443     0.07230991     0.15352377
   -4.3043043     0.07802962     0.08488202
   -4.2642643     0.08830323     0.04310346
   -4.2242242     0.09986870     0.04027417
   -4.1841842     0.10085779     0.07321485
   -4.1441441     0.08394989     0.13092790
   -4.1041041     0.05680746     0.19277873
   -4.0640641     0.03558967     0.23174808
   -4.0240240     0.03427633     0.22725086
   -3.9839840     0.06106964     0.18051066
   -3.9439439     0.11272309     0.11675357
   -3.9039039     0.16598438     0.06503753
   -3.8638639     0.18748701     0.03868351
   -3.8238238     0.16531703     0.03771472
   -3.7837838     0.12327187     0.05765860
   -3.7437437     0.09438049     0.08751424
   -3.7037037     0.08931153     0.10823009
   -3.6636637     0.09649280     0.10526582
   -3.6236236     0.10291261     0.08242341
   -3.5835836     0.10651025     0.05732336
   -3.5435435     0.11038044     0.04623724
   -3.5035035     0.11536901     0.05848080
   -3.4634635     0.12359909     0.09586402
   -3.4234234     0.13788421     0.14398303
   -3.3833834     0.15253233     0.17160060
   -3.3433433     0.15584214     0.15645950
   -3.3033033     0.14212351     0.11081381
   -3.2632633     0.11416417     0.07180311
   -3.2232232     0.08076786     0.07084717
   -3.1831832     0.05499484     0.11340969
   -3.1431431     0.04530572     0.17414525
   -3.1031031     0.04791405     0.21132452
   -3.0630631     0.05473903     0.20315398
   -3.0230230     0.06703857     0.16763162
   -2.9829830     0.09416881     0.13476158
   -2.9429429     0.13782560     0.11449452
   -2.9029029     0.18223522     0.10387656
   -2.8628629     0.20676116     0.10163942
   -2.8228228     0.20878703     0.10186379
   -2.7827828     0.20275451     0.09385989
   -2.7427427     0.19703904     0.07715764
   -2.7027027     0.18686751     0.06302860
   -2.6626627     0.16554971     0.06102586
   -2.6226226     0.13223776     0.07375511
   -2.5825826     0.09675615     0.09722185
   -2.5425425     0.07887383     0.11627871
   -2.5025025     0.09285069     0.11259087
   -2.4624625     0.13044434     0.08795842
   -2.4224224     0.16575602     0.06697703
   -2.3823824     0.17995983     0.07035760
   -2.3423423     0.17421845     0.09652980
   -2.3023023     0.15840993     0.13121122
   -2.2622623     0.14042995     0.16469017
   -2.2222222     0.12506851     0.19603021
   -2.1821822     0.11182459     0.22755990
   -2.1421421     0.09639794     0.26002351
   -2.1021021     0.07761624     0.28979027
   -2.0620621     0.06055514     0.30524415
   -2.0220220     0.05401814     0.28815400
   -1.9819820     0.06498119     0.23110374
   -1.9419419     0.09485356     0.15286682
   -1.9019019     0.13817586     0.08349615
   -1.8618619     0.17944920     0.03848067
   -1.8218218     0.19933599     0.01537140
   -1.7817818     0.19372510     0.00618814
   -1.7417417     0.17595710     0.00554683
   -1.7017017     0.15852616     0.01116850
   -1.6616617     0.14786940     0.02060241
   -1.6216216     0.14904403     0.02888068
   -1.5815816     0.15795222     0.03275538
   -1.5415415     0.15807615     0.03793383
   -1.5015015     0.13849658     0.05564520
   -1.4614615     0.10774228     0.08648490
   -1.4214214     0.08136243     0.11277274
   -1.3813814     0.06642480     0.11610001
   -1.3413413     0.06595269     0.09828352
   -1.3013013     0.08271534     0.07679927
   -1.2612613     0.10659374     0.07079697
   -1.2212212     0.11362667     0.09905885
   -1.1811812     0.09182712     0.16883250
   -1.1411411     0.05659807     0.24944440
   -1.1011011     0.03152930     0.28069523
   -1.0610611     0.02473220     0.23348884
   -1.0210210     0.02782120     0.14373602
   -0.9809810     0.02914119     0.06821991
   -0.9409409     0.02580688     0.03164655
   -0.9009009     0.02728542     0.02890909
   -0.8608609     0.04987595     0.05300690
   -0.8208208     0.10343414     0.10359395
   -0.7807808     0.17401626     0.17539113
   -0.7407407     0.22340550     0.25021440
   -0.7007007     0.22157358     0.30523440
   -0.6606607     0.17829495     0.32546423
   -0.6206206     0.13203331     0.30790390
   -0.5805806     0.11164278     0.26072080
   -0.5405405     0.11409817     0.20106133
   -0.5005005     0.11910309     0.15167750
   -0.4604605     0.12361703     0.13127746
   -0.4204204     0.14842823     0.13562319
   -0.3803804     0.19909346     0.13664056
   -0.3403403     0.23948229     0.11697510
   -0.3003003     0.23175589     0.09503058
   -0.2602603     0.18960965     0.10018214
   -0.2202202     0.15802018     0.13162336
   -0.1801802     0.14994579     0.15701017
   -0.1401401     0.13863884     0.15470987
   -0.1001001     0.10843639     0.14170406
   -0.0600601     0.08149736     0.14401894
   -0.0200200     0.09063748     0.15733715
    0.0200200     0.14265649     0.16357886
    0.0600601     0.20892415     0.17125210
    0.1001001     0.24799518     0.20359920
    0.1401401     0.24276900     0.25153531
    0.1801802     0.21406711     0.27655988
    0.2202202     0.19210204     0.26617456
    0.2602603     0.18387239     0.25107891
    0.3003003     0.18296850     0.25533067
    0.3403403     0.19615722     0.26022141
    0.3803804     0.23244042     0.23423507
    0.4204204     0.27946387     0.17715422
    0.4604605     0.31579388     0.11969116
    0.5005005     0.32911305     0.09192747
    0.5405405     0.31187223     0.09799464
    0.5805806     0.26528888     0.11375967
    0.6206206     0.20696653     0.11158887
    0.6606607     0.15325126     0.09250199
    0.7007007     0.10559005     0.08781905
    0.7407407     0.06419765     0.12663718
    0.7807808     0.03826615     0.20361414
    0.8208208     0.03803120     0.27633930
    0.8608609     0.06568138     0.29937527
    0.9009009     0.11188237     0.26846211
    0.9409409     0.15747500     0.22474340
    0.9809810     0.18258390     0.21021116
    1.0210210     0.17847344     0.23029630
    1.0610611     0.15339413     0.26206865
    1.1011011     0.12470115     0.27929313
    1.1411411     0.10409464     0.26399182
    1.1811812     0.09759097     0.21226950
    1.2212212     0.11341108     0.13955665
    1.2612613     0.15260157     0.07255808
    1.3013013     0.19792081     0.02929473
    1.3413413     0.22928110     0.00965237
    1.3813814     0.24477871     0.00488789
    1.4214214     0.25312630     0.01055837
    1.4614615     0.25423198     0.02951320
    1.5015015     0.24115405     0.06311694
    1.5415415     0.21169232     0.09852869
    1.5815816     0.16952909     0.11215737
    1.6216216     0.12668521     0.09529382
    1.6616617     0.10299802     0.06967949
    1.7017017     0.10522052     0.06943416
    1.7417417     0.11260038     0.11139879
    1.7817818     0.09996010     0.18108043
    1.8218218     0.06872754     0.24334859
    1.8618619     0.04307434     0.26976930
    1.9019019     0.04421766     0.25282270
    1.9419419     0.07568690     0.19982966
    1.9819820     0.12158750     0.13031234
    2.0220220     0.15573441     0.07265429
    2.0620621     0.16499592     0.04704343
    2.1021021     0.16442406     0.05269103
    2.1421421     0.17697379     0.07287062
    2.1821822     0.19713955     0.09045105
    2.2222222     0.19198790     0.10221688
    2.2622623     0.14607271     0.12098418
    2.3023023     0.08441211     0.16296124
    2.3423423     0.04294072     0.22510891
    2.3823824     0.03951119     0.27335608
    2.4224224     0.07728641     0.27466292
    2.4624625     0.15121713     0.24310281
    2.5025025     0.24155622     0.22281505
    2.5425425     0.31495694     0.22836791
    2.5825826     0.34258513     0.23420179
    2.6226226     0.31689295     0.21374495
    2.6626627     0.25375840     0.16410468
    2.7027027     0.18474300     0.10225934
    2.7427427     0.14173781     0.05048043
    2.7827828     0.13684429     0.02146378
    2.8228228     0.15478151     0.01495512
    2.8628629     0.16665436     0.02488108
    2.9029029     0.15213123     0.04244413
    2.9429429     0.11274357     0.05561461
    2.9829830     0.06666645     0.05636971
    3.0230230     0.03167129     0.04856038
    3.0630631     0.01466246     0.04109150
    3.1031031     0.01484035     0.03640765
    3.1431431     0.02959590     0.03257684
    3.1831832     0.05264928     0.03166962
    3.2232232     0.07061185     0.03872705
    3.2632633     0.07088056     0.05301781
    3.3033033     0.05451739     0.06407480
    3.3433433     0.03482495     0.06069225
    3.3833834     0.02391464     0.04413381
    3.4234234     0.02579241     0.02800175
    3.4634635     0.03806384     0.02660808
    3.5035035     0.05322544     0.04621937
    3.5435435     0.06125248     0.08044544
    3.5835836     0.05721874     0.11094587
    3.6236236     0.04530122     0.12226238
    3.6636637     0.03406929     0.11809515
    3.7037037     0.03210083     0.11508295
    3.7437437     0.04631317     0.12316417
    3.7837838     0.07601275     0.13873825
    3.8238238     0.10932378     0.15262457
    3.8638639     0.13518043     0.15662135
    3.9039039     0.15767677     0.14478104
    3.9439439     0.18685544     0.12042793
    3.9839840     0.21641888     0.10280835
    4.0240240     0.22354078     0.11572947
    4.0640641     0.19508376     0.16381708
    4.1041041     0.14764196     0.21847979
    4.1441441     0.11609217     0.23513044
    4.1841842     0.12235056     0.19601790
    4.2242242     0.15523766     0.12960844
    4.2642643     0.18103170     0.08121417
    4.3043043     0.17753644     0.07431029
    4.3443443     0.15457302     0.09903429
    4.3843844     0.13564135     0.12587602
    4.4244244     0.13025631     0.13309697
    4.4644645     0.13385297     0.12676325
    4.5045045     0.14052160     0.13389372
    4.5445445     0.14205231     0.18096137
    4.5845846     0.12918285     0.27320449
    4.6246246     0.10759602     0.37720255
    4.6646647     0.10020395     0.43037319
    4.7047047     0.12925591     0.39486742
    4.7447447     0.20369943     0.30186585
    4.7847848     0.30912462     0.21903786
    4.8248248     0.39711563     0.18423320
    4.8648649     0.40816784     0.19450980
    4.9049049     0.32820499     0.23303237
    4.9449449     0.20987079     0.27431676
    4.9849850     0.12582598     0.28863765
    5.0250250     0.11423395     0.26853876
    5.0650651     0.16769236     0.23343162
    5.1051051     0.24771648     0.19902562
    5.1451452     0.30483397     0.16417732
    5.1851852     0.30902786     0.13062668
    5.2252252     0.27244710     0.11164730
    5.2652653     0.23246173     0.11459114
    5.3053053     0.21299455     0.12775480
    5.3453453     0.21191167     0.13175963
    5.3853854     0.21601726     0.12300651
    5.4254254     0.21197464     0.11956508
    5.4654655     0.18962956     0.13957598
    5.5055055     0.15075824     0.17982433
    5.5455455     0.11089287     0.22125242
    5.5855856     0.08622057     0.24974278
    5.6256256     0.08766019     0.26123029
    5.6656657     0.12362242     0.25195207
    5.7057057     0.18775532     0.22430381
    5.7457458     0.24434460     0.19824916
    5.7857858     0.25030623     0.19263328
    5.8258258     0.20154249     0.20341830
    5.8658659     0.14120115     0.21902505
    5.9059059     0.11676558     0.23717462
    5.9459459     0.14431262     0.25027508
    5.9859860     0.21009385     0.23839223
    6.0260260     0.28145654     0.19404989
    6.0660661     0.31674932     0.13806273
    6.1061061     0.29240753     0.09695451
    6.1461461     0.22717184     0.07614145
    6.1861862     0.16220380     0.06671433
    6.2262262     0.11985032     0.06603833
    6.2662663     0.09676752     0.07881619
    6.3063063     0.08486321     0.10642018
    6.3463464     0.07998060     0.14312686
    6.3863864     0.07689363     0.17879325
    6.4264264     0.07061210     0.20646595
    6.4664665     0.06454362     0.22585301
    6.5065065     0.06978554     0.23137892
    6.5465466     0.09171670     0.21081208
    6.5865866     0.12145460     0.16796651
    6.6266266     0.14573767     0.12487296
    6.6666667     0.16265990     0.09454417
    6.7067067     0.18060598     0.07375040
    6.7467467     0.20082412     0.06034503
    6.7867868     0.20891548     0.05666933
    6.8268268     0.18902982     0.05801019
    6.8668669     0.14340045     0.05395217
    6.9069069     0.09356685     0.04244408
    6.9469470     0.06158161     0.03216767
    6.9869870     0.05162991     0.03006890
    7.0270270     0.05141943     0.03463572
    7.0670671     0.04865136     0.04174234
    7.1071071     0.04194490     0.04898785
    7.1471472     0.03836688     0.05343089
    7.1871872     0.04545845     0.05350238
    7.2272272     0.06289193     0.05339906
    7.2672673     0.07864893     0.05754245
    7.3073073     0.07848910     0.06258454
    7.3473473     0.06172282     0.06167041
    7.3873874     0.04247024     0.05374013
    7.4274274     0.03446153     0.04403057
    7.4674675     0.03904431     0.03770704
    7.5075075     0.04770667     0.03549114
    7.5475475     0.05185308     0.03412871
    7.5875876     0.04881241     0.03022311
    7.6276276     0.04143838     0.02506409
    7.6676677     0.03470098     0.02574356
    7.7077077     0.03128804     0.03912571
    7.7477478     0.02912702     0.06260125
    7.7877878     0.02560469     0.08155833
    7.8278278     0.02424738     0.08108886
    7.8678679     0.03283779     0.06232567
    7.9079079     0.05279795     0.04217757
    7.9479479     0.07358582     0.03673557
    7.9879880     0.08311709     0.05021448
    8.0280280     0.08202988     0.07798103
    8.0680681     0.07943759     0.11331569
    8.1081081     0.07925322     0.14981323
    8.1481482     0.08216357     0.18468697
    8.1881882     0.09318625     0.22263479
    8.2282282     0.11380088     0.26233281
    8.2682683     0.13554749     0.27898282
    8.3083083     0.15499660     0.24653319
    8.3483484     0.18333064     0.17664424
    8.3883884     0.22253986     0.11048615
    8.4284284     0.24476631     0.07884011
    8.4684685     0.22222520     0.08589041
    8.5085085     0.16938575     0.11960062
    8.5485485     0.13042446     0.16466431
    8.5885886     0.13181651     0.20698657
    8.6286286     0.16107504     0.23241275
    8.6686687     0.18600435     0.22921168
    8.7087087     0.18954460     0.19559575
    8.7487488     0.18154147     0.14268852
    8.7887888     0.17494422     0.08789221
    8.8288288     0.16505464     0.04525293
    8.8688689     0.14106918     0.02032146
    8.9089089     0.10509920     0.01075344
    8.9489490     0.06933429     0.01084996
    8.9889890     0.04232206     0.01657977
    9.0290290     0.02517267     0.02716051
    9.0690691     0.01615768     0.04199498
    9.1091091     0.01422722     0.05739245
    9.1491491     0.01881015     0.06920597
    9.1891892     0.02805850     0.07885273
    9.2292292     0.03943123     0.09321943
    9.2692693     0.05301853     0.11662126
    9.3093093     0.07134027     0.14373653
    9.3493494     0.09289133     0.16128647
    9.3893894     0.10959248     0.15905946
    9.4294294     0.11535511     0.14144177
    9.4694695     0.11315723     0.12327040
    9.5095095     0.10978096     0.11286714
    9.5495496     0.10772610     0.10647490
    9.5895896     0.10390681     0.09707177
    9.6296296     0.09511374     0.08094934
    9.6696697     0.08438206     0.06000726
    9.7097097     0.07785552     0.04212864
    9.7497497     0.07646074     0.03532925
    9.7897898     0.07662277     0.04028092
    9.8298298     0.07522944     0.04987700
    9.8698699     0.06946335     0.05472197
    9.9099099     0.05802351     0.04999825
    9.9499500     0.04558861     0.03974772
    9.9899900     0.04031297     0.03402860
   10.0300300     0.04491489     0.04094160
   10.0700701     0.05478528     0.05941502
   10.1101101     0.06535424     0.07669344
   10.1501502     0.07523577     0.07731432
   10.1901902     0.08165567     0.05974379
   10.2302302     0.08041814     0.03859138
   10.2702703     0.07136832     0.02853307
   10.3103103     0.05847178     0.03373753
   10.3503504     0.04658970     0.05246149
   10.3903904     0.04118620     0.08338933
   10.4304304     0.04574563     0.12498487
   10.4704705     0.05773104     0.17084114
   10.5105105     0.07344379     0.20636497
   10.5505506     0.09679245     0.21316638
   10.5905906     0.13348113     0.18416628
   10.6306306     0.17430176     0.13559878
   10.6706707     0.19587231     0.09599913
   10.7107107     0.18374771     0.08191478
   10.7507508     0.14751708     0.08934964
   10.7907908     0.11052581     0.10364075
   10.8308308     0.08927821     0.11034315
   10.8708709     0.08245117     0.10143774
   10.9109109     0.07742668     0.07930503
   10.9509510     0.06734184     0.05465043
   10.9909910     0.05862716     0.03656366
   11.0310310     0.05906802     0.02534796
   11.0710711     0.06460587     0.01676916
   11.1111111     0.06470009     0.00961387
   11.1511512     0.05580735     0.00597335
   11.1911912     0.04290521     0.00704048
   11.2312312     0.03214290     0.01170923
   11.2712713     0.02665322     0.01907686
   11.3113113     0.02545181     0.03067981
   11.3513514     0.02422864     0.04719006
   11.3913914     0.02021182     0.06313363
   11.4314314     0.01635106     0.07142661
   11.4714715     0.01885818     0.07337977
   11.5115115     0.03094711     0.07593239
   11.5515516     0.04979603     0.08123821
   11.5915916     0.07005065     0.08750531
   11.6316316     0.08875622     0.09521484
   11.6716717     0.10409662     0.10507135
   11.7117117     0.11245802     0.11412789
   11.7517518     0.11105410     0.11836315
   11.7917918     0.10002517     0.11570713
   11.8318318     0.08125976     0.10520080
   11.8718719     0.05973117     0.08744904
   11.9119119     0.04391080     0.06655815
   11.9519520     0.04089528     0.04794549
   11.9919920     0.05178666     0.03399540
   12.0320320     0.07127058     0.02383629
   12.0720721     0.08955928     0.01666253
   12.1121121     0.09633429     0.01405514
   12.1521522     0.08755516     0.01900823
   12.1921922     0.07066910     0.03180350
   12.2322322     0.05933103     0.04671366
   12.2722723     0.05862630     0.05579847
   12.3123123     0.05905965     0.05698631
   12.3523524     0.04973755     0.05391978
   12.3923924     0.03235659     0.04786628
   12.4324324     0.01710235     0.03695744
   12.4724725     0.01033145     0.02295249
   12.5125125     0.01112196     0.01149578
   12.5525526     0.01570372     0.00613065
   12.5925926     0.02087769     0.00604021
   12.6326326     0.02406491     0.00817889
   12.6726727     0.02335929     0.00966015
   12.7127127     0.01906105     0.00943988
   12.7527528     0.01361601     0.00880629
   12.7927928     0.00923724     0.00984602
   12.8328328     0.00647344     0.01312822
   12.8728729     0.00485929     0.01721800
   12.9129129     0.00404011     0.02042280
   12.9529530     0.00397599     0.02172678
   12.9929930     0.00453322     0.02017624
   13.0330330     0.00584901     0.01589685
   13.0730731     0.00902701     0.01163708
   13.1131131     0.01512681     0.01102557
   13.1531532     0.02320444     0.01542237
   13.1931932     0.03059843     0.02294657
   13.2332332     0.03507529     0.02989834
   13.2732733     0.03577562     0.03390533
   13.3133133     0.03358760     0.03741012
   13.3533534     0.03190621     0.04745929
   13.3933934     0.03540195     0.06764962
   13.4334334     0.04735920     0.08822519
   13.4734735     0.06686247     0.09137159
   13.5135135     0.08495987     0.07160125
   13.5535536     0.08765591     0.04314372
   13.5935936     0.07008861     0.02359841
   13.6336336     0.04330710     0.01948335
   13.6736737     0.02264769     0.02874086
   13.7137137     0.01564220     0.04618809
   13.7537538     0.02202628     0.06232869
   13.7937938     0.03741616     0.06529861
   13.8338338     0.05386500     0.05154157
   13.8738739     0.06153048     0.03064047
   13.9139139     0.05495925     0.01506864
   13.9539540     0.03806005     0.00965446
   13.9939940     0.02042003     0.01282147
   14.0340340     0.00898680     0.02239884
   14.0740741     0.00477939     0.03707222
   14.1141141     0.00575772     0.05387639
   14.1541542     0.01046113     0.06650031
   14.1941942     0.01957642     0.06850639
   14.2342342     0.03459242     0.06094842
   14.2742743     0.05337384     0.05530846
   14.3143143     0.06793887     0.06310536
   14.3543544     0.07115483     0.08090499
   14.3943944     0.06645077     0.09113227
   14.4344344     0.06534689     0.08153214
   14.4744745     0.07272965     0.05952217
   14.5145145     0.08015582     0.04414485
   14.5545546     0.07835716     0.04780091
   14.5945946     0.07137455     0.06706673
   14.6346346     0.07067721     0.08801613
   14.6746747     0.07774953     0.09929626
   14.7147147     0.08164309     0.09946808
   14.7547548     0.07475410     0.09270061
   14.7947948     0.06283267     0.08283357
   14.8348348     0.05664414     0.07464740
   14.8748749     0.06058910     0.07622818
   14.9149149     0.07131992     0.09407305
   14.9549550     0.08135720     0.12634519
   14.9949950     0.08377888     0.16279408
   15.0350350     0.07945558     0.18876334
   15.0750751     0.07982892     0.19122360
   15.1151151     0.09698905     0.16753838
   15.1551552     0.13092180     0.12832109
   15.1951952     0.16823403     0.08957622
   15.2352352     0.18979882     0.06211987
   15.2752753     0.18201900     0.04618680
   15.3153153     0.14792098     0.03574129
   15.3553554     0.10462169     0.02784364
   15.3953954     0.06704664     0.02422517
   15.4354354     0.03962945     0.02546707
   15.4754755     0.02193600     0.02891271
   15.5155155     0.01322459     0.03114532
   15.5555556     0.01181908     0.03022693
   15.5955956     0.01592498     0.02819288
   15.6356356     0.02497054     0.03207975
   15.6756757     0.03776593     0.04889409
   15.7157157     0.05120392     0.07745509
   15.7557558     0.06215157     0.10589304
   15.7957958     0.06796025     0.11940674
   15.8358358     0.06622901     0.11262216
   15.8758759     0.05839177     0.09497228
   15.9159159     0.05122608     0.08270400
   15.9559560     0.05113633     0.08333994
   15.9959960     0.05929603     0.08955113
   16.0360360     0.07285820     0.09012453
   16.0760761     0.08737229     0.08125524
   16.1161161     0.09795200     0.06507380
   16.1561562     0.09994227     0.04548030
   16.1961962     0.09011018     0.02809988
   16.2362362     0.06973310     0.01853471
   16.2762763     0.04544501     0.01843644
   16.3163163     0.02480738     0.02433752
   16.3563564     0.01205953     0.03077171
   16.3963964     0.00772855     0.03451308
   16.4364364     0.01029107     0.03521620
   16.4764765     0.01794073     0.03342390
   16.5165165     0.02854376     0.03006330
   16.5565566     0.03784172     0.02615253
   16.5965966     0.04071709     0.02175258
   16.6366366     0.03615657     0.01686261
   16.6766767     0.02797599     0.01284921
   16.7167167     0.01998649     0.01136005
   16.7567568     0.01350207     0.01228950
   16.7967968     0.00886658     0.01371977
   16.8368368     0.00678115     0.01441031
   16.8768769     0.00835160     0.01609974
   16.9169169     0.01421694     0.02206002
   16.9569570     0.02252499     0.03368422
   16.9969970     0.02836693     0.05017020
   17.0370370     0.02826344     0.06994758
   17.0770771     0.02593543     0.08878281
   17.1171171     0.02995562     0.09883980
   17.1571572     0.04380835     0.09582877
   17.1971972     0.06174774     0.08486666
   17.2372372     0.07621898     0.07319637
   17.2772773     0.08462763     0.06242417
   17.3173173     0.08634718     0.05397015
   17.3573574     0.07908471     0.05367535
   17.3973974     0.06315631     0.06313034
   17.4374374     0.04630480     0.07299737
   17.4774775     0.03957860     0.07395324
   17.5175175     0.04740864     0.07166727
   17.5575576     0.06226794     0.08255481
   17.5975976     0.07181970     0.11386795
   17.6376376     0.07499146     0.15236037
   17.6776777     0.08646913     0.17491122
   17.7177177     0.11740251     0.16961143
   17.7577578     0.15528653     0.14361348
   17.7977978     0.17280292     0.11164813
   17.8378378     0.15619789     0.08340456
   17.8778779     0.11753274     0.06249782
   17.9179179     0.07972308     0.04934028
   17.9579580     0.05586111     0.04154783
   17.9979980     0.04435951     0.03683815
   18.0380380     0.03908851     0.03604844
   18.0780781     0.03795632     0.03923572
   18.1181181     0.04111273     0.04218457
   18.1581582     0.04591909     0.04141981
   18.1981982     0.04867269     0.03957549
   18.2382382     0.04994246     0.04277075
   18.2782783     0.05233580     0.05337429
   18.3183183     0.05498341     0.06497340
   18.3583584     0.05714936     0.06620132
   18.3983984     0.06271001     0.05272224
   18.4384384     0.07234994     0.03303109
   18.4784785     0.07713497     0.02058845
   18.5185185     0.06969899     0.02406732
   18.5585586     0.05686032     0.04397043
   18.5985986     0.05255804     0.07163124
   18.6386386     0.06121948     0.09253128
   18.6786787     0.07350861     0.09740096
   18.7187187     0.07804799     0.08941488
   18.7587588     0.07264635     0.07772488
   18.7987988     0.06102311     0.06817269
   18.8388388     0.04577807     0.06337550
   18.8788789     0.03105753     0.06679382
   18.9189189     0.02583728     0.08145631
   18.9589590     0.03906989     0.10430743
   18.9989990     0.07195232     0.12260816
   19.0390390     0.11330484     0.12165577
   19.0790791     0.14332562     0.10141791
   19.1191191     0.14731106     0.07856983
   19.1591592     0.12770056     0.06883496
   19.1991992     0.10009561     0.07478562
   19.2392392     0.07814184     0.08907682
   19.2792793     0.06655285     0.10241063
   19.3193193     0.06648247     0.10887025
   19.3593594     0.07849366     0.10691223
   19.3993994     0.09728214     0.10063152
   19.4394394     0.11034274     0.10045318
   19.4794795     0.10787271     0.11257667
   19.5195195     0.09425031     0.12665956
   19.5595596     0.08695154     0.12476979
   19.5995996     0.09872223     0.10286699
   19.6396396     0.11989295     0.07436030
   19.6796797     0.12639071     0.05399523
   19.7197197     0.10676909     0.04640272
   19.7597598     0.07225100     0.04973713
   19.7997998     0.04181267     0.06377503
   19.8398398     0.02794537     0.09026039
   19.8798799     0.03532911     0.12583692
   19.9199199     0.06366665     0.15782717
   19.9599600     0.10663278     0.17086910
   20.0000000     0.14846368     0.16073095
