              -1304.8743745233
          0.000041741      -0.000000000       0.000000000
         -0.000000000       0.000026267       0.000000000
          0.000000000       0.000000000      -0.000023706
           6
  1    25      -0.000001989      -0.000000000      -0.000000000  Mn
  1    25      -0.000775044      -0.000000000      -0.000000000  Mn
  1    25       0.000776906      -0.000000001      -0.000000001  Mn
  1    25       0.000777517       0.000000000      -0.000000000  Mn
  1    25       0.000001997      -0.000000000       0.000000001  Mn
  1    25      -0.000779306      -0.000000000       0.000000001  Mn
