    24
     1   -0.212915   -0.000000    0.000000       0.027778
     2    0.000000    0.000000    0.000000       0.027778
     3    0.212915    0.000000   -0.000000       0.027778
     4   -0.212915    0.212909    0.000000       0.055556
     5    0.000000    0.212909    0.000000       0.055556
     6    0.212915    0.212909   -0.000000       0.055556
     7   -0.212915    0.425818    0.000000       0.055556
     8    0.000000    0.425818    0.000000       0.055556
     9    0.212915    0.425818   -0.000000       0.055556
    10   -0.212915    0.638727    0.000000       0.027778
    11    0.000000    0.638727    0.000000       0.027778
    12    0.212915    0.638727   -0.000000       0.027778
    13   -0.212915    0.000000    0.239948       0.027778
    14   -0.000000    0.000000    0.239948       0.027778
    15    0.212915    0.000000    0.239948       0.027778
    16   -0.212915    0.212909    0.239948       0.055556
    17   -0.000000    0.212909    0.239948       0.055556
    18    0.212915    0.212909    0.239948       0.055556
    19   -0.212915    0.425818    0.239948       0.055556
    20   -0.000000    0.425818    0.239948       0.055556
    21    0.212915    0.425818    0.239948       0.055556
    22   -0.212915    0.638727    0.239948       0.027778
    23   -0.000000    0.638727    0.239948       0.027778
    24    0.212915    0.638727    0.239948       0.027778
