    96
     1   -0.456470    0.000000   -0.233698       0.006944
     2   -0.228235    0.000000   -0.233698       0.006944
     3   -0.000000    0.000000   -0.233698       0.006944
     4    0.228235    0.000000   -0.233698       0.006944
     5    0.456470    0.000000   -0.233698       0.006944
     6    0.684706    0.000000   -0.233698       0.006944
     7   -0.456470    0.228235   -0.233698       0.013889
     8   -0.228235    0.228235   -0.233698       0.013889
     9   -0.000000    0.228235   -0.233698       0.013889
    10    0.228235    0.228235   -0.233698       0.013889
    11    0.456470    0.228235   -0.233698       0.013889
    12    0.684706    0.228235   -0.233698       0.013889
    13   -0.456470    0.456470   -0.233698       0.013889
    14   -0.228235    0.456470   -0.233698       0.013889
    15   -0.000000    0.456470   -0.233698       0.013889
    16    0.228235    0.456470   -0.233698       0.013889
    17    0.456470    0.456470   -0.233698       0.013889
    18    0.684706    0.456470   -0.233698       0.013889
    19   -0.456470    0.684706   -0.233698       0.006944
    20   -0.228235    0.684706   -0.233698       0.006944
    21   -0.000000    0.684706   -0.233698       0.006944
    22    0.228235    0.684706   -0.233698       0.006944
    23    0.456470    0.684706   -0.233698       0.006944
    24    0.684706    0.684706   -0.233698       0.006944
    25   -0.456470   -0.000000   -0.000000       0.006944
    26   -0.228235   -0.000000   -0.000000       0.006944
    27    0.000000    0.000000    0.000000       0.006944
    28    0.228235    0.000000    0.000000       0.006944
    29    0.456470    0.000000    0.000000       0.006944
    30    0.684706    0.000000    0.000000       0.006944
    31   -0.456470    0.228235   -0.000000       0.013889
    32   -0.228235    0.228235   -0.000000       0.013889
    33    0.000000    0.228235   -0.000000       0.013889
    34    0.228235    0.228235   -0.000000       0.013889
    35    0.456470    0.228235   -0.000000       0.013889
    36    0.684706    0.228235   -0.000000       0.013889
    37   -0.456470    0.456470   -0.000000       0.013889
    38   -0.228235    0.456470   -0.000000       0.013889
    39    0.000000    0.456470   -0.000000       0.013889
    40    0.228235    0.456470   -0.000000       0.013889
    41    0.456470    0.456470   -0.000000       0.013889
    42    0.684706    0.456470   -0.000000       0.013889
    43   -0.456470    0.684706   -0.000000       0.006944
    44   -0.228235    0.684706   -0.000000       0.006944
    45    0.000000    0.684706   -0.000000       0.006944
    46    0.228235    0.684706   -0.000000       0.006944
    47    0.456470    0.684706   -0.000000       0.006944
    48    0.684706    0.684706   -0.000000       0.006944
    49   -0.456470   -0.000000    0.233698       0.006944
    50   -0.228235   -0.000000    0.233698       0.006944
    51    0.000000   -0.000000    0.233698       0.006944
    52    0.228235   -0.000000    0.233698       0.006944
    53    0.456470   -0.000000    0.233698       0.006944
    54    0.684706   -0.000000    0.233698       0.006944
    55   -0.456470    0.228235    0.233698       0.013889
    56   -0.228235    0.228235    0.233698       0.013889
    57    0.000000    0.228235    0.233698       0.013889
    58    0.228235    0.228235    0.233698       0.013889
    59    0.456470    0.228235    0.233698       0.013889
    60    0.684706    0.228235    0.233698       0.013889
    61   -0.456470    0.456470    0.233698       0.013889
    62   -0.228235    0.456470    0.233698       0.013889
    63    0.000000    0.456470    0.233698       0.013889
    64    0.228235    0.456470    0.233698       0.013889
    65    0.456470    0.456470    0.233698       0.013889
    66    0.684706    0.456470    0.233698       0.013889
    67   -0.456470    0.684706    0.233698       0.006944
    68   -0.228235    0.684706    0.233698       0.006944
    69    0.000000    0.684706    0.233698       0.006944
    70    0.228235    0.684706    0.233698       0.006944
    71    0.456470    0.684706    0.233698       0.006944
    72    0.684706    0.684706    0.233698       0.006944
    73   -0.456470   -0.000000    0.467397       0.006944
    74   -0.228235   -0.000000    0.467397       0.006944
    75    0.000000   -0.000000    0.467397       0.006944
    76    0.228235   -0.000000    0.467397       0.006944
    77    0.456470   -0.000000    0.467397       0.006944
    78    0.684706   -0.000000    0.467397       0.006944
    79   -0.456470    0.228235    0.467397       0.013889
    80   -0.228235    0.228235    0.467397       0.013889
    81    0.000000    0.228235    0.467397       0.013889
    82    0.228235    0.228235    0.467397       0.013889
    83    0.456470    0.228235    0.467397       0.013889
    84    0.684706    0.228235    0.467397       0.013889
    85   -0.456470    0.456470    0.467397       0.013889
    86   -0.228235    0.456470    0.467397       0.013889
    87    0.000000    0.456470    0.467397       0.013889
    88    0.228235    0.456470    0.467397       0.013889
    89    0.456470    0.456470    0.467397       0.013889
    90    0.684706    0.456470    0.467397       0.013889
    91   -0.456470    0.684706    0.467397       0.006944
    92   -0.228235    0.684706    0.467397       0.006944
    93    0.000000    0.684706    0.467397       0.006944
    94    0.228235    0.684706    0.467397       0.006944
    95    0.456470    0.684706    0.467397       0.006944
    96    0.684706    0.684706    0.467397       0.006944
