#
#   partial DOS for atom species: Ga
#
#   Add data for atom_index =   1,  n,l,m,z=  4  1 -1  1
#   Add data for atom_index =   1,  n,l,m,z=  4  1  0  1
#   Add data for atom_index =   1,  n,l,m,z=  4  1  1  1
#   Add data for atom_index =   1,  n,l,m,z=  4  1 -1  2
#   Add data for atom_index =   1,  n,l,m,z=  4  1  0  2
#   Add data for atom_index =   1,  n,l,m,z=  4  1  1  2
#   Add data for atom_index =   1,  n,l,m,z=  4  1 -1  3
#   Add data for atom_index =   1,  n,l,m,z=  4  1  0  3
#   Add data for atom_index =   1,  n,l,m,z=  4  1  1  3
#   Add data for atom_index =   2,  n,l,m,z=  4  1 -1  1
#   Add data for atom_index =   2,  n,l,m,z=  4  1  0  1
#   Add data for atom_index =   2,  n,l,m,z=  4  1  1  1
#   Add data for atom_index =   2,  n,l,m,z=  4  1 -1  2
#   Add data for atom_index =   2,  n,l,m,z=  4  1  0  2
#   Add data for atom_index =   2,  n,l,m,z=  4  1  1  2
#   Add data for atom_index =   2,  n,l,m,z=  4  1 -1  3
#   Add data for atom_index =   2,  n,l,m,z=  4  1  0  3
#   Add data for atom_index =   2,  n,l,m,z=  4  1  1  3
#   Add data for atom_index =   3,  n,l,m,z=  4  1 -1  1
#   Add data for atom_index =   3,  n,l,m,z=  4  1  0  1
#   Add data for atom_index =   3,  n,l,m,z=  4  1  1  1
#   Add data for atom_index =   3,  n,l,m,z=  4  1 -1  2
#   Add data for atom_index =   3,  n,l,m,z=  4  1  0  2
#   Add data for atom_index =   3,  n,l,m,z=  4  1  1  2
#   Add data for atom_index =   3,  n,l,m,z=  4  1 -1  3
#   Add data for atom_index =   3,  n,l,m,z=  4  1  0  3
#   Add data for atom_index =   3,  n,l,m,z=  4  1  1  3
#   Add data for atom_index =   4,  n,l,m,z=  4  1 -1  1
#   Add data for atom_index =   4,  n,l,m,z=  4  1  0  1
#   Add data for atom_index =   4,  n,l,m,z=  4  1  1  1
#   Add data for atom_index =   4,  n,l,m,z=  4  1 -1  2
#   Add data for atom_index =   4,  n,l,m,z=  4  1  0  2
#   Add data for atom_index =   4,  n,l,m,z=  4  1  1  2
#   Add data for atom_index =   4,  n,l,m,z=  4  1 -1  3
#   Add data for atom_index =   4,  n,l,m,z=  4  1  0  3
#   Add data for atom_index =   4,  n,l,m,z=  4  1  1  3
#
#    Energy          spin 1        spin2
#
  -20.0000000     0.00000000     0.00000000
  -19.9599600     0.00000000     0.00000000
  -19.9199199     0.00000000     0.00000000
  -19.8798799     0.00000000     0.00000000
  -19.8398398     0.00000000     0.00000000
  -19.7997998     0.00000000     0.00000000
  -19.7597598     0.00000000     0.00000000
  -19.7197197     0.00000000     0.00000000
  -19.6796797     0.00000000     0.00000000
  -19.6396396     0.00000000     0.00000000
  -19.5995996     0.00000000     0.00000000
  -19.5595596     0.00000000     0.00000000
  -19.5195195     0.00000000     0.00000000
  -19.4794795     0.00000000     0.00000000
  -19.4394394     0.00000000     0.00000000
  -19.3993994     0.00000000     0.00000000
  -19.3593594     0.00000000     0.00000000
  -19.3193193     0.00000000     0.00000000
  -19.2792793     0.00000000     0.00000000
  -19.2392392     0.00000000     0.00000000
  -19.1991992     0.00000000     0.00000000
  -19.1591592     0.00000000     0.00000000
  -19.1191191     0.00000000     0.00000000
  -19.0790791     0.00000000     0.00000000
  -19.0390390     0.00000000     0.00000000
  -18.9989990     0.00000000     0.00000000
  -18.9589590     0.00000000     0.00000000
  -18.9189189     0.00000000     0.00000000
  -18.8788789     0.00000000     0.00000000
  -18.8388388     0.00000000     0.00000000
  -18.7987988     0.00000000     0.00000000
  -18.7587588     0.00000000     0.00000000
  -18.7187187     0.00000000     0.00000000
  -18.6786787     0.00000000     0.00000000
  -18.6386386     0.00000000     0.00000000
  -18.5985986     0.00000000     0.00000000
  -18.5585586     0.00000000     0.00000000
  -18.5185185     0.00000002     0.00000001
  -18.4784785     0.00000027     0.00000012
  -18.4384384     0.00000269     0.00000140
  -18.3983984     0.00001926     0.00001215
  -18.3583584     0.00010002     0.00007634
  -18.3183183     0.00037752     0.00034830
  -18.2782783     0.00104079     0.00115455
  -18.2382382     0.00213102     0.00278944
  -18.1981982     0.00342199     0.00497180
  -18.1581582     0.00493698     0.00682066
  -18.1181181     0.00753609     0.00812842
  -18.0780781     0.01180798     0.01017136
  -18.0380380     0.01594336     0.01370782
  -17.9979980     0.01656121     0.01659789
  -17.9579580     0.01269716     0.01569639
  -17.9179179     0.00708890     0.01098137
  -17.8778779     0.00282215     0.00547767
  -17.8378378     0.00057882     0.00133066
  -17.7977978    -0.00068814    -0.00224026
  -17.7577578    -0.00201278    -0.00739765
  -17.7177177    -0.00361030    -0.01465220
  -17.6776777    -0.00542210    -0.02135452
  -17.6376376    -0.00895435    -0.02533117
  -17.5975976    -0.01815580    -0.03143864
  -17.5575576    -0.03549299    -0.05004067
  -17.5175175    -0.05554388    -0.08274331
  -17.4774775    -0.06781961    -0.11256284
  -17.4374374    -0.07083710    -0.12047479
  -17.3973974    -0.07534610    -0.11188782
  -17.3573574    -0.08569278    -0.10899916
  -17.3173173    -0.08892819    -0.11553601
  -17.2772773    -0.07321956    -0.11110844
  -17.2372372    -0.04651433    -0.08409594
  -17.1971972    -0.02744922    -0.04918235
  -17.1571572    -0.02716649    -0.02926535
  -17.1171171    -0.04509141    -0.03766872
  -17.0770771    -0.07289110    -0.07666818
  -17.0370370    -0.09703940    -0.13349685
  -16.9969970    -0.10361773    -0.17646284
  -16.9569570    -0.09004685    -0.17702030
  -16.9169169    -0.07318940    -0.14480333
  -16.8768769    -0.07690341    -0.12366911
  -16.8368368    -0.10673466    -0.14267841
  -16.7967968    -0.14305600    -0.18251839
  -16.7567568    -0.16644350    -0.20385861
  -16.7167167    -0.18083712    -0.20217678
  -16.6766767    -0.19446394    -0.20644932
  -16.6366366    -0.19269101    -0.22141188
  -16.5965966    -0.16095125    -0.21317066
  -16.5565566    -0.12263553    -0.16640936
  -16.5165165    -0.12361553    -0.11884449
  -16.4764765    -0.18111716    -0.12499151
  -16.4364364    -0.26091472    -0.20469955
  -16.3963964    -0.30961537    -0.32344023
  -16.3563564    -0.30379947    -0.41264191
  -16.3163163    -0.25525826    -0.41907069
  -16.2762763    -0.18620974    -0.34358033
  -16.2362362    -0.12435870    -0.23994291
  -16.1961962    -0.10026945    -0.17723194
  -16.1561562    -0.12193586    -0.18537060
  -16.1161161    -0.15827988    -0.22683878
  -16.0760761    -0.16529052    -0.23415524
  -16.0360360    -0.13326510    -0.18221646
  -15.9959960    -0.09561195    -0.10842656
  -15.9559560    -0.08864152    -0.06328294
  -15.9159159    -0.12036568    -0.06758810
  -15.8758759    -0.18065704    -0.11581529
  -15.8358358    -0.25566187    -0.19414161
  -15.7957958    -0.31448172    -0.28208572
  -15.7557558    -0.31126927    -0.34058667
  -15.7157157    -0.23487650    -0.32572742
  -15.6756757    -0.13176974    -0.23757652
  -15.6356356    -0.05681678    -0.13174995
  -15.5955956    -0.03045428    -0.06771453
  -15.5555556    -0.05302595    -0.07278065
  -15.5155155    -0.12631591    -0.15026998
  -15.4754755    -0.23943077    -0.27756918
  -15.4354354    -0.35219741    -0.39460450
  -15.3953954    -0.42636079    -0.44350281
  -15.3553554    -0.46552832    -0.43530844
  -15.3153153    -0.48471933    -0.43400823
  -15.2752753    -0.46044507    -0.45729174
  -15.2352352    -0.36500916    -0.44357998
  -15.1951952    -0.22686218    -0.34573300
  -15.1551552    -0.10772996    -0.20345483
  -15.1151151    -0.04100302    -0.08978248
  -15.0750751    -0.02233155    -0.03607820
  -15.0350350    -0.03923504    -0.03466678
  -14.9949950    -0.08254797    -0.07196692
  -14.9549550    -0.13170708    -0.12904521
  -14.9149149    -0.15320834    -0.16953173
  -14.8748749    -0.13379326    -0.16294534
  -14.8348348    -0.10577660    -0.12496815
  -14.7947948    -0.11806009    -0.10949016
  -14.7547548    -0.17972118    -0.15256646
  -14.7147147    -0.24338763    -0.23267845
  -14.6746747    -0.25377881    -0.28714276
  -14.6346346    -0.20515649    -0.27120801
  -14.5945946    -0.13831938    -0.20077377
  -14.5545546    -0.09495835    -0.13081330
  -14.5145145    -0.08715474    -0.09997995
  -14.4744745    -0.09651295    -0.10270153
  -14.4344344    -0.09606394    -0.10742935
  -14.3943944    -0.07890163    -0.09624112
  -14.3543544    -0.06075639    -0.08107377
  -14.3143143    -0.05393042    -0.07921230
  -14.2742743    -0.05224394    -0.08783065
  -14.2342342    -0.04563295    -0.09487043
  -14.1941942    -0.03736160    -0.10068584
  -14.1541542    -0.03803919    -0.10874908
  -14.1141141    -0.04657292    -0.10517984
  -14.0740741    -0.04614908    -0.07263221
  -14.0340340    -0.02444814    -0.01965667
  -13.9939940     0.00880847     0.02456071
  -13.9539540     0.03435410     0.04141350
  -13.9139139     0.04552966     0.03622856
  -13.8738739     0.04703824     0.02451253
  -13.8338338     0.04203755     0.01564559
  -13.7937938     0.03130335     0.01072820
  -13.7537538     0.01655756     0.00713132
  -13.7137137    -0.00126641     0.00078702
  -13.6736737    -0.01746719    -0.00731821
  -13.6336336    -0.01198674     0.00231611
  -13.5935936     0.04593581     0.06340577
  -13.5535536     0.16109239     0.17773779
  -13.5135135     0.27620177     0.27559279
  -13.4734735     0.30372770     0.26945278
  -13.4334334     0.21639311     0.15679893
  -13.3933934     0.07792316     0.02274530
  -13.3533534    -0.03003380    -0.05710563
  -13.3133133    -0.07749481    -0.07363108
  -13.2732733    -0.08068185    -0.05899258
  -13.2332332    -0.06569728    -0.04230305
  -13.1931932    -0.04692822    -0.02847926
  -13.1531532    -0.02325272    -0.00350827
  -13.1131131     0.01488848     0.04624458
  -13.0730731     0.07409349     0.11618648
  -13.0330330     0.14519550     0.17993657
  -12.9929930     0.20025920     0.20814590
  -12.9529530     0.21350700     0.19315922
  -12.9129129     0.18470945     0.15014298
  -12.8728729     0.13467985     0.10040857
  -12.8328328     0.08637548     0.05993059
  -12.7927928     0.05355762     0.03401273
  -12.7527528     0.03592335     0.01713701
  -12.7127127     0.02312121     0.00228984
  -12.6726727     0.00863931    -0.00933740
  -12.6326326    -0.00330843    -0.00995545
  -12.5925926    -0.00575884     0.00559932
  -12.5525526     0.00444899     0.03525176
  -12.5125125     0.03080411     0.07309199
  -12.4724725     0.07695087     0.11165879
  -12.4324324     0.13251358     0.13766699
  -12.3923924     0.16697081     0.13508252
  -12.3523524     0.15507064     0.10455759
  -12.3123123     0.10709285     0.07344394
  -12.2722723     0.06015748     0.07761276
  -12.2322322     0.04665913     0.13473395
  -12.1921922     0.08199392     0.22538922
  -12.1521522     0.16438357     0.29459867
  -12.1121121     0.26564426     0.29524818
  -12.0720721     0.33494649     0.23962321
  -12.0320320     0.33544267     0.18507133
  -11.9919920     0.27735705     0.16916298
  -11.9519520     0.20557630     0.18206961
  -11.9119119     0.15837063     0.19816083
  -11.8718719     0.14377607     0.21371375
  -11.8318318     0.15051753     0.24231524
  -11.7917918     0.17415597     0.28098696
  -11.7517518     0.22629920     0.31144498
  -11.7117117     0.31033661     0.33972646
  -11.6716717     0.39963502     0.39022533
  -11.6316316     0.45823471     0.45050276
  -11.5915916     0.46810852     0.47238299
  -11.5515516     0.43317670     0.43698388
  -11.5115115     0.38682605     0.37653550
  -11.4714715     0.37791133     0.33222668
  -11.4314314     0.41437795     0.32064999
  -11.3913914     0.44527613     0.33483660
  -11.3513514     0.41758816     0.35476495
  -11.3113113     0.33163245     0.36085078
  -11.2712713     0.23874581     0.35166407
  -11.2312312     0.19620272     0.34373148
  -11.1911912     0.22255674     0.34844578
  -11.1511512     0.28951122     0.35620333
  -11.1111111     0.35147367     0.34684557
  -11.0710711     0.38389260     0.31100242
  -11.0310310     0.39264191     0.25692752
  -10.9909910     0.38573320     0.20404608
  -10.9509510     0.35591597     0.17433662
  -10.9109109     0.29952665     0.17479380
  -10.8708709     0.23124199     0.18424242
  -10.8308308     0.17581091     0.17196131
  -10.7907908     0.15204162     0.13084153
  -10.7507508     0.15802652     0.08517176
  -10.7107107     0.17258928     0.07000008
  -10.6706707     0.17766562     0.10837666
  -10.6306306     0.17511473     0.19850987
  -10.5905906     0.18019668     0.31026458
  -10.5505506     0.20393812     0.39914490
  -10.5105105     0.24366922     0.43207079
  -10.4704705     0.29024868     0.40482597
  -10.4304304     0.33712921     0.35143198
  -10.3903904     0.37536655     0.33995994
  -10.3503504     0.38874606     0.42484940
  -10.3103103     0.36891929     0.58108939
  -10.2702703     0.33868638     0.72076565
  -10.2302302     0.34315064     0.80301509
  -10.1901902     0.40639152     0.88000767
  -10.1501502     0.52101230     0.99881763
  -10.1101101     0.69007079     1.11427347
  -10.0700701     0.92604568     1.14005758
  -10.0300300     1.17519579     1.04851276
   -9.9899900     1.31185211     0.89406588
   -9.9499500     1.27199507     0.75748307
   -9.9099099     1.13336310     0.68018620
   -9.8698699     0.99831203     0.64404379
   -9.8298298     0.86231787     0.61423529
   -9.7897898     0.67058190     0.60304809
   -9.7497497     0.44938492     0.66291273
   -9.7097097     0.30431407     0.79806958
   -9.6696697     0.31256277     0.91779254
   -9.6296296     0.46374989     0.91767123
   -9.5895896     0.67952672     0.79594564
   -9.5495496     0.85677812     0.65271430
   -9.5095095     0.92151642     0.58290637
   -9.4694695     0.87663463     0.59808501
   -9.4294294     0.78915325     0.63758503
   -9.3893894     0.72566936     0.63433965
   -9.3493494     0.70837191     0.57843619
   -9.3093093     0.71190168     0.53413751
   -9.2692693     0.68778674     0.58879503
   -9.2292292     0.62195667     0.75220972
   -9.1891892     0.56996067     0.90930129
   -9.1491491     0.59766649     0.92328711
   -9.1091091     0.69113301     0.78609314
   -9.0690691     0.75504817     0.60925957
   -9.0290290     0.70696958     0.48256732
   -8.9889890     0.56675783     0.40954708
   -8.9489490     0.44043678     0.36078923
   -8.9089089     0.41492788     0.32853476
   -8.8688689     0.48950243     0.32463320
   -8.8288288     0.60647339     0.34716545
   -8.7887888     0.71431988     0.37005198
   -8.7487488     0.79276173     0.37383914
   -8.7087087     0.83955994     0.36356875
   -8.6686687     0.85471374     0.34625760
   -8.6286286     0.84229868     0.31777687
   -8.5885886     0.81064483     0.27974518
   -8.5485485     0.75916442     0.25100627
   -8.5085085     0.67787445     0.25798787
   -8.4684685     0.57144156     0.31344448
   -8.4284284     0.47346493     0.40096840
   -8.3883884     0.41607216     0.48483407
   -8.3483484     0.38552241     0.53166717
   -8.3083083     0.33568901     0.52204049
   -8.2682683     0.25272183     0.46103349
   -8.2282282     0.17814031     0.38020733
   -8.1881882     0.16175797     0.31443867
   -8.1481482     0.21629082     0.27857022
   -8.1081081     0.31967787     0.27028073
   -8.0680681     0.43786728     0.29003285
   -8.0280280     0.54042087     0.34680451
   -7.9879880     0.61427656     0.43439525
   -7.9479479     0.67043545     0.51409733
   -7.9079079     0.72335430     0.54006647
   -7.8678679     0.75514668     0.50223148
   -7.8278278     0.71788893     0.43517218
   -7.7877878     0.59830479     0.38114675
   -7.7477478     0.45894391     0.35120541
   -7.7077077     0.37294290     0.32961727
   -7.6676677     0.34251700     0.30605412
   -7.6276276     0.31976994     0.28836582
   -7.5875876     0.27789743     0.28953047
   -7.5475475     0.23169004     0.31750381
   -7.5075075     0.21665378     0.37368446
   -7.4674675     0.27202155     0.44631191
   -7.4274274     0.41232552     0.50822630
   -7.3873874     0.58804909     0.53227052
   -7.3473473     0.70514916     0.50710372
   -7.3073073     0.70434502     0.43854256
   -7.2672673     0.59657481     0.34712226
   -7.2272272     0.43349792     0.26629626
   -7.1871872     0.28029727     0.23019660
   -7.1471472     0.19640468     0.25053409
   -7.1071071     0.20697081     0.30499298
   -7.0670671     0.28672092     0.35806654
   -7.0270270     0.37295547     0.39606297
   -6.9869870     0.41101066     0.42701984
   -6.9469470     0.40178610     0.44470883
   -6.9069069     0.39024663     0.42685886
   -6.8668669     0.40871430     0.37899039
   -6.8268268     0.45114940     0.33871933
   -6.7867868     0.49347078     0.32367846
   -6.7467467     0.52370788     0.30959558
   -6.7067067     0.54825463     0.27093418
   -6.6666667     0.56264585     0.21655749
   -6.6266266     0.53447568     0.17464745
   -6.5865866     0.44528672     0.16577772
   -6.5465466     0.33413503     0.20323688
   -6.5065065     0.26535183     0.30245706
   -6.4664665     0.26189915     0.46508340
   -6.4264264     0.29700388     0.64356732
   -6.3863864     0.34494861     0.74919487
   -6.3463464     0.41135655     0.72726440
   -6.3063063     0.50221215     0.60624915
   -6.2662663     0.58402648     0.45475017
   -6.2262262     0.60293672     0.32358175
   -6.1861862     0.54186703     0.24620411
   -6.1461461     0.44123336     0.25108146
   -6.1061061     0.36166785     0.33664129
   -6.0660661     0.33243369     0.45104037
   -6.0260260     0.34335394     0.52365218
   -5.9859860     0.37855005     0.51830561
   -5.9459459     0.42362483     0.45250873
   -5.9059059     0.44405365     0.37176600
   -5.8658659     0.40695063     0.31596214
   -5.8258258     0.32536015     0.31158088
   -5.7857858     0.24647796     0.37549925
   -5.7457458     0.20623252     0.49968737
   -5.7057057     0.20944157     0.62870381
   -5.6656657     0.23371464     0.68319565
   -5.6256256     0.24641926     0.63249686
   -5.5855856     0.23141283     0.52272513
   -5.5455455     0.20220666     0.42130951
   -5.5055055     0.18776955     0.36550346
   -5.4654655     0.20858298     0.36344501
   -5.4254254     0.26153225     0.40830598
   -5.3853854     0.31674710     0.47529603
   -5.3453453     0.33916450     0.51611697
   -5.3053053     0.33193433     0.49568383
   -5.2652653     0.34094203     0.44866855
   -5.2252252     0.39038538     0.44674384
   -5.1851852     0.43773828     0.49148392
   -5.1451452     0.42659110     0.50212194
   -5.1051051     0.35992189     0.42849166
   -5.0650651     0.28898645     0.31707531
   -5.0250250     0.25747100     0.24683755
   -4.9849850     0.28281861     0.24502018
   -4.9449449     0.36539351     0.28415155
   -4.9049049     0.48738556     0.33459114
   -4.8648649     0.60712082     0.39110559
   -4.8248248     0.67247418     0.45127105
   -4.7847848     0.65260221     0.50161739
   -4.7447447     0.56311022     0.52772317
   -4.7047047     0.45950580     0.51635708
   -4.6646647     0.40069021     0.46895240
   -4.6246246     0.41490202     0.42282100
   -4.5845846     0.48546043     0.42325530
   -4.5445445     0.55989783     0.47288512
   -4.5045045     0.59457362     0.52764275
   -4.4644645     0.59216509     0.53472718
   -4.4244244     0.57133588     0.47966352
   -4.3843844     0.52408451     0.40659773
   -4.3443443     0.44400107     0.37914188
   -4.3043043     0.37227170     0.42597644
   -4.2642643     0.36420467     0.53069419
   -4.2242242     0.41315205     0.64461446
   -4.1841842     0.45647202     0.70680942
   -4.1441441     0.46644111     0.69472992
   -4.1041041     0.48633170     0.65833132
   -4.0640641     0.55627551     0.66002049
   -4.0240240     0.64489051     0.68389648
   -3.9839840     0.68831319     0.65154752
   -3.9439439     0.68070957     0.52882609
   -3.9039039     0.69294534     0.38018946
   -3.8638639     0.79015002     0.30806437
   -3.8238238     0.93552149     0.35464433
   -3.7837838     1.00169585     0.46816780
   -3.7437437     0.90051724     0.55586170
   -3.7037037     0.67221189     0.56405345
   -3.6636637     0.43717472     0.51975367
   -3.6236236     0.30059032     0.50760765
   -3.5835836     0.29050517     0.58491546
   -3.5435435     0.34104239     0.71000925
   -3.5035035     0.34916130     0.79449722
   -3.4634635     0.27982434     0.81740136
   -3.4234234     0.20369833     0.82415175
   -3.3833834     0.23288394     0.84008682
   -3.3433433     0.44229645     0.85883558
   -3.3033033     0.81385147     0.88400321
   -3.2632633     1.20385906     0.91506964
   -3.2232232     1.40912056     0.91472671
   -3.1831832     1.33637969     0.84790916
   -3.1431431     1.08716899     0.74820775
   -3.1031031     0.83949107     0.69167014
   -3.0630631     0.68654527     0.69011533
   -3.0230230     0.61405870     0.67485097
   -2.9829830     0.57430588     0.61885240
   -2.9429429     0.54079469     0.58960347
   -2.9029029     0.52802989     0.63073643
   -2.8628629     0.58594144     0.68356065
   -2.8228228     0.74459285     0.67967857
   -2.7827828     0.94435583     0.61953422
   -2.7427427     1.04296793     0.52117240
   -2.7027027     0.93002027     0.39331400
   -2.6626627     0.64438681     0.28638612
   -2.6226226     0.34169119     0.28045414
   -2.5825826     0.14837568     0.39061814
   -2.5425425     0.09499668     0.52133410
   -2.5025025     0.16446550     0.55127030
   -2.4624625     0.32168620     0.46812756
   -2.4224224     0.48403017     0.37639385
   -2.3823824     0.54270012     0.36878363
   -2.3423423     0.47078802     0.45364068
   -2.3023023     0.36527970     0.60292851
   -2.2622623     0.33883210     0.78314040
   -2.2222222     0.41098882     0.93020048
   -2.1821822     0.52358633     0.98367290
   -2.1421421     0.61051300     0.96290075
   -2.1021021     0.63673756     0.93811878
   -2.0620621     0.61358212     0.92615790
   -2.0220220     0.58964883     0.87801689
   -1.9819820     0.60191272     0.77352184
   -1.9419419     0.63793802     0.67613536
   -1.9019019     0.67052678     0.66449871
   -1.8618619     0.71433865     0.73545195
   -1.8218218     0.80072661     0.80244628
   -1.7817818     0.90553772     0.77815348
   -1.7417417     0.96514495     0.64940261
   -1.7017017     0.95955825     0.48558106
   -1.6616617     0.90568895     0.38188009
   -1.6216216     0.79216688     0.38072166
   -1.5815816     0.61922203     0.43805914
   -1.5415415     0.46559210     0.46993512
   -1.5015015     0.42036947     0.43269671
   -1.4614615     0.47922775     0.36480168
   -1.4214214     0.56054072     0.36040436
   -1.3813814     0.59386224     0.48551959
   -1.3413413     0.56698417     0.69391879
   -1.3013013     0.51474271     0.83981950
   -1.2612613     0.47923137     0.81305491
   -1.2212212     0.46691504     0.65135701
   -1.1811812     0.44941381     0.48597235
   -1.1411411     0.41536813     0.40351967
   -1.1011011     0.39506548     0.39811083
   -1.0610611     0.41911138     0.43128878
   -1.0210210     0.47978855     0.48873665
   -0.9809810     0.53908609     0.57127579
   -0.9409409     0.55563149     0.65940592
   -0.9009009     0.52334080     0.71093862
   -0.8608609     0.51361840     0.69898986
   -0.8208208     0.64579190     0.64643262
   -0.7807808     0.94245706     0.60850529
   -0.7407407     1.22237015     0.61307520
   -0.7007007     1.24337644     0.63924647
   -0.6606607     0.96741187     0.67032774
   -0.6206206     0.58765167     0.73655937
   -0.5805806     0.31691261     0.87816090
   -0.5405405     0.24867413     1.07189914
   -0.5005005     0.37856425     1.20752451
   -0.4604605     0.64201844     1.16573964
   -0.4204204     0.91732677     0.93612432
   -0.3803804     1.07221587     0.63035467
   -0.3403403     1.05825124     0.36953125
   -0.3003003     0.93284152     0.19661618
   -0.2602603     0.77271060     0.09895491
   -0.2202202     0.60516639     0.05965714
   -0.1801802     0.42978407     0.06926394
   -0.1401401     0.26137495     0.11838905
   -0.1001001     0.13023619     0.19432870
   -0.0600601     0.05596907     0.27943698
   -0.0200200     0.04032672     0.35388195
    0.0200200     0.08557351     0.41037498
    0.0600601     0.19952667     0.47080875
    0.1001001     0.36828216     0.57198239
    0.1401401     0.54208163     0.71232031
    0.1801802     0.67343377     0.83775500
    0.2202202     0.75017095     0.91889486
    0.2602603     0.77479741     0.99669098
    0.3003003     0.75893609     1.11182752
    0.3403403     0.75052838     1.24334405
    0.3803804     0.79813000     1.32426669
    0.4204204     0.87857204     1.27299573
    0.4604605     0.92427555     1.05281859
    0.5005005     0.92617651     0.74395201
    0.5405405     0.95077117     0.50923326
    0.5805806     1.03630521     0.46427695
    0.6206206     1.12312387     0.60458644
    0.6606607     1.11627813     0.83636624
    0.7007007     0.97954102     1.03790060
    0.7407407     0.76867145     1.11547131
    0.7807808     0.60150619     1.04391803
    0.8208208     0.56777105     0.86663263
    0.8608609     0.65704542     0.66278454
    0.9009009     0.79203588     0.50493742
    0.9409409     0.90158690     0.43017484
    0.9809810     0.94450137     0.44438143
    1.0210210     0.91124441     0.52683464
    1.0610611     0.82778015     0.63244534
    1.1011011     0.73303202     0.73926706
    1.1411411     0.64977923     0.85945078
    1.1811812     0.59871625     0.94990097
    1.2212212     0.62242141     0.91149076
    1.2612613     0.73318555     0.73942898
    1.3013013     0.84355765     0.55777491
    1.3413413     0.84303822     0.47358202
    1.3813814     0.73975160     0.49484176
    1.4214214     0.63270944     0.57458268
    1.4614615     0.57827034     0.64946813
    1.5015015     0.56274908     0.65297170
    1.5415415     0.55253051     0.55815565
    1.5815816     0.52076599     0.42022444
    1.6216216     0.46836610     0.34495562
    1.6616617     0.42253945     0.39254492
    1.7017017     0.39213457     0.51620598
    1.7417417     0.36112754     0.61161568
    1.7817818     0.33619222     0.62898281
    1.8218218     0.36281140     0.60568430
    1.8618619     0.48203189     0.58464128
    1.9019019     0.66587684     0.56059626
    1.9419419     0.79913138     0.52189587
    1.9819820     0.77007193     0.48770606
    2.0220220     0.59920902     0.48794672
    2.0620621     0.43608723     0.52409010
    2.1021021     0.40991955     0.55498908
    2.1421421     0.51026892     0.54383828
    2.1821822     0.62262593     0.51705473
    2.2222222     0.66308739     0.54298104
    2.2622623     0.65477176     0.66337625
    2.3023023     0.66968218     0.86551697
    2.3423423     0.74184851     1.09375866
    2.3823824     0.87094616     1.27120361
    2.4224224     1.05461445     1.33302228
    2.4624625     1.25025717     1.26546118
    2.5025025     1.34503443     1.11389071
    2.5425425     1.24169185     0.94380913
    2.5825826     0.97547569     0.80722033
    2.6226226     0.70785717     0.73227150
    2.6626627     0.59673614     0.70049404
    2.7027027     0.66776772     0.65297565
    2.7427427     0.78915732     0.55665331
    2.7827828     0.78547319     0.44049879
    2.8228228     0.60614819     0.35101370
    2.8628629     0.36199631     0.29695990
    2.9029029     0.19424636     0.24977070
    2.9429429     0.15477794     0.18828061
    2.9829830     0.20103887     0.12459430
    3.0230230     0.24990081     0.08134683
    3.0630631     0.24267331     0.06183767
    3.1031031     0.18896420     0.05471333
    3.1431431     0.14188196     0.06127691
    3.1831832     0.13634466     0.10770415
    3.2232232     0.17165476     0.22094238
    3.2632633     0.23363144     0.37927881
    3.3033033     0.30142414     0.49404095
    3.3433433     0.34808536     0.48223217
    3.3833834     0.36095928     0.36881643
    3.4234234     0.34843419     0.27646440
    3.4634635     0.32568957     0.30287927
    3.5035035     0.31816929     0.42586123
    3.5435435     0.35208387     0.52980131
    3.5835836     0.40680217     0.53172578
    3.6236236     0.41964510     0.46519024
    3.6636637     0.36722602     0.40848732
    3.7037037     0.29380111     0.37546615
    3.7437437     0.25158044     0.33040467
    3.7837838     0.25873959     0.26195316
    3.8238238     0.29969149     0.19417961
    3.8638639     0.33398704     0.15731812
    3.9039039     0.32931451     0.16737624
    3.9439439     0.29393078     0.20781030
    3.9839840     0.25617668     0.23049456
    4.0240240     0.22565184     0.20049036
    4.0640641     0.19507756     0.13461615
    4.1041041     0.16575870     0.07763281
    4.1441441     0.14675139     0.05433359
    4.1841842     0.13365979     0.05810955
    4.2242242     0.11597278     0.07064300
    4.2642643     0.10788704     0.08489133
    4.3043043     0.14714646     0.11811596
    4.3443443     0.25245693     0.19970176
    4.3843844     0.38859034     0.33934617
    4.4244244     0.48613178     0.51605937
    4.4644645     0.50646126     0.69538989
    4.5045045     0.48154553     0.83256592
    4.5445445     0.47298940     0.86953686
    4.5845846     0.49304133     0.77586294
    4.6246246     0.49831571     0.59687494
    4.6646647     0.46935416     0.43140463
    4.7047047     0.44662582     0.36249455
    4.7447447     0.46784681     0.41030072
    4.7847848     0.51875488     0.51676766
    4.8248248     0.56541532     0.57350357
    4.8648649     0.58551945     0.51197745
    4.9049049     0.55506261     0.37331861
    4.9449449     0.46033680     0.25869505
    4.9849850     0.33422740     0.22375755
    5.0250250     0.23966276     0.25075222
    5.0650651     0.21841482     0.30015545
    5.1051051     0.27192379     0.34961102
    5.1451452     0.36468214     0.38949368
    5.1851852     0.43095350     0.40818677
    5.2252252     0.41510899     0.38908593
    5.2652653     0.32544449     0.32521226
    5.3053053     0.22554625     0.23661013
    5.3453453     0.17230266     0.16097370
    5.3853854     0.17461993     0.12697342
    5.4254254     0.20232084     0.14623902
    5.4654655     0.23272222     0.22314191
    5.5055055     0.28668347     0.34791074
    5.5455455     0.39963824     0.47434342
    5.5855856     0.55519719     0.54256211
    5.6256256     0.67780117     0.54882332
    5.6656657     0.70592743     0.54649410
    5.7057057     0.64410566     0.55474750
    5.7457458     0.53740549     0.53227325
    5.7857858     0.43589333     0.46411348
    5.8258258     0.38392957     0.40455770
    5.8658659     0.39539103     0.41447075
    5.9059059     0.43364910     0.50280688
    5.9459459     0.45925586     0.62369707
    5.9859860     0.49099352     0.70298162
    6.0260260     0.55893435     0.69102843
    6.0660661     0.61726949     0.60434722
    6.1061061     0.59417220     0.50234609
    6.1461461     0.51444537     0.43769302
    6.1861862     0.47694710     0.43745375
    6.2262262     0.51106901     0.48658646
    6.2662663     0.53793556     0.51295778
    6.3063063     0.48830703     0.44828254
    6.3463464     0.39574874     0.31929279
    6.3863864     0.34412054     0.22601818
    6.4264264     0.36122212     0.23234275
    6.4664665     0.39377862     0.31773208
    6.5065065     0.37783894     0.41651670
    6.5465466     0.31359257     0.46822601
    6.5865866     0.25231454     0.45263989
    6.6266266     0.22204146     0.40452389
    6.6666667     0.20340207     0.37344798
    6.7067067     0.17653372     0.36703683
    6.7467467     0.15580304     0.36323815
    6.7867868     0.16973492     0.35758490
    6.8268268     0.23000480     0.36046470
    6.8668669     0.32927337     0.36854906
    6.9069069     0.44864198     0.36578532
    6.9469470     0.55996254     0.35062457
    6.9869870     0.64257575     0.36167954
    7.0270270     0.69821861     0.45247889
    7.0670671     0.73137869     0.60988372
    7.1071071     0.73356457     0.73193664
    7.1471472     0.70793530     0.73613581
    7.1871872     0.67568224     0.65471222
    7.2272272     0.63424920     0.57030968
    7.2672673     0.55363335     0.49996686
    7.3073073     0.43349408     0.40325845
    7.3473473     0.31277569     0.27192838
    7.3873874     0.21535718     0.15147587
    7.4274274     0.13343835     0.08626544
    7.4674675     0.06144551     0.08069487
    7.5075075     0.01383905     0.10507318
    7.5475475     0.01190554     0.12000670
    7.5875876     0.05928340     0.10431701
    7.6276276     0.12454227     0.06795465
    7.6676677     0.15795054     0.03458549
    7.7077077     0.13726932     0.01649365
    7.7477478     0.08626148     0.01089075
    7.7877878     0.04214819     0.01230365
    7.8278278     0.02132374     0.02074712
    7.8678679     0.02007394     0.03772493
    7.9079079     0.02842924     0.05657854
    7.9479479     0.03368009     0.06181734
    7.9879880     0.02242023     0.04399482
    8.0280280    -0.00665672     0.01393351
    8.0680681    -0.03275362    -0.00488275
    8.1081081    -0.02980679    -0.00099601
    8.1481482     0.00259069     0.01344993
    8.1881882     0.03876109     0.02213984
    8.2282282     0.05973528     0.02930939
    8.2682683     0.07140466     0.05422602
    8.3083083     0.08703446     0.10150521
    8.3483484     0.10507807     0.14584800
    8.3883884     0.11309932     0.15721433
    8.4284284     0.10717048     0.13911013
    8.4684685     0.09246126     0.12325262
    8.5085085     0.06717675     0.12541781
    8.5485485     0.02867408     0.12956436
    8.5885886    -0.00348434     0.11865325
    8.6286286     0.00574295     0.09848976
    8.6686687     0.07006527     0.08488592
    8.7087087     0.15946799     0.08397231
    8.7487488     0.21874039     0.09352307
    8.7887888     0.21626908     0.11514020
    8.8288288     0.17705573     0.15214023
    8.8688689     0.15672824     0.19210397
    8.9089089     0.18117963     0.20544080
    8.9489490     0.22174224     0.17331312
    8.9889890     0.23040769     0.11014095
    9.0290290     0.18864385     0.04997109
    9.0690691     0.11729632     0.01654097
    9.1091091     0.05076574     0.01204402
    9.1491491     0.01175891     0.02634055
    9.1891892     0.00396663     0.04944064
    9.2292292     0.01777590     0.07895346
    9.2692693     0.04255157     0.11956532
    9.3093093     0.07945058     0.17750726
    9.3493494     0.13910234     0.25357988
    9.3893894     0.21764455     0.32742863
    9.4294294     0.28437351     0.35366383
    9.4694695     0.31041177     0.30546882
    9.5095095     0.29843280     0.21449845
    9.5495496     0.26692194     0.13610626
    9.5895896     0.22321870     0.09517110
    9.6296296     0.17025772     0.08582943
    9.6696697     0.12239267     0.09257737
    9.7097097     0.09723477     0.09664233
    9.7497497     0.09718342     0.08564069
    9.7897898     0.10547877     0.06370278
    9.8298298     0.10211612     0.04087248
    9.8698699     0.08200607     0.01865505
    9.9099099     0.05179064    -0.00566270
    9.9499500     0.01374249    -0.03033676
    9.9899900    -0.03474736    -0.05289437
   10.0300300    -0.08569647    -0.07382246
   10.0700701    -0.11701394    -0.08849109
   10.1101101    -0.11404006    -0.08483234
   10.1501502    -0.08694685    -0.05809332
   10.1901902    -0.05608914    -0.01888644
   10.2302302    -0.03013776     0.01798950
   10.2702703    -0.00776103     0.04362959
   10.3103103     0.01062211     0.05489969
   10.3503504     0.02195497     0.05338242
   10.3903904     0.02725497     0.04548903
   10.4304304     0.03324675     0.04041062
   10.4704705     0.04493606     0.04414417
   10.5105105     0.05862833     0.05290976
   10.5505506     0.06560773     0.05603860
   10.5905906     0.06224998     0.04801472
   10.6306306     0.05322069     0.03317410
   10.6706707     0.04269605     0.01664355
   10.7107107     0.02468251    -0.00248646
   10.7507508    -0.01246540    -0.02052791
   10.7907908    -0.06640690    -0.01507395
   10.8308308    -0.10435420     0.03614075
   10.8708709    -0.07995026     0.11301768
   10.9109109     0.01477996     0.16130741
   10.9509510     0.12574277     0.15736838
   10.9909910     0.18806976     0.13257776
   11.0310310     0.18915018     0.12736605
   11.0710711     0.16171960     0.14832319
   11.1111111     0.13321485     0.17199019
   11.1511512     0.10933349     0.17548177
   11.1911912     0.09728095     0.15899600
   11.2312312     0.11270120     0.13992454
   11.2712713     0.15510545     0.12982267
   11.3113113     0.19571422     0.12286105
   11.3513514     0.20120591     0.10881831
   11.3913914     0.16192291     0.09420642
   11.4314314     0.09760848     0.10083805
   11.4714715     0.04530375     0.13833786
   11.5115115     0.03508344     0.18924824
   11.5515516     0.06914139     0.22734327
   11.5915916     0.12628002     0.23808836
   11.6316316     0.18589734     0.22318502
   11.6716717     0.24285352     0.20340695
   11.7117117     0.29400670     0.21031907
   11.7517518     0.31942889     0.25438347
   11.7917918     0.29840946     0.30625329
   11.8318318     0.24407536     0.32327275
   11.8718719     0.20062442     0.29000544
   11.9119119     0.19777457     0.23086682
   11.9519520     0.21875406     0.18935158
   11.9919920     0.22340318     0.18984087
   12.0320320     0.19967724     0.21398208
   12.0720721     0.17883108     0.22087714
   12.1121121     0.19362978     0.19470936
   12.1521522     0.23348830     0.16384991
   12.1921922     0.25669393     0.16400680
   12.2322322     0.24263812     0.19240670
   12.2722723     0.21054382     0.21582215
   12.3123123     0.18730318     0.21500245
   12.3523524     0.17985977     0.19747466
   12.3923924     0.18008917     0.17501196
   12.4324324     0.18008587     0.15692350
   12.4724725     0.18140247     0.16033519
   12.5125125     0.19193716     0.19501305
   12.5525526     0.20949747     0.23573518
   12.5925926     0.21843380     0.24205117
   12.6326326     0.20987548     0.21366553
   12.6726727     0.19015636     0.19718211
   12.7127127     0.17000399     0.22624508
   12.7527528     0.16222686     0.27513481
   12.7927928     0.17636164     0.28551911
   12.8328328     0.19709604     0.23140018
   12.8728729     0.18953938     0.14332559
   12.9129129     0.14194562     0.07071779
   12.9529530     0.08080425     0.03967942
   12.9929930     0.03778317     0.04923766
   13.0330330     0.02461908     0.08499009
   13.0730731     0.03984336     0.12667960
   13.1131131     0.07782389     0.15812264
   13.1531532     0.12679299     0.17786366
   13.1931932     0.17215814     0.19342513
   13.2332332     0.20786302     0.20714634
   13.2732733     0.23652279     0.21335412
   13.3133133     0.25651475     0.20479233
   13.3533534     0.25840912     0.17954415
   13.3933934     0.23742905     0.14354214
   13.4334334     0.20130391     0.10498064
   13.4734735     0.16234568     0.06998559
   13.5135135     0.12901824     0.04789423
   13.5535536     0.10778412     0.05649373
   13.5935936     0.10798368     0.11469994
   13.6336336     0.14154379     0.21716734
   13.6736737     0.21191511     0.31181682
   13.7137137     0.29406551     0.33134365
   13.7537538     0.33513198     0.26733635
   13.7937938     0.30177749     0.18605541
   13.8338338     0.22536808     0.15698716
   13.8738739     0.17347091     0.18905318
   13.9139139     0.17897449     0.23840184
   13.9539540     0.21679613     0.25675526
   13.9939940     0.24189085     0.22836768
   14.0340340     0.23113559     0.17757733
   14.0740741     0.19479804     0.15032527
   14.1141141     0.16350264     0.17623029
   14.1541542     0.16197513     0.24078708
   14.1941942     0.19200656     0.30096010
   14.2342342     0.24063922     0.32349260
   14.2742743     0.28861464     0.29908450
   14.3143143     0.30826340     0.23505399
   14.3543544     0.28135982     0.15172413
   14.3943944     0.22015242     0.07659294
   14.4344344     0.14923297     0.03155111
   14.4744745     0.08288111     0.02622401
   14.5145145     0.03357644     0.05931108
   14.5545546     0.01741684     0.12352711
   14.5945946     0.03774427     0.21084172
   14.6346346     0.07425255     0.30528518
   14.6746747     0.09923655     0.37243589
   14.7147147     0.11346442     0.38294579
   14.7547548     0.16118075     0.34977489
   14.7947948     0.28009107     0.30975969
   14.8348348     0.42523557     0.27047337
   14.8748749     0.48669919     0.20687607
   14.9149149     0.40997487     0.10986601
   14.9549550     0.25878684     0.01875164
   14.9949950     0.14293789    -0.00720840
   15.0350350     0.11431851     0.04669522
   15.0750751     0.13698407     0.12852540
   15.1151151     0.14570747     0.17446417
   15.1551552     0.12162575     0.17207961
   15.1951952     0.09636052     0.15548386
   15.2352352     0.10161323     0.15768782
   15.2752753     0.14582373     0.18984498
   15.3153153     0.21981367     0.24408397
   15.3553554     0.29065485     0.29217677
   15.3953954     0.31229342     0.30817671
   15.4354354     0.27620049     0.30480726
   15.4754755     0.23103474     0.31271197
   15.5155155     0.22974585     0.32658578
   15.5555556     0.27441145     0.31463745
   15.5955956     0.31981833     0.28068752
   15.6356356     0.32204009     0.28449704
   15.6756757     0.28647842     0.38441618
   15.7157157     0.26507960     0.55014622
   15.7557558     0.29787232     0.65269703
   15.7957958     0.36745035     0.59170214
   15.8358358     0.42418887     0.41264743
   15.8758759     0.43700030     0.23930937
   15.9159159     0.39642708     0.12837962
   15.9559560     0.29944656     0.04903991
   15.9959960     0.16419688    -0.03191993
   16.0360360     0.03480974    -0.09972294
   16.0760761    -0.04383447    -0.11830971
   16.1161161    -0.04042947    -0.07307021
   16.1561562     0.05603696     0.02682166
   16.1961962     0.21224634     0.16580433
   16.2362362     0.34815634     0.30989616
   16.2762763     0.39004927     0.39790837
   16.3163163     0.32815024     0.39594936
   16.3563564     0.21820214     0.34748027
   16.3963964     0.13619450     0.31813122
   16.4364364     0.13249037     0.31083558
   16.4764765     0.20756505     0.28273101
   16.5165165     0.30856115     0.22295179
   16.5565566     0.36353453     0.17174232
   16.5965966     0.34636618     0.16800205
   16.6366366     0.29263736     0.19932721
   16.6766767     0.24307755     0.21472812
   16.7167167     0.20721534     0.18653416
   16.7567568     0.18190692     0.14133280
   16.7967968     0.16556924     0.11868675
   16.8368368     0.15094776     0.11993215
   16.8768769     0.12508913     0.11614005
   16.9169169     0.08472956     0.09395748
   16.9569570     0.04714757     0.07366152
   16.9969970     0.04032060     0.08783888
   17.0370370     0.08783767     0.15800828
   17.0770771     0.19675249     0.27701768
   17.1171171     0.33477050     0.39443829
   17.1571572     0.42976544     0.44953539
   17.1971972     0.43607403     0.44727466
   17.2372372     0.39451015     0.45677258
   17.2772773     0.38140028     0.50310310
   17.3173173     0.41108255     0.51916864
   17.3573574     0.43077414     0.44347904
   17.3973974     0.39897775     0.31182906
   17.4374374     0.33017781     0.20728161
   17.4774775     0.26118887     0.15837116
   17.5175175     0.20409162     0.13130595
   17.5575576     0.14809212     0.09783941
   17.5975976     0.09107940     0.06884856
   17.6376376     0.04724406     0.06704887
   17.6776777     0.02746707     0.09368152
   17.7177177     0.02819026     0.12589744
   17.7577578     0.03975727     0.13955056
   17.7977978     0.05925733     0.13043509
   17.8378378     0.09177697     0.10984483
   17.8778779     0.13448722     0.08685701
   17.9179179     0.16475788     0.06485737
   17.9579580     0.15970990     0.05001527
   17.9979980     0.12798702     0.05301420
   18.0380380     0.10488760     0.07730107
   18.0780781     0.11078800     0.10609313
   18.1181181     0.12715954     0.11179007
   18.1581582     0.12192279     0.08572648
   18.1981982     0.08978707     0.04801380
   18.2382382     0.05570751     0.02403907
   18.2782783     0.04749779     0.02555967
   18.3183183     0.08008775     0.05512189
   18.3583584     0.15371738     0.11308876
   18.3983984     0.24563567     0.19666433
   18.4384384     0.31552963     0.29585575
   18.4784785     0.34380062     0.38716581
   18.5185185     0.34938318     0.43658643
   18.5585586     0.34811979     0.42422041
   18.5985986     0.32343890     0.36699610
   18.6386386     0.26476080     0.30672857
   18.6786787     0.19978930     0.27407710
   18.7187187     0.16450599     0.26873199
   18.7587588     0.17231574     0.27130922
   18.7987988     0.21745786     0.26662156
   18.8388388     0.27696353     0.25214161
   18.8788789     0.31490857     0.22846296
   18.9189189     0.30276665     0.19244402
   18.9589590     0.23225653     0.14657719
   18.9989990     0.12954802     0.11551955
   19.0390390     0.06883503     0.14210091
   19.0790791     0.12609174     0.25160022
   19.1191191     0.29935758     0.41943500
   19.1591592     0.50141089     0.57493363
   19.1991992     0.62756122     0.63727045
   19.2392392     0.61969094     0.56942033
   19.2792793     0.49112043     0.41858849
   19.3193193     0.31484866     0.29373845
   19.3593594     0.18322465     0.28971359
   19.3993994     0.16569285     0.42391839
   19.4394394     0.28741584     0.61507518
   19.4794795     0.50968263     0.72367172
   19.5195195     0.71552713     0.66375875
   19.5595596     0.76950846     0.48098986
   19.5995996     0.63804248     0.29445082
   19.6396396     0.42152073     0.18215504
   19.6796797     0.24744328     0.14164734
   19.7197197     0.16452592     0.13544143
   19.7597598     0.14666090     0.15054231
   19.7997998     0.16141092     0.21168101
   19.8398398     0.21141015     0.33867238
   19.8798799     0.31189387     0.49189581
   19.9199199     0.43811731     0.57337331
   19.9599600     0.51576709     0.51155581
   20.0000000     0.48567251     0.34169477
