#
#   partial DOS for atom species: Mn
#
#   Add data for atom_index =   6,  n,l,m,z=  3  2 -2  1
#   Add data for atom_index =   6,  n,l,m,z=  3  2 -1  1
#   Add data for atom_index =   6,  n,l,m,z=  3  2  0  1
#   Add data for atom_index =   6,  n,l,m,z=  3  2  1  1
#   Add data for atom_index =   6,  n,l,m,z=  3  2  2  1
#   Add data for atom_index =   6,  n,l,m,z=  3  2 -2  2
#   Add data for atom_index =   6,  n,l,m,z=  3  2 -1  2
#   Add data for atom_index =   6,  n,l,m,z=  3  2  0  2
#   Add data for atom_index =   6,  n,l,m,z=  3  2  1  2
#   Add data for atom_index =   6,  n,l,m,z=  3  2  2  2
#   Add data for atom_index =   6,  n,l,m,z=  3  2 -2  3
#   Add data for atom_index =   6,  n,l,m,z=  3  2 -1  3
#   Add data for atom_index =   6,  n,l,m,z=  3  2  0  3
#   Add data for atom_index =   6,  n,l,m,z=  3  2  1  3
#   Add data for atom_index =   6,  n,l,m,z=  3  2  2  3
#
#    Energy          spin 1        spin2
#
  -20.0000000     0.00000000     0.00000000
  -19.9599600     0.00000000     0.00000000
  -19.9199199     0.00000000     0.00000000
  -19.8798799     0.00000000     0.00000000
  -19.8398398     0.00000000     0.00000000
  -19.7997998     0.00000000     0.00000000
  -19.7597598     0.00000000     0.00000000
  -19.7197197     0.00000000     0.00000000
  -19.6796797     0.00000000     0.00000000
  -19.6396396     0.00000000     0.00000000
  -19.5995996     0.00000000     0.00000000
  -19.5595596     0.00000000     0.00000000
  -19.5195195     0.00000000     0.00000000
  -19.4794795     0.00000000     0.00000000
  -19.4394394     0.00000000     0.00000000
  -19.3993994     0.00000000     0.00000000
  -19.3593594     0.00000000     0.00000000
  -19.3193193     0.00000000     0.00000000
  -19.2792793     0.00000000     0.00000000
  -19.2392392     0.00000000     0.00000000
  -19.1991992     0.00000000     0.00000000
  -19.1591592     0.00000000     0.00000000
  -19.1191191     0.00000000     0.00000000
  -19.0790791     0.00000000     0.00000000
  -19.0390390     0.00000000     0.00000000
  -18.9989990     0.00000000     0.00000000
  -18.9589590     0.00000000     0.00000000
  -18.9189189     0.00000000     0.00000000
  -18.8788789     0.00000000     0.00000000
  -18.8388388     0.00000000     0.00000000
  -18.7987988     0.00000000     0.00000000
  -18.7587588     0.00000000     0.00000000
  -18.7187187     0.00000000     0.00000000
  -18.6786787     0.00000000     0.00000000
  -18.6386386     0.00000000     0.00000000
  -18.5985986    -0.00000000     0.00000000
  -18.5585586    -0.00000000    -0.00000000
  -18.5185185    -0.00000000    -0.00000000
  -18.4784785    -0.00000001    -0.00000000
  -18.4384384    -0.00000011    -0.00000001
  -18.3983984    -0.00000078    -0.00000010
  -18.3583584    -0.00000404    -0.00000062
  -18.3183183    -0.00001522    -0.00000285
  -18.2782783    -0.00004162    -0.00000943
  -18.2382382    -0.00008279    -0.00002267
  -18.1981982    -0.00012052    -0.00003969
  -18.1581582    -0.00013114    -0.00005108
  -18.1181181    -0.00011411    -0.00004995
  -18.0780781    -0.00009252    -0.00004107
  -18.0380380    -0.00008055    -0.00003428
  -17.9979980    -0.00006972    -0.00003137
  -17.9579580    -0.00005045    -0.00002681
  -17.9179179    -0.00002766    -0.00001819
  -17.8778779    -0.00001069    -0.00000883
  -17.8378378    -0.00000096    -0.00000124
  -17.7977978     0.00000682     0.00000718
  -17.7577578     0.00001765     0.00002160
  -17.7177177     0.00003221     0.00004333
  -17.6776777     0.00005256     0.00006852
  -17.6376376     0.00010084     0.00010722
  -17.5975976     0.00022698     0.00021352
  -17.5575576     0.00045902     0.00046568
  -17.5175175     0.00072274     0.00085169
  -17.4774775     0.00087757     0.00118873
  -17.4374374     0.00089848     0.00129011
  -17.3973974     0.00092330     0.00122951
  -17.3573574     0.00102055     0.00124574
  -17.3173173     0.00104518     0.00135839
  -17.2772773     0.00085269     0.00132041
  -17.2372372     0.00052070     0.00099877
  -17.1971972     0.00024081     0.00056409
  -17.1571572     0.00011578     0.00025875
  -17.1171171     0.00014658     0.00018390
  -17.0770771     0.00030401     0.00033142
  -17.0370370     0.00051889     0.00063060
  -16.9969970     0.00067069     0.00091402
  -16.9569570     0.00071155     0.00100918
  -16.9169169     0.00079308     0.00097424
  -16.8768769     0.00112571     0.00111408
  -16.8368368     0.00166131     0.00161266
  -16.7967968     0.00208362     0.00222404
  -16.7567568     0.00225451     0.00255417
  -16.7167167     0.00242942     0.00264217
  -16.6766767     0.00275286     0.00287285
  -16.6366366     0.00286669     0.00322674
  -16.5965966     0.00243969     0.00316542
  -16.5565566     0.00180002     0.00247395
  -16.5165165     0.00164037     0.00171979
  -16.4764765     0.00223746     0.00168473
  -16.4364364     0.00315971     0.00261719
  -16.3963964     0.00372397     0.00399998
  -16.3563564     0.00363032     0.00491538
  -16.3163163     0.00302150     0.00476468
  -16.2762763     0.00214939     0.00367989
  -16.2362362     0.00127635     0.00228692
  -16.1961962     0.00066288     0.00119529
  -16.1561562     0.00040004     0.00064247
  -16.1161161     0.00035457     0.00047714
  -16.0760761     0.00033329     0.00041812
  -16.0360360     0.00025330     0.00031221
  -15.9959960     0.00017071     0.00018024
  -15.9559560     0.00024173     0.00011579
  -15.9159159     0.00075731     0.00026285
  -15.8758759     0.00211223     0.00093618
  -15.8358358     0.00432931     0.00257786
  -15.7957958     0.00643327     0.00514760
  -15.7557558     0.00693171     0.00744445
  -15.7157157     0.00541848     0.00780553
  -15.6756757     0.00307722     0.00593995
  -15.6356356     0.00129408     0.00330270
  -15.5955956     0.00052055     0.00144543
  -15.5555556     0.00059427     0.00086846
  -15.5155155     0.00138598     0.00141423
  -15.4754755     0.00279318     0.00279829
  -15.4354354     0.00444915     0.00454836
  -15.3953954     0.00592574     0.00610038
  -15.3553554     0.00719849     0.00743290
  -15.3153153     0.00831840     0.00911858
  -15.2752753     0.00867335     0.01100486
  -15.2352352     0.00748020     0.01150796
  -15.1951952     0.00502766     0.00943640
  -15.1551552     0.00256134     0.00579835
  -15.1151151     0.00100306     0.00264567
  -15.0750751     0.00041516     0.00099251
  -15.0350350     0.00049316     0.00064684
  -14.9949950     0.00098221     0.00113821
  -14.9549550     0.00162079     0.00203501
  -14.9149149     0.00219851     0.00287222
  -14.8748749     0.00308914     0.00367584
  -14.8348348     0.00547558     0.00563727
  -14.7947948     0.01025692     0.01037800
  -14.7547548     0.01644989     0.01799421
  -14.7147147     0.02139740     0.02621694
  -14.6746747     0.02295208     0.03166211
  -14.6346346     0.02093567     0.03183836
  -14.5945946     0.01700334     0.02706738
  -14.5545546     0.01398118     0.02124980
  -14.5145145     0.01387197     0.01896484
  -14.4744745     0.01539924     0.02044182
  -14.4344344     0.01533944     0.02134337
  -14.3943944     0.01294886     0.01886128
  -14.3543544     0.01077144     0.01537715
  -14.3143143     0.01052583     0.01420987
  -14.2742743     0.01073122     0.01459223
  -14.2342342     0.00940402     0.01350573
  -14.1941942     0.00703386     0.01055371
  -14.1541542     0.00548969     0.00818776
  -14.1141141     0.00538393     0.00799763
  -14.0740741     0.00593671     0.00922495
  -14.0340340     0.00666720     0.01081427
  -13.9939940     0.00820833     0.01342530
  -13.9539540     0.01174466     0.01908356
  -13.9139139     0.01738113     0.02818949
  -13.8738739     0.02232292     0.03620250
  -13.8338338     0.02238941     0.03624819
  -13.7937938     0.01686669     0.02722392
  -13.7537538     0.00974547     0.01585295
  -13.7137137     0.00553620     0.00984188
  -13.6736737     0.00648017     0.01296082
  -13.6336336     0.01339675     0.02552126
  -13.5935936     0.02555216     0.04425216
  -13.5535536     0.03871612     0.06169331
  -13.5135135     0.04629439     0.06985680
  -13.4734735     0.04460028     0.06610947
  -13.4334334     0.03607829     0.05480014
  -13.3933934     0.02658413     0.04266862
  -13.3533534     0.02018795     0.03279159
  -13.3133133     0.01663136     0.02415471
  -13.2732733     0.01344125     0.01636114
  -13.2332332     0.00968644     0.01138088
  -13.1931932     0.00668329     0.01136208
  -13.1531532     0.00651805     0.01887191
  -13.1131131     0.01172719     0.03799559
  -13.0730731     0.02436990     0.06886671
  -13.0330330     0.04227372     0.10039059
  -12.9929930     0.05750212     0.11562845
  -12.9529530     0.06215521     0.10735304
  -12.9129129     0.05521606     0.08439069
  -12.8728729     0.04216192     0.06328973
  -12.8328328     0.03033095     0.05578250
  -12.7927928     0.02503279     0.06088929
  -12.7527528     0.02675488     0.06763035
  -12.7127127     0.03169304     0.06607798
  -12.6726727     0.03555288     0.05458158
  -12.6326326     0.03539962     0.03824164
  -12.5925926     0.02986137     0.02447221
  -12.5525526     0.02117621     0.01961751
  -12.5125125     0.01528274     0.02617227
  -12.4724725     0.01696986     0.04003627
  -12.4324324     0.02482172     0.05066807
  -12.3923924     0.03137675     0.04898833
  -12.3523524     0.02979520     0.03799915
  -12.3123123     0.02081184     0.03322924
  -12.2722723     0.01127360     0.05244682
  -12.2322322     0.00751273     0.10223304
  -12.1921922     0.01322184     0.16502662
  -12.1521522     0.03037490     0.20197424
  -12.1121121     0.05579424     0.18580803
  -12.0720721     0.07726320     0.13155065
  -12.0320320     0.08066915     0.08035178
  -11.9919920     0.06437746     0.05701024
  -11.9519520     0.04165699     0.05539113
  -11.9119119     0.02719819     0.05901860
  -11.8718719     0.02513325     0.06237911
  -11.8318318     0.02989739     0.06881997
  -11.7917918     0.03487739     0.07763424
  -11.7517518     0.03827736     0.08554249
  -11.7117117     0.04070712     0.09621615
  -11.6716717     0.04113890     0.11560941
  -11.6316316     0.03886693     0.14152832
  -11.5915916     0.03612442     0.16551099
  -11.5515516     0.03655219     0.17808908
  -11.5115115     0.04315633     0.17128852
  -11.4714715     0.05560466     0.14875613
  -11.4314314     0.06779096     0.13279132
  -11.3913914     0.07215014     0.14697292
  -11.3513514     0.06683756     0.18725203
  -11.3113113     0.05648853     0.21975730
  -11.2712713     0.04872279     0.21585140
  -11.2312312     0.04961997     0.18177858
  -11.1911912     0.05800333     0.14508588
  -11.1511512     0.06568253     0.12407481
  -11.1111111     0.06648563     0.11974160
  -11.0710711     0.06329598     0.12351606
  -11.0310310     0.06420982     0.12440633
  -10.9909910     0.07143252     0.11885119
  -10.9509510     0.07650039     0.11398223
  -10.9109109     0.06982474     0.11236541
  -10.8708709     0.05217065     0.10322311
  -10.8308308     0.03340745     0.07902604
  -10.7907908     0.02320071     0.04884831
  -10.7507508     0.02539937     0.02898044
  -10.7107107     0.03792456     0.03083184
  -10.6706707     0.05379564     0.05834414
  -10.6306306     0.06380929     0.10549724
  -10.5905906     0.06322513     0.15514893
  -10.5505506     0.05576867     0.18890917
  -10.5105105     0.04881601     0.19817378
  -10.4704705     0.04687070     0.18476445
  -10.4304304     0.05025846     0.16348438
  -10.3903904     0.05643439     0.16809244
  -10.3503504     0.06144595     0.23362017
  -10.3103103     0.06255982     0.35370719
  -10.2702703     0.06096642     0.47005945
  -10.2302302     0.06104971     0.53304742
  -10.1901902     0.06747717     0.55864122
  -10.1501502     0.08501000     0.58792985
  -10.1101101     0.11816276     0.61319420
  -10.0700701     0.16364982     0.59216026
  -10.0300300     0.20310571     0.52058308
   -9.9899900     0.21474698     0.45375680
   -9.9499500     0.19734555     0.45335464
   -9.9099099     0.17091951     0.51853582
   -9.8698699     0.14972280     0.57710569
   -9.8298298     0.12838552     0.56366508
   -9.7897898     0.09847710     0.49973119
   -9.7497497     0.06626262     0.46862831
   -9.7097097     0.04787276     0.51771756
   -9.6696697     0.05317172     0.60628647
   -9.6296296     0.07959235     0.64949593
   -9.5895896     0.11696688     0.60969561
   -9.5495496     0.15157495     0.53349217
   -9.5095095     0.17009742     0.49398811
   -9.4694695     0.16975292     0.51603353
   -9.4294294     0.16273089     0.56401094
   -9.3893894     0.16429824     0.58691899
   -9.3493494     0.17881949     0.57155072
   -9.3093093     0.19689104     0.56394738
   -9.2692693     0.20366948     0.63189852
   -9.2292292     0.19678778     0.78089869
   -9.1891892     0.19418012     0.92390027
   -9.1491491     0.21072925     0.97161577
   -9.1091091     0.23282416     0.93383508
   -9.0690691     0.23291907     0.90192022
   -9.0290290     0.20443643     0.95474890
   -8.9889890     0.17045297     1.09035519
   -8.9489490     0.16135896     1.21638330
   -8.9089089     0.18827752     1.21820260
   -8.8688689     0.23724220     1.07419653
   -8.8288288     0.28766815     0.89045705
   -8.7887888     0.33253208     0.81414645
   -8.7487488     0.37853849     0.92419060
   -8.7087087     0.42726047     1.15713163
   -8.6686687     0.46149232     1.32251390
   -8.6286286     0.46229331     1.27347563
   -8.5885886     0.43784774     1.07243155
   -8.5485485     0.41525584     0.92184857
   -8.5085085     0.40003966     0.95183287
   -8.4684685     0.36917136     1.11153742
   -8.4284284     0.31453446     1.24640371
   -8.3883884     0.26256559     1.26667198
   -8.3483484     0.23310623     1.21286614
   -8.3083083     0.20970157     1.15610292
   -8.2682683     0.17095228     1.10799529
   -8.2282282     0.12678483     1.05041967
   -8.1881882     0.10561665     0.99603535
   -8.1481482     0.12107507     0.98664398
   -8.1081081     0.16637569     1.05120525
   -8.0680681     0.23247687     1.19533529
   -8.0280280     0.31468722     1.40947200
   -7.9879880     0.40211393     1.64782223
   -7.9479479     0.47832200     1.83363613
   -7.9079079     0.53755372     1.92063309
   -7.8678679     0.58417814     1.92957622
   -7.8278278     0.61837322     1.92781048
   -7.7877878     0.65205299     1.98125541
   -7.7477478     0.72746929     2.08812004
   -7.7077077     0.85889982     2.15420353
   -7.6676677     0.96084128     2.09091600
   -7.6276276     0.92000793     1.93352013
   -7.5875876     0.74173106     1.80499151
   -7.5475475     0.54888727     1.79459240
   -7.5075075     0.46662460     1.92903986
   -7.4674675     0.56606345     2.19936965
   -7.4274274     0.83330445     2.51227703
   -7.3873874     1.12544890     2.65623125
   -7.3473473     1.25246859     2.44583907
   -7.3073073     1.15151995     1.91060993
   -7.2672673     0.90739440     1.27645881
   -7.2272272     0.62823858     0.77880947
   -7.1871872     0.38940721     0.52955382
   -7.1471472     0.25313270     0.50780724
   -7.1071071     0.26142216     0.60081617
   -7.0670671     0.39963720     0.66643022
   -7.0270270     0.57383246     0.62470259
   -6.9869870     0.65714341     0.50605727
   -6.9469470     0.60453628     0.38966323
   -6.9069069     0.50033996     0.32052836
   -6.8668669     0.46728790     0.30455173
   -6.8268268     0.55557420     0.33187271
   -6.7867868     0.71452500     0.37099409
   -6.7467467     0.84590297     0.37474127
   -6.7067067     0.88714298     0.32158384
   -6.6666667     0.83534620     0.23674227
   -6.6266266     0.70772436     0.16220511
   -6.5865866     0.53827723     0.12320961
   -6.5465466     0.40339147     0.12725092
   -6.5065065     0.37795299     0.17506373
   -6.4664665     0.46149414     0.25820053
   -6.4264264     0.59612331     0.34627539
   -6.3863864     0.75457017     0.39563962
   -6.3463464     0.95257198     0.38785275
   -6.3063063     1.15407460     0.34350101
   -6.2662663     1.24315644     0.28771211
   -6.2262262     1.15483692     0.22873912
   -6.1861862     0.96050334     0.18035935
   -6.1461461     0.77093086     0.17523777
   -6.1061061     0.63314310     0.23644304
   -6.0660661     0.54085786     0.34548664
   -6.0260260     0.48024977     0.45099774
   -5.9859860     0.45346924     0.51355939
   -5.9459459     0.46602713     0.53523603
   -5.9059059     0.49988578     0.53677804
   -5.8658659     0.52759784     0.52479448
   -5.8258258     0.54829154     0.49981196
   -5.7857858     0.59474247     0.47565729
   -5.7457458     0.71642543     0.46764358
   -5.7057057     0.93278638     0.47146338
   -5.6656657     1.17711496     0.47403336
   -5.6256256     1.33041339     0.47322508
   -5.5855856     1.34370604     0.46005136
   -5.5455455     1.29896428     0.40885794
   -5.5055055     1.33696488     0.32234438
   -5.4654655     1.54702141     0.25286219
   -5.4254254     1.91069569     0.25108424
   -5.3853854     2.30262930     0.31288736
   -5.3453453     2.56009358     0.37682945
   -5.3053053     2.60979524     0.37422631
   -5.2652653     2.52853084     0.29777000
   -5.2252252     2.43340465     0.20425185
   -5.1851852     2.32761458     0.14240559
   -5.1451452     2.12328175     0.11156694
   -5.1051051     1.78044328     0.09137708
   -5.0650651     1.35400638     0.07389139
   -5.0250250     0.95665660     0.06155687
   -4.9849850     0.70797281     0.05760900
   -4.9449449     0.65866668     0.06508335
   -4.9049049     0.73913205     0.08641661
   -4.8648649     0.81242331     0.11788233
   -4.8248248     0.80373209     0.14684139
   -4.7847848     0.76750910     0.16283559
   -4.7447447     0.80348213     0.16814929
   -4.7047047     0.92037839     0.16748615
   -4.6646647     1.02212881     0.15712664
   -4.6246246     1.03067346     0.13640506
   -4.5845846     0.95917538     0.11849465
   -4.5445445     0.84927026     0.11901312
   -4.5045045     0.72974147     0.13787760
   -4.4644645     0.64921084     0.15577609
   -4.4244244     0.64649635     0.15238135
   -4.3843844     0.68108982     0.12819881
   -4.3443443     0.67427822     0.10016738
   -4.3043043     0.61809216     0.08126922
   -4.2642643     0.57847785     0.07503780
   -4.2242242     0.59452886     0.07944702
   -4.1841842     0.62921761     0.08677865
   -4.1441441     0.62643842     0.08912551
   -4.1041041     0.58342172     0.08887375
   -4.0640641     0.54701562     0.09506339
   -4.0240240     0.54825137     0.10672440
   -3.9839840     0.56230839     0.10911784
   -3.9439439     0.54265074     0.09127226
   -3.9039039     0.48479400     0.06037087
   -3.8638639     0.43690735     0.03427745
   -3.8238238     0.44083521     0.02574721
   -3.7837838     0.47801694     0.03622859
   -3.7437437     0.48674266     0.05722889
   -3.7037037     0.42561174     0.07501229
   -3.6636637     0.31634860     0.08171488
   -3.6236236     0.22695478     0.08424150
   -3.5835836     0.20444421     0.09497028
   -3.5435435     0.22464222     0.11385909
   -3.5035035     0.22301172     0.12901194
   -3.4634635     0.17181846     0.13254922
   -3.4234234     0.10504579     0.12547154
   -3.3833834     0.07293869     0.11215292
   -3.3433433     0.10029467     0.09924149
   -3.3033033     0.18031234     0.09293355
   -3.2632633     0.27717198     0.09157749
   -3.2232232     0.33900497     0.08707599
   -3.1831832     0.33590540     0.07588720
   -3.1431431     0.28634503     0.06399080
   -3.1031031     0.23162564     0.05882097
   -3.0630631     0.19423852     0.05898674
   -3.0230230     0.17386223     0.05622172
   -2.9829830     0.16319118     0.04707288
   -2.9429429     0.15185864     0.03701890
   -2.9029029     0.13565773     0.03252262
   -2.8628629     0.13237660     0.03513431
   -2.8228228     0.16824447     0.04337184
   -2.7827828     0.23724741     0.05296940
   -2.7427427     0.28775513     0.05585169
   -2.7027027     0.26935743     0.04770675
   -2.6626627     0.18874896     0.03627510
   -2.6226226     0.09858737     0.03481641
   -2.5825826     0.04048543     0.04704723
   -2.5425425     0.02167926     0.06173747
   -2.5025025     0.03422734     0.06390926
   -2.4624625     0.06876394     0.05117353
   -2.4224224     0.10724873     0.03521179
   -2.3823824     0.12346853     0.02802532
   -2.3423423     0.10651067     0.03345019
   -2.3023023     0.07519929     0.05013872
   -2.2622623     0.05870528     0.07300027
   -2.2222222     0.07104609     0.09161083
   -2.1821822     0.10616022     0.09713615
   -2.1421421     0.14381604     0.09228242
   -2.1021021     0.16091011     0.08691326
   -2.0620621     0.15162898     0.08466385
   -2.0220220     0.13537353     0.08049653
   -1.9819820     0.13472180     0.07086165
   -1.9419419     0.15032985     0.06075745
   -1.9019019     0.16768969     0.05799928
   -1.8618619     0.18210995     0.06318918
   -1.8218218     0.19925055     0.06886469
   -1.7817818     0.21375509     0.06744068
   -1.7417417     0.21079404     0.05789087
   -1.7017017     0.18921031     0.04612278
   -1.6616617     0.16062685     0.04015256
   -1.6216216     0.12992662     0.04281867
   -1.5815816     0.09880557     0.04867170
   -1.5415415     0.07925093     0.05008204
   -1.5015015     0.08248589     0.04578332
   -1.4614615     0.10117061     0.04239137
   -1.4214214     0.11636737     0.04919419
   -1.3813814     0.11806372     0.07039391
   -1.3413413     0.10997399     0.09808553
   -1.3013013     0.09896341     0.11426704
   -1.2612613     0.08865907     0.10683633
   -1.2212212     0.08022248     0.08301465
   -1.1811812     0.07359168     0.06101642
   -1.1411411     0.07010802     0.05136110
   -1.1011011     0.07507714     0.05172529
   -1.0610611     0.09407947     0.05593041
   -1.0210210     0.12537616     0.06106187
   -0.9809810     0.15674589     0.06651554
   -0.9409409     0.17111910     0.07098613
   -0.9009009     0.15997562     0.07159996
   -0.8608609     0.13537747     0.06505269
   -0.8208208     0.12459281     0.05088111
   -0.7807808     0.14241345     0.03421422
   -0.7407407     0.16920935     0.02353540
   -0.7007007     0.16977522     0.02502932
   -0.6606607     0.13377334     0.03885209
   -0.6206206     0.08391947     0.05973161
   -0.5805806     0.04868170     0.08061231
   -0.5405405     0.04122997     0.09540166
   -0.5005005     0.05992784     0.09940767
   -0.4604605     0.09503354     0.09115428
   -0.4204204     0.13226916     0.07493451
   -0.3803804     0.15684732     0.05773974
   -0.3403403     0.16135356     0.04267758
   -0.3003003     0.15038684     0.02892889
   -0.2602603     0.13313956     0.01728245
   -0.2202202     0.11267167     0.01112598
   -0.1801802     0.08675664     0.01289757
   -0.1401401     0.05672705     0.02257044
   -0.1001001     0.02987340     0.03786469
   -0.0600601     0.01284736     0.05340267
   -0.0200200     0.00709460     0.06194766
    0.0200200     0.01155381     0.06091571
    0.0600601     0.02515045     0.05702310
    0.1001001     0.04408721     0.06023081
    0.1401401     0.06105126     0.07329519
    0.1801802     0.07225686     0.09120748
    0.2202202     0.08165620     0.10971537
    0.2602603     0.09331667     0.12780726
    0.3003003     0.10569246     0.14285271
    0.3403403     0.11667561     0.15026928
    0.3803804     0.12587604     0.14569016
    0.4204204     0.13132831     0.12544739
    0.4604605     0.13230399     0.09152932
    0.5005005     0.13462479     0.05533929
    0.5405405     0.14645447     0.03115735
    0.5805806     0.16725606     0.02807466
    0.6206206     0.18536909     0.04790954
    0.6606607     0.18823823     0.08354106
    0.7007007     0.17174263     0.11837909
    0.7407407     0.14385726     0.13496407
    0.7807808     0.12270370     0.12731588
    0.8208208     0.12227978     0.10346410
    0.8608609     0.13859763     0.07719131
    0.9009009     0.15607707     0.05785312
    0.9409409     0.16229126     0.04647696
    0.9809810     0.15218718     0.04060214
    1.0210210     0.12814933     0.03982506
    1.0610611     0.10032895     0.04560209
    1.1011011     0.07902255     0.05927328
    1.1411411     0.06627988     0.07820116
    1.1811812     0.06025363     0.09144708
    1.2212212     0.06345214     0.08819180
    1.2612613     0.07855793     0.07309037
    1.3013013     0.09890742     0.06190060
    1.3413413     0.11197237     0.06148096
    1.3813814     0.11097396     0.06547568
    1.4214214     0.09848567     0.06815820
    1.4614615     0.08368575     0.07063616
    1.5015015     0.07717232     0.07245354
    1.5415415     0.08119571     0.06777723
    1.5815816     0.08674118     0.05505159
    1.6216216     0.08575146     0.04394701
    1.6616617     0.07945505     0.04638064
    1.7017017     0.07121353     0.06186840
    1.7417417     0.06257720     0.07629559
    1.7817818     0.05878442     0.07732548
    1.8218218     0.06708717     0.06645531
    1.8618619     0.08685324     0.05205609
    1.9019019     0.10677873     0.03812139
    1.9419419     0.11371007     0.02579031
    1.9819820     0.10282300     0.01870418
    2.0220220     0.08084308     0.02057175
    2.0620621     0.06190050     0.02975932
    2.1021021     0.05665267     0.03891700
    2.1421421     0.06191963     0.04079790
    2.1821822     0.06536282     0.03561885
    2.2222222     0.06223076     0.03229638
    2.2622623     0.06017245     0.04076097
    2.3023023     0.06596662     0.06224734
    2.3423423     0.07692792     0.08701693
    2.3823824     0.08844207     0.10234366
    2.4224224     0.10040612     0.10394211
    2.4624625     0.11058787     0.09927636
    2.5025025     0.11046530     0.09794411
    2.5425425     0.09556268     0.10032434
    2.5825826     0.07486023     0.09996948
    2.6226226     0.06541121     0.09377283
    2.6626627     0.07888512     0.08379129
    2.7027027     0.11004972     0.07360956
    2.7427427     0.13601546     0.06719653
    2.7827828     0.13374405     0.06809831
    2.8228228     0.10224481     0.07756994
    2.8628629     0.06341537     0.09147193
    2.9029029     0.04207310     0.09922910
    2.9429429     0.04858046     0.09237083
    2.9829830     0.07387037     0.07530660
    3.0230230     0.09542276     0.06045938
    3.0630631     0.09673633     0.05229064
    3.1031031     0.08520837     0.04466165
    3.1431431     0.08141265     0.03446975
    3.1831832     0.09144811     0.02807195
    3.2232232     0.10122702     0.03156041
    3.2632633     0.09637992     0.04106732
    3.3033033     0.07773536     0.04597799
    3.3433433     0.05743174     0.04053273
    3.3833834     0.04615041     0.03044631
    3.4234234     0.04466468     0.02758591
    3.4634635     0.04549704     0.03862081
    3.5035035     0.04272072     0.05783034
    3.5435435     0.03824587     0.07196018
    3.5835836     0.03700792     0.07508967
    3.6236236     0.04091460     0.07403303
    3.6636637     0.04940256     0.07465744
    3.7037037     0.06029611     0.07224638
    3.7437437     0.07046613     0.06130458
    3.7837838     0.07913226     0.04529037
    3.8238238     0.08577652     0.03234257
    3.8638639     0.08535109     0.02839654
    3.9039039     0.07404895     0.03449014
    3.9439439     0.05672459     0.04459192
    3.9839840     0.04162326     0.04825391
    4.0240240     0.03248952     0.04116158
    4.0640641     0.02971246     0.03081411
    4.1041041     0.03375244     0.02858636
    4.1441441     0.04239450     0.03880159
    4.1841842     0.04778291     0.05517957
    4.2242242     0.04351816     0.06484694
    4.2642643     0.03446316     0.05901769
    4.3043043     0.03323817     0.04271063
    4.3443443     0.04651497     0.03096451
    4.3843844     0.06732337     0.03563577
    4.4244244     0.08121827     0.05768512
    4.4644645     0.08111254     0.08855042
    4.5045045     0.07511252     0.11598351
    4.5445445     0.07613900     0.12985314
    4.5845846     0.08578384     0.12548679
    4.6246246     0.09507353     0.10575273
    4.6646647     0.10011151     0.08038080
    4.7047047     0.10669820     0.06040212
    4.7447447     0.11596109     0.05204405
    4.7847848     0.11717968     0.05354540
    4.8248248     0.10323041     0.05669892
    4.8648649     0.08208722     0.05547593
    4.9049049     0.06522443     0.05378928
    4.9449449     0.05536415     0.05939128
    4.9849850     0.04998682     0.07016618
    5.0250250     0.04838706     0.07479227
    5.0650651     0.05244984     0.06836085
    5.1051051     0.06294121     0.05785406
    5.1451452     0.07515223     0.05150441
    5.1851852     0.07972157     0.05258584
    5.2252252     0.07234250     0.06209512
    5.2652653     0.06150019     0.07696447
    5.3053053     0.06026036     0.08676343
    5.3453453     0.07199553     0.08151566
    5.3853854     0.08877259     0.06306527
    5.4254254     0.09959268     0.04296916
    5.4654655     0.09714321     0.03048720
    5.5055055     0.08209162     0.02662468
    5.5455455     0.06300072     0.02757494
    5.5855856     0.04832465     0.03088557
    5.6256256     0.03989387     0.03894247
    5.6656657     0.03636831     0.05503674
    5.7057057     0.03782120     0.07429477
    5.7457458     0.04384176     0.08407147
    5.7857858     0.05163753     0.07845486
    5.8258258     0.05845163     0.06638869
    5.8658659     0.06285640     0.06104495
    5.9059059     0.06340007     0.06881936
    5.9459459     0.06077540     0.08980416
    5.9859860     0.06087811     0.11730982
    6.0260260     0.06823697     0.13561230
    6.0660661     0.07809408     0.13037383
    6.1061061     0.08500649     0.10489599
    6.1461461     0.09545121     0.07970540
    6.1861862     0.11779099     0.07497160
    6.2262262     0.14273991     0.09289595
    6.2662663     0.15064821     0.11343168
    6.3063063     0.13708587     0.11253030
    6.3463464     0.11540759     0.08967097
    6.3863864     0.09652745     0.06882061
    6.4264264     0.08011172     0.07033542
    6.4664665     0.06411092     0.09222450
    6.5065065     0.05404811     0.11815216
    6.5465466     0.06069495     0.13403980
    6.5865866     0.08780890     0.13797753
    6.6266266     0.12106888     0.13898020
    6.6666667     0.13459478     0.14314476
    6.7067067     0.11605996     0.14501898
    6.7467467     0.08236077     0.14070729
    6.7867868     0.06454023     0.13815476
    6.8268268     0.08232119     0.14317554
    6.8668669     0.13382105     0.14721961
    6.9069069     0.19573128     0.13822766
    6.9469470     0.23178100     0.11710870
    6.9869870     0.21960503     0.09816623
    7.0270270     0.17300166     0.09269637
    7.0670671     0.12560050     0.09594482
    7.1071071     0.09825400     0.09619728
    7.1471472     0.09080581     0.09105488
    7.1871872     0.09213173     0.08492069
    7.2272272     0.09049209     0.07781983
    7.2672673     0.08449577     0.06694957
    7.3073073     0.08374339     0.05277175
    7.3473473     0.09096537     0.03822653
    7.3873874     0.09266083     0.02793528
    7.4274274     0.07724383     0.02905484
    7.4674675     0.05201277     0.04623825
    7.5075075     0.03443681     0.07229521
    7.5475475     0.03639609     0.08813765
    7.5875876     0.05798476     0.07961495
    7.6276276     0.08506767     0.05283496
    7.6676677     0.09538623     0.02587959
    7.7077077     0.07863957     0.00970646
    7.7477478     0.04706677     0.00345974
    7.7877878     0.02005069     0.00273467
    7.8278278     0.00596262     0.00611016
    7.8678679     0.00245390     0.01561375
    7.9079079     0.00560007     0.03430319
    7.9479479     0.01391905     0.06345711
    7.9879880     0.02708039     0.09899110
    8.0280280     0.04565353     0.12829298
    8.0680681     0.07270274     0.13579362
    8.1081081     0.10812184     0.11722255
    8.1481482     0.13721595     0.08440721
    8.1881882     0.13782432     0.05483259
    8.2282282     0.10768555     0.04076829
    8.2682683     0.07119671     0.04492559
    8.3083083     0.05182774     0.06043043
    8.3483484     0.04998981     0.07583478
    8.3883884     0.05252110     0.08440004
    8.4284284     0.05342432     0.08936072
    8.4684685     0.05713271     0.09773178
    8.5085085     0.06653778     0.11080082
    8.5485485     0.07791800     0.12315046
    8.5885886     0.08738052     0.12734826
    8.6286286     0.09640883     0.11995342
    8.6686687     0.10914900     0.10664063
    8.7087087     0.12351520     0.09712397
    8.7487488     0.12839855     0.09404216
    8.7887888     0.11729305     0.09485230
    8.8288288     0.10317852     0.10104882
    8.8688689     0.10785518     0.11252271
    8.9089089     0.13287228     0.11799364
    8.9489490     0.15265159     0.10640868
    8.9889890     0.14332896     0.08453199
    9.0290290     0.10902894     0.07074319
    9.0690691     0.07357679     0.07371352
    9.1091091     0.05621343     0.08552194
    9.1491491     0.06087184     0.09302578
    9.1891892     0.07939055     0.09013785
    9.2292292     0.09751471     0.08139557
    9.2692693     0.10336922     0.07770577
    9.3093093     0.09902414     0.08857792
    9.3493494     0.10066076     0.11583268
    9.3893894     0.11809235     0.14853219
    9.4294294     0.13941069     0.16519780
    9.4694695     0.14702255     0.15354832
    9.5095095     0.14077316     0.12476216
    9.5495496     0.13212942     0.09644831
    9.5895896     0.12406427     0.07393087
    9.6296296     0.11002301     0.05711335
    9.6696697     0.08812694     0.04860920
    9.7097097     0.06651349     0.04915023
    9.7497497     0.05447783     0.05626830
    9.7897898     0.05326821     0.06676286
    9.8298298     0.05736958     0.07552268
    9.8698699     0.06111654     0.07835405
    9.9099099     0.06147662     0.07663441
    9.9499500     0.05911171     0.07212521
    9.9899900     0.05874575     0.06243001
   10.0300300     0.06244205     0.04754891
   10.0700701     0.06336234     0.03281163
   10.1101101     0.05401196     0.02279632
   10.1501502     0.03737972     0.01958653
   10.1901902     0.02245457     0.02533354
   10.2302302     0.01379407     0.03976427
   10.2702703     0.01065803     0.05650041
   10.3103103     0.01114644     0.06645467
   10.3503504     0.01439841     0.06454420
   10.3903904     0.02210697     0.05242780
   10.4304304     0.03730707     0.03735271
   10.4704705     0.05782724     0.02745489
   10.5105105     0.07306049     0.02528201
   10.5505506     0.07284391     0.02754768
   10.5905906     0.05872777     0.03228733
   10.6306306     0.04245718     0.04372931
   10.6706707     0.03476589     0.06961743
   10.7107107     0.03847966     0.11375410
   10.7507508     0.05154367     0.16628355
   10.7907908     0.07487358     0.20236364
   10.8308308     0.11400172     0.20304968
   10.8708709     0.16681702     0.17714525
   10.9109109     0.21197788     0.14977961
   10.9509510     0.22409017     0.13477856
   10.9909910     0.20258557     0.12815433
   11.0310310     0.17048516     0.12245355
   11.0710711     0.14458786     0.11954623
   11.1111111     0.12211277     0.12629605
   11.1511512     0.09836859     0.14151536
   11.1911912     0.08535329     0.15665539
   11.2312312     0.10272963     0.16713039
   11.2712713     0.15113040     0.17270512
   11.3113113     0.20464795     0.17085817
   11.3513514     0.23419422     0.16076610
   11.3913914     0.22842191     0.15015959
   11.4314314     0.19177807     0.15120563
   11.4714715     0.14097114     0.17105601
   11.5115115     0.10388586     0.20517961
   11.5515516     0.10312374     0.23628903
   11.5915916     0.13754473     0.24205193
   11.6316316     0.18656306     0.21242526
   11.6716717     0.22758600     0.16391919
   11.7117117     0.24436081     0.12933505
   11.7517518     0.22969857     0.12749164
   11.7917918     0.19117657     0.14713413
   11.8318318     0.15083081     0.16236199
   11.8718719     0.13270908     0.16053251
   11.9119119     0.14395373     0.15625934
   11.9519520     0.16584352     0.17735725
   11.9919920     0.17239267     0.22930576
   12.0320320     0.16168975     0.27814036
   12.0720721     0.16100122     0.28385592
   12.1121121     0.19576604     0.24492173
   12.1521522     0.25607417     0.19394998
   12.1921922     0.30187030     0.15889831
   12.2322322     0.30344704     0.14241424
   12.2722723     0.26537431     0.13187272
   12.3123123     0.21160154     0.11758817
   12.3523524     0.16339770     0.09866898
   12.3923924     0.13010591     0.07825777
   12.4324324     0.10829578     0.06171264
   12.4724725     0.09006848     0.05774882
   12.5125125     0.07505428     0.07173248
   12.5525526     0.07020478     0.09493457
   12.5925926     0.07941676     0.10990187
   12.6326326     0.09820274     0.11280714
   12.6726727     0.11580930     0.11957982
   12.7127127     0.12352086     0.13928609
   12.7527528     0.12647787     0.15349446
   12.7927928     0.13814901     0.13781746
   12.8328328     0.15488185     0.09475601
   12.8728729     0.15305735     0.05002446
   12.9129129     0.12106855     0.02529042
   12.9529530     0.07549936     0.02802086
   12.9929930     0.04089456     0.05822837
   13.0330330     0.03088235     0.10820645
   13.0730731     0.04849999     0.15844933
   13.1131131     0.08710711     0.18923358
   13.1531532     0.12855148     0.19870298
   13.1931932     0.15529495     0.20230320
   13.2332332     0.16698817     0.21395593
   13.2732733     0.17326493     0.22775489
   13.3133133     0.17681522     0.22185995
   13.3533534     0.17805288     0.18831821
   13.3933934     0.18350560     0.14740448
   13.4334334     0.19294191     0.11976899
   13.4734735     0.19005525     0.10179206
   13.5135135     0.16349890     0.08239514
   13.5535536     0.13008335     0.06902568
   13.5935936     0.12030106     0.08279726
   13.6336336     0.14470674     0.12911315
   13.6736737     0.18565575     0.17855649
   13.7137137     0.21493699     0.18878528
   13.7537538     0.21145008     0.15203521
   13.7937938     0.17339029     0.10641886
   13.8338338     0.12385935     0.09398344
   13.8738739     0.09563656     0.12101126
   13.9139139     0.10244359     0.15922368
   13.9539540     0.12889826     0.17421340
   13.9939940     0.14786978     0.15406440
   14.0340340     0.14319289     0.11951015
   14.0740741     0.12089936     0.10772562
   14.1141141     0.10398399     0.13957557
   14.1541542     0.11131028     0.19949954
   14.1941942     0.14187973     0.25051762
   14.2342342     0.18319168     0.26715255
   14.2742743     0.22160824     0.24969992
   14.3143143     0.23874702     0.21616904
   14.3543544     0.22218446     0.18911196
   14.3943944     0.18706303     0.18023622
   14.4344344     0.16395027     0.18083446
   14.4744745     0.16555301     0.17511064
   14.5145145     0.17999483     0.16286780
   14.5545546     0.18831426     0.15869530
   14.5945946     0.18018817     0.17447181
   14.6346346     0.15954396     0.21391926
   14.6746747     0.14131558     0.27254714
   14.7147147     0.14776110     0.33098149
   14.7547548     0.20064720     0.36089634
   14.7947948     0.29285956     0.34952829
   14.8348348     0.37082967     0.31224346
   14.8748749     0.38075062     0.27702802
   14.9149149     0.33274036     0.26280983
   14.9549550     0.28552848     0.26866469
   14.9949950     0.27253854     0.27686057
   15.0350350     0.27234694     0.27145026
   15.0750751     0.24894903     0.24890317
   15.1151151     0.20067099     0.20872882
   15.1551552     0.16034555     0.15499347
   15.1951952     0.15237536     0.10750815
   15.2352352     0.16637543     0.09254045
   15.2752753     0.18229305     0.12398113
   15.3153153     0.20077233     0.19260878
   15.3553554     0.22683449     0.26638378
   15.3953954     0.24760140     0.31622476
   15.4354354     0.25605692     0.34568239
   15.4754755     0.27271807     0.37314788
   15.5155155     0.31650588     0.39098153
   15.5555556     0.37264918     0.37156789
   15.5955956     0.40227073     0.31119691
   15.6356356     0.37574185     0.24720664
   15.6756757     0.30200908     0.22703766
   15.7157157     0.22670551     0.25808964
   15.7557558     0.19148163     0.29123261
   15.7957958     0.19718254     0.27261936
   15.8358358     0.21226369     0.20726119
   15.8758759     0.20808599     0.14657254
   15.9159159     0.17892301     0.12292953
   15.9559560     0.13982089     0.12296542
   15.9959960     0.11265887     0.11856929
   16.0360360     0.10661297     0.09982873
   16.0760761     0.11224249     0.07580974
   16.1161161     0.11739184     0.06337392
   16.1561562     0.12074766     0.08142709
   16.1961962     0.12868076     0.13748202
   16.2362362     0.14717522     0.20789275
   16.2762763     0.17508994     0.24690601
   16.3163163     0.19925142     0.23383111
   16.3563564     0.20143259     0.19991047
   16.3963964     0.17974096     0.19126258
   16.4364364     0.16065109     0.21488412
   16.4764765     0.17467426     0.23369918
   16.5165165     0.21435468     0.21353359
   16.5565566     0.23487038     0.16665361
   16.5965966     0.20914233     0.13622910
   16.6366366     0.16184780     0.14067431
   16.6766767     0.13547439     0.15308726
   16.7167167     0.14309147     0.14105733
   16.7567568     0.16362665     0.10815515
   16.7967968     0.17049890     0.08116410
   16.8368368     0.15674243     0.07066434
   16.8768769     0.13092556     0.06504508
   16.9169169     0.09997595     0.05680186
   16.9569570     0.06971139     0.05538240
   16.9969970     0.05372337     0.07336234
   17.0370370     0.06832276     0.11249247
   17.0770771     0.11711454     0.16429520
   17.1171171     0.18130811     0.21613945
   17.1571572     0.23126032     0.25760603
   17.1971972     0.25406033     0.28650039
   17.2372372     0.26188924     0.30696378
   17.2772773     0.27017099     0.31725339
   17.3173173     0.27949284     0.30200752
   17.3573574     0.27866159     0.24882895
   17.3973974     0.25687442     0.17393640
   17.4374374     0.21480559     0.11216391
   17.4774775     0.16462230     0.07891804
   17.5175175     0.11765192     0.06167895
   17.5575576     0.07728504     0.04837871
   17.5975976     0.04533938     0.04535475
   17.6376376     0.02696864     0.06426148
   17.6776777     0.02546802     0.10021245
   17.7177177     0.03596773     0.12799798
   17.7577578     0.04675726     0.12457942
   17.7977978     0.04944512     0.09375224
   17.8378378     0.04773135     0.05939333
   17.8778779     0.05042806     0.03789846
   17.9179179     0.05682436     0.02866204
   17.9579580     0.05836234     0.02802857
   17.9979980     0.05548232     0.04042796
   18.0380380     0.06137624     0.07052441
   18.0780781     0.08252181     0.10698542
   18.1181181     0.10338258     0.12386111
   18.1581582     0.10183817     0.10635762
   18.1981982     0.07737710     0.06811333
   18.2382382     0.05131200     0.03574092
   18.2782783     0.04013621     0.02615356
   18.3183183     0.04086789     0.04307000
   18.3583584     0.04291293     0.08187007
   18.3983984     0.04516463     0.13280794
   18.4384384     0.05862717     0.19072132
   18.4784785     0.09747370     0.25843597
   18.5185185     0.16749571     0.32383508
   18.5585586     0.25425728     0.35039803
   18.5985986     0.32481144     0.32096974
   18.6386386     0.35264530     0.26972609
   18.6786787     0.33653006     0.24229929
   18.7187187     0.29566953     0.24509751
   18.7587588     0.26205805     0.25084406
   18.7987988     0.26252388     0.23871180
   18.8388388     0.28756648     0.21514753
   18.8788789     0.29983246     0.19951372
   18.9189189     0.28139514     0.20027844
   18.9589590     0.24419275     0.20564710
   18.9989990     0.20122459     0.19728236
   19.0390390     0.16093749     0.17674009
   19.0790791     0.13982931     0.17013354
   19.1191191     0.15266778     0.19904406
   19.1591592     0.19378140     0.25295374
   19.1991992     0.23959045     0.29712028
   19.2392392     0.26335872     0.30829374
   19.2792793     0.24659021     0.29657932
   19.3193193     0.19481910     0.28976073
   19.3593594     0.14881125     0.31161443
   19.3993994     0.16475021     0.37267054
   19.4394394     0.27149285     0.44929057
   19.4794795     0.43691707     0.48043561
   19.5195195     0.57164529     0.42557465
   19.5595596     0.58860659     0.31292064
   19.5995996     0.47972151     0.20404426
   19.6396396     0.32108213     0.13312166
   19.6796797     0.19543642     0.09566217
   19.7197197     0.12915135     0.07618590
   19.7597598     0.10323724     0.07280149
   19.7997998     0.09649714     0.09689949
   19.8398398     0.10740351     0.15268969
   19.8798799     0.14399710     0.21774933
   19.9199199     0.19842841     0.24830202
   19.9599600     0.23692845     0.21655138
   20.0000000     0.22653981     0.14164495
