# EIG2DOS: Utility for SIESTA to obtain the electronic density of states
#  E. Artacho, Apr 1999, A. Garcia, Apr 2012
#  Nick R. Papior, Feb 2017
# ------------------------------------------
# Eigenvalues calculated from a spin-polarized calculation
# Eigenvalues read from hea.EIG
# Kpoint weights read from hea.KP
# Using smearing parameter:   0.0500
# Using 200 points in the energy range
# Selected bands: 1 to: 200
# Emin, Emax in file for selected band(s):   -110.8638280    243.8532240
# Nbands, Nspin, Nk   =    200     2    20
# E_F                 =    -7.2616 eV --> (shifted to ZERO)
# Broadening          =     0.0500 eV
#
#        E            N(up)        N(down)         Ntot
   -111.163828      0.000000      0.000000      0.000000
   -109.378315      0.000000      0.000000      0.000000
   -107.592802      0.000000      0.000000      0.000000
   -105.807290      0.000000      0.000000      0.000000
   -104.021777      0.000000      0.000000      0.000000
   -102.236264      0.000000      0.000000      0.000000
   -100.450751      0.000000      0.000000      0.000000
    -98.665238      0.000000      0.000000      0.000000
    -96.879725      0.000000      0.000000      0.000000
    -95.094213      0.000000      0.000000      0.000000
    -93.308700      0.000000      0.000000      0.000000
    -91.523187      0.000000      0.000000      0.000000
    -89.737674      0.000000      0.000000      0.000000
    -87.952161      0.000000      0.000000      0.000000
    -86.166648      0.000000      0.000000      0.000000
    -84.381136      0.000000      0.000000      0.000000
    -82.595623      0.000000      0.000000      0.000000
    -80.810110      0.000000      0.000000      0.000000
    -79.024597      0.546361     11.010026     11.556388
    -77.239084      0.000000      0.000000      0.000000
    -75.453572      0.000000      0.000000      0.000000
    -73.668059      0.000000      0.000000      0.000000
    -71.882546      0.000000      0.000000      0.000000
    -70.097033      0.000000      0.000000      0.000000
    -68.311520      0.000000      0.000000      0.000000
    -66.526007      0.000000      0.000000      0.000000
    -64.740495      0.000000      0.000000      0.000000
    -62.954982      0.000000      0.000000      0.000000
    -61.169469      0.000000      0.000000      0.000000
    -59.383956      0.000000      0.000000      0.000000
    -57.598443      0.000000      0.000000      0.000000
    -55.812930      0.000000      0.000000      0.000000
    -54.027418      0.000000      0.000000      0.000000
    -52.241905      0.000000      0.000000      0.000000
    -50.456392      0.000000      0.000000      0.000000
    -48.670879      0.000017      0.000000      0.000017
    -46.885366      0.000000      0.000000      0.000000
    -45.099854      0.000000      0.000000      0.000000
    -43.314341      0.000000      0.000000      0.000000
    -41.528828      0.000000      0.000000      0.000000
    -39.743315      0.000000      0.000000      0.000000
    -37.957802      0.000000      0.000000      0.000000
    -36.172289      0.000000      0.000000      0.000000
    -34.386777      0.000000      0.000000      0.000000
    -32.601264      0.000000      0.000000      0.000000
    -30.815751      0.000000      0.000000      0.000000
    -29.030238      0.000000      0.000000      0.000000
    -27.244725      0.000000      0.000000      0.000000
    -25.459212      0.000000      0.000000      0.000000
    -23.673700      0.000000      0.000000      0.000000
    -21.888187      0.000000      0.000000      0.000000
    -20.102674      0.000000      0.000000      0.000000
    -18.317161      0.000000      0.000000      0.000000
    -16.531648      0.000000      0.000000      0.000000
    -14.746135      0.000000      0.000000      0.000000
    -12.960623      0.000000      0.000000      0.000000
    -11.175110      0.000000      0.000000      0.000000
     -9.389597      0.000000      0.000000      0.000000
     -7.604084      0.755498      0.571383      1.326881
     -5.818571      2.101665      2.581645      4.683310
     -4.033059      3.878783      5.637282      9.516065
     -2.247546      4.223668      5.859458     10.083126
     -0.462033      2.841189      3.539102      6.380290
      1.323480      6.260301      3.446784      9.707085
      3.108993      0.651983      0.873681      1.525663
      4.894506      0.504691      0.171339      0.676030
      6.680018      0.966434      1.239394      2.205829
      8.465531      0.589188      0.584463      1.173651
     10.251044      0.535517      0.722280      1.257797
     12.036557      0.292263      0.315782      0.608045
     13.822070      1.714874      1.322083      3.036957
     15.607583      0.369582      0.330323      0.699905
     17.393095      0.766466      0.597823      1.364289
     19.178608      3.542543      2.741543      6.284086
     20.964121      0.291904      0.323848      0.615752
     22.749634      0.014710      0.015476      0.030186
     24.535147      1.210361      1.161005      2.371365
     26.320659      3.035987      3.244918      6.280905
     28.106172      0.436641      0.663064      1.099704
     29.891685      1.227067      1.588458      2.815525
     31.677198      1.631752      1.960648      3.592400
     33.462711      0.996891      0.923602      1.920493
     35.248224      0.598536      0.586809      1.185345
     37.033736      0.226033      0.101114      0.327146
     38.819249      0.154548      0.165397      0.319944
     40.604762      0.000000      0.000000      0.000000
     42.390275      2.190062      2.490771      4.680832
     44.175788      0.000346      0.000163      0.000509
     45.961301      1.191806      1.226508      2.418314
     47.746813      0.495885      0.573204      1.069089
     49.532326      2.669255      2.744442      5.413697
     51.317839      0.053478      0.072902      0.126379
     53.103352      0.410459      0.484500      0.894960
     54.888865      1.496653      1.575974      3.072627
     56.674377      0.478949      0.326292      0.805241
     58.459890      1.252917      1.231556      2.484472
     60.245403      0.000000      0.000000      0.000000
     62.030916      1.515750      1.028229      2.543978
     63.816429      0.529270      0.545813      1.075083
     65.601942      0.343703      0.314088      0.657791
     67.387454      0.000001      0.000005      0.000006
     69.172967      0.000063      0.000227      0.000290
     70.958480      0.286087      0.207215      0.493302
     72.743993      1.546233      1.311959      2.858192
     74.529506      0.372001      0.332131      0.704132
     76.315019      0.666335      0.450633      1.116968
     78.100531      1.091233      1.016613      2.107846
     79.886044      0.023228      0.054654      0.077882
     81.671557      1.259102      1.786613      3.045716
     83.457070      0.506379      0.784179      1.290559
     85.242583      0.018509      0.021140      0.039649
     87.028095      0.000014      0.000004      0.000018
     88.813608      1.066160      1.000653      2.066813
     90.599121      0.794642      0.885428      1.680070
     92.384634      0.711654      0.631166      1.342820
     94.170147      1.242375      1.170363      2.412738
     95.955660      0.265207      0.195826      0.461033
     97.741172      0.316396      0.259093      0.575489
     99.526685      1.759321      1.797375      3.556696
    101.312198      0.676492      0.711762      1.388253
    103.097711      1.122746      1.223209      2.345955
    104.883224      0.003123      0.001408      0.004531
    106.668737      0.449744      0.563097      1.012841
    108.454249      0.050884      0.067279      0.118163
    110.239762      0.005108      0.022823      0.027931
    112.025275      0.660530      0.435059      1.095589
    113.810788      0.415469      0.338548      0.754016
    115.596301      0.026202      0.054749      0.080950
    117.381813      0.000000      0.000000      0.000000
    119.167326      1.249467      1.163108      2.412575
    120.952839      0.941353      0.723095      1.664448
    122.738352      0.008735      0.006726      0.015460
    124.523865      0.626322      0.625722      1.252043
    126.309378      0.000000      0.000000      0.000000
    128.094890      0.000295      0.001236      0.001531
    129.880403      0.001006      0.000373      0.001380
    131.665916      0.000000      0.000000      0.000000
    133.451429      0.210135      0.229772      0.439906
    135.236942      1.168706      1.230544      2.399250
    137.022455      0.000000      0.000000      0.000000
    138.807967      0.000000      0.000000      0.000000
    140.593480      0.000000      0.000000      0.000000
    142.378993      0.000057      0.000131      0.000188
    144.164506      0.000000      0.000000      0.000000
    145.950019      0.000000      0.000000      0.000000
    147.735531      0.000000      0.000000      0.000000
    149.521044      0.000000      0.000000      0.000000
    151.306557      0.000000      0.000000      0.000000
    153.092070      0.000202      0.001136      0.001338
    154.877583      0.219597      0.081718      0.301315
    156.663096      0.706516      1.022301      1.728817
    158.448608      0.000000      0.000000      0.000000
    160.234121      1.985538      2.425392      4.410930
    162.019634      0.000004      0.000000      0.000004
    163.805147      0.000000      0.000000      0.000000
    165.590660      0.000000      0.000000      0.000000
    167.376173      0.000000      0.000000      0.000000
    169.161685      0.982076      0.632938      1.615013
    170.947198      0.013233      0.002435      0.015667
    172.732711      0.000000      0.000000      0.000000
    174.518224      0.006897      0.024482      0.031379
    176.303737      0.000015      0.000000      0.000016
    178.089250      0.000000      0.000000      0.000000
    179.874762      0.000011      0.000112      0.000123
    181.660275      0.000000      0.000000      0.000000
    183.445788      0.000000      0.000000      0.000000
    185.231301      0.413117      0.561045      0.974162
    187.016814      0.467597      0.235183      0.702780
    188.802326      0.000000      0.000000      0.000000
    190.587839      0.000000      0.000000      0.000000
    192.373352      0.013374      0.034294      0.047667
    194.158865      0.000000      0.000000      0.000000
    195.944378      0.000510      0.002960      0.003470
    197.729891      0.000000      0.000000      0.000000
    199.515403      0.000000      0.000000      0.000000
    201.300916      0.000062      0.000451      0.000513
    203.086429      0.000000      0.000000      0.000000
    204.871942      0.000000      0.000000      0.000000
    206.657455      0.000000      0.000000      0.000000
    208.442968      0.522243      0.250521      0.772764
    210.228480      0.000000      0.000000      0.000000
    212.013993      0.000000      0.000000      0.000000
    213.799506      0.042225      0.009475      0.051700
    215.585019      0.000000      0.000000      0.000000
    217.370532      0.000000      0.000000      0.000000
    219.156044      0.000000      0.000000      0.000000
    220.941557      0.012863      0.001044      0.013907
    222.727070      0.060622      0.007761      0.068383
    224.512583      0.000000      0.000000      0.000000
    226.298096      0.001703      0.000221      0.001924
    228.083609      0.000073      0.000007      0.000080
    229.869121      0.000000      0.000000      0.000000
    231.654634      0.000000      0.000000      0.000000
    233.440147      0.023888      0.002160      0.026049
    235.225660      0.000000      0.000000      0.000000
    237.011173      0.000000      0.000000      0.000000
    238.796686      0.000000      0.000000      0.000000
    240.582198      0.000000      0.000000      0.000000
    242.367711      0.000000      0.000000      0.000000
    244.153224      0.001615      0.014987      0.016602
