#
#   partial DOS for atom species: Mn
#
#   Add data for atom_index =   3,  n,l,m,z=  4  0  0  1
#   Add data for atom_index =   3,  n,l,m,z=  4  0  0  2
#   Add data for atom_index =   3,  n,l,m,z=  4  0  0  3
#   Add data for atom_index =   4,  n,l,m,z=  4  0  0  1
#   Add data for atom_index =   4,  n,l,m,z=  4  0  0  2
#   Add data for atom_index =   4,  n,l,m,z=  4  0  0  3
#   Add data for atom_index =   5,  n,l,m,z=  4  0  0  1
#   Add data for atom_index =   5,  n,l,m,z=  4  0  0  2
#   Add data for atom_index =   5,  n,l,m,z=  4  0  0  3
#   Add data for atom_index =   6,  n,l,m,z=  4  0  0  1
#   Add data for atom_index =   6,  n,l,m,z=  4  0  0  2
#   Add data for atom_index =   6,  n,l,m,z=  4  0  0  3
#   Add data for atom_index =   7,  n,l,m,z=  4  0  0  1
#   Add data for atom_index =   7,  n,l,m,z=  4  0  0  2
#   Add data for atom_index =   7,  n,l,m,z=  4  0  0  3
#   Add data for atom_index =   8,  n,l,m,z=  4  0  0  1
#   Add data for atom_index =   8,  n,l,m,z=  4  0  0  2
#   Add data for atom_index =   8,  n,l,m,z=  4  0  0  3
#
#    Energy          spin 1        spin2
#
  -20.0000000     0.00000000     0.00000000
  -19.9599600     0.00000000     0.00000000
  -19.9199199     0.00000000     0.00000000
  -19.8798799     0.00000000     0.00000000
  -19.8398398     0.00000000     0.00000000
  -19.7997998     0.00000000     0.00000000
  -19.7597598     0.00000000     0.00000000
  -19.7197197     0.00000000     0.00000000
  -19.6796797     0.00000000     0.00000000
  -19.6396396     0.00000000     0.00000000
  -19.5995996     0.00000000     0.00000000
  -19.5595596     0.00000000     0.00000000
  -19.5195195     0.00000000     0.00000000
  -19.4794795     0.00000000     0.00000000
  -19.4394394     0.00000000     0.00000000
  -19.3993994     0.00000000     0.00000000
  -19.3593594     0.00000000     0.00000000
  -19.3193193     0.00000000     0.00000000
  -19.2792793     0.00000000     0.00000000
  -19.2392392     0.00000000     0.00000000
  -19.1991992     0.00000000     0.00000000
  -19.1591592     0.00000000     0.00000000
  -19.1191191     0.00000000     0.00000000
  -19.0790791     0.00000000     0.00000000
  -19.0390390     0.00000000     0.00000000
  -18.9989990     0.00000000     0.00000000
  -18.9589590     0.00000000     0.00000000
  -18.9189189    -0.00000000    -0.00000000
  -18.8788789    -0.00000005    -0.00000005
  -18.8388388    -0.00000085    -0.00000085
  -18.7987988    -0.00001028    -0.00001029
  -18.7587588    -0.00008990    -0.00009003
  -18.7187187    -0.00057076    -0.00057145
  -18.6786787    -0.00262970    -0.00263232
  -18.6386386    -0.00879243    -0.00879919
  -18.5985986    -0.02133341    -0.02134499
  -18.5585586    -0.03756401    -0.03757587
  -18.5185185    -0.04801332    -0.04801762
  -18.4784785    -0.04467340    -0.04466733
  -18.4384384    -0.03112702    -0.03111634
  -18.3983984    -0.02058176    -0.02057404
  -18.3583584    -0.02699569    -0.02699441
  -18.3183183    -0.05927932    -0.05928478
  -18.2782783    -0.11195266    -0.11196364
  -18.2382382    -0.15629607    -0.15630916
  -18.1981982    -0.15863291    -0.15864354
  -18.1581582    -0.11684282    -0.11684863
  -18.1181181    -0.06229945    -0.06230122
  -18.0780781    -0.02302501    -0.02302365
  -18.0380380    -0.00070748    -0.00070005
  -17.9979980     0.02100816     0.02103027
  -17.9579580     0.05934181     0.05938697
  -17.9179179     0.11484240     0.11490335
  -17.8778779     0.16074988     0.16079856
  -17.8378378     0.16298930     0.16300137
  -17.7977978     0.11843248     0.11841277
  -17.7577578     0.05639609     0.05636602
  -17.7177177     0.00144973     0.00141820
  -17.6776777    -0.04316717    -0.04320753
  -17.6376376    -0.07622691    -0.07628117
  -17.5975976    -0.08696568    -0.08702447
  -17.5575576    -0.07098977    -0.07103692
  -17.5175175    -0.04197300    -0.04200052
  -17.4774775    -0.01798684    -0.01799846
  -17.4374374    -0.00546167    -0.00546494
  -17.3973974    -0.00049759    -0.00049687
  -17.3573574     0.00277892     0.00278401
  -17.3173173     0.00839520     0.00840796
  -17.2772773     0.01721289     0.01723500
  -17.2372372     0.02544044     0.02546721
  -17.1971972     0.02663923     0.02666106
  -17.1571572     0.01726630     0.01727556
  -17.1171171    -0.00210368    -0.00211063
  -17.0770771    -0.02970029    -0.02972714
  -17.0370370    -0.05956820    -0.05961692
  -16.9969970    -0.07759241    -0.07765481
  -16.9569570    -0.07208885    -0.07214688
  -16.9169169    -0.04846262    -0.04850181
  -16.8768769    -0.02363088    -0.02365009
  -16.8368368    -0.00836111    -0.00836795
  -16.7967968    -0.00214679    -0.00214855
  -16.7567568    -0.00040000    -0.00040033
  -16.7167167    -0.00005409    -0.00005413
  -16.6766767    -0.00000531    -0.00000531
  -16.6366366    -0.00000038    -0.00000038
  -16.5965966    -0.00000002    -0.00000002
  -16.5565566    -0.00000000    -0.00000000
  -16.5165165     0.00000000     0.00000000
  -16.4764765     0.00000000     0.00000000
  -16.4364364     0.00000000     0.00000000
  -16.3963964     0.00000000     0.00000000
  -16.3563564     0.00000000     0.00000000
  -16.3163163     0.00000000     0.00000000
  -16.2762763     0.00000002     0.00000002
  -16.2362362     0.00000032     0.00000032
  -16.1961962     0.00000474     0.00000476
  -16.1561562     0.00005077     0.00005088
  -16.1161161     0.00039424     0.00039493
  -16.0760761     0.00222091     0.00222417
  -16.0360360     0.00907197     0.00908265
  -15.9959960     0.02682278     0.02684662
  -15.9559560     0.05707352     0.05710806
  -15.9159159     0.08572387     0.08575192
  -15.8758759     0.08458107     0.08458434
  -15.8358358     0.03622485     0.03620542
  -15.7957958    -0.04235587    -0.04237975
  -15.7557558    -0.10736171    -0.10737844
  -15.7157157    -0.12360273    -0.12361343
  -15.6756757    -0.09401222    -0.09402015
  -15.6356356    -0.05054926    -0.05055468
  -15.5955956    -0.01959989    -0.01960270
  -15.5555556    -0.00579789    -0.00579950
  -15.5155155    -0.00326059    -0.00326451
  -15.4754755    -0.01077049    -0.01078519
  -15.4354354    -0.03796355    -0.03800331
  -15.3953954    -0.09800468    -0.09807476
  -15.3553554    -0.18156981    -0.18163855
  -15.3153153    -0.23850767    -0.23851247
  -15.2752753    -0.21929698    -0.21920668
  -15.2352352    -0.14729170    -0.14714760
  -15.1951952    -0.10311968    -0.10299541
  -15.1551552    -0.11823206    -0.11817278
  -15.1151151    -0.13976441    -0.13976711
  -15.0750751    -0.11841051    -0.11844163
  -15.0350350    -0.06865490    -0.06868291
  -14.9949950    -0.02761006    -0.02762443
  -14.9549550    -0.00781465    -0.00781950
  -14.9149149    -0.00157234    -0.00157347
  -14.8748749    -0.00022636    -0.00022655
  -14.8348348    -0.00002341    -0.00002343
  -14.7947948    -0.00000147    -0.00000147
  -14.7547548     0.00000468     0.00000467
  -14.7147147     0.00005964     0.00005961
  -14.6746747     0.00054114     0.00054091
  -14.6346346     0.00356280     0.00356162
  -14.5945946     0.01702228     0.01701854
  -14.5545546     0.05901896     0.05901250
  -14.5145145     0.14849530     0.14849544
  -14.4744745     0.27113230     0.27116250
  -14.4344344     0.35925035     0.35933005
  -14.3943944     0.34543039     0.34554519
  -14.3543544     0.24103011     0.24113685
  -14.3143143     0.12204778     0.12211531
  -14.2742743     0.04484904     0.04487883
  -14.2342342     0.01197905     0.01198843
  -14.1941942     0.00247240     0.00247517
  -14.1541542     0.00122303     0.00122643
  -14.1141141     0.00373094     0.00373970
  -14.0740741     0.01105128     0.01106653
  -14.0340340     0.02396264     0.02397537
  -13.9939940     0.03779494     0.03778962
  -13.9539540     0.04391271     0.04388760
  -13.9139139     0.04059236     0.04056455
  -13.8738739     0.04078913     0.04076633
  -13.8338338     0.06276801     0.06273035
  -13.7937938     0.10594315     0.10586942
  -13.7537538     0.13674645     0.13665841
  -13.7137137     0.12073149     0.12069908
  -13.6736737     0.07599603     0.07606750
  -13.6336336     0.05503556     0.05516206
  -13.5935936     0.06585020     0.06593450
  -13.5535536     0.06099295     0.06101333
  -13.5135135     0.01009778     0.01010992
  -13.4734735    -0.05771762    -0.05769009
  -13.4334334    -0.09204704    -0.09203606
  -13.3933934    -0.07879896    -0.07882031
  -13.3533534    -0.04458920    -0.04462082
  -13.3133133    -0.01762738    -0.01764820
  -13.2732733    -0.00496236    -0.00497067
  -13.2332332    -0.00090737    -0.00090923
  -13.1931932     0.00054025     0.00054192
  -13.1531532     0.00332271     0.00333057
  -13.1131131     0.01191064     0.01193100
  -13.0730731     0.03165833     0.03169141
  -13.0330330     0.06375497     0.06378131
  -12.9929930     0.09946389     0.09945177
  -12.9529530     0.12279778     0.12273854
  -12.9129129     0.12115820     0.12108140
  -12.8728729     0.09440411     0.09434389
  -12.8328328     0.05502859     0.05499011
  -12.7927928     0.01787620     0.01784686
  -12.7527528    -0.00981202    -0.00983290
  -12.7127127    -0.02571824    -0.02571965
  -12.6726727    -0.02661837    -0.02660584
  -12.6326326    -0.01343374    -0.01343119
  -12.5925926     0.00319292     0.00317625
  -12.5525526     0.01144647     0.01142407
  -12.5125125     0.01013357     0.01011826
  -12.4724725     0.00751926     0.00751671
  -12.4324324     0.01207737     0.01209264
  -12.3923924     0.02584832     0.02587586
  -12.3523524     0.04261284     0.04262943
  -12.3123123     0.05210498     0.05208907
  -12.2722723     0.04950306     0.04944881
  -12.2322322     0.04102723     0.04093533
  -12.1921922     0.03600618     0.03589407
  -12.1521522     0.03277516     0.03270795
  -12.1121121     0.02065378     0.02070466
  -12.0720721    -0.00069103    -0.00054481
  -12.0320320    -0.01668373    -0.01655364
  -11.9919920    -0.01949645    -0.01944954
  -11.9519520    -0.02186427    -0.02187599
  -11.9119119    -0.04478845    -0.04482443
  -11.8718719    -0.09795431    -0.09802471
  -11.8318318    -0.16696084    -0.16707695
  -11.7917918    -0.21555804    -0.21566757
  -11.7517518    -0.21248246    -0.21249770
  -11.7117117    -0.16305699    -0.16295642
  -11.6716717    -0.10489869    -0.10474855
  -11.6316316    -0.06877740    -0.06865229
  -11.5915916    -0.05391128    -0.05384182
  -11.5515516    -0.04305213    -0.04303328
  -11.5115115    -0.02801978    -0.02802954
  -11.4714715    -0.01435816    -0.01437314
  -11.4314314    -0.01151964    -0.01152834
  -11.3913914    -0.02642484    -0.02643186
  -11.3513514    -0.05922822    -0.05924879
  -11.3113113    -0.09726694    -0.09730847
  -11.2712713    -0.11855649    -0.11859753
  -11.2312312    -0.10930758    -0.10930896
  -11.1911912    -0.07593045    -0.07587325
  -11.1511512    -0.03624890    -0.03614884
  -11.1111111    -0.00341291    -0.00330613
  -11.0710711     0.01800403     0.01807768
  -11.0310310     0.02672722     0.02674557
  -10.9909910     0.02293704     0.02290672
  -10.9509510     0.00884315     0.00877863
  -10.9109109    -0.01341847    -0.01351306
  -10.8708709    -0.04143780    -0.04155028
  -10.8308308    -0.06844335    -0.06853536
  -10.7907908    -0.08547440    -0.08550408
  -10.7507508    -0.08912030    -0.08907589
  -10.7107107    -0.08171636    -0.08162186
  -10.6706707    -0.06552165    -0.06541996
  -10.6306306    -0.04274944    -0.04267754
  -10.5905906    -0.01980605    -0.01978284
  -10.5505506    -0.00622607    -0.00626238
  -10.5105105    -0.00727820    -0.00737582
  -10.4704705    -0.01874413    -0.01886888
  -10.4304304    -0.03107939    -0.03116217
  -10.3903904    -0.03814714    -0.03814192
  -10.3503504    -0.03932205    -0.03925019
  -10.3103103    -0.03507321    -0.03499407
  -10.2702703    -0.02598496    -0.02594035
  -10.2302302    -0.01555336    -0.01555008
  -10.1901902    -0.00931767    -0.00934279
  -10.1501502    -0.01044895    -0.01048479
  -10.1101101    -0.01663050    -0.01665778
  -10.0700701    -0.02131417    -0.02131545
  -10.0300300    -0.01967781    -0.01964901
   -9.9899900    -0.01331478    -0.01327039
   -9.9499500    -0.00766873    -0.00763195
   -9.9099099    -0.00624577    -0.00623410
   -9.8698699    -0.00845597    -0.00846951
   -9.8298298    -0.01100904    -0.01102597
   -9.7897898    -0.01012143    -0.01011360
   -9.7497497    -0.00363059    -0.00359305
   -9.7097097     0.00739504     0.00743503
   -9.6696697     0.01824658     0.01825903
   -9.6296296     0.02297016     0.02295756
   -9.5895896     0.01933685     0.01932722
   -9.5495496     0.01100867     0.01101952
   -9.5095095     0.00367020     0.00369616
   -9.4694695     0.00044357     0.00047105
   -9.4294294     0.00124719     0.00126442
   -9.3893894     0.00397796     0.00397560
   -9.3493494     0.00625786     0.00623107
   -9.3093093     0.00780169     0.00775490
   -9.2692693     0.00994936     0.00989923
   -9.2292292     0.01234962     0.01231990
   -9.1891892     0.01229297     0.01229785
   -9.1491491     0.00762189     0.00764978
   -9.1091091    -0.00021915    -0.00020475
   -9.0690691    -0.00557798    -0.00561386
   -9.0290290    -0.00329964    -0.00338503
   -8.9889890     0.00442534     0.00433888
   -8.9489490     0.00948747     0.00945301
   -8.9089089     0.00696519     0.00699286
   -8.8688689    -0.00134978    -0.00128990
   -8.8288288    -0.01186408    -0.01180703
   -8.7887888    -0.02260051    -0.02256617
   -8.7487488    -0.03157210    -0.03156975
   -8.7087087    -0.03558146    -0.03560986
   -8.6686687    -0.03240422    -0.03243949
   -8.6286286    -0.02365514    -0.02366455
   -8.5885886    -0.01447179    -0.01445187
   -8.5485485    -0.00986565    -0.00984890
   -8.5085085    -0.01162760    -0.01164639
   -8.4684685    -0.01788528    -0.01793737
   -8.4284284    -0.02406589    -0.02411690
   -8.3883884    -0.02525501    -0.02527173
   -8.3483484    -0.01973813    -0.01971685
   -8.3083083    -0.01019290    -0.01015907
   -8.2682683    -0.00094781    -0.00093406
   -8.2282282     0.00504708     0.00502449
   -8.1881882     0.00679577     0.00674791
   -8.1481482     0.00512923     0.00508693
   -8.1081081     0.00285705     0.00284902
   -8.0680681     0.00335216     0.00338649
   -8.0280280     0.00775619     0.00781740
   -7.9879880     0.01363682     0.01369381
   -7.9479479     0.01716343     0.01718806
   -7.9079079     0.01719381     0.01718194
   -7.8678679     0.01604588     0.01601299
   -7.8278278     0.01602151     0.01597971
   -7.7877878     0.01729395     0.01724848
   -7.7477478     0.01893299     0.01889703
   -7.7077077     0.01973129     0.01972547
   -7.6676677     0.01888516     0.01891677
   -7.6276276     0.01778883     0.01783989
   -7.5875876     0.02012267     0.02016193
   -7.5475475     0.02872773     0.02873202
   -7.5075075     0.04204890     0.04201968
   -7.4674675     0.05315202     0.05311781
   -7.4274274     0.05412511     0.05412240
   -7.3873874     0.04406982     0.04411567
   -7.3473473     0.03041265     0.03048964
   -7.3073073     0.02022426     0.02028637
   -7.2672673     0.01393191     0.01393752
   -7.2272272     0.00906596     0.00901890
   -7.1871872     0.00526235     0.00520573
   -7.1471472     0.00319196     0.00315732
   -7.1071071     0.00241213     0.00239709
   -7.0670671     0.00244635     0.00243720
   -7.0270270     0.00356729     0.00356044
   -6.9869870     0.00522294     0.00522508
   -6.9469470     0.00561579     0.00563172
   -6.9069069     0.00400306     0.00402581
   -6.8668669     0.00177416     0.00179073
   -6.8268268     0.00026407     0.00026890
   -6.7867868    -0.00107920    -0.00108248
   -6.7467467    -0.00375582    -0.00376244
   -6.7067067    -0.00814211    -0.00815058
   -6.6666667    -0.01249602    -0.01250765
   -6.6266266    -0.01450868    -0.01452514
   -6.5865866    -0.01390168    -0.01391930
   -6.5465466    -0.01213989    -0.01214856
   -6.5065065    -0.01016711    -0.01016114
   -6.4664665    -0.00833710    -0.00832083
   -6.4264264    -0.00716889    -0.00714495
   -6.3863864    -0.00591282    -0.00587559
   -6.3463464    -0.00190287    -0.00185591
   -6.3063063     0.00611636     0.00613946
   -6.2662663     0.01481807     0.01477175
   -6.2262262     0.01888241     0.01876744
   -6.1861862     0.01678574     0.01667070
   -6.1461461     0.01226085     0.01221756
   -6.1061061     0.00984565     0.00988131
   -6.0660661     0.01029770     0.01036672
   -6.0260260     0.01088938     0.01094394
   -5.9859860     0.00927489     0.00929414
   -5.9459459     0.00583775     0.00583205
   -5.9059059     0.00221488     0.00220984
   -5.8658659    -0.00115715    -0.00114687
   -5.8258258    -0.00485328    -0.00483442
   -5.7857858    -0.00841208    -0.00840249
   -5.7457458    -0.01023547    -0.01025120
   -5.7057057    -0.01001960    -0.01006911
   -5.6656657    -0.00961172    -0.00968838
   -5.6256256    -0.01020693    -0.01027658
   -5.5855856    -0.00992099    -0.00993105
   -5.5455455    -0.00568427    -0.00561296
   -5.5055055     0.00274710     0.00285164
   -5.4654655     0.01170618     0.01176427
   -5.4254254     0.01668714     0.01667085
   -5.3853854     0.01596729     0.01591715
   -5.3453453     0.01156850     0.01152350
   -5.3053053     0.00815044     0.00809386
   -5.2652653     0.01106281     0.01094579
   -5.2252252     0.02279872     0.02261250
   -5.1851852     0.03859619     0.03842437
   -5.1451452     0.04749407     0.04745505
   -5.1051051     0.04241173     0.04252471
   -5.0650651     0.02758314     0.02774535
   -5.0250250     0.01226190     0.01236732
   -4.9849850     0.00133758     0.00136166
   -4.9449449    -0.00472435    -0.00474545
   -4.9049049    -0.00643803    -0.00646157
   -4.8648649    -0.00518399    -0.00519042
   -4.8248248    -0.00305252    -0.00304173
   -4.7847848    -0.00080667    -0.00078250
   -4.7447447     0.00256549     0.00260052
   -4.7047047     0.00789043     0.00793864
   -4.6646647     0.01530699     0.01538677
   -4.6246246     0.02615011     0.02628349
   -4.5845846     0.04109722     0.04125421
   -4.5445445     0.05446494     0.05454848
   -4.5045045     0.05702100     0.05696440
   -4.4644645     0.04755532     0.04740662
   -4.4244244     0.03428577     0.03414503
   -4.3843844     0.02377590     0.02369264
   -4.3443443     0.01611254     0.01607851
   -4.3043043     0.00996043     0.00995386
   -4.2642643     0.00558194     0.00558717
   -4.2242242     0.00352248     0.00352586
   -4.1841842     0.00436364     0.00434839
   -4.1441441     0.00961395     0.00956436
   -4.1041041     0.02011092     0.02003288
   -4.0640641     0.03222299     0.03216254
   -4.0240240     0.03820800     0.03821983
   -3.9839840     0.03411371     0.03419452
   -3.9439439     0.02584390     0.02592656
   -3.9039039     0.02354514     0.02357247
   -3.8638639     0.03026009     0.03024298
   -3.8238238     0.03758467     0.03758321
   -3.7837838     0.03351035     0.03356547
   -3.7437437     0.01556866     0.01565823
   -3.7037037    -0.00564244    -0.00557516
   -3.6636637    -0.01768526    -0.01767258
   -3.6236236    -0.01894268    -0.01897277
   -3.5835836    -0.01821492    -0.01825796
   -3.5435435    -0.02329087    -0.02332619
   -3.5035035    -0.03215540    -0.03217318
   -3.4634635    -0.03587650    -0.03587220
   -3.4234234    -0.02940308    -0.02938183
   -3.3833834    -0.01706836    -0.01704443
   -3.3433433    -0.00656771    -0.00655194
   -3.3033033    -0.00123782    -0.00123089
   -3.2632633     0.00027838     0.00028059
   -3.2232232     0.00031698     0.00031758
   -3.1831832     0.00015027     0.00015047
   -3.1431431     0.00019128     0.00019154
   -3.1031031     0.00093139     0.00093201
   -3.0630631     0.00403284     0.00403337
   -3.0230230     0.01306272     0.01306071
   -2.9829830     0.03174997     0.03174468
   -2.9429429     0.05863720     0.05863999
   -2.9029029     0.08365990     0.08368848
   -2.8628629     0.09442334     0.09446725
   -2.8228228     0.08828393     0.08829825
   -2.7827828     0.07560112     0.07556142
   -2.7427427     0.06762064     0.06755658
   -2.7027027     0.06306487     0.06302206
   -2.6626627     0.05268226     0.05267658
   -2.6226226     0.03463771     0.03465458
   -2.5825826     0.01660715     0.01662718
   -2.5425425     0.00488113     0.00489564
   -2.5025025    -0.00085763    -0.00085075
   -2.4624625    -0.00430880    -0.00431290
   -2.4224224    -0.00977692    -0.00979677
   -2.3823824    -0.02069074    -0.02072673
   -2.3423423    -0.03562641    -0.03566788
   -2.3023023    -0.04629059    -0.04632076
   -2.2622623    -0.04513967    -0.04515533
   -2.2222222    -0.03499156    -0.03500711
   -2.1821822    -0.02529232    -0.02531102
   -2.1421421    -0.02030714    -0.02030491
   -2.1021021    -0.01687589    -0.01683393
   -2.0620621    -0.01147451    -0.01141330
   -2.0220220    -0.00384864    -0.00380684
   -1.9819820     0.00488810     0.00489651
   -1.9419419     0.01364645     0.01363420
   -1.9019019     0.02067074     0.02065044
   -1.8618619     0.02294233     0.02292106
   -1.8218218     0.01850896     0.01849836
   -1.7817818     0.01028479     0.01029125
   -1.7417417     0.00438277     0.00439321
   -1.7017017     0.00414555     0.00414113
   -1.6616617     0.00846339     0.00844467
   -1.6216216     0.01479739     0.01478431
   -1.5815816     0.02160328     0.02160985
   -1.5415415     0.02811198     0.02813115
   -1.5015015     0.03308140     0.03309854
   -1.4614615     0.03521307     0.03522449
   -1.4214214     0.03459811     0.03461109
   -1.3813814     0.03291654     0.03293684
   -1.3413413     0.03205087     0.03207353
   -1.3013013     0.03151323     0.03152438
   -1.2612613     0.02873499     0.02872281
   -1.2212212     0.02454081     0.02450222
   -1.1811812     0.02520195     0.02514092
   -1.1411411     0.03473036     0.03466443
   -1.1011011     0.04655145     0.04651711
   -1.0610611     0.04768719     0.04771084
   -1.0210210     0.03310210     0.03316497
   -0.9809810     0.01212917     0.01218548
   -0.9409409    -0.00043147    -0.00041067
   -0.9009009     0.00498266     0.00496359
   -0.8608609     0.02991184     0.02985828
   -0.8208208     0.06911562     0.06903872
   -0.7807808     0.11466192     0.11457543
   -0.7407407     0.16228695     0.16220763
   -0.7007007     0.20736095     0.20732691
   -0.6606607     0.23349366     0.23354743
   -0.6206206     0.22156556     0.22168942
   -0.5805806     0.17355116     0.17366824
   -0.5405405     0.11495752     0.11501695
   -0.5005005     0.07312161     0.07313810
   -0.4604605     0.05656842     0.05657840
   -0.4204204     0.05339430     0.05340915
   -0.3803804     0.04893812     0.04894544
   -0.3403403     0.04271389     0.04270443
   -0.3003003     0.04455691     0.04453102
   -0.2602603     0.05679071     0.05674590
   -0.2202202     0.06665686     0.06659260
   -0.1801802     0.05929319     0.05922589
   -0.1401401     0.03434344     0.03429930
   -0.1001001     0.00512182     0.00511542
   -0.0600601    -0.01486462    -0.01483855
   -0.0200200    -0.02070587    -0.02066573
    0.0200200    -0.01617041    -0.01613528
    0.0600601    -0.00868217    -0.00866106
    0.1001001    -0.00328049    -0.00327122
    0.1401401    -0.00059764    -0.00059376
    0.1801802     0.00101180     0.00101519
    0.2202202     0.00308090     0.00308489
    0.2602603     0.00583608     0.00583719
    0.3003003     0.00795895     0.00795198
    0.3403403     0.00787916     0.00786387
    0.3803804     0.00572481     0.00570763
    0.4204204     0.00351010     0.00349675
    0.4604605     0.00426075     0.00424853
    0.5005005     0.01307307     0.01304984
    0.5405405     0.03804854     0.03799987
    0.5805806     0.08359005     0.08351768
    0.6206206     0.13783211     0.13776801
    0.6606607     0.17399067     0.17397505
    0.7007007     0.17306655     0.17310416
    0.7407407     0.13985972     0.13991466
    0.7807808     0.09354947     0.09358549
    0.8208208     0.05157389     0.05158393
    0.8608609     0.02294273     0.02293985
    0.9009009     0.00831801     0.00831448
    0.9409409     0.00393615     0.00393700
    0.9809810     0.00700720     0.00701444
    1.0210210     0.01730324     0.01731673
    1.0610611     0.03276534     0.03277804
    1.1011011     0.04524438     0.04524360
    1.1411411     0.04583544     0.04581526
    1.1811812     0.03599754     0.03596478
    1.2212212     0.02829608     0.02825931
    1.2612613     0.03410980     0.03407318
    1.3013013     0.05227755     0.05225195
    1.3413413     0.07050722     0.07051271
    1.3813814     0.08067892     0.08072373
    1.4214214     0.08983053     0.08989602
    1.4614615     0.10576129     0.10581479
    1.5015015     0.11710418     0.11712308
    1.5415415     0.10511599     0.10510210
    1.5815816     0.07108154     0.07105517
    1.6216216     0.03470333     0.03468277
    1.6616617     0.00977901     0.00976850
    1.7017017    -0.00474737    -0.00475292
    1.7417417    -0.01324689    -0.01325392
    1.7817818    -0.01360178    -0.01361504
    1.8218218    -0.00240410    -0.00242501
    1.8618619     0.01452584     0.01450173
    1.9019019     0.02525420     0.02523514
    1.9419419     0.02451166     0.02450091
    1.9819820     0.01617612     0.01616840
    2.0220220     0.00647242     0.00646235
    2.0620621    -0.00015505    -0.00016619
    2.1021021    -0.00235589    -0.00236413
    2.1421421    -0.00165721    -0.00166149
    2.1821822     0.00033395     0.00033155
    2.2222222     0.00483223     0.00482720
    2.2622623     0.01656324     0.01654561
    2.3023023     0.04105392     0.04100506
    2.3423423     0.07789822     0.07780200
    2.3823824     0.11527985     0.11515438
    2.4224224     0.13430445     0.13421352
    2.4624625     0.12283032     0.12282857
    2.5025025     0.08720746     0.08727900
    2.5425425     0.04896840     0.04905288
    2.5825826     0.02731493     0.02737486
    2.6226226     0.02492305     0.02495468
    2.6626627     0.03010881     0.03011527
    2.7027027     0.03042943     0.03041652
    2.7427427     0.02341635     0.02340139
    2.7827828     0.01454198     0.01454457
    2.8228228     0.00797562     0.00799963
    2.8628629     0.00458085     0.00460945
    2.9029029     0.00984808     0.00985469
    2.9429429     0.03711553     0.03708143
    2.9829830     0.09233198     0.09226396
    3.0230230     0.15300663     0.15294260
    3.0630631     0.17728182     0.17726302
    3.1031031     0.14691297     0.14694227
    3.1431431     0.08788012     0.08792431
    3.1831832     0.03814086     0.03817157
    3.2232232     0.01251811     0.01253143
    3.2632633     0.00584843     0.00585233
    3.3033033     0.01324010     0.01324052
    3.3433433     0.03856967     0.03856795
    3.3833834     0.08569581     0.08569169
    3.4234234     0.14175270     0.14174730
    3.4634635     0.17584052     0.17583554
    3.5035035     0.16568065     0.16567502
    3.5435435     0.12209702     0.12208921
    3.5835836     0.07767175     0.07766739
    3.6236236     0.05693357     0.05694725
    3.6636637     0.06475185     0.06479599
    3.7037037     0.09399798     0.09406404
    3.7437437     0.13252675     0.13258183
    3.7837838     0.16799157     0.16800402
    3.8238238     0.19297355     0.19293589
    3.8638639     0.20082425     0.20074924
    3.9039039     0.18280381     0.18272416
    3.9439439     0.14080554     0.14077310
    3.9839840     0.09502418     0.09507005
    4.0240240     0.07152977     0.07163021
    4.0640641     0.08344109     0.08354123
    4.1041041     0.11876125     0.11881536
    4.1441441     0.14540318     0.14539513
    4.1841842     0.13926883     0.13921605
    4.2242242     0.11149189     0.11142489
    4.2642643     0.09947056     0.09940452
    4.3043043     0.12781355     0.12775128
    4.3443443     0.18020483     0.18016117
    4.3843844     0.21143500     0.21143370
    4.4244244     0.19357668     0.19361839
    4.4644645     0.14781651     0.14787092
    4.5045045     0.12027536     0.12031054
    4.5445445     0.13406583     0.13407054
    4.5845846     0.17476839     0.17475110
    4.6246246     0.20864320     0.20862454
    4.6646647     0.20549080     0.20548949
    4.7047047     0.15992924     0.15994549
    4.7447447     0.09951235     0.09953002
    4.7847848     0.06620166     0.06620415
    4.8248248     0.09374854     0.09372662
    4.8648649     0.19454004     0.19449468
    4.9049049     0.33582190     0.33576985
    4.9449449     0.43189699     0.43186269
    4.9849850     0.40893598     0.40892827
    5.0250250     0.28487709     0.28488365
    5.0650651     0.14643235     0.14643875
    5.1051051     0.05665891     0.05666195
    5.1451452     0.01893396     0.01893972
    5.1851852     0.01010390     0.01012471
    5.2252252     0.01347039     0.01352099
    5.2652653     0.02543919     0.02552327
    5.3053053     0.05088776     0.05099025
    5.3453453     0.09399964     0.09409861
    5.3853854     0.14378143     0.14384350
    5.4254254     0.17299544     0.17296185
    5.4654655     0.16690986     0.16674708
    5.5055055     0.14505104     0.14481221
    5.5455455     0.13351216     0.13330197
    5.5855856     0.12737456     0.12726837
    5.6256256     0.10451140     0.10451360
    5.6656657     0.06447225     0.06452972
    5.7057057     0.02942488     0.02947944
    5.7457458     0.01502860     0.01505630
    5.7857858     0.01833121     0.01833801
    5.8258258     0.02847533     0.02847561
    5.8658659     0.03971024     0.03971347
    5.9059059     0.05589630     0.05590388
    5.9459459     0.08128776     0.08129697
    5.9859860     0.10568806     0.10569724
    6.0260260     0.10905373     0.10906398
    6.0660661     0.08697820     0.08699287
    6.1061061     0.06143993     0.06146025
    6.1461461     0.06193549     0.06194170
    6.1861862     0.10283073     0.10276733
    6.2262262     0.17373624     0.17357369
    6.2662663     0.24299710     0.24285248
    6.3063063     0.27986734     0.27995713
    6.3463464     0.27984194     0.28020365
    6.3863864     0.25679805     0.25718256
    6.4264264     0.21535536     0.21551274
    6.4664665     0.15313948     0.15307006
    6.5065065     0.08290101     0.08274234
    6.5465466     0.03200156     0.03182980
    6.5865866     0.02554977     0.02536010
    6.6266266     0.07698204     0.07673948
    6.6666667     0.18021569     0.17988776
    6.7067067     0.29686413     0.29648948
    6.7467467     0.36507562     0.36481110
    6.7867868     0.34498368     0.34499403
    6.8268268     0.25583138     0.25611739
    6.8668669     0.15965097     0.16007671
    6.9069069     0.11149302     0.11195216
    6.9469470     0.12475450     0.12517872
    6.9869870     0.17307494     0.17334474
    7.0270270     0.21862170     0.21864219
    7.0670671     0.23695043     0.23677178
    7.1071071     0.21817536     0.21792724
    7.1471472     0.16477213     0.16454649
    7.1871872     0.09731018     0.09714895
    7.2272272     0.04262868     0.04254324
    7.2672673     0.01085189     0.01083042
    7.3073073    -0.00564109    -0.00561769
    7.3473473    -0.01437403    -0.01432586
    7.3873874    -0.01132463    -0.01128181
    7.4274274     0.01230139     0.01230335
    7.4674675     0.05370771     0.05365095
    7.5075075     0.09379841     0.09369822
    7.5475475     0.11158267     0.11147722
    7.5875876     0.10295363     0.10287450
    7.6276276     0.08608450     0.08603764
    7.6676677     0.08432358     0.08430002
    7.7077077     0.10083268     0.10082378
    7.7477478     0.11811475     0.11810447
    7.7877878     0.12424127     0.12420610
    7.8278278     0.12328145     0.12322879
    7.8678679     0.11591595     0.11589693
    7.9079079     0.09177995     0.09182445
    7.9479479     0.04582490     0.04589368
    7.9879880    -0.01629517    -0.01626098
    8.0280280    -0.08407172    -0.08408156
    8.0680681    -0.13687447    -0.13688842
    8.1081081    -0.14819113    -0.14817349
    8.1481482    -0.11309958    -0.11305687
    8.1881882    -0.05619445    -0.05615764
    8.2282282    -0.00289953    -0.00288410
    8.2682683     0.03898474     0.03898346
    8.3083083     0.06701945     0.06698821
    8.3483484     0.07577882     0.07566173
    8.3883884     0.06859206     0.06835789
    8.4284284     0.06207168     0.06183077
    8.4684685     0.06903842     0.06900099
    8.5085085     0.08490297     0.08514293
    8.5485485     0.09806668     0.09842607
    8.5885886     0.10929827     0.10959071
    8.6286286     0.13057446     0.13075712
    8.6686687     0.16281504     0.16292925
    8.7087087     0.19059423     0.19067109
    8.7487488     0.20335985     0.20340811
    8.7887888     0.20037665     0.20038603
    8.8288288     0.17674044     0.17669942
    8.8688689     0.13056971     0.13050276
    8.9089089     0.07724812     0.07721394
    8.9489490     0.03775497     0.03782015
    8.9889890     0.02091793     0.02113628
    9.0290290     0.02286273     0.02320481
    9.0690691     0.03375473     0.03403200
    9.1091091     0.04309185     0.04306730
    9.1491491     0.04612572     0.04574128
    9.1891892     0.04609218     0.04548277
    9.2292292     0.04753180     0.04688796
    9.2692693     0.05139168     0.05095102
    9.3093093     0.05890579     0.05888920
    9.3493494     0.07463547     0.07501187
    9.3893894     0.10088710     0.10138032
    9.4294294     0.12973399     0.13013010
    9.4694695     0.14515854     0.14545382
    9.5095095     0.13943206     0.13975162
    9.5495496     0.12643667     0.12693194
    9.5895896     0.12788920     0.12854252
    9.6296296     0.14273908     0.14319094
    9.6696697     0.14406744     0.14391396
    9.7097097     0.11463955     0.11395254
    9.7497497     0.07003076     0.06928582
    9.7897898     0.03773544     0.03726722
    9.8298298     0.02985353     0.02963576
    9.8698699     0.04319459     0.04304646
    9.9099099     0.07049477     0.07031308
    9.9499500     0.09970233     0.09953994
    9.9899900     0.10954989     0.10952976
   10.0300300     0.08268720     0.08283620
   10.0700701     0.02627904     0.02648841
   10.1101101    -0.03055293    -0.03040124
   10.1501502    -0.06179781    -0.06173520
   10.1901902    -0.06410795    -0.06410200
   10.2302302    -0.05187926    -0.05188869
   10.2702703    -0.03756662    -0.03756876
   10.3103103    -0.02407418    -0.02406774
   10.3503504    -0.01167931    -0.01167321
   10.3903904    -0.00093429    -0.00093576
   10.4304304     0.00947583     0.00946603
   10.4704705     0.02037545     0.02036401
   10.5105105     0.02821744     0.02821520
   10.5505506     0.02810022     0.02811194
   10.5905906     0.02090533     0.02092477
   10.6306306     0.01421587     0.01423523
   10.6706707     0.01671403     0.01673363
   10.7107107     0.03295545     0.03297806
   10.7507508     0.05879824     0.05881555
   10.7907908     0.08027748     0.08026732
   10.8308308     0.08520470     0.08514597
   10.8708709     0.07862998     0.07852735
   10.9109109     0.07785436     0.07776176
   10.9509510     0.08931986     0.08932041
   10.9909910     0.09910620     0.09921937
   11.0310310     0.09074090     0.09087497
   11.0710711     0.06540241     0.06545992
   11.1111111     0.03857259     0.03855534
   11.1511512     0.02224038     0.02220633
   11.1911912     0.01700856     0.01699045
   11.2312312     0.01841001     0.01840680
   11.2712713     0.02378843     0.02379157
   11.3113113     0.03126099     0.03126609
   11.3513514     0.03700387     0.03700689
   11.3913914     0.03830074     0.03829535
   11.4314314     0.03622868     0.03621521
   11.4714715     0.03192057     0.03191115
   11.5115115     0.02471566     0.02472062
   11.5515516     0.01622268     0.01623964
   11.5915916     0.01174490     0.01176889
   11.6316316     0.01689803     0.01693185
   11.6716717     0.03450461     0.03455154
   11.7117117     0.06310439     0.06316080
   11.7517518     0.09715617     0.09721827
   11.7917918     0.12707619     0.12713512
   11.8318318     0.13852844     0.13854897
   11.8718719     0.12085853     0.12080070
   11.9119119     0.08167811     0.08155469
   11.9519520     0.04331734     0.04318718
   11.9919920     0.02244495     0.02234727
   12.0320320     0.02002765     0.01996344
   12.0720721     0.02659654     0.02656421
   12.1121121     0.03066726     0.03067423
   12.1521522     0.02633275     0.02637154
   12.1921922     0.01646373     0.01650783
   12.2322322     0.00747306     0.00750205
   12.2722723     0.00246174     0.00247424
   12.3123123     0.00058849     0.00059219
   12.3523524     0.00010223     0.00010300
   12.3923924     0.00001497     0.00001508
   12.4324324     0.00002349     0.00002348
   12.4724725     0.00017063     0.00017050
   12.5125125     0.00094729     0.00094662
   12.5525526     0.00383352     0.00383117
   12.5925926     0.01138687     0.01138124
   12.6326326     0.02532463     0.02531659
   12.6726727     0.04427333     0.04427226
   12.7127127     0.06665690     0.06668248
   12.7527528     0.09466391     0.09473006
   12.7927928     0.12576907     0.12585358
   12.8328328     0.14254678     0.14259140
   12.8728729     0.12822471     0.12819275
   12.9129129     0.09041341     0.09033468
   12.9529530     0.05287302     0.05281131
   12.9929930     0.03090611     0.03091155
   13.0330330     0.02804456     0.02815094
   13.0730731     0.04504177     0.04524850
   13.1131131     0.07624696     0.07645529
   13.1531532     0.10232169     0.10235869
   13.1931932     0.10309782     0.10289316
   13.2332332     0.08001900     0.07970272
   13.2732733     0.05313815     0.05289962
   13.3133133     0.03624672     0.03616610
   13.3533534     0.02738529     0.02742309
   13.3933934     0.02130907     0.02138300
   13.4334334     0.01854991     0.01860304
   13.4734735     0.02075355     0.02078055
   13.5135135     0.02555284     0.02557204
   13.5535536     0.03020396     0.03021166
   13.5935936     0.03537210     0.03535036
   13.6336336     0.04079522     0.04076326
   13.6736737     0.04198830     0.04199332
   13.7137137     0.03581889     0.03586978
   13.7537538     0.02559750     0.02566369
   13.7937938     0.01822245     0.01828968
   13.8338338     0.01793225     0.01800506
   13.8738739     0.02251702     0.02257822
   13.9139139     0.02533337     0.02535025
   13.9539540     0.02257325     0.02254684
   13.9939940     0.01812185     0.01809649
   14.0340340     0.01975503     0.01977197
   14.0740741     0.03067564     0.03073066
   14.1141141     0.04479348     0.04483851
   14.1541542     0.05200418     0.05199285
   14.1941942     0.04995718     0.04989033
   14.2342342     0.04579776     0.04571379
   14.2742743     0.04374170     0.04367380
   14.3143143     0.03926518     0.03922402
   14.3543544     0.02908107     0.02906369
   14.3943944     0.01883636     0.01883752
   14.4344344     0.01867411     0.01869412
   14.4744745     0.03588108     0.03592254
   14.5145145     0.06776027     0.06780972
   14.5545546     0.09651726     0.09653713
   14.5945946     0.10209535     0.10205284
   14.6346346     0.08939380     0.08928731
   14.6746747     0.09141012     0.09123058
   14.7147147     0.13978993     0.13946554
   14.7547548     0.24073816     0.24021154
   14.7947948     0.36822018     0.36766396
   14.8348348     0.46596356     0.46578990
   14.8748749     0.48171801     0.48216331
   14.9149149     0.42189191     0.42272077
   14.9549550     0.34954419     0.35035245
   14.9949950     0.31805152     0.31862353
   15.0350350     0.32359155     0.32381598
   15.0750751     0.32157000     0.32134244
   15.1151151     0.28098633     0.28040445
   15.1551552     0.21445662     0.21389658
   15.1951952     0.15073859     0.15055814
   15.2352352     0.10262383     0.10285807
   15.2752753     0.07328219     0.07369050
   15.3153153     0.06492946     0.06524591
   15.3553554     0.06944810     0.06953252
   15.3953954     0.06934466     0.06921052
   15.4354354     0.05517887     0.05495448
   15.4754755     0.03323239     0.03304901
   15.5155155     0.01432322     0.01422481
   15.5555556     0.00185534     0.00181465
   15.5955956    -0.00785379    -0.00787525
   15.6356356    -0.01753509    -0.01755746
   15.6756757    -0.02297485    -0.02300071
   15.7157157    -0.01618362    -0.01621004
   15.7557558     0.00555907     0.00553069
   15.7957958     0.03902785     0.03899992
   15.8358358     0.08268746     0.08268387
   15.8758759     0.13430806     0.13435827
   15.9159159     0.17991879     0.18001048
   15.9559560     0.19850807     0.19858668
   15.9959960     0.18655685     0.18658430
   16.0360360     0.16937222     0.16935387
   16.0760761     0.17180776     0.17176621
   16.1161161     0.18291862     0.18287916
   16.1561562     0.17246123     0.17245468
   16.1961962     0.13644328     0.13648370
   16.2362362     0.09911787     0.09917468
   16.2762763     0.07715066     0.07717091
   16.3163163     0.06662713     0.06659276
   16.3563564     0.05851645     0.05847420
   16.3963964     0.05083441     0.05087693
   16.4364364     0.04848039     0.04867022
   16.4764765     0.05450152     0.05476434
   16.5165165     0.06143512     0.06157651
   16.5565566     0.05785597     0.05776378
   16.5965966     0.04480063     0.04457057
   16.6366366     0.03857594     0.03837746
   16.6766767     0.05734699     0.05725296
   16.7167167     0.10750392     0.10748222
   16.7567568     0.17657026     0.17655390
   16.7967968     0.23486709     0.23481556
   16.8368368     0.25067333     0.25060866
   16.8768769     0.21382094     0.21379303
   16.9169169     0.14686219     0.14687562
   16.9569570     0.08658244     0.08658982
   16.9969970     0.05424543     0.05420137
   17.0370370     0.04777730     0.04768269
   17.0770771     0.05306005     0.05297180
   17.1171171     0.05467718     0.05466265
   17.1571572     0.04486083     0.04492548
   17.1971972     0.02813562     0.02822335
   17.2372372     0.01434382     0.01440864
   17.2772773     0.00886375     0.00890454
   17.3173173     0.01081405     0.01084546
   17.3573574     0.01578586     0.01580772
   17.3973974     0.01900213     0.01900425
   17.4374374     0.02010863     0.02009139
   17.4774775     0.02630888     0.02628429
   17.5175175     0.04845236     0.04842715
   17.5575576     0.09358537     0.09355682
   17.5975976     0.16241450     0.16238521
   17.6376376     0.24769056     0.24767440
   17.6776777     0.32473782     0.32474232
   17.7177177     0.35578802     0.35580003
   17.7577578     0.32632536     0.32632481
   17.7977978     0.26660588     0.26658683
   17.8378378     0.22067919     0.22065550
   17.8778779     0.20899953     0.20899774
   17.9179179     0.23105493     0.23108970
   17.9579580     0.27857293     0.27862766
   17.9979980     0.32322555     0.32327468
   18.0380380     0.32061770     0.32065130
   18.0780781     0.25704327     0.25705134
   18.1181181     0.16711660     0.16707976
   18.1581582     0.09330625     0.09322207
   18.1981982     0.05538732     0.05528334
   18.2382382     0.05704898     0.05696722
   18.2782783     0.09471785     0.09469471
   18.3183183     0.15101784     0.15105427
   18.3583584     0.19049278     0.19054284
   18.3983984     0.18199698     0.18201635
   18.4384384     0.13170972     0.13170380
   18.4784785     0.07759146     0.07759288
   18.5185185     0.04836153     0.04838197
   18.5585586     0.04277001     0.04279544
   18.5985986     0.04601701     0.04603761
   18.6386386     0.04979474     0.04981112
   18.6786787     0.05219038     0.05218786
   18.7187187     0.04979664     0.04975196
   18.7587588     0.04068130     0.04060677
   18.7987988     0.02989416     0.02983658
   18.8388388     0.02341669     0.02340426
   18.8788789     0.02039363     0.02041251
   18.9189189     0.01649172     0.01651347
   18.9589590     0.01137426     0.01138355
   18.9989990     0.00987045     0.00986436
   19.0390390     0.01911842     0.01909710
   19.0790791     0.04492479     0.04489768
   19.1191191     0.08378854     0.08378394
   19.1591592     0.11685834     0.11689976
   19.1991992     0.12276110     0.12282533
   19.2392392     0.10197961     0.10200711
   19.2792793     0.07880458     0.07876725
   19.3193193     0.07379808     0.07374618
   19.3593594     0.08237476     0.08240351
   19.3993994     0.08703018     0.08717723
   19.4394394     0.08318107     0.08336827
   19.4794795     0.07907715     0.07919111
   19.5195195     0.07523254     0.07523612
   19.5595596     0.06316453     0.06309409
   19.5995996     0.04311370     0.04299581
   19.6396396     0.02917468     0.02896942
   19.6796797     0.03797599     0.03761942
   19.7197197     0.07377731     0.07332681
   19.7597598     0.11776376     0.11746269
   19.7997998     0.13869590     0.13877377
   19.8398398     0.12622737     0.12667776
   19.8798799     0.10385137     0.10450021
   19.9199199     0.09761211     0.09825596
   19.9599600     0.10438231     0.10479072
   20.0000000     0.10357100     0.10359903
