#
#   partial DOS for atom species: Mn
#
#   Add data for atom_index =   6,  n,l,m,z=  3  2 -2  1
#   Add data for atom_index =   6,  n,l,m,z=  3  2 -1  1
#   Add data for atom_index =   6,  n,l,m,z=  3  2  0  1
#   Add data for atom_index =   6,  n,l,m,z=  3  2  1  1
#   Add data for atom_index =   6,  n,l,m,z=  3  2  2  1
#   Add data for atom_index =   6,  n,l,m,z=  3  2 -2  2
#   Add data for atom_index =   6,  n,l,m,z=  3  2 -1  2
#   Add data for atom_index =   6,  n,l,m,z=  3  2  0  2
#   Add data for atom_index =   6,  n,l,m,z=  3  2  1  2
#   Add data for atom_index =   6,  n,l,m,z=  3  2  2  2
#   Add data for atom_index =   6,  n,l,m,z=  3  2 -2  3
#   Add data for atom_index =   6,  n,l,m,z=  3  2 -1  3
#   Add data for atom_index =   6,  n,l,m,z=  3  2  0  3
#   Add data for atom_index =   6,  n,l,m,z=  3  2  1  3
#   Add data for atom_index =   6,  n,l,m,z=  3  2  2  3
#   Add data for atom_index =   7,  n,l,m,z=  3  2 -2  1
#   Add data for atom_index =   7,  n,l,m,z=  3  2 -1  1
#   Add data for atom_index =   7,  n,l,m,z=  3  2  0  1
#   Add data for atom_index =   7,  n,l,m,z=  3  2  1  1
#   Add data for atom_index =   7,  n,l,m,z=  3  2  2  1
#   Add data for atom_index =   7,  n,l,m,z=  3  2 -2  2
#   Add data for atom_index =   7,  n,l,m,z=  3  2 -1  2
#   Add data for atom_index =   7,  n,l,m,z=  3  2  0  2
#   Add data for atom_index =   7,  n,l,m,z=  3  2  1  2
#   Add data for atom_index =   7,  n,l,m,z=  3  2  2  2
#   Add data for atom_index =   7,  n,l,m,z=  3  2 -2  3
#   Add data for atom_index =   7,  n,l,m,z=  3  2 -1  3
#   Add data for atom_index =   7,  n,l,m,z=  3  2  0  3
#   Add data for atom_index =   7,  n,l,m,z=  3  2  1  3
#   Add data for atom_index =   7,  n,l,m,z=  3  2  2  3
#   Add data for atom_index =   8,  n,l,m,z=  3  2 -2  1
#   Add data for atom_index =   8,  n,l,m,z=  3  2 -1  1
#   Add data for atom_index =   8,  n,l,m,z=  3  2  0  1
#   Add data for atom_index =   8,  n,l,m,z=  3  2  1  1
#   Add data for atom_index =   8,  n,l,m,z=  3  2  2  1
#   Add data for atom_index =   8,  n,l,m,z=  3  2 -2  2
#   Add data for atom_index =   8,  n,l,m,z=  3  2 -1  2
#   Add data for atom_index =   8,  n,l,m,z=  3  2  0  2
#   Add data for atom_index =   8,  n,l,m,z=  3  2  1  2
#   Add data for atom_index =   8,  n,l,m,z=  3  2  2  2
#   Add data for atom_index =   8,  n,l,m,z=  3  2 -2  3
#   Add data for atom_index =   8,  n,l,m,z=  3  2 -1  3
#   Add data for atom_index =   8,  n,l,m,z=  3  2  0  3
#   Add data for atom_index =   8,  n,l,m,z=  3  2  1  3
#   Add data for atom_index =   8,  n,l,m,z=  3  2  2  3
#
#    Energy          spin 1        spin2
#
  -20.0000000     0.00000000     0.00000000
  -19.9599600     0.00000000     0.00000000
  -19.9199199     0.00000000     0.00000000
  -19.8798799     0.00000000     0.00000000
  -19.8398398     0.00000000     0.00000000
  -19.7997998     0.00000000     0.00000000
  -19.7597598     0.00000000     0.00000000
  -19.7197197     0.00000000     0.00000000
  -19.6796797     0.00000000     0.00000000
  -19.6396396     0.00000000     0.00000000
  -19.5995996     0.00000000     0.00000000
  -19.5595596     0.00000000     0.00000000
  -19.5195195     0.00000000     0.00000000
  -19.4794795     0.00000000     0.00000000
  -19.4394394     0.00000000     0.00000000
  -19.3993994     0.00000000     0.00000000
  -19.3593594     0.00000000     0.00000000
  -19.3193193     0.00000000     0.00000000
  -19.2792793     0.00000000     0.00000000
  -19.2392392     0.00000000     0.00000000
  -19.1991992     0.00000000     0.00000000
  -19.1591592     0.00000000     0.00000000
  -19.1191191     0.00000000     0.00000000
  -19.0790791     0.00000000     0.00000000
  -19.0390390     0.00000000     0.00000000
  -18.9989990     0.00000000     0.00000000
  -18.9589590     0.00000000     0.00000000
  -18.9189189     0.00000000     0.00000000
  -18.8788789     0.00000000     0.00000000
  -18.8388388     0.00000000     0.00000000
  -18.7987988     0.00000000     0.00000000
  -18.7587588     0.00000000     0.00000000
  -18.7187187     0.00000000     0.00000000
  -18.6786787     0.00000000     0.00000000
  -18.6386386     0.00000000     0.00000000
  -18.5985986     0.00000000     0.00000000
  -18.5585586     0.00000000     0.00000000
  -18.5185185     0.00000000     0.00000000
  -18.4784785     0.00000000     0.00000000
  -18.4384384     0.00000000     0.00000000
  -18.3983984     0.00000000     0.00000000
  -18.3583584     0.00000000     0.00000000
  -18.3183183     0.00000000     0.00000000
  -18.2782783     0.00000000     0.00000000
  -18.2382382     0.00000000     0.00000000
  -18.1981982     0.00000000     0.00000000
  -18.1581582     0.00000001     0.00000001
  -18.1181181     0.00000007     0.00000014
  -18.0780781     0.00000055     0.00000100
  -18.0380380     0.00000323     0.00000521
  -17.9979980     0.00001393     0.00001974
  -17.9579580     0.00004370     0.00005447
  -17.9179179     0.00009978     0.00010942
  -17.8778779     0.00016584     0.00016005
  -17.8378378     0.00020065     0.00017045
  -17.7977978     0.00017674     0.00013218
  -17.7577578     0.00011334     0.00007464
  -17.7177177     0.00005291     0.00003069
  -17.6776777     0.00001798     0.00000919
  -17.6376376     0.00000445     0.00000200
  -17.5975976     0.00000080     0.00000032
  -17.5575576     0.00000011     0.00000004
  -17.5175175     0.00000003     0.00000007
  -17.4774775     0.00000027     0.00000083
  -17.4374374     0.00000272     0.00000745
  -17.3973974     0.00002039     0.00004883
  -17.3573574     0.00011157     0.00023403
  -17.3173173     0.00044752     0.00082370
  -17.2772773     0.00132550     0.00214729
  -17.2372372     0.00293575     0.00420792
  -17.1971972     0.00496257     0.00634275
  -17.1571572     0.00658335     0.00756936
  -17.1171171     0.00704411     0.00732635
  -17.0770771     0.00615298     0.00577921
  -17.0370370     0.00433655     0.00364940
  -16.9969970     0.00239967     0.00179252
  -16.9569570     0.00101375     0.00066725
  -16.9169169     0.00032026     0.00018487
  -16.8768769     0.00007470     0.00003772
  -16.8368368     0.00001277     0.00000564
  -16.7967968     0.00000161     0.00000069
  -16.7567568     0.00000040     0.00000116
  -16.7167167     0.00000312     0.00001151
  -16.6766767     0.00002769     0.00008685
  -16.6366366     0.00017939     0.00047686
  -16.5965966     0.00084520     0.00190412
  -16.5565566     0.00289611     0.00552949
  -16.5165165     0.00721765     0.01167833
  -16.4764765     0.01308305     0.01793857
  -16.4364364     0.01724890     0.02004057
  -16.3963964     0.01654070     0.01628346
  -16.3563564     0.01153674     0.00962261
  -16.3163163     0.00585249     0.00413561
  -16.2762763     0.00215931     0.00129263
  -16.2362362     0.00057942     0.00029382
  -16.1961962     0.00011307     0.00004857
  -16.1561562     0.00001605     0.00000584
  -16.1161161     0.00000166     0.00000059
  -16.0760761     0.00000013     0.00000076
  -16.0360360     0.00000002     0.00000463
  -15.9959960     0.00000016     0.00002149
  -15.9559560     0.00000118     0.00007240
  -15.9159159     0.00000644     0.00017707
  -15.8758759     0.00002547     0.00031473
  -15.8358358     0.00007314     0.00040992
  -15.7957958     0.00015242     0.00041148
  -15.7557558     0.00023050     0.00040426
  -15.7157157     0.00025305     0.00059882
  -15.6756757     0.00020250     0.00114032
  -15.6356356     0.00012366     0.00185313
  -15.5955956     0.00008452     0.00224887
  -15.5555556     0.00014238     0.00198944
  -15.5155155     0.00033387     0.00127811
  -15.4754755     0.00062246     0.00059673
  -15.4354354     0.00084975     0.00021059
  -15.3953954     0.00084850     0.00011820
  -15.3553554     0.00066079     0.00039144
  -15.3153153     0.00062275     0.00155434
  -15.2752753     0.00134340     0.00460911
  -15.2352352     0.00358796     0.01006317
  -15.1951952     0.00757438     0.01640018
  -15.1551552     0.01195172     0.02056012
  -15.1151151     0.01440339     0.02093271
  -15.0750751     0.01403042     0.01859897
  -15.0350350     0.01200821     0.01537574
  -14.9949950     0.00962470     0.01281753
  -14.9549550     0.00739074     0.01253065
  -14.9149149     0.00590028     0.01458321
  -14.8748749     0.00570248     0.01617384
  -14.8348348     0.00643672     0.01435145
  -14.7947948     0.00715462     0.00954192
  -14.7547548     0.00715163     0.00467608
  -14.7147147     0.00613696     0.00194852
  -14.6746747     0.00438777     0.00236386
  -14.6346346     0.00310220     0.00811604
  -14.5945946     0.00449018     0.02337669
  -14.5545546     0.01160257     0.04937429
  -14.5145145     0.02631147     0.07710379
  -14.4744745     0.04470614     0.09061715
  -14.4344344     0.05673164     0.08329168
  -14.3943944     0.05567957     0.06583160
  -14.3543544     0.04590329     0.05313368
  -14.3143143     0.03615659     0.04847698
  -14.2742743     0.02943297     0.04449226
  -14.2342342     0.02398062     0.03511267
  -14.1941942     0.01962205     0.02200199
  -14.1541542     0.01790091     0.01061956
  -14.1141141     0.01802588     0.00401629
  -14.0740741     0.01708195     0.00163325
  -14.0340340     0.01398479     0.00178794
  -13.9939940     0.01016397     0.00343129
  -13.9539540     0.00689431     0.00597419
  -13.9139139     0.00430214     0.00844339
  -13.8738739     0.00231031     0.00937949
  -13.8338338     0.00100650     0.00799174
  -13.7937938     0.00034365     0.00513436
  -13.7537538     0.00009011     0.00246179
  -13.7137137     0.00001792     0.00087583
  -13.6736737     0.00000324     0.00023045
  -13.6336336     0.00000675     0.00004505
  -13.5935936     0.00005163     0.00001027
  -13.5535536     0.00030192     0.00003528
  -13.5135135     0.00129510     0.00022675
  -13.4734735     0.00408195     0.00109286
  -13.4334334     0.00947494     0.00390340
  -13.3933934     0.01623624     0.01042661
  -13.3533534     0.02059179     0.02109861
  -13.3133133     0.01939024     0.03295398
  -13.2732733     0.01366630     0.04096934
  -13.2332332     0.00752218     0.04274133
  -13.1931932     0.00415459     0.04020230
  -13.1531532     0.00434790     0.03573886
  -13.1131131     0.00745224     0.03009950
  -13.0730731     0.01169440     0.02649118
  -13.0330330     0.01420213     0.03277134
  -12.9929930     0.01306870     0.05510499
  -12.9529530     0.00986684     0.08955246
  -12.9129129     0.00932944     0.12421760
  -12.8728729     0.01689166     0.15299918
  -12.8328328     0.03550882     0.18020186
  -12.7927928     0.06152920     0.20585733
  -12.7527528     0.08437009     0.21959005
  -12.7127127     0.09628035     0.21882907
  -12.6726727     0.10335650     0.21708827
  -12.6326326     0.11826573     0.21887093
  -12.5925926     0.13917132     0.20374441
  -12.5525526     0.14839043     0.15611484
  -12.5125125     0.13707448     0.09274199
  -12.4724725     0.11662302     0.04255454
  -12.4324324     0.10093556     0.01679758
  -12.3923924     0.09074718     0.00908716
  -12.3523524     0.07891355     0.00992061
  -12.3123123     0.06221974     0.01414864
  -12.2722723     0.04387129     0.02053550
  -12.2322322     0.02808651     0.02818304
  -12.1921922     0.01720280     0.03564736
  -12.1521522     0.01302230     0.04603178
  -12.1121121     0.01690834     0.06946002
  -12.0720721     0.02863919     0.11496266
  -12.0320320     0.04679356     0.18189287
  -11.9919920     0.06996359     0.26114593
  -11.9519520     0.09806215     0.33682453
  -11.9119119     0.13302584     0.38729551
  -11.8718719     0.17303170     0.40228868
  -11.8318318     0.20282477     0.39581433
  -11.7917918     0.20068575     0.38065101
  -11.7517518     0.16313555     0.34492246
  -11.7117117     0.11437520     0.27879761
  -11.6716717     0.08816808     0.20420259
  -11.6316316     0.10713983     0.15636591
  -11.5915916     0.17335985     0.15148752
  -11.5515516     0.26628499     0.18467880
  -11.5115115     0.35377519     0.24247114
  -11.4714715     0.41856846     0.30360255
  -11.4314314     0.47249463     0.34361967
  -11.3913914     0.52648157     0.35420313
  -11.3513514     0.55113145     0.35079771
  -11.3113113     0.50678571     0.35564440
  -11.2712713     0.41631723     0.37590289
  -11.2312312     0.35776679     0.40060802
  -11.1911912     0.37739660     0.41846571
  -11.1511512     0.45451826     0.43445516
  -11.1111111     0.55328578     0.47274121
  -11.0710711     0.66636702     0.56324665
  -11.0310310     0.79564068     0.70433529
  -10.9909910     0.91925089     0.83492423
  -10.9509510     0.99875968     0.87943403
  -10.9109109     1.01011886     0.83302328
  -10.8708709     0.96393316     0.77027987
  -10.8308308     0.90654853     0.76711443
  -10.7907908     0.88728306     0.84341272
  -10.7507508     0.91278553     0.97465716
  -10.7107107     0.95312792     1.12672666
  -10.6706707     0.98301311     1.26827699
  -10.6306306     0.99972275     1.36019859
  -10.5905906     1.01544051     1.36918456
  -10.5505506     1.02858556     1.31277089
  -10.5105105     1.00988611     1.24992835
  -10.4704705     0.95378708     1.22191628
  -10.4304304     0.92658176     1.24765512
  -10.3903904     1.01600779     1.33822527
  -10.3503504     1.23727864     1.46475954
  -10.3103103     1.50970784     1.56966760
  -10.2702703     1.72784789     1.63497428
  -10.2302302     1.84337074     1.66997875
  -10.1901902     1.86274185     1.64622664
  -10.1501502     1.80903013     1.54342461
  -10.1101101     1.73921208     1.43994548
  -10.0700701     1.72664165     1.45812297
  -10.0300300     1.75508686     1.63465901
   -9.9899900     1.71962639     1.90472000
   -9.9499500     1.57640700     2.17255660
   -9.9099099     1.39532669     2.36843512
   -9.8698699     1.25947553     2.48526263
   -9.8298298     1.18759645     2.56311009
   -9.7897898     1.14301706     2.61371128
   -9.7497497     1.08396740     2.58316866
   -9.7097097     1.01551037     2.40984097
   -9.6696697     0.98381911     2.11084750
   -9.6296296     1.00942001     1.78522451
   -9.5895896     1.06421740     1.52176022
   -9.5495496     1.11773830     1.34409284
   -9.5095095     1.15612065     1.25235905
   -9.4694695     1.16288436     1.25431803
   -9.4294294     1.12559511     1.35689318
   -9.3893894     1.06802040     1.58256408
   -9.3493494     1.06402866     1.94549834
   -9.3093093     1.19028164     2.35359087
   -9.2692693     1.42889312     2.61835658
   -9.2292292     1.64395097     2.62742670
   -9.1891892     1.69463914     2.44223804
   -9.1491491     1.54460617     2.20613903
   -9.1091091     1.26787312     2.01994988
   -9.0690691     1.00579163     1.91426543
   -9.0290290     0.90205584     1.90008601
   -8.9889890     1.01881282     1.99579376
   -8.9489490     1.28162426     2.15938327
   -8.9089089     1.50966937     2.26049442
   -8.8688689     1.56142128     2.23722194
   -8.8288288     1.48142474     2.22212717
   -8.7887888     1.43767502     2.39684974
   -8.7487488     1.49808357     2.77219967
   -8.7087087     1.55340519     3.17235137
   -8.6686687     1.47976892     3.40660214
   -8.6286286     1.29752225     3.45249998
   -8.5885886     1.14205527     3.45246197
   -8.5485485     1.14245401     3.50208270
   -8.5085085     1.36045385     3.51331120
   -8.4684685     1.77345983     3.35349401
   -8.4284284     2.24018917     3.06648852
   -8.3883884     2.54569777     2.86275575
   -8.3483484     2.58118484     2.86522089
   -8.3083083     2.44075316     2.95826089
   -8.2682683     2.29255775     2.95323137
   -8.2282282     2.21092828     2.79412175
   -8.1881882     2.15389044     2.55073726
   -8.1481482     2.05732905     2.33035052
   -8.1081081     1.91436518     2.21377380
   -8.0680681     1.75240179     2.19775225
   -8.0280280     1.57985101     2.20347308
   -7.9879880     1.41071671     2.15307839
   -7.9479479     1.29344106     2.02775273
   -7.9079079     1.25103613     1.88216441
   -7.8678679     1.23959393     1.80087610
   -7.8278278     1.21635625     1.80532060
   -7.7877878     1.20446696     1.84249824
   -7.7477478     1.24891388     1.89461480
   -7.7077077     1.32722059     2.01861811
   -7.6676677     1.34602164     2.24156526
   -7.6276276     1.25764542     2.48949931
   -7.5875876     1.14927048     2.65688119
   -7.5475475     1.16450783     2.73627090
   -7.5075075     1.35557694     2.84176988
   -7.4674675     1.65047610     3.05051435
   -7.4274274     1.94943369     3.26016920
   -7.3873874     2.21536020     3.27764936
   -7.3473473     2.45603010     3.03257879
   -7.3073073     2.65146998     2.65743879
   -7.2672673     2.75029455     2.36074498
   -7.2272272     2.72721400     2.26185223
   -7.1871872     2.61372626     2.34974435
   -7.1471472     2.50449066     2.52519311
   -7.1071071     2.52164594     2.66693510
   -7.0670671     2.68303798     2.73446150
   -7.0270270     2.81668555     2.78726377
   -6.9869870     2.71490352     2.84184489
   -6.9469470     2.37854646     2.79031373
   -6.9069069     2.02560972     2.54039990
   -6.8668669     1.87617421     2.16264848
   -6.8268268     1.98706790     1.82500901
   -6.7867868     2.23922335     1.62644272
   -6.7467467     2.44363620     1.54610244
   -6.7067067     2.50685800     1.51988586
   -6.6666667     2.47281671     1.50260611
   -6.6266266     2.39514895     1.45653008
   -6.5865866     2.27810098     1.34801437
   -6.5465466     2.13269495     1.19975300
   -6.5065065     1.97242771     1.10043094
   -6.4664665     1.79795053     1.10448458
   -6.4264264     1.66012096     1.16026318
   -6.3863864     1.66052577     1.18849657
   -6.3463464     1.83317529     1.18764793
   -6.3063063     2.07602535     1.21322921
   -6.2662663     2.24558895     1.28657234
   -6.2262262     2.31246578     1.36773674
   -6.1861862     2.37660493     1.40068368
   -6.1461461     2.50664703     1.35479859
   -6.1061061     2.62293368     1.23697877
   -6.0660661     2.58249824     1.08922283
   -6.0260260     2.33710661     0.97325790
   -5.9859860     1.96766729     0.95024597
   -5.9459459     1.59547066     1.06807346
   -5.9059059     1.30829895     1.32716848
   -5.8658659     1.14955916     1.63015840
   -5.8258258     1.13045675     1.82266437
   -5.7857858     1.23560383     1.83672838
   -5.7457458     1.39882687     1.74951849
   -5.7057057     1.50635628     1.66989983
   -5.6656657     1.49299438     1.62671691
   -5.6256256     1.41060984     1.59195264
   -5.5855856     1.34994050     1.53319944
   -5.5455455     1.35070943     1.41013161
   -5.5055055     1.46020837     1.21028972
   -5.4654655     1.80570091     1.01647208
   -5.4254254     2.46962403     0.96053905
   -5.3853854     3.30145396     1.10544343
   -5.3453453     3.95733210     1.39838983
   -5.3053053     4.16173362     1.69389838
   -5.2652653     3.93788846     1.83604754
   -5.2252252     3.58889619     1.80702295
   -5.1851852     3.40829528     1.76350226
   -5.1451452     3.39392575     1.84630833
   -5.1051051     3.31211777     2.03307969
   -5.0650651     3.05392055     2.24271184
   -5.0250250     2.82471344     2.46146803
   -4.9849850     2.89915704     2.68201098
   -4.9449449     3.25796322     2.82194531
   -4.9049049     3.61307622     2.79410162
   -4.8648649     3.76668168     2.59750518
   -4.8248248     3.76157427     2.29893092
   -4.7847848     3.68267175     1.98961177
   -4.7447447     3.52939663     1.75861520
   -4.7047047     3.32669123     1.65020529
   -4.6646647     3.17589227     1.66559023
   -4.6246246     3.11601765     1.79752440
   -4.5845846     3.04433613     2.00759631
   -4.5445445     2.84604262     2.20516340
   -4.5045045     2.53296795     2.29881924
   -4.4644645     2.19290924     2.24957273
   -4.4244244     1.86944572     2.05857887
   -4.3843844     1.56079713     1.74400071
   -4.3443443     1.28418650     1.35690171
   -4.3043043     1.08347520     0.97153701
   -4.2642643     0.98958808     0.64392451
   -4.2242242     0.98639086     0.41223331
   -4.1841842     1.02474889     0.31553281
   -4.1441441     1.08128201     0.37852702
   -4.1041041     1.15262231     0.57785473
   -4.0640641     1.17619272     0.82082914
   -4.0240240     1.05270243     0.98375838
   -3.9839840     0.78102139     1.00738511
   -3.9439439     0.49369901     0.92672188
   -3.9039039     0.33460680     0.79803589
   -3.8638639     0.34528295     0.65456949
   -3.8238238     0.47020852     0.53202571
   -3.7837838     0.62892085     0.46995727
   -3.7437437     0.76408881     0.47150007
   -3.7037037     0.83597546     0.49726055
   -3.6636637     0.81245911     0.50522589
   -3.6236236     0.69604392     0.47236991
   -3.5835836     0.54056687     0.39566781
   -3.5435435     0.41920943     0.30584939
   -3.5035035     0.37896621     0.25486323
   -3.4634635     0.41674816     0.26338681
   -3.4234234     0.49211148     0.30316951
   -3.3833834     0.56460840     0.33578808
   -3.3433433     0.62141753     0.34402879
   -3.3033033     0.68460603     0.33427794
   -3.2632633     0.79181666     0.32963877
   -3.2232232     0.94889755     0.34624599
   -3.1831832     1.09625315     0.36825141
   -3.1431431     1.13235900     0.36442951
   -3.1031031     0.99686904     0.33003942
   -3.0630631     0.74510681     0.29269259
   -3.0230230     0.50515489     0.27384071
   -2.9829830     0.35345286     0.26675969
   -2.9429429     0.27382190     0.26065048
   -2.9029029     0.22623821     0.26106376
   -2.8628629     0.20010499     0.27690229
   -2.8228228     0.19541684     0.30748806
   -2.7827828     0.19548419     0.34241356
   -2.7427427     0.18146726     0.36210447
   -2.7027027     0.15949674     0.34859113
   -2.6626627     0.15857079     0.30093840
   -2.6226226     0.20408608     0.23422612
   -2.5825826     0.29441468     0.17153258
   -2.5425425     0.39587184     0.13916875
   -2.5025025     0.46655759     0.15442793
   -2.4624625     0.49324234     0.21205619
   -2.4224224     0.49471573     0.28794768
   -2.3823824     0.49146795     0.35663475
   -2.3423423     0.48723101     0.40026760
   -2.3023023     0.47443854     0.40344842
   -2.2622623     0.45022260     0.35736171
   -2.2222222     0.42997361     0.27978470
   -2.1821822     0.43154829     0.21709618
   -2.1421421     0.44044241     0.20846676
   -2.1021021     0.41970580     0.24712163
   -2.0620621     0.36447034     0.28704749
   -2.0220220     0.31457423     0.28990868
   -1.9819820     0.29723713     0.25405407
   -1.9419419     0.28636404     0.20053125
   -1.9019019     0.24268164     0.15140775
   -1.8618619     0.16931840     0.12046610
   -1.8218218     0.10132874     0.11077822
   -1.7817818     0.06366360     0.12251203
   -1.7417417     0.06197001     0.15760114
   -1.7017017     0.09296113     0.20439281
   -1.6616617     0.14398923     0.22947649
   -1.6216216     0.19488796     0.20539946
   -1.5815816     0.23212718     0.14280313
   -1.5415415     0.25694126     0.08130799
   -1.5015015     0.28136423     0.05360719
   -1.4614615     0.31701428     0.06582373
   -1.4214214     0.35579800     0.10033595
   -1.3813814     0.36707154     0.12913462
   -1.3413413     0.33078264     0.13550938
   -1.3013013     0.26511837     0.12954291
   -1.2612613     0.20733711     0.13884389
   -1.2212212     0.17687766     0.18069805
   -1.1811812     0.16866889     0.23990903
   -1.1411411     0.16995763     0.27790422
   -1.1011011     0.16881941     0.26842336
   -1.0610611     0.15868321     0.21866173
   -1.0210210     0.14692274     0.15700071
   -0.9809810     0.14529713     0.10934644
   -0.9409409     0.14754264     0.08614287
   -0.9009009     0.13460653     0.08374119
   -0.8608609     0.10331649     0.09042342
   -0.8208208     0.07208983     0.09127708
   -0.7807808     0.05780921     0.07799268
   -0.7407407     0.06066724     0.05759483
   -0.7007007     0.07494894     0.04433393
   -0.6606607     0.10515188     0.04349080
   -0.6206206     0.15884717     0.04979022
   -0.5805806     0.22399804     0.05830914
   -0.5405405     0.26792214     0.06777166
   -0.5005005     0.26551666     0.07508532
   -0.4604605     0.22314054     0.07613047
   -0.4204204     0.17263315     0.07260001
   -0.3803804     0.14573559     0.07394622
   -0.3403403     0.15331751     0.09239677
   -0.3003003     0.18140087     0.13413762
   -0.2602603     0.20572553     0.19095929
   -0.2202202     0.21637878     0.23981976
   -0.1801802     0.22768031     0.25553436
   -0.1401401     0.25741494     0.23081174
   -0.1001001     0.29590614     0.18423255
   -0.0600601     0.30706038     0.14241499
   -0.0200200     0.27107785     0.11509910
    0.0200200     0.21191660     0.09535616
    0.0600601     0.16564576     0.08025874
    0.1001001     0.14273272     0.07836201
    0.1401401     0.13662521     0.09854365
    0.1801802     0.14093991     0.14285371
    0.2202202     0.14817204     0.20914757
    0.2602603     0.15786724     0.28854405
    0.3003003     0.18300024     0.35496565
    0.3403403     0.22511505     0.37667583
    0.3803804     0.26004894     0.36047054
    0.4204204     0.27169699     0.36310818
    0.4604605     0.27561688     0.42420963
    0.5005005     0.28831685     0.50066899
    0.5405405     0.30472857     0.50288462
    0.5805806     0.32148386     0.39642629
    0.6206206     0.34442005     0.23840974
    0.6606607     0.36431616     0.10976861
    0.7007007     0.36038757     0.04397132
    0.7407407     0.32701568     0.02745612
    0.7807808     0.27376745     0.03539039
    0.8208208     0.21205375     0.05183348
    0.8608609     0.15704576     0.07044443
    0.9009009     0.12540758     0.08795638
    0.9409409     0.11917455     0.10215756
    0.9809810     0.12417196     0.11911028
    1.0210210     0.12781411     0.15472552
    1.0610611     0.12708639     0.21880736
    1.1011011     0.12369581     0.29513246
    1.1411411     0.12251257     0.34401542
    1.1811812     0.12929781     0.33763384
    1.2212212     0.14727544     0.29126596
    1.2612613     0.17886114     0.24389269
    1.3013013     0.22666036     0.21378381
    1.3413413     0.29063606     0.19413723
    1.3813814     0.36113611     0.18512811
    1.4214214     0.41579725     0.20069160
    1.4614615     0.43699526     0.23882973
    1.5015015     0.43109429     0.27153140
    1.5415415     0.41766647     0.27936855
    1.5815816     0.40843058     0.27667125
    1.6216216     0.40457167     0.28539821
    1.6616617     0.39794545     0.30648839
    1.7017017     0.37082592     0.33121730
    1.7417417     0.31386151     0.34966264
    1.7817818     0.24704718     0.34288399
    1.8218218     0.20864405     0.30303943
    1.8618619     0.21943221     0.25654819
    1.9019019     0.26072196     0.23993922
    1.9419419     0.29057976     0.26305509
    1.9819820     0.28543773     0.30465635
    2.0220220     0.26145018     0.32928583
    2.0620621     0.25046615     0.30932951
    2.1021021     0.26272208     0.24611993
    2.1421421     0.28181066     0.17325843
    2.1821822     0.29219423     0.13240853
    2.2222222     0.29639894     0.14000590
    2.2622623     0.29950173     0.17634699
    2.3023023     0.29185832     0.20556198
    2.3423423     0.26115414     0.20422804
    2.3823824     0.21679329     0.17695190
    2.4224224     0.18769437     0.15158671
    2.4624625     0.19109789     0.15467282
    2.5025025     0.21552961     0.18761674
    2.5425425     0.23883307     0.22935787
    2.5825826     0.24770139     0.25810038
    2.6226226     0.23637801     0.26523674
    2.6626627     0.20707810     0.25314411
    2.7027027     0.17845168     0.22996557
    2.7427427     0.17222850     0.20810596
    2.7827828     0.18264146     0.19662808
    2.8228228     0.17790326     0.19601825
    2.8628629     0.13992883     0.21021608
    2.9029029     0.08590273     0.24923922
    2.9429429     0.04726181     0.30786700
    2.9829830     0.04698464     0.36099416
    3.0230230     0.10043049     0.38591821
    3.0630631     0.21319167     0.37412361
    3.1031031     0.35792459     0.33413759
    3.1431431     0.46570567     0.29662983
    3.1831832     0.47311809     0.29046276
    3.2232232     0.38870051     0.30616195
    3.2632633     0.29004108     0.31100574
    3.3033033     0.24484899     0.29759177
    3.3433433     0.25662118     0.29106540
    3.3833834     0.29030702     0.30793857
    3.4234234     0.31552438     0.32793609
    3.4634635     0.31547741     0.31948631
    3.5035035     0.28967107     0.28186990
    3.5435435     0.25844860     0.24480482
    3.5835836     0.24342786     0.23566760
    3.6236236     0.24734888     0.25896212
    3.6636637     0.26421837     0.29440940
    3.7037037     0.29409556     0.30905606
    3.7437437     0.33775831     0.28568455
    3.7837838     0.38469538     0.24340113
    3.8238238     0.41243612     0.22198541
    3.8638639     0.40303676     0.24578206
    3.9039039     0.36177865     0.30292700
    3.9439439     0.31271868     0.35093706
    3.9839840     0.27454669     0.34737203
    4.0240240     0.24762059     0.28980374
    4.0640641     0.22790331     0.22010340
    4.1041041     0.22186838     0.18009015
    4.1441441     0.23472238     0.17323044
    4.1841842     0.25489230     0.17522883
    4.2242242     0.26445350     0.16629051
    4.2642643     0.25929026     0.14499864
    4.3043043     0.25240212     0.12408288
    4.3443443     0.25657911     0.11825545
    4.3843844     0.26395646     0.13028666
    4.4244244     0.25201733     0.15305278
    4.4644645     0.21226718     0.18918284
    4.5045045     0.15913850     0.25697107
    4.5445445     0.11336534     0.36308229
    4.5845846     0.09322051     0.47425360
    4.6246246     0.11510293     0.53611974
    4.6646647     0.18364525     0.52204755
    4.7047047     0.27805772     0.44541817
    4.7447447     0.35638166     0.33536254
    4.7847848     0.38448445     0.22749026
    4.8248248     0.36819680     0.16158177
    4.8648649     0.35097433     0.15821998
    4.9049049     0.36920483     0.20109044
    4.9449449     0.40919905     0.25206076
    4.9849850     0.41888931     0.27990100
    5.0250250     0.37221462     0.27481843
    5.0650651     0.30834721     0.24413969
    5.1051051     0.28300410     0.20240595
    5.1451452     0.29867091     0.17044259
    5.1851852     0.31812976     0.17577217
    5.2252252     0.32875776     0.23256756
    5.2652653     0.35213928     0.31685599
    5.3053053     0.39735493     0.38432885
    5.3453453     0.43770144     0.41695945
    5.3853854     0.43661239     0.42552001
    5.4254254     0.38229056     0.41088153
    5.4654655     0.29799210     0.36081388
    5.5055055     0.22722927     0.28389537
    5.5455455     0.20625093     0.21302918
    5.5855856     0.24057195     0.17200586
    5.6256256     0.29984868     0.15748545
    5.6656657     0.33582534     0.15609342
    5.7057057     0.32123488     0.16559639
    5.7457458     0.27793468     0.19112664
    5.7857858     0.24938518     0.23092055
    5.8258258     0.24809711     0.27655351
    5.8658659     0.25384435     0.32361386
    5.9059059     0.25337132     0.37953828
    5.9459459     0.25605566     0.45466306
    5.9859860     0.27540927     0.53480184
    6.0260260     0.30821883     0.57236169
    6.0660661     0.33655496     0.52609336
    6.1061061     0.35446836     0.41195895
    6.1461461     0.37887953     0.29325809
    6.1861862     0.41897906     0.21392494
    6.2262262     0.45199597     0.16901638
    6.2662663     0.44592499     0.14504637
    6.3063063     0.39479126     0.15429568
    6.3463464     0.32618620     0.21839447
    6.3863864     0.28448333     0.33699186
    6.4264264     0.30139424     0.47562842
    6.4664665     0.36835880     0.57432908
    6.5065065     0.43939154     0.58098805
    6.5465466     0.46764635     0.50312046
    6.5865866     0.43848490     0.41754073
    6.6266266     0.37244536     0.39826158
    6.6666667     0.30809211     0.43766648
    6.7067067     0.27974914     0.46091036
    6.7467467     0.29580256     0.41524170
    6.7867868     0.33448451     0.31909590
    6.8268268     0.36671491     0.22708505
    6.8668669     0.37614067     0.18467323
    6.9069069     0.35686322     0.21216500
    6.9469470     0.31431734     0.29220057
    6.9869870     0.27317777     0.37347301
    7.0270270     0.26576494     0.41377062
    7.0670671     0.31098282     0.41624239
    7.1071071     0.40112707     0.40802765
    7.1471472     0.48922428     0.40007591
    7.1871872     0.50816200     0.39209268
    7.2272272     0.43941231     0.39994787
    7.2672673     0.34136314     0.43869476
    7.3073073     0.28230299     0.48047962
    7.3473473     0.27698697     0.47341269
    7.3873874     0.30551924     0.40484785
    7.4274274     0.35378167     0.31153068
    7.4674675     0.41458538     0.24064623
    7.5075075     0.47256975     0.22260836
    7.5475475     0.49994658     0.25932452
    7.5875876     0.46913744     0.32578450
    7.6276276     0.38123714     0.38689633
    7.6676677     0.27815788     0.41082077
    7.7077077     0.21246411     0.38288494
    7.7477478     0.20379218     0.32219465
    7.7877878     0.22757241     0.26423167
    7.8278278     0.24295077     0.21928812
    7.8678679     0.22880614     0.17431455
    7.9079079     0.19565598     0.13289818
    7.9479479     0.16793622     0.12212287
    7.9879880     0.16579489     0.16088956
    8.0280280     0.20587761     0.23898239
    8.0680681     0.28942691     0.32401326
    8.1081081     0.37450633     0.38694139
    8.1481482     0.39855668     0.42845747
    8.1881882     0.35155645     0.47312336
    8.2282282     0.29770573     0.53455214
    8.2682683     0.31117601     0.60750812
    8.3083083     0.40899551     0.68814037
    8.3483484     0.54312015     0.76255168
    8.3883884     0.63726197     0.78559086
    8.4284284     0.64141178     0.71941818
    8.4684685     0.57541624     0.59044720
    8.5085085     0.50718706     0.47236532
    8.5485485     0.47238543     0.41110698
    8.5885886     0.45134122     0.39320370
    8.6286286     0.43497822     0.39001394
    8.6686687     0.44816147     0.39633206
    8.7087087     0.49172692     0.41249393
    8.7487488     0.52218863     0.42158491
    8.7887888     0.50087051     0.40314605
    8.8288288     0.43023386     0.36163460
    8.8688689     0.34796676     0.32864852
    8.9089089     0.30734714     0.32546328
    8.9489490     0.34597772     0.33632973
    8.9889890     0.44171803     0.33425944
    9.0290290     0.51311544     0.31465785
    9.0690691     0.49752423     0.29015112
    9.1091091     0.41166356     0.26774595
    9.1491491     0.31150770     0.24329391
    9.1891892     0.23307905     0.21660583
    9.2292292     0.19835230     0.20151641
    9.2692693     0.22927696     0.20910818
    9.3093093     0.32012679     0.22983411
    9.3493494     0.42140188     0.25299342
    9.3893894     0.47493148     0.29812926
    9.4294294     0.46191776     0.39469156
    9.4694695     0.41693548     0.51746491
    9.5095095     0.39716060     0.58171517
    9.5495496     0.43063671     0.53821181
    9.5895896     0.49480527     0.43513548
    9.6296296     0.54369418     0.35154218
    9.6696697     0.54337789     0.31487254
    9.7097097     0.49452185     0.31143886
    9.7497497     0.44092239     0.33165243
    9.7897898     0.43136423     0.37885287
    9.8298298     0.45874554     0.46031950
    9.8698699     0.47040209     0.57492062
    9.9099099     0.43668197     0.68737052
    9.9499500     0.37098695     0.73198135
    9.9899900     0.29822260     0.67693230
   10.0300300     0.24164516     0.56497516
   10.0700701     0.22558357     0.46285324
   10.1101101     0.26150305     0.39810685
   10.1501502     0.33397286     0.36671319
   10.1901902     0.41158282     0.36917676
   10.2302302     0.46743817     0.40553861
   10.2702703     0.48808011     0.45176669
   10.3103103     0.48171363     0.47634685
   10.3503504     0.47982186     0.47433402
   10.3903904     0.50329296     0.45768716
   10.4304304     0.53292150     0.42820744
   10.4704705     0.54485781     0.39024895
   10.5105105     0.55305376     0.37428496
   10.5505506     0.58426564     0.41352569
   10.5905906     0.64816550     0.49542384
   10.6306306     0.74844770     0.57095848
   10.6706707     0.86961096     0.62418360
   10.7107107     0.95151259     0.69045229
   10.7507508     0.92642952     0.78770245
   10.7907908     0.78498503     0.87162153
   10.8308308     0.59741063     0.88182193
   10.8708709     0.46936769     0.80647122
   10.9109109     0.45192599     0.68606147
   10.9509510     0.49201507     0.57493926
   10.9909910     0.50005294     0.50801916
   11.0310310     0.45605191     0.48255042
   11.0710711     0.41416708     0.46224603
   11.1111111     0.41842561     0.41374692
   11.1511512     0.45473862     0.34123663
   11.1911912     0.47856885     0.27515227
   11.2312312     0.45894838     0.23813629
   11.2712713     0.39966652     0.23180144
   11.3113113     0.33397776     0.24119870
   11.3513514     0.29324434     0.24851377
   11.3913914     0.27982560     0.25927728
   11.4314314     0.27798181     0.30945344
   11.4714715     0.27746456     0.41506536
   11.5115115     0.27748465     0.51662188
   11.5515516     0.28759936     0.52349694
   11.5915916     0.32694344     0.42579350
   11.6316316     0.39819334     0.31059210
   11.6716717     0.46558535     0.26005127
   11.7117117     0.48583875     0.28498055
   11.7517518     0.45966530     0.35444002
   11.7917918     0.43109789     0.43869173
   11.8318318     0.43824080     0.51936472
   11.8718719     0.48007711     0.58446586
   11.9119119     0.52372452     0.62092346
   11.9519520     0.52985450     0.61629741
   11.9919920     0.48454401     0.57366454
   12.0320320     0.42026069     0.51404635
   12.0720721     0.39051866     0.45145947
   12.1121121     0.41700062     0.38090713
   12.1521522     0.47582439     0.30979885
   12.1921922     0.52611220     0.27927531
   12.2322322     0.53225861     0.32417138
   12.2722723     0.47639555     0.42368014
   12.3123123     0.37486959     0.51836962
   12.3523524     0.27539987     0.56405553
   12.3923924     0.22244929     0.54820358
   12.4324324     0.22761468     0.48118840
   12.4724725     0.27205651     0.39562791
   12.5125125     0.32117267     0.32959412
   12.5525526     0.34017887     0.29835024
   12.5925926     0.31676002     0.29367223
   12.6326326     0.27568884     0.30689982
   12.6726727     0.26778059     0.34286041
   12.7127127     0.32986594     0.39996126
   12.7527528     0.43718634     0.43932212
   12.7927928     0.50636383     0.40836952
   12.8328328     0.47064021     0.30695297
   12.8728729     0.34905966     0.19693666
   12.9129129     0.22641567     0.14014257
   12.9529530     0.17682027     0.15289222
   12.9929930     0.21564157     0.21402777
   13.0330330     0.29903959     0.29228814
   13.0730731     0.35935497     0.36681338
   13.1131131     0.36235504     0.43122442
   13.1531532     0.33091199     0.48034843
   13.1931932     0.31127689     0.49773075
   13.2332332     0.33749422     0.47003140
   13.2732733     0.41718109     0.41391109
   13.3133133     0.51191270     0.36360501
   13.3533534     0.54600874     0.32947073
   13.3933934     0.48259509     0.29416860
   13.4334334     0.37360936     0.24964135
   13.4734735     0.29679166     0.21605196
   13.5135135     0.27347615     0.21819864
   13.5535536     0.27506436     0.25491949
   13.5935936     0.27461539     0.29782832
   13.6336336     0.26540438     0.31724617
   13.6736737     0.25034365     0.31375474
   13.7137137     0.23581825     0.32078352
   13.7537538     0.22816871     0.35888761
   13.7937938     0.22382933     0.39787759
   13.8338338     0.21177184     0.39254384
   13.8738739     0.19569165     0.34403714
   13.9139139     0.20240813     0.29719509
   13.9539540     0.25364705     0.29194778
   13.9939940     0.33230210     0.33865258
   14.0340340     0.39361070     0.41596177
   14.0740741     0.41639064     0.47512908
   14.1141141     0.42708526     0.47905398
   14.1541542     0.46733802     0.45029412
   14.1941942     0.54483551     0.44833938
   14.2342342     0.61703250     0.50247278
   14.2742743     0.63864050     0.60291229
   14.3143143     0.61843304     0.73588542
   14.3543544     0.59322963     0.87259162
   14.3943944     0.57475469     0.94254893
   14.4344344     0.56864773     0.88270633
   14.4744745     0.59968712     0.71152919
   14.5145145     0.66676810     0.51878896
   14.5545546     0.70991802     0.39218079
   14.5945946     0.66767467     0.36216979
   14.6346346     0.55435233     0.40080481
   14.6746747     0.45406807     0.46664388
   14.7147147     0.43555542     0.53881598
   14.7547548     0.48483347     0.59661676
   14.7947948     0.53322500     0.59712374
   14.8348348     0.54012428     0.51299794
   14.8748749     0.52590974     0.37959605
   14.9149149     0.52828467     0.27068910
   14.9549550     0.54840464     0.22975233
   14.9949950     0.54898552     0.23991408
   15.0350350     0.49663249     0.25859146
   15.0750751     0.39417533     0.27153331
   15.1151151     0.27404107     0.29761606
   15.1551552     0.17663924     0.34045773
   15.1951952     0.14088968     0.36818176
   15.2352352     0.19483004     0.35767526
   15.2752753     0.32997365     0.33549664
   15.3153153     0.48643164     0.35763282
   15.3553554     0.58931858     0.44716859
   15.3953954     0.60539212     0.55577940
   15.4354354     0.55071934     0.60573695
   15.4754755     0.46655569     0.57151268
   15.5155155     0.40451224     0.49687701
   15.5555556     0.39462273     0.43682941
   15.5955956     0.41464690     0.40577263
   15.6356356     0.42124879     0.38445962
   15.6756757     0.40597303     0.36654940
   15.7157157     0.40224491     0.37628306
   15.7557558     0.44769235     0.42811589
   15.7957958     0.54086324     0.49646995
   15.8358358     0.62621228     0.55182205
   15.8758759     0.63386587     0.60450770
   15.9159159     0.54873367     0.67862032
   15.9559560     0.43513558     0.75536825
   15.9959960     0.38406489     0.78359767
   16.0360360     0.44147381     0.75072691
   16.0760761     0.58931931     0.70247730
   16.1161161     0.77221860     0.67657716
   16.1561562     0.92047713     0.65589959
   16.1961962     0.96659122     0.61060403
   16.2362362     0.89108858     0.55973808
   16.2762763     0.76396933     0.56378783
   16.3163163     0.68350519     0.65061246
   16.3563564     0.65950598     0.76060711
   16.3963964     0.62139746     0.79881598
   16.4364364     0.54141425     0.74573661
   16.4764765     0.47418938     0.67013786
   16.5165165     0.46887821     0.62702842
   16.5565566     0.50438817     0.59456957
   16.5965966     0.53277249     0.52509663
   16.6366366     0.54414274     0.41866504
   16.6766767     0.55353950     0.31826376
   16.7167167     0.55667993     0.25281665
   16.7567568     0.53610437     0.22021094
   16.7967968     0.48964476     0.22123060
   16.8368368     0.43703471     0.27522764
   16.8768769     0.40971176     0.38984741
   16.9169169     0.42319593     0.53590839
   16.9569570     0.45687143     0.66635628
   16.9969970     0.48903297     0.74479603
   17.0370370     0.54196908     0.75387285
   17.0770771     0.64559155     0.70042224
   17.1171171     0.76349049     0.61300017
   17.1571572     0.80962052     0.52258139
   17.1971972     0.74632825     0.45035027
   17.2372372     0.62427607     0.41194978
   17.2772773     0.51902468     0.42505500
   17.3173173     0.46220588     0.50081670
   17.3573574     0.43906742     0.60653011
   17.3973974     0.42925379     0.65480157
   17.4374374     0.43856951     0.58249527
   17.4774775     0.48151247     0.43115951
   17.5175175     0.53336709     0.30546496
   17.5575576     0.54032627     0.26764074
   17.5975976     0.49095609     0.29566956
   17.6376376     0.42703351     0.32532561
   17.6776777     0.37868213     0.31141662
   17.7177177     0.33652059     0.25130220
   17.7577578     0.28184372     0.17492697
   17.7977978     0.21325281     0.12407945
   17.8378378     0.14636527     0.12259334
   17.8778779     0.09613864     0.15685128
   17.9179179     0.06570163     0.19510025
   17.9579580     0.05449479     0.22657280
   17.9979980     0.06418723     0.26584671
   18.0380380     0.09466187     0.31820058
   18.0780781     0.15114374     0.36728130
   18.1181181     0.25225804     0.40820549
   18.1581582     0.40136498     0.47238345
   18.1981982     0.55018642     0.59004691
   18.2382382     0.63329446     0.71985392
   18.2782783     0.64165492     0.76347987
   18.3183183     0.61612910     0.68351027
   18.3583584     0.57826041     0.54790032
   18.3983984     0.52525167     0.43495697
   18.4384384     0.47668566     0.36882885
   18.4784785     0.46583101     0.35410900
   18.5185185     0.49698368     0.38983589
   18.5585586     0.54471101     0.43734380
   18.5985986     0.57668837     0.44162032
   18.6386386     0.56666708     0.39507127
   18.6786787     0.50562735     0.33465478
   18.7187187     0.40870795     0.28635999
   18.7587588     0.30439992     0.25523231
   18.7987988     0.21676173     0.25506633
   18.8388388     0.16483676     0.30525512
   18.8788789     0.17338747     0.39619782
   18.9189189     0.26367095     0.48328329
   18.9589590     0.41597806     0.52266454
   18.9989990     0.54934501     0.50631784
   19.0390390     0.57845495     0.46390922
   19.0790791     0.50540466     0.43473903
   19.1191191     0.42012369     0.43821059
   19.1591592     0.40105741     0.46342575
   19.1991992     0.44333529     0.47413515
   19.2392392     0.48226262     0.43067860
   19.2792793     0.46135833     0.32953782
   19.3193193     0.37609468     0.22441837
   19.3593594     0.27331066     0.19389723
   19.3993994     0.21784500     0.28025729
   19.4394394     0.24522910     0.45021054
   19.4794795     0.33136501     0.61398668
   19.5195195     0.41017522     0.70019985
   19.5595596     0.43392128     0.70252073
   19.5995996     0.42116624     0.64731862
   19.6396396     0.43464190     0.56662309
   19.6796797     0.50437921     0.51085327
   19.7197197     0.58860130     0.52033969
   19.7597598     0.62506968     0.57124020
   19.7997998     0.60132959     0.59685418
   19.8398398     0.55771159     0.56097819
   19.8798799     0.54030544     0.47996664
   19.9199199     0.56174355     0.39374654
   19.9599600     0.59588894     0.34480779
   20.0000000     0.60978413     0.35921303
