              -1739.8361960704
          0.000015744      -0.000000000       0.000000000
         -0.000000000       0.000015744      -0.000000000
          0.000000000      -0.000000000       0.000010910
           8
  1    25       0.000000012       0.000000023      -0.000027827  Mn
  1    25      -0.000000016      -0.000000063      -0.000185898  Mn
  1    25      -0.000000018      -0.000000046      -0.000122334  Mn
  1    25       0.000000013      -0.000000022       0.000077499  Mn
  1    25      -0.000000052      -0.000000067       0.000067913  Mn
  1    25       0.000000027      -0.000000026       0.000063848  Mn
  1    25      -0.000000043      -0.000000032       0.000094373  Mn
  1    25      -0.000000038       0.000000010       0.000046505  Mn
