    24
     1   -0.452625   -0.000000    0.000000       0.027778
     2   -0.226313   -0.000000    0.000000       0.027778
     3    0.000000    0.000000    0.000000       0.027778
     4    0.226313    0.000000   -0.000000       0.027778
     5    0.452625    0.000000   -0.000000       0.027778
     6    0.678938    0.000000   -0.000000       0.027778
     7   -0.452625    0.226313    0.000000       0.055556
     8   -0.226313    0.226313    0.000000       0.055556
     9    0.000000    0.226313    0.000000       0.055556
    10    0.226313    0.226313   -0.000000       0.055556
    11    0.452625    0.226313   -0.000000       0.055556
    12    0.678938    0.226313   -0.000000       0.055556
    13   -0.452625    0.452625    0.000000       0.055556
    14   -0.226313    0.452625    0.000000       0.055556
    15    0.000000    0.452625    0.000000       0.055556
    16    0.226313    0.452625   -0.000000       0.055556
    17    0.452625    0.452625   -0.000000       0.055556
    18    0.678938    0.452625   -0.000000       0.055556
    19   -0.452625    0.678938    0.000000       0.027778
    20   -0.226313    0.678938    0.000000       0.027778
    21    0.000000    0.678938    0.000000       0.027778
    22    0.226313    0.678938   -0.000000       0.027778
    23    0.452625    0.678938   -0.000000       0.027778
    24    0.678938    0.678938   -0.000000       0.027778
