#
#   partial DOS for atom species: Mn
#
#   Add data for atom_index =   8,  n,l,m,z=  4  0  0  1
#   Add data for atom_index =   8,  n,l,m,z=  4  0  0  2
#   Add data for atom_index =   8,  n,l,m,z=  4  0  0  3
#   Add data for atom_index =   9,  n,l,m,z=  4  0  0  1
#   Add data for atom_index =   9,  n,l,m,z=  4  0  0  2
#   Add data for atom_index =   9,  n,l,m,z=  4  0  0  3
#   Add data for atom_index =  10,  n,l,m,z=  4  0  0  1
#   Add data for atom_index =  10,  n,l,m,z=  4  0  0  2
#   Add data for atom_index =  10,  n,l,m,z=  4  0  0  3
#
#    Energy          spin 1        spin2
#
  -20.0000000     0.00000000     0.00000000
  -19.9599600     0.00000000     0.00000000
  -19.9199199     0.00000000     0.00000000
  -19.8798799     0.00000000     0.00000000
  -19.8398398     0.00000000     0.00000000
  -19.7997998     0.00000000     0.00000000
  -19.7597598     0.00000000     0.00000000
  -19.7197197     0.00000000     0.00000000
  -19.6796797     0.00000000     0.00000000
  -19.6396396     0.00000000     0.00000000
  -19.5995996     0.00000000     0.00000000
  -19.5595596     0.00000000     0.00000000
  -19.5195195     0.00000000     0.00000000
  -19.4794795     0.00000000     0.00000000
  -19.4394394     0.00000000     0.00000000
  -19.3993994     0.00000000     0.00000000
  -19.3593594     0.00000000     0.00000000
  -19.3193193     0.00000000     0.00000000
  -19.2792793     0.00000000     0.00000000
  -19.2392392     0.00000000     0.00000000
  -19.1991992    -0.00000000    -0.00000000
  -19.1591592    -0.00000000    -0.00000000
  -19.1191191    -0.00000005    -0.00000006
  -19.0790791    -0.00000075    -0.00000087
  -19.0390390    -0.00000886    -0.00000975
  -18.9989990    -0.00007592    -0.00007939
  -18.9589590    -0.00047232    -0.00046959
  -18.9189189    -0.00213344    -0.00201656
  -18.8788789    -0.00699658    -0.00628751
  -18.8388388    -0.01665905    -0.01423388
  -18.7987988    -0.02879883    -0.02339617
  -18.7587588    -0.03614603    -0.02792188
  -18.7187187    -0.03293885    -0.02419492
  -18.6786787    -0.02179309    -0.01522243
  -18.6386386    -0.01046868    -0.00695384
  -18.5985986    -0.00365114    -0.00230647
  -18.5585586    -0.00092454    -0.00055546
  -18.5185185    -0.00016998    -0.00009713
  -18.4784785    -0.00002269    -0.00001233
  -18.4384384    -0.00000224    -0.00000118
  -18.3983984    -0.00000084    -0.00000075
  -18.3583584    -0.00000843    -0.00000778
  -18.3183183    -0.00007526    -0.00006468
  -18.2782783    -0.00048831    -0.00039018
  -18.2382382    -0.00230083    -0.00170389
  -18.1981982    -0.00787537    -0.00536729
  -18.1581582    -0.01959639    -0.01209803
  -18.1181181    -0.03550233    -0.01913591
  -18.0780781    -0.04697106    -0.02014281
  -18.0380380    -0.04565329    -0.01157953
  -17.9979980    -0.03296097     0.00145785
  -17.9579580    -0.01801736     0.00988156
  -17.9179179    -0.00766797     0.01025452
  -17.8778779    -0.00261936     0.00628607
  -17.8378378    -0.00073061     0.00261144
  -17.7977978    -0.00016493     0.00076610
  -17.7577578    -0.00002927     0.00016122
  -17.7177177    -0.00000395     0.00002450
  -17.6776777    -0.00000040     0.00000269
  -17.6376376    -0.00000021     0.00000001
  -17.5975976    -0.00000267    -0.00000284
  -17.5575576    -0.00002937    -0.00002911
  -17.5175175    -0.00023454    -0.00021564
  -17.4774775    -0.00135949    -0.00115958
  -17.4374374    -0.00572184    -0.00452709
  -17.3973974    -0.01749863    -0.01283819
  -17.3573574    -0.03897013    -0.02649591
  -17.3173173    -0.06362967    -0.04007150
  -17.2772773    -0.07775914    -0.04550756
  -17.2372372    -0.07542593    -0.04198797
  -17.1971972    -0.06635419    -0.03783654
  -17.1571572    -0.06250871    -0.03993320
  -17.1171171    -0.06435480    -0.04675879
  -17.0770771    -0.06410188    -0.05240836
  -17.0370370    -0.05535784    -0.05148741
  -16.9969970    -0.03868215    -0.04165844
  -16.9569570    -0.02089529    -0.02634452
  -16.9169169    -0.00847622    -0.01256470
  -16.8768769    -0.00253943    -0.00443002
  -16.8368368    -0.00055697    -0.00114321
  -16.7967968    -0.00008944    -0.00021504
  -16.7567568    -0.00001586    -0.00003104
  -16.7167167    -0.00005300    -0.00002058
  -16.6766767    -0.00035687    -0.00013501
  -16.6366366    -0.00176672    -0.00074070
  -16.5965966    -0.00631660    -0.00291321
  -16.5565566    -0.01626221    -0.00810980
  -16.5165165    -0.02997798    -0.01558880
  -16.4764765    -0.03896677    -0.01931332
  -16.4364364    -0.03379292    -0.01118832
  -16.3963964    -0.01445172     0.00926426
  -16.3563564     0.00872532     0.03177785
  -16.3163163     0.02383124     0.04415670
  -16.2762763     0.02580877     0.04192720
  -16.2362362     0.01897430     0.03031595
  -16.1961962     0.01153266     0.01858003
  -16.1561562     0.00736821     0.01156966
  -16.1161161     0.00423705     0.00694998
  -16.0760761    -0.00169787     0.00032194
  -16.0360360    -0.01107232    -0.00861596
  -15.9959960    -0.01982088    -0.01547690
  -15.9559560    -0.02229760    -0.01615763
  -15.9159159    -0.01694176    -0.01118191
  -15.8758759    -0.00777522    -0.00389741
  -15.8358358    -0.00019069     0.00436620
  -15.7957958     0.00213912     0.01506493
  -15.7557558    -0.00207924     0.02906247
  -15.7157157    -0.00867718     0.04532332
  -15.6756757    -0.00753192     0.06344920
  -15.6356356     0.00781696     0.08351982
  -15.5955956     0.03147220     0.10062490
  -15.5555556     0.05007537     0.10373035
  -15.5155155     0.05309708     0.08550647
  -15.4754755     0.03910930     0.05248801
  -15.4354354     0.01721337     0.02061134
  -15.3953954    -0.00064985    -0.00054037
  -15.3553554    -0.01214334    -0.01592009
  -15.3153153    -0.02586296    -0.03668595
  -15.2752753    -0.04851158    -0.06444613
  -15.2352352    -0.07245209    -0.08484768
  -15.1951952    -0.08025587    -0.08153127
  -15.1551552    -0.06432585    -0.05509062
  -15.1151151    -0.03494720    -0.01877166
  -15.0750751    -0.00462712     0.02144274
  -15.0350350     0.02538624     0.06785479
  -14.9949950     0.05595836     0.11104891
  -14.9549550     0.07560431     0.12590530
  -14.9149149     0.06773986     0.09964895
  -14.8748749     0.03332409     0.05168411
  -14.8348348    -0.00504939     0.01274541
  -14.7947948    -0.02536122    -0.00460420
  -14.7547548    -0.02474008    -0.00698896
  -14.7147147    -0.01472660    -0.00444989
  -14.6746747    -0.00597001    -0.00198480
  -14.6346346    -0.00128562    -0.00047358
  -14.5945946     0.00127821     0.00084463
  -14.5545546     0.00379762     0.00332598
  -14.5145145     0.00631724     0.00849405
  -14.4744745     0.00713790     0.01784739
  -14.4344344     0.00553374     0.03312163
  -14.3943944     0.00504593     0.05448929
  -14.3543544     0.01314144     0.07513485
  -14.3143143     0.03415571     0.08166168
  -14.2742743     0.05962592     0.06677897
  -14.2342342     0.07033931     0.03737031
  -14.1941942     0.05475449     0.00583873
  -14.1541542     0.02165293    -0.01900541
  -14.1141141    -0.00938753    -0.03153742
  -14.0740741    -0.02497457    -0.03009471
  -14.0340340    -0.02524321    -0.02013413
  -13.9939940    -0.02012915    -0.01060380
  -13.9539540    -0.01960459    -0.00698235
  -13.9139139    -0.02570453    -0.00970954
  -13.8738739    -0.03213417    -0.01605114
  -13.8338338    -0.03089926    -0.02042510
  -13.7937938    -0.02049583    -0.01446255
  -13.7537538    -0.00758947     0.00948719
  -13.7137137    -0.00010085     0.05134660
  -13.6736737     0.00071569     0.09788052
  -13.6336336     0.00291135     0.12629602
  -13.5935936     0.01834146     0.12030752
  -13.5535536     0.04799569     0.08636918
  -13.5135135     0.07491017     0.04870168
  -13.4734735     0.08250056     0.02716639
  -13.4334334     0.07283449     0.02473273
  -13.3933934     0.05609083     0.03186688
  -13.3533534     0.03657727     0.03612600
  -13.3133133     0.01753801     0.03098602
  -13.2732733     0.00448347     0.01957871
  -13.2332332    -0.00129660     0.00901789
  -13.1931932    -0.00472380     0.00232277
  -13.1531532    -0.01270652    -0.00171356
  -13.1131131    -0.02942420    -0.00138758
  -13.0730731    -0.04989607     0.01052653
  -13.0330330    -0.05657516     0.03572563
  -12.9929930    -0.03112885     0.06044605
  -12.9529530     0.02514825     0.06776518
  -12.9129129     0.08771454     0.05743209
  -12.8728729     0.12845551     0.04647301
  -12.8328328     0.13683995     0.05281185
  -12.7927928     0.12153722     0.07680754
  -12.7527528     0.09425019     0.09606186
  -12.7127127     0.05856480     0.08565882
  -12.6726727     0.01722858     0.04613182
  -12.6326326    -0.01998437     0.00361915
  -12.5925926    -0.04310873    -0.01681936
  -12.5525526    -0.04955704    -0.01025345
  -12.5125125    -0.04127706     0.01089110
  -12.4724725    -0.02178491     0.02935774
  -12.4324324     0.00156493     0.03411747
  -12.3923924     0.01977467     0.02466103
  -12.3523524     0.02912401     0.00898620
  -12.3123123     0.03147299    -0.00011260
  -12.2722723     0.03148537     0.01015455
  -12.2322322     0.03794931     0.04384218
  -12.1921922     0.05728079     0.08633575
  -12.1521522     0.07938566     0.10952434
  -12.1121121     0.08331538     0.09908569
  -12.0720721     0.06312110     0.07234498
  -12.0320320     0.03557271     0.05942061
  -11.9919920     0.02078701     0.07107402
  -11.9519520     0.02533485     0.08941716
  -11.9119119     0.04053513     0.08832607
  -11.8718719     0.05025500     0.06081057
  -11.8318318     0.04424453     0.02301013
  -11.7917918     0.02574108    -0.00523711
  -11.7517518     0.00576224    -0.01618486
  -11.7117117    -0.00654187    -0.01387630
  -11.6716717    -0.00824024    -0.00633125
  -11.6316316    -0.00097204     0.00055820
  -11.5915916     0.01220805     0.00440776
  -11.5515516     0.02657062     0.00421979
  -11.5115115     0.03531355    -0.00127920
  -11.4714715     0.03319132    -0.01141279
  -11.4314314     0.01970580    -0.02129663
  -11.3913914    -0.00127403    -0.02629209
  -11.3513514    -0.02291595    -0.02713563
  -11.3113113    -0.03808790    -0.02689821
  -11.2712713    -0.04348605    -0.02638279
  -11.2312312    -0.04020253    -0.02459739
  -11.1911912    -0.03043763    -0.02067666
  -11.1511512    -0.01683667    -0.01562794
  -11.1111111    -0.00417832    -0.01255158
  -11.0710711     0.00281788    -0.01218375
  -11.0310310     0.00475808    -0.01008276
  -10.9909910     0.00694624    -0.00295890
  -10.9509510     0.01064562     0.00526210
  -10.9109109     0.00983648     0.00884350
  -10.8708709     0.00102860     0.00779257
  -10.8308308    -0.00936143     0.00483702
  -10.7907908    -0.01252331    -0.00058637
  -10.7507508    -0.00789248    -0.00949407
  -10.7107107    -0.00220484    -0.01862037
  -10.6706707    -0.00131395    -0.02416999
  -10.6306306    -0.00658976    -0.02717529
  -10.5905906    -0.01697326    -0.03128744
  -10.5505506    -0.03075324    -0.03785550
  -10.5105105    -0.04534193    -0.04508086
  -10.4704705    -0.05748297    -0.04993341
  -10.4304304    -0.06467785    -0.05011448
  -10.3903904    -0.06584004    -0.04530988
  -10.3503504    -0.06028247    -0.03712879
  -10.3103103    -0.04796505    -0.02841469
  -10.2702703    -0.03216956    -0.02267269
  -10.2302302    -0.01929708    -0.02282004
  -10.1901902    -0.01350578    -0.02899519
  -10.1501502    -0.01329749    -0.03722674
  -10.1101101    -0.01482202    -0.04147871
  -10.0700701    -0.01638362    -0.03808968
  -10.0300300    -0.01872907    -0.02820046
   -9.9899900    -0.02275474    -0.01626643
   -9.9499500    -0.02704266    -0.00673101
   -9.9099099    -0.02756211    -0.00182233
   -9.8698699    -0.02238501    -0.00160490
   -9.8298298    -0.01590677    -0.00492737
   -9.7897898    -0.01415820    -0.00994675
   -9.7497497    -0.01736130    -0.01472442
   -9.7097097    -0.02146533    -0.01859682
   -9.6696697    -0.02496527    -0.02258229
   -9.6296296    -0.02941159    -0.02707210
   -9.5895896    -0.03450854    -0.03001890
   -9.5495496    -0.03708304    -0.02885015
   -9.5095095    -0.03460359    -0.02305479
   -9.4694695    -0.02764384    -0.01452267
   -9.4294294    -0.01937654    -0.00672151
   -9.3893894    -0.01325368    -0.00263558
   -9.3493494    -0.01101822    -0.00235578
   -9.3093093    -0.01208298    -0.00390686
   -9.2692693    -0.01350162    -0.00582487
   -9.2292292    -0.01180418    -0.00708060
   -9.1891892    -0.00684799    -0.00626257
   -9.1491491    -0.00235443    -0.00334507
   -9.1091091    -0.00121290    -0.00122127
   -9.0690691    -0.00250911    -0.00358065
   -9.0290290    -0.00458985    -0.01066907
   -8.9889890    -0.00847873    -0.01751827
   -8.9489490    -0.01628422    -0.01855765
   -8.9089089    -0.02735399    -0.01476061
   -8.8688689    -0.03682536    -0.01275355
   -8.8288288    -0.03826766    -0.01568708
   -8.7887888    -0.02917414    -0.01922323
   -8.7487488    -0.01375553    -0.01774629
   -8.7087087     0.00087716    -0.01033205
   -8.6686687     0.01011979     0.00008180
   -8.6286286     0.01293571     0.00945312
   -8.5885886     0.01030962     0.01449295
   -8.5485485     0.00454583     0.01500301
   -8.5085085    -0.00139329     0.01400871
   -8.4684685    -0.00538215     0.01373668
   -8.4284284    -0.00667401     0.01279370
   -8.3883884    -0.00534770     0.00887329
   -8.3483484    -0.00243380     0.00250745
   -8.3083083     0.00003776    -0.00370287
   -8.2682683     0.00063399    -0.00823000
   -8.2282282    -0.00032947    -0.01120480
   -8.1881882    -0.00216927    -0.01262563
   -8.1481482    -0.00543635    -0.01194007
   -8.1081081    -0.01130327    -0.00961293
   -8.0680681    -0.01940218    -0.00738712
   -8.0280280    -0.02650788    -0.00661068
   -7.9879880    -0.02890062    -0.00761087
   -7.9479479    -0.02645417    -0.01032737
   -7.9079079    -0.02209480    -0.01389002
   -7.8678679    -0.01763872    -0.01605967
   -7.8278278    -0.01288044    -0.01484458
   -7.7877878    -0.00792008    -0.01057413
   -7.7477478    -0.00432862    -0.00541563
   -7.7077077    -0.00403762    -0.00138986
   -7.6676677    -0.00721223     0.00019499
   -7.6276276    -0.01155220    -0.00157125
   -7.5875876    -0.01466613    -0.00628716
   -7.5475475    -0.01640279    -0.01154300
   -7.5075075    -0.01749704    -0.01446626
   -7.4674675    -0.01741874    -0.01381055
   -7.4274274    -0.01538485    -0.01049978
   -7.3873874    -0.01229073    -0.00669799
   -7.3473473    -0.01012397    -0.00420647
   -7.3073073    -0.00999496    -0.00326025
   -7.2672673    -0.01167768    -0.00274181
   -7.2272272    -0.01458322    -0.00153969
   -7.1871872    -0.01786754     0.00048140
   -7.1471472    -0.01977862     0.00257622
   -7.1071071    -0.01856898     0.00366067
   -7.0670671    -0.01429885     0.00322007
   -7.0270270    -0.00860049     0.00209627
   -6.9869870    -0.00314161     0.00149379
   -6.9469470     0.00071461     0.00082789
   -6.9069069     0.00198161    -0.00221281
   -6.8668669     0.00093422    -0.00842441
   -6.8268268    -0.00095150    -0.01488999
   -6.7867868    -0.00257401    -0.01782873
   -6.7467467    -0.00408853    -0.01680674
   -6.7067067    -0.00586222    -0.01409042
   -6.6666667    -0.00710076    -0.01122731
   -6.6266266    -0.00594494    -0.00831993
   -6.5865866    -0.00115021    -0.00521974
   -6.5465466     0.00583537    -0.00203638
   -6.5065065     0.01111090     0.00065610
   -6.4664665     0.01204844     0.00204247
   -6.4264264     0.01002418     0.00186891
   -6.3863864     0.00826327     0.00035194
   -6.3463464     0.00826592    -0.00245168
   -6.3063063     0.00923529    -0.00613778
   -6.2662663     0.00983570    -0.00921646
   -6.2262262     0.00950971    -0.01016236
   -6.1861862     0.00822371    -0.00910606
   -6.1461461     0.00593841    -0.00731740
   -6.1061061     0.00303413    -0.00536713
   -6.0660661     0.00067152    -0.00311229
   -6.0260260     0.00000176    -0.00094133
   -5.9859860     0.00097943     0.00032050
   -5.9459459     0.00228228     0.00051383
   -5.9059059     0.00289961     0.00026216
   -5.8658659     0.00340775    -0.00022985
   -5.8258258     0.00468581    -0.00193378
   -5.7857858     0.00606888    -0.00566155
   -5.7457458     0.00604887    -0.01022593
   -5.7057057     0.00420443    -0.01321999
   -5.6656657     0.00159129    -0.01343950
   -5.6256256    -0.00022421    -0.01159995
   -5.5855856    -0.00019490    -0.00950515
   -5.5455455     0.00149363    -0.00932889
   -5.5055055     0.00367584    -0.01241649
   -5.4654655     0.00545219    -0.01753135
   -5.4254254     0.00665257    -0.02125400
   -5.3853854     0.00731824    -0.02126931
   -5.3453453     0.00803609    -0.01845519
   -5.3053053     0.01044830    -0.01531723
   -5.2652653     0.01581795    -0.01343613
   -5.2252252     0.02290067    -0.01267854
   -5.1851852     0.02825696    -0.01238343
   -5.1451452     0.02901954    -0.01246328
   -5.1051051     0.02491447    -0.01258148
   -5.0650651     0.01776193    -0.01175127
   -5.0250250     0.00982201    -0.00999085
   -4.9849850     0.00267560    -0.00866037
   -4.9449449    -0.00290276    -0.00842535
   -4.9049049    -0.00669000    -0.00838081
   -4.8648649    -0.00890452    -0.00743689
   -4.8248248    -0.00977783    -0.00553286
   -4.7847848    -0.00893782    -0.00346253
   -4.7447447    -0.00523423    -0.00258018
   -4.7047047     0.00270565    -0.00512487
   -4.6646647     0.01394705    -0.01342851
   -4.6246246     0.02256435    -0.02661457
   -4.5845846     0.02181384    -0.03836601
   -4.5445445     0.01293358    -0.04125280
   -4.5045045     0.00437746    -0.03424586
   -4.4644645     0.00129173    -0.02319565
   -4.4244244     0.00140735    -0.01409268
   -4.3843844     0.00116929    -0.00878664
   -4.3443443     0.00142930    -0.00597583
   -4.3043043     0.00632749    -0.00349596
   -4.2642643     0.01764620    -0.00054334
   -4.2242242     0.03196438     0.00125510
   -4.1841842     0.04399204     0.00005959
   -4.1441441     0.04973770    -0.00311812
   -4.1041041     0.04659624    -0.00513572
   -4.0640641     0.03496242    -0.00425035
   -4.0240240     0.01979222    -0.00167314
   -3.9839840     0.00733258     0.00035604
   -3.9439439     0.00003767     0.00118822
   -3.9039039    -0.00431926     0.00197188
   -3.8638639    -0.00853199     0.00358965
   -3.8238238    -0.01208515     0.00526588
   -3.7837838    -0.01273317     0.00557962
   -3.7437437    -0.01100461     0.00437243
   -3.7037037    -0.01056479     0.00283997
   -3.6636637    -0.01371385     0.00151902
   -3.6236236    -0.01826532    -0.00069604
   -3.5835836    -0.01984504    -0.00457500
   -3.5435435    -0.01660333    -0.00854391
   -3.5035035    -0.01068810    -0.01011305
   -3.4634635    -0.00548107    -0.00901109
   -3.4234234    -0.00264840    -0.00767880
   -3.3833834    -0.00201845    -0.00862305
   -3.3433433    -0.00296910    -0.01152935
   -3.3033033    -0.00471721    -0.01268811
   -3.2632633    -0.00583408    -0.00813239
   -3.2232232    -0.00512021     0.00144774
   -3.1831832    -0.00317466     0.00956764
   -3.1431431    -0.00180643     0.00949271
   -3.1031031    -0.00177328     0.00145378
   -3.0630631    -0.00235134    -0.00740139
   -3.0230230    -0.00294740    -0.01082926
   -2.9829830    -0.00368745    -0.00877945
   -2.9429429    -0.00458728    -0.00464623
   -2.9029029    -0.00553303    -0.00059184
   -2.8628629    -0.00689041     0.00337756
   -2.8228228    -0.00862841     0.00754656
   -2.7827828    -0.00900039     0.01058850
   -2.7427427    -0.00588617     0.00995614
   -2.7027027     0.00048783     0.00454740
   -2.6626627     0.00735925    -0.00394502
   -2.6226226     0.01148082    -0.01225478
   -2.5825826     0.01109896    -0.01710333
   -2.5425425     0.00722109    -0.01674302
   -2.5025025     0.00297915    -0.01204367
   -2.4624625     0.00087994    -0.00539093
   -2.4224224     0.00101517     0.00107415
   -2.3823824     0.00194239     0.00578295
   -2.3423423     0.00243927     0.00811588
   -2.3023023     0.00243780     0.00934946
   -2.2622623     0.00268584     0.01155674
   -2.2222222     0.00348807     0.01460379
   -2.1821822     0.00405713     0.01571859
   -2.1421421     0.00342525     0.01294290
   -2.1021021     0.00166113     0.00765842
   -2.0620621    -0.00015276     0.00309232
   -2.0220220    -0.00091069     0.00174113
   -1.9819820    -0.00016565     0.00462014
   -1.9419419     0.00206492     0.01125754
   -1.9019019     0.00558430     0.01908832
   -1.8618619     0.00952372     0.02393871
   -1.8218218     0.01200329     0.02317994
   -1.7817818     0.01139985     0.01854846
   -1.7417417     0.00838532     0.01450386
   -1.7017017     0.00638152     0.01338743
   -1.6616617     0.00945157     0.01290674
   -1.6216216     0.01869877     0.00925717
   -1.5815816     0.02951845     0.00234798
   -1.5415415     0.03344071    -0.00384057
   -1.5015015     0.02558350    -0.00601070
   -1.4614615     0.00979370    -0.00424204
   -1.4214214    -0.00559982     0.00018276
   -1.3813814    -0.01477479     0.00736323
   -1.3413413    -0.01581699     0.01945020
   -1.3013013    -0.00966101     0.03938809
   -1.2612613    -0.00001983     0.06519155
   -1.2212212     0.00964452     0.08475933
   -1.1811812     0.02087513     0.08412835
   -1.1411411     0.03775756     0.06337926
   -1.1011011     0.05752218     0.03688537
   -1.0610611     0.06837786     0.01746071
   -1.0210210     0.06178313     0.00730349
   -0.9809810     0.04325260     0.00272141
   -0.9409409     0.02549417     0.00066265
   -0.9009009     0.01500766     0.00009965
   -0.8608609     0.01018713     0.00070456
   -0.8208208     0.00796443     0.00194608
   -0.7807808     0.00744338     0.00301154
   -0.7407407     0.00862319     0.00309101
   -0.7007007     0.01051422     0.00196502
   -0.6606607     0.01125375     0.00050336
   -0.6206206     0.00983526     0.00026663
   -0.5805806     0.00757541     0.00226573
   -0.5405405     0.00703009     0.00639479
   -0.5005005     0.00844656     0.01215151
   -0.4604605     0.00845158     0.01886233
   -0.4204204     0.00402258     0.02484053
   -0.3803804    -0.00294112     0.02761482
   -0.3403403    -0.00672091     0.02585613
   -0.3003003    -0.00372799     0.02064714
   -0.2602603     0.00400459     0.01446498
   -0.2202202     0.01213590     0.00979094
   -0.1801802     0.01852146     0.00917290
   -0.1401401     0.02215071     0.01459238
   -0.1001001     0.02083610     0.02558761
   -0.0600601     0.01493910     0.03965441
   -0.0200200     0.01208413     0.05404510
    0.0200200     0.02202539     0.06449932
    0.0600601     0.04399067     0.06499929
    0.1001001     0.06320161     0.05432436
    0.1401401     0.06549381     0.03994703
    0.1801802     0.05264764     0.03025780
    0.2202202     0.03736796     0.02627385
    0.2602603     0.02794905     0.02415619
    0.3003003     0.02424658     0.02179747
    0.3403403     0.02314407     0.01953130
    0.3803804     0.02172204     0.01696585
    0.4204204     0.01826790     0.01335471
    0.4604605     0.01405526     0.01079853
    0.5005005     0.01252192     0.01374923
    0.5405405     0.01537813     0.02461425
    0.5805806     0.02126408     0.04027794
    0.6206206     0.02794153     0.05269659
    0.6606607     0.03303298     0.05468066
    0.7007007     0.03417938     0.04580621
    0.7407407     0.03242672     0.03096386
    0.7807808     0.03315968     0.01524256
    0.8208208     0.03962723     0.00287161
    0.8608609     0.04692721    -0.00249014
    0.9009009     0.04529445     0.00009651
    0.9409409     0.03082546     0.00872693
    0.9809810     0.01203357     0.02264737
    1.0210210     0.00277898     0.04275771
    1.0610611     0.00934876     0.06464817
    1.1011011     0.02610813     0.07681796
    1.1411411     0.04097397     0.07259250
    1.1811812     0.04466697     0.05833250
    1.2212212     0.03791032     0.04501693
    1.2612613     0.02928245     0.03794824
    1.3013013     0.02580087     0.03606138
    1.3413413     0.02917782     0.03624497
    1.3813814     0.03946942     0.03853236
    1.4214214     0.05521013     0.04716809
    1.4614615     0.06989367     0.06337530
    1.5015015     0.07549082     0.07872231
    1.5415415     0.07174034     0.08123625
    1.5815816     0.06660013     0.06843804
    1.6216216     0.06543115     0.04942241
    1.6616617     0.06442625     0.03416840
    1.7017017     0.05656796     0.02626611
    1.7417417     0.04116077     0.02460308
    1.7817818     0.02546684     0.02548204
    1.8218218     0.01810437     0.02438821
    1.8618619     0.02398521     0.02071167
    1.9019019     0.04383066     0.02005896
    1.9419419     0.07105340     0.03046312
    1.9819820     0.09005666     0.05518326
    2.0220220     0.08871803     0.08538029
    2.0620621     0.07264763     0.10240620
    2.1021021     0.05683960     0.09556950
    2.1421421     0.04742214     0.07535856
    2.1821822     0.04163111     0.06143167
    2.2222222     0.03916017     0.06094542
    2.2622623     0.04368425     0.06482440
    2.3023023     0.05537304     0.06193346
    2.3423423     0.06700495     0.05063327
    2.3823824     0.06872560     0.03629213
    2.4224224     0.05674845     0.02335093
    2.4624625     0.03684969     0.01362477
    2.5025025     0.01868175     0.00891010
    2.5425425     0.00770594     0.01156407
    2.5825826     0.00330136     0.02253305
    2.6226226     0.00260066     0.03837003
    2.6626627     0.00443699     0.05132948
    2.7027027     0.01058234     0.05596278
    2.7427427     0.02379112     0.05422377
    2.7827828     0.04332467     0.05125310
    2.8228228     0.06236477     0.05017390
    2.8628629     0.07201180     0.05250798
    2.9029029     0.06878886     0.05894406
    2.9429429     0.05767564     0.06899390
    2.9829830     0.04803046     0.08003418
    3.0230230     0.04736623     0.08571959
    3.0630631     0.05784558     0.08004890
    3.1031031     0.07414427     0.06447573
    3.1431431     0.08373471     0.04604929
    3.1831832     0.07576122     0.03010145
    3.2232232     0.05239121     0.01860693
    3.2632633     0.02692554     0.01281982
    3.3033033     0.01037931     0.01530256
    3.3433433     0.00386911     0.02970340
    3.3833834     0.00249572     0.05595119
    3.4234234     0.00190493     0.08474404
    3.4634635     0.00163233     0.10127581
    3.5035035     0.00617576     0.09744936
    3.5435435     0.02300308     0.07913169
    3.5835836     0.05481608     0.06127781
    3.6236236     0.09224736     0.05738104
    3.6636637     0.11861725     0.07050964
    3.7037037     0.12329457     0.08968612
    3.7437437     0.10896823     0.09831514
    3.7837838     0.08848473     0.09090152
    3.8238238     0.07474884     0.07684113
    3.8638639     0.07172910     0.06608096
    3.9039039     0.07811691     0.05978761
    3.9439439     0.09585921     0.05781037
    3.9839840     0.12302145     0.06507994
    4.0240240     0.14198747     0.08338315
    4.0640641     0.13349443     0.10383269
    4.1041041     0.10247294     0.11605762
    4.1441441     0.07306372     0.11984110
    4.1841842     0.05947004     0.12032179
    4.2242242     0.05503874     0.11806028
    4.2642643     0.04736960     0.11129092
    4.3043043     0.03404129     0.10203528
    4.3443443     0.02254966     0.09368305
    4.3843844     0.01959270     0.08624256
    4.4244244     0.02404076     0.07742603
    4.4644645     0.03105829     0.06645652
    4.5045045     0.04036601     0.05516184
    4.5445445     0.05587162     0.04609975
    4.5845846     0.07710546     0.04100398
    4.6246246     0.09737217     0.04124311
    4.6646647     0.11184855     0.04783599
    4.7047047     0.11919018     0.05986013
    4.7447447     0.11390751     0.07423239
    4.7847848     0.08931328     0.08694250
    4.8248248     0.05167524     0.09357830
    4.8648649     0.02174881     0.09156561
    4.9049049     0.01724705     0.08377397
    4.9449449     0.03568549     0.07575325
    4.9849850     0.05723094     0.06822529
    5.0250250     0.06555611     0.05729422
    5.0650651     0.06249678     0.04223170
    5.1051051     0.05921607     0.02786838
    5.1451452     0.05881594     0.01901505
    5.1851852     0.05597544     0.01727609
    5.2252252     0.04971615     0.02313744
    5.2652653     0.04614675     0.03572181
    5.3053053     0.05027682     0.05044362
    5.3453453     0.06148153     0.06088369
    5.3853854     0.07385173     0.06193760
    5.4254254     0.07921634     0.05053634
    5.4654655     0.07359164     0.02855504
    5.5055055     0.06004662     0.00598293
    5.5455455     0.04519611    -0.00467255
    5.5855856     0.03532490     0.00171965
    5.6256256     0.03384089     0.02104281
    5.6656657     0.04017712     0.04396454
    5.7057057     0.05030142     0.05893139
    5.7457458     0.05744028     0.05799050
    5.7857858     0.05584514     0.04392754
    5.8258258     0.04618686     0.02788160
    5.8658659     0.03405270     0.01954255
    5.9059059     0.02370932     0.02112969
    5.9459459     0.01659670     0.02758464
    5.9859860     0.01325827     0.03134143
    6.0260260     0.01371636     0.02983492
    6.0660661     0.01789844     0.02795092
    6.1061061     0.02578052     0.03030329
    6.1461461     0.03475088     0.03400440
    6.1861862     0.03909177     0.03362472
    6.2262262     0.03579122     0.02937097
    6.2662663     0.02882528     0.02508937
    6.3063063     0.02417363     0.02239560
    6.3463464     0.02270646     0.02166119
    6.3863864     0.02171133     0.02498143
    6.4264264     0.02141099     0.03461561
    6.4664665     0.02551720     0.05137472
    6.5065065     0.03710537     0.07446691
    6.5465466     0.05776958     0.09887268
    6.5865866     0.08546202     0.11467573
    6.6266266     0.10846512     0.11326542
    6.6666667     0.11133228     0.09439169
    6.7067067     0.09205824     0.06698742
    6.7467467     0.06377733     0.04312049
    6.7867868     0.03964163     0.03019616
    6.8268268     0.02455645     0.02775688
    6.8668669     0.01741620     0.02956074
    6.9069069     0.01457676     0.02883820
    6.9469470     0.01344786     0.02387173
    6.9869870     0.01406944     0.01824268
    7.0270270     0.01602782     0.01566156
    7.0670671     0.01728027     0.01680180
    7.1071071     0.01822488     0.02105492
    7.1471472     0.02272728     0.02870334
    7.1871872     0.03289527     0.03926438
    7.2272272     0.04472011     0.04827734
    7.2672673     0.05006926     0.04926717
    7.3073073     0.04454993     0.04069812
    7.3473473     0.03335698     0.02850161
    7.3873874     0.02624839     0.02066756
    7.4274274     0.02738330     0.02172902
    7.4674675     0.03331904     0.03145928
    7.5075075     0.03969230     0.04436385
    7.5475475     0.04645033     0.05125176
    7.5875876     0.05534716     0.04633516
    7.6276276     0.06367886     0.03281191
    7.6676677     0.06433447     0.01877931
    7.7077077     0.05411845     0.00932059
    7.7477478     0.03821841     0.00454613
    7.7877878     0.02398100     0.00291964
    7.8278278     0.01431161     0.00389832
    7.8678679     0.00872426     0.00799390
    7.9079079     0.00665261     0.01582045
    7.9479479     0.00792003     0.02673678
    7.9879880     0.01216357     0.03739114
    8.0280280     0.01894996     0.04324331
    8.0680681     0.02722606     0.04344693
    8.1081081     0.03404085     0.04183221
    8.1481482     0.03581920     0.04099997
    8.1881882     0.03228231     0.03851947
    8.2282282     0.02683332     0.03118853
    8.2682683     0.02173980     0.01997852
    8.3083083     0.01588592     0.00883475
    8.3483484     0.00819200     0.00124057
    8.3883884     0.00005661    -0.00114692
    8.4284284    -0.00569198     0.00139497
    8.4684685    -0.00627208     0.00659888
    8.5085085    -0.00111183     0.01058729
    8.5485485     0.00652147     0.01069119
    8.5885886     0.01258265     0.00905619
    8.6286286     0.01632939     0.01067107
    8.6686687     0.01895656     0.01715044
    8.7087087     0.02098872     0.02495196
    8.7487488     0.02319585     0.02922880
    8.7887888     0.02620280     0.02780547
    8.8288288     0.02819454     0.02225788
    8.8688689     0.02657574     0.01616037
    8.9089089     0.02160177     0.01255929
    8.9489490     0.01636768     0.01302285
    8.9889890     0.01421553     0.01762456
    9.0290290     0.01615476     0.02438611
    9.0690691     0.01951334     0.02973473
    9.1091091     0.02025752     0.03116931
    9.1491491     0.01781584     0.02903889
    9.1891892     0.01611114     0.02520489
    9.2292292     0.01873267     0.02079743
    9.2692693     0.02402897     0.01556023
    9.3093093     0.02622417     0.00950528
    9.3493494     0.02187376     0.00508162
    9.3893894     0.01392493     0.00625036
    9.4294294     0.00841108     0.01393071
    9.4694695     0.00878526     0.02277668
    9.5095095     0.01367223     0.02529938
    9.5495496     0.01813274     0.02017707
    9.5895896     0.01763474     0.01340995
    9.6296296     0.01236738     0.01078720
    9.6696697     0.00696231     0.01234585
    9.7097097     0.00547764     0.01463469
    9.7497497     0.00771699     0.01645164
    9.7897898     0.01088007     0.02081216
    9.8298298     0.01389729     0.03077550
    9.8698699     0.01871194     0.04436581
    9.9099099     0.02700250     0.05465108
    9.9499500     0.03743773     0.05539055
    9.9899900     0.04666765     0.04687233
   10.0300300     0.05105203     0.03524896
   10.0700701     0.04854351     0.02591607
   10.1101101     0.04141979     0.01928812
   10.1501502     0.03495552     0.01347509
   10.1901902     0.03203355     0.00875850
   10.2302302     0.03155579     0.00784398
   10.2702703     0.03194344     0.01276841
   10.3103103     0.03349750     0.02261229
   10.3503504     0.03635577     0.03376675
   10.3903904     0.03789001     0.04202414
   10.4304304     0.03500476     0.04482792
   10.4704705     0.02848626     0.04247457
   10.5105105     0.02229684     0.03774122
   10.5505506     0.01937190     0.03358833
   10.5905906     0.02011209     0.03094431
   10.6306306     0.02374099     0.02927770
   10.6706707     0.02888275     0.02831905
   10.7107107     0.03307422     0.02821433
   10.7507508     0.03403908     0.02890811
   10.7907908     0.03206629     0.02969480
   10.8308308     0.02959429     0.02873133
   10.8708709     0.02821937     0.02418700
   10.9109109     0.02728239     0.01693279
   10.9509510     0.02543821     0.01029003
   10.9909910     0.02262325     0.00660833
   11.0310310     0.02023207     0.00583374
   11.0710711     0.01970549     0.00678565
   11.1111111     0.02066741     0.00827234
   11.1511512     0.02062393     0.01003380
   11.1911912     0.01776821     0.01406982
   11.2312312     0.01405440     0.02427980
   11.2712713     0.01422303     0.04236391
   11.3113113     0.02171032     0.06245573
   11.3513514     0.03526824     0.07227552
   11.3913914     0.04862275     0.06410761
   11.4314314     0.05460056     0.04373146
   11.4714715     0.05065231     0.02488781
   11.5115115     0.03956369     0.01702048
   11.5515516     0.02643281     0.02006833
   11.5915916     0.01680524     0.02736036
   11.6316316     0.01539779     0.03249699
   11.6716717     0.02338703     0.03443508
   11.7117117     0.03543750     0.03407061
   11.7517518     0.04114188     0.02880904
   11.7917918     0.03377212     0.01675868
   11.8318318     0.01710814     0.00306474
   11.8718719     0.00003043    -0.00425944
   11.9119119    -0.01185993    -0.00241706
   11.9519520    -0.01554351     0.00537441
   11.9919920    -0.00815132     0.01473191
   12.0320320     0.00966471     0.02400308
   12.0720721     0.03154015     0.03396302
   12.1121121     0.04877543     0.04415742
   12.1521522     0.05514595     0.05095669
   12.1921922     0.05031944     0.05129000
   12.2322322     0.03974227     0.04716157
   12.2722723     0.02984119     0.04324900
   12.3123123     0.02328763     0.04105300
   12.3523524     0.01908213     0.03911854
   12.3923924     0.01598758     0.03813767
   12.4324324     0.01492784     0.04158539
   12.4724725     0.01817314     0.05073171
   12.5125125     0.02674779     0.06194145
   12.5525526     0.03849647     0.06959918
   12.5925926     0.04864599     0.07071067
   12.6326326     0.05385233     0.06712118
   12.6726727     0.05609757     0.06375294
   12.7127127     0.06050708     0.06535429
   12.7527528     0.06966931     0.07415665
   12.7927928     0.08269529     0.08660987
   12.8328328     0.09818656     0.09315895
   12.8728729     0.11366067     0.08635132
   12.9129129     0.12306725     0.06777860
   12.9529530     0.11938357     0.04512194
   12.9929930     0.10017284     0.02624716
   13.0330330     0.07062746     0.01623299
   13.0730731     0.04178314     0.01638298
   13.1131131     0.02320870     0.02516986
   13.1531532     0.01709746     0.03945348
   13.1931932     0.02081467     0.05363237
   13.2332332     0.03144704     0.06001078
   13.2732733     0.04439078     0.05421647
   13.3133133     0.05182523     0.03985212
   13.3533534     0.04863593     0.02524723
   13.3933934     0.03886415     0.01739859
   13.4334334     0.03273314     0.01962765
   13.4734735     0.03739712     0.03032815
   13.5135135     0.05062401     0.04227163
   13.5535536     0.06252931     0.04782114
   13.5935936     0.06414850     0.04746687
   13.6336336     0.05462293     0.04966149
   13.6736737     0.04033373     0.05938635
   13.7137137     0.02857614     0.07004697
   13.7537538     0.02267419     0.07119823
   13.7937938     0.02233665     0.06225213
   13.8338338     0.02623603     0.05247340
   13.8738739     0.03211916     0.04874104
   13.9139139     0.03653335     0.05031972
   13.9539540     0.03774490     0.05508062
   13.9939940     0.03807823     0.06350488
   14.0340340     0.04181702     0.07468185
   14.0740741     0.05188226     0.08310711
   14.1141141     0.06771768     0.08362332
   14.1541542     0.08382288     0.07838088
   14.1941942     0.09226275     0.07390946
   14.2342342     0.09032193     0.07266203
   14.2742743     0.08351867     0.07353493
   14.3143143     0.07827980     0.07744813
   14.3543544     0.07583567     0.08596056
   14.3943944     0.07561327     0.09726775
   14.4344344     0.07931452     0.10688874
   14.4744745     0.08924301     0.11067951
   14.5145145     0.10466432     0.10775302
   14.5545546     0.11842523     0.09984350
   14.5945946     0.11837251     0.08655339
   14.6346346     0.09855555     0.06629000
   14.6746747     0.06732758     0.04304511
   14.7147147     0.03923229     0.02590082
   14.7547548     0.02358645     0.02057408
   14.7947948     0.02282319     0.02457267
   14.8348348     0.03342793     0.03072493
   14.8748749     0.04556617     0.03359443
   14.9149149     0.04859040     0.03196428
   14.9549550     0.04002572     0.02745900
   14.9949950     0.02645804     0.02295775
   15.0350350     0.01624296     0.02106970
   15.0750751     0.01366943     0.02258707
   15.1151151     0.01824425     0.02696257
   15.1551552     0.02652764     0.03428427
   15.1951952     0.03454468     0.04486415
   15.2352352     0.04021856     0.05598230
   15.2752753     0.04433199     0.06155018
   15.3153153     0.04878180     0.05825946
   15.3553554     0.05399070     0.05121167
   15.3953954     0.05810260     0.05012447
   15.4354354     0.05926121     0.05941805
   15.4754755     0.05961519     0.07322278
   15.5155155     0.06462445     0.08176939
   15.5555556     0.07525405     0.08203554
   15.5955956     0.08424123     0.07779189
   15.6356356     0.08461661     0.07180943
   15.6756757     0.07773293     0.06448441
   15.7157157     0.06911853     0.05657433
   15.7557558     0.06212583     0.04899092
   15.7957958     0.05788087     0.04289828
   15.8358358     0.05585191     0.04106344
   15.8758759     0.05434831     0.04657443
   15.9159159     0.05478720     0.05914915
   15.9559560     0.06258681     0.07423614
   15.9959960     0.07861784     0.08682341
   16.0360360     0.09328812     0.09359274
   16.0760761     0.09518463     0.09090037
   16.1161161     0.08310081     0.07692071
   16.1561562     0.06477066     0.05764305
   16.1961962     0.04711970     0.04324407
   16.2362362     0.03312618     0.03698137
   16.2762763     0.02557633     0.03414665
   16.3163163     0.02726947     0.03126065
   16.3563564     0.03627229     0.03024105
   16.3963964     0.04498881     0.03341405
   16.4364364     0.04736918     0.03868485
   16.4764765     0.04562245     0.04233311
   16.5165165     0.04617171     0.04504901
   16.5565566     0.05085034     0.05162499
   16.5965966     0.05649941     0.06473539
   16.6366366     0.06124595     0.08103036
   16.6766767     0.06654600     0.09286509
   16.7167167     0.07313244     0.09346634
   16.7567568     0.07775615     0.08322910
   16.7967968     0.07614210     0.07197682
   16.8368368     0.06962760     0.07020027
   16.8768769     0.06588285     0.07650576
   16.9169169     0.06990461     0.07908997
   16.9569570     0.07736544     0.07066549
   16.9969970     0.08113393     0.05718873
   17.0370370     0.07986165     0.05159704
   17.0770771     0.07608684     0.06222430
   17.1171171     0.07301192     0.08608814
   17.1571572     0.07633048     0.10991166
   17.1971972     0.09034740     0.11894022
   17.2372372     0.10960641     0.10973174
   17.2772773     0.12289177     0.09490987
   17.3173173     0.12668852     0.09153031
   17.3573574     0.12690527     0.10509777
   17.3973974     0.12909969     0.12649360
   17.4374374     0.13339106     0.13975865
   17.4774775     0.13548533     0.13233654
   17.5175175     0.12893243     0.10566812
   17.5575576     0.10932421     0.07541690
   17.5975976     0.07933377     0.05503178
   17.6376376     0.04963957     0.04359325
   17.6776777     0.03369629     0.03503358
   17.7177177     0.04065951     0.03187637
   17.7577578     0.06877027     0.04236815
   17.7977978     0.10053637     0.06689195
   17.8378378     0.11168750     0.09378691
   17.8778779     0.09491543     0.11093180
   17.9179179     0.06779517     0.11516690
   17.9579580     0.04993492     0.10677998
   17.9979980     0.04238661     0.08646198
   18.0380380     0.03565277     0.06271602
   18.0780781     0.02765266     0.04912122
   18.1181181     0.02578453     0.04960006
   18.1581582     0.03572618     0.05449527
   18.1981982     0.05353812     0.05299596
   18.2382382     0.06829053     0.04494945
   18.2782783     0.07250660     0.03910570
   18.3183183     0.07013766     0.04260057
   18.3583584     0.07075598     0.05467044
   18.3983984     0.07667281     0.06950894
   18.4384384     0.08084900     0.08139580
   18.4784785     0.07592931     0.08527479
   18.5185185     0.06175846     0.07731770
   18.5585586     0.04512902     0.05976561
   18.5985986     0.03321762     0.04163766
   18.6386386     0.02838874     0.03098598
   18.6786787     0.02910921     0.02877100
   18.7187187     0.03235094     0.03092487
   18.7587588     0.03483263     0.03292370
   18.7987988     0.03438505     0.03227045
   18.8388388     0.03073791     0.02986673
   18.8788789     0.02563964     0.02877164
   18.9189189     0.02227902     0.03052348
   18.9589590     0.02317281     0.03452934
   18.9989990     0.02806948     0.04049627
   19.0390390     0.03438372     0.04883816
   19.0790791     0.04041112     0.05924772
   19.1191191     0.04748199     0.06945072
   19.1591592     0.05687577     0.07530519
   19.1991992     0.06642178     0.07467465
   19.2392392     0.07418205     0.07058411
   19.2792793     0.08165346     0.06766549
   19.3193193     0.08744039     0.06806632
   19.3593594     0.08445160     0.07142129
   19.3993994     0.07122303     0.07550893
   19.4394394     0.05804290     0.07789207
   19.4794795     0.05376515     0.07720561
   19.5195195     0.05443843     0.07255679
   19.5595596     0.05283261     0.06487902
   19.5995996     0.05153708     0.05792158
   19.6396396     0.05691759     0.05427568
   19.6796797     0.06606963     0.05156270
   19.7197197     0.06977270     0.04556378
   19.7597598     0.06417676     0.03651992
   19.7997998     0.05287558     0.02905744
   19.8398398     0.04168321     0.02617134
   19.8798799     0.03437529     0.02621869
   19.9199199     0.03019695     0.02571729
   19.9599600     0.02531397     0.02300707
   20.0000000     0.01796067     0.01851921
