   144
     1   -0.216008   -0.216006    0.000001       0.004630
     2   -0.106739   -0.217271    0.000001       0.004630
     3    0.002529   -0.218535    0.000000       0.004630
     4    0.111798   -0.219800    0.000000       0.004630
     5    0.221067   -0.221065   -0.000000       0.004630
     6    0.330336   -0.222329   -0.000000       0.004630
     7   -0.217273   -0.106738    0.000001       0.004630
     8   -0.108004   -0.108003    0.000000       0.004630
     9    0.001265   -0.109268    0.000000       0.004630
    10    0.110533   -0.110532   -0.000000       0.004630
    11    0.219802   -0.111797   -0.000000       0.004630
    12    0.329071   -0.113062   -0.000001       0.004630
    13   -0.218538    0.002529    0.000000       0.004630
    14   -0.109269    0.001265    0.000000       0.004630
    15    0.000000    0.000000    0.000000       0.004630
    16    0.109269   -0.001265   -0.000000       0.004630
    17    0.218538   -0.002529   -0.000000       0.004630
    18    0.327806   -0.003794   -0.000001       0.004630
    19   -0.219802    0.111797    0.000000       0.004630
    20   -0.110533    0.110532    0.000000       0.004630
    21   -0.001265    0.109268   -0.000000       0.004630
    22    0.108004    0.108003   -0.000000       0.004630
    23    0.217273    0.106738   -0.000001       0.004630
    24    0.326542    0.105474   -0.000001       0.004630
    25   -0.221067    0.221065    0.000000       0.004630
    26   -0.111798    0.219800   -0.000000       0.004630
    27   -0.002529    0.218535   -0.000000       0.004630
    28    0.106739    0.217271   -0.000001       0.004630
    29    0.216008    0.216006   -0.000001       0.004630
    30    0.325277    0.214741   -0.000001       0.004630
    31   -0.222332    0.330332   -0.000000       0.004630
    32   -0.113063    0.329067   -0.000000       0.004630
    33   -0.003794    0.327803   -0.000001       0.004630
    34    0.105475    0.326538   -0.000001       0.004630
    35    0.214744    0.325273   -0.000001       0.004630
    36    0.324012    0.324009   -0.000001       0.004630
    37   -0.216008   -0.216006    0.073528       0.009259
    38   -0.106740   -0.217271    0.073528       0.009259
    39    0.002529   -0.218535    0.073528       0.009259
    40    0.111798   -0.219800    0.073528       0.009259
    41    0.221067   -0.221065    0.073527       0.009259
    42    0.330335   -0.222329    0.073527       0.009259
    43   -0.217273   -0.106738    0.073528       0.009259
    44   -0.108004   -0.108003    0.073528       0.009259
    45    0.001264   -0.109268    0.073528       0.009259
    46    0.110533   -0.110532    0.073527       0.009259
    47    0.219802   -0.111797    0.073527       0.009259
    48    0.329071   -0.113062    0.073527       0.009259
    49   -0.218538    0.002529    0.073528       0.009259
    50   -0.109269    0.001264    0.073528       0.009259
    51   -0.000000   -0.000000    0.073528       0.009259
    52    0.109269   -0.001265    0.073527       0.009259
    53    0.218537   -0.002530    0.073527       0.009259
    54    0.327806   -0.003794    0.073527       0.009259
    55   -0.219802    0.111797    0.073528       0.009259
    56   -0.110534    0.110532    0.073528       0.009259
    57   -0.001265    0.109267    0.073527       0.009259
    58    0.108004    0.108003    0.073527       0.009259
    59    0.217273    0.106738    0.073527       0.009259
    60    0.326541    0.105473    0.073527       0.009259
    61   -0.221067    0.221064    0.073528       0.009259
    62   -0.111798    0.219800    0.073527       0.009259
    63   -0.002530    0.218535    0.073527       0.009259
    64    0.106739    0.217270    0.073527       0.009259
    65    0.216008    0.216006    0.073527       0.009259
    66    0.325277    0.214741    0.073526       0.009259
    67   -0.222332    0.330332    0.073527       0.009259
    68   -0.113063    0.329067    0.073527       0.009259
    69   -0.003794    0.327803    0.073527       0.009259
    70    0.105475    0.326538    0.073527       0.009259
    71    0.214743    0.325273    0.073527       0.009259
    72    0.324012    0.324009    0.073526       0.009259
    73   -0.216009   -0.216006    0.147056       0.009259
    74   -0.106740   -0.217271    0.147056       0.009259
    75    0.002529   -0.218536    0.147055       0.009259
    76    0.111798   -0.219800    0.147055       0.009259
    77    0.221066   -0.221065    0.147055       0.009259
    78    0.330335   -0.222330    0.147055       0.009259
    79   -0.217273   -0.106739    0.147056       0.009259
    80   -0.108005   -0.108003    0.147055       0.009259
    81    0.001264   -0.109268    0.147055       0.009259
    82    0.110533   -0.110533    0.147055       0.009259
    83    0.219802   -0.111797    0.147055       0.009259
    84    0.329071   -0.113062    0.147055       0.009259
    85   -0.218538    0.002529    0.147055       0.009259
    86   -0.109269    0.001264    0.147055       0.009259
    87   -0.000000   -0.000000    0.147055       0.009259
    88    0.109268   -0.001265    0.147055       0.009259
    89    0.218537   -0.002530    0.147055       0.009259
    90    0.327806   -0.003794    0.147054       0.009259
    91   -0.219803    0.111797    0.147055       0.009259
    92   -0.110534    0.110532    0.147055       0.009259
    93   -0.001265    0.109267    0.147055       0.009259
    94    0.108004    0.108003    0.147055       0.009259
    95    0.217272    0.106738    0.147054       0.009259
    96    0.326541    0.105473    0.147054       0.009259
    97   -0.221067    0.221064    0.147055       0.009259
    98   -0.111799    0.219800    0.147055       0.009259
    99   -0.002530    0.218535    0.147055       0.009259
   100    0.106739    0.217270    0.147054       0.009259
   101    0.216008    0.216005    0.147054       0.009259
   102    0.325277    0.214741    0.147054       0.009259
   103   -0.222332    0.330332    0.147055       0.009259
   104   -0.113063    0.329067    0.147055       0.009259
   105   -0.003794    0.327802    0.147054       0.009259
   106    0.105474    0.326538    0.147054       0.009259
   107    0.214743    0.325273    0.147054       0.009259
   108    0.324012    0.324008    0.147054       0.009259
   109   -0.216009   -0.216006    0.220583       0.004630
   110   -0.106740   -0.217271    0.220583       0.004630
   111    0.002529   -0.218536    0.220583       0.004630
   112    0.111797   -0.219800    0.220583       0.004630
   113    0.221066   -0.221065    0.220582       0.004630
   114    0.330335   -0.222330    0.220582       0.004630
   115   -0.217274   -0.106739    0.220583       0.004630
   116   -0.108005   -0.108003    0.220583       0.004630
   117    0.001264   -0.109268    0.220583       0.004630
   118    0.110533   -0.110533    0.220582       0.004630
   119    0.219802   -0.111797    0.220582       0.004630
   120    0.329070   -0.113062    0.220582       0.004630
   121   -0.218538    0.002529    0.220583       0.004630
   122   -0.109269    0.001264    0.220583       0.004630
   123   -0.000001   -0.000001    0.220583       0.004630
   124    0.109268   -0.001265    0.220582       0.004630
   125    0.218537   -0.002530    0.220582       0.004630
   126    0.327806   -0.003795    0.220582       0.004630
   127   -0.219803    0.111796    0.220583       0.004630
   128   -0.110534    0.110532    0.220583       0.004630
   129   -0.001265    0.109267    0.220582       0.004630
   130    0.108003    0.108002    0.220582       0.004630
   131    0.217272    0.106738    0.220582       0.004630
   132    0.326541    0.105473    0.220582       0.004630
   133   -0.221068    0.221064    0.220583       0.004630
   134   -0.111799    0.219799    0.220582       0.004630
   135   -0.002530    0.218535    0.220582       0.004630
   136    0.106739    0.217270    0.220582       0.004630
   137    0.216008    0.216005    0.220582       0.004630
   138    0.325276    0.214741    0.220581       0.004630
   139   -0.222332    0.330332    0.220582       0.004630
   140   -0.113064    0.329067    0.220582       0.004630
   141   -0.003795    0.327802    0.220582       0.004630
   142    0.105474    0.326538    0.220582       0.004630
   143    0.214743    0.325273    0.220582       0.004630
   144    0.324012    0.324008    0.220581       0.004630
