#
#   partial DOS for atom species: Ga
#
#   Add data for atom_index =   1,  n,l,m,z=  4  1 -1  1
#   Add data for atom_index =   1,  n,l,m,z=  4  1  0  1
#   Add data for atom_index =   1,  n,l,m,z=  4  1  1  1
#   Add data for atom_index =   1,  n,l,m,z=  4  1 -1  2
#   Add data for atom_index =   1,  n,l,m,z=  4  1  0  2
#   Add data for atom_index =   1,  n,l,m,z=  4  1  1  2
#   Add data for atom_index =   1,  n,l,m,z=  4  1 -1  3
#   Add data for atom_index =   1,  n,l,m,z=  4  1  0  3
#   Add data for atom_index =   1,  n,l,m,z=  4  1  1  3
#
#    Energy          spin 1        spin2
#
  -20.0000000     0.00000000     0.00000000
  -19.9599600     0.00000000     0.00000000
  -19.9199199     0.00000000     0.00000000
  -19.8798799     0.00000000     0.00000000
  -19.8398398     0.00000000     0.00000000
  -19.7997998     0.00000000     0.00000000
  -19.7597598     0.00000000     0.00000000
  -19.7197197     0.00000000     0.00000000
  -19.6796797     0.00000000     0.00000000
  -19.6396396     0.00000000     0.00000000
  -19.5995996     0.00000000     0.00000000
  -19.5595596     0.00000000     0.00000000
  -19.5195195     0.00000000     0.00000000
  -19.4794795     0.00000000     0.00000000
  -19.4394394     0.00000000     0.00000000
  -19.3993994     0.00000000     0.00000000
  -19.3593594     0.00000000     0.00000000
  -19.3193193     0.00000000     0.00000000
  -19.2792793     0.00000000     0.00000000
  -19.2392392     0.00000000     0.00000000
  -19.1991992     0.00000000     0.00000000
  -19.1591592     0.00000000     0.00000000
  -19.1191191     0.00000000     0.00000000
  -19.0790791     0.00000000     0.00000000
  -19.0390390     0.00000000     0.00000000
  -18.9989990     0.00000000     0.00000000
  -18.9589590     0.00000000     0.00000000
  -18.9189189     0.00000000     0.00000000
  -18.8788789     0.00000000     0.00000000
  -18.8388388     0.00000000     0.00000000
  -18.7987988     0.00000000     0.00000000
  -18.7587588     0.00000000     0.00000000
  -18.7187187     0.00000000     0.00000000
  -18.6786787     0.00000000    -0.00000000
  -18.6386386    -0.00000000    -0.00000000
  -18.5985986    -0.00000000    -0.00000000
  -18.5585586    -0.00000000    -0.00000000
  -18.5185185    -0.00000001    -0.00000002
  -18.4784785    -0.00000007    -0.00000015
  -18.4384384    -0.00000052    -0.00000078
  -18.3983984    -0.00000263    -0.00000298
  -18.3583584    -0.00000966    -0.00000817
  -18.3183183    -0.00002582    -0.00001557
  -18.2782783    -0.00005031    -0.00001903
  -18.2382382    -0.00007192    -0.00000951
  -18.1981982    -0.00007665     0.00001414
  -18.1581582    -0.00006313     0.00003887
  -18.1181181    -0.00004284     0.00004806
  -18.0780781    -0.00002570     0.00003854
  -18.0380380    -0.00001385     0.00002160
  -17.9979980    -0.00000633     0.00000867
  -17.9579580    -0.00000226     0.00000277
  -17.9179179    -0.00000023     0.00000440
  -17.8778779     0.00000525     0.00004024
  -17.8378378     0.00005220     0.00029457
  -17.7977978     0.00035714     0.00150412
  -17.7577578     0.00168608     0.00517504
  -17.7177177     0.00526554     0.01099574
  -17.6776777     0.00958977     0.00946205
  -17.6376376     0.00385437    -0.01998083
  -17.5975976    -0.03002132    -0.08894358
  -17.5575576    -0.09633897    -0.17588615
  -17.5175175    -0.17012703    -0.23725094
  -17.4774775    -0.21507567    -0.24244287
  -17.4374374    -0.21075369    -0.19284550
  -17.3973974    -0.16217391    -0.11827175
  -17.3573574    -0.09616606    -0.05478624
  -17.3173173    -0.04288399    -0.01883413
  -17.2772773    -0.01412789    -0.00475933
  -17.2372372    -0.00341445    -0.00096449
  -17.1971972    -0.00071589    -0.00084546
  -17.1571572    -0.00098237    -0.00429839
  -17.1171171    -0.00502092    -0.01847518
  -17.0770771    -0.02031973    -0.05873443
  -17.0370370    -0.06083675    -0.13948576
  -16.9969970    -0.13648811    -0.25215113
  -16.9569570    -0.23445250    -0.35529443
  -16.9169169    -0.31669892    -0.39864560
  -16.8768769    -0.34402441    -0.35902281
  -16.8368368    -0.30208400    -0.25682594
  -16.7967968    -0.21110164    -0.14269954
  -16.7567568    -0.11435751    -0.06016570
  -16.7167167    -0.04685247    -0.01890798
  -16.6766767    -0.01426452    -0.00437794
  -16.6366366    -0.00319269    -0.00074173
  -16.5965966    -0.00052212    -0.00009159
  -16.5565566    -0.00006207    -0.00000811
  -16.5165165    -0.00000496     0.00000023
  -16.4764765     0.00000067     0.00000325
  -16.4364364     0.00000122     0.00000973
  -16.3963964    -0.00000041     0.00002037
  -16.3563564    -0.00000463     0.00003038
  -16.3163163    -0.00000912     0.00003250
  -16.2762763    -0.00001033     0.00002504
  -16.2362362    -0.00000768     0.00001410
  -16.1961962    -0.00000337     0.00000834
  -16.1561562     0.00000638     0.00003036
  -16.1161161     0.00007167     0.00021862
  -16.0760761     0.00048368     0.00121095
  -16.0360360     0.00237597     0.00491628
  -15.9959960     0.00856145     0.01464546
  -15.9559560     0.02271816     0.03211767
  -15.9159159     0.04460553     0.05212242
  -15.8758759     0.06523758     0.06336785
  -15.8358358     0.07206254     0.06002184
  -15.7957958     0.06286756     0.04987626
  -15.7557558     0.05009695     0.04456916
  -15.7157157     0.04682971     0.04396207
  -15.6756757     0.05134499     0.03791033
  -15.6356356     0.05051031     0.02254720
  -15.5955956     0.03719871     0.00517810
  -15.5555556     0.01711363    -0.00820812
  -15.5155155    -0.00213864    -0.02021500
  -15.4754755    -0.01917827    -0.03351726
  -15.4354354    -0.03312528    -0.04264630
  -15.3953954    -0.03860894    -0.03978275
  -15.3553554    -0.03198984    -0.02468561
  -15.3153153    -0.01663910    -0.00207349
  -15.2752753     0.00380308     0.02843909
  -15.2352352     0.03337330     0.07209521
  -15.1951952     0.07921334     0.12705690
  -15.1551552     0.13904414     0.17510371
  -15.1151151     0.19433378     0.18887811
  -15.0750751     0.21687247     0.15655914
  -15.0350350     0.18974067     0.09782085
  -14.9949950     0.12706442     0.04539696
  -14.9549550     0.06381738     0.01547412
  -14.9149149     0.02365903     0.00365032
  -14.8748749     0.00605568    -0.00069743
  -14.8348348    -0.00102611    -0.00644104
  -14.7947948    -0.00945336    -0.02230063
  -14.7547548    -0.02950455    -0.05624836
  -14.7147147    -0.06701003    -0.10628851
  -14.6746747    -0.11438848    -0.15403931
  -14.6346346    -0.14992151    -0.17604588
  -14.5945946    -0.15423181    -0.16101282
  -14.5545546    -0.12558330    -0.11282137
  -14.5145145    -0.07698521    -0.04498765
  -14.4744745    -0.02324786     0.02381336
  -14.4344344     0.02723859     0.07524232
  -14.3943944     0.06974415     0.09739148
  -14.3543544     0.09698232     0.08946826
  -14.3143143     0.10143749     0.06270792
  -14.2742743     0.08343346     0.03375133
  -14.2342342     0.05373631     0.01394114
  -14.1941942     0.02665000     0.00500255
  -14.1541542     0.01017934     0.00377031
  -14.1141141     0.00363422     0.00738359
  -14.0740741     0.00261693     0.01240591
  -14.0340340     0.00261017     0.01141248
  -13.9939940    -0.00092669    -0.00348678
  -13.9539540    -0.01014089    -0.02875655
  -13.9139139    -0.02004171    -0.04572933
  -13.8738739    -0.02119651    -0.03879161
  -13.8338338    -0.01033284    -0.01535425
  -13.7937938     0.00629229     0.00306178
  -13.7537538     0.02041216     0.00643943
  -13.7137137     0.02725043     0.00186890
  -13.6736737     0.02558982    -0.00148494
  -13.6336336     0.01792989    -0.00170517
  -13.5935936     0.00935552    -0.00077764
  -13.5535536     0.00359933     0.00025188
  -13.5135135     0.00102726     0.00258639
  -13.4734735     0.00047624     0.01004876
  -13.4334334     0.00218955     0.02864141
  -13.3933934     0.01065160     0.06136161
  -13.3533534     0.03566943     0.09964053
  -13.3133133     0.08479552     0.12505463
  -13.2732733     0.14716527     0.12859636
  -13.2332332     0.19157702     0.12357665
  -13.1931932     0.19481393     0.12644634
  -13.1531532     0.16854870     0.13078812
  -13.1131131     0.14637643     0.11785335
  -13.0730731     0.14664713     0.08773476
  -13.0330330     0.15560949     0.06196303
  -12.9929930     0.14902050     0.05821784
  -12.9529530     0.12427314     0.07435725
  -12.9129129     0.09952810     0.09422458
  -12.8728729     0.08655356     0.10316888
  -12.8328328     0.08226665     0.10086276
  -12.7927928     0.08337093     0.10296460
  -12.7527528     0.09485522     0.12533791
  -12.7127127     0.12468165     0.15962591
  -12.6726727     0.16982229     0.17451967
  -12.6326326     0.20453723     0.15490034
  -12.5925926     0.20001393     0.12603324
  -12.5525526     0.16361585     0.12245612
  -12.5125125     0.13335987     0.14869447
  -12.4724725     0.13046298     0.18571764
  -12.4324324     0.14639317     0.21786358
  -12.3923924     0.17199373     0.23605250
  -12.3523524     0.20381366     0.23124128
  -12.3123123     0.22478975     0.20382883
  -12.2722723     0.21467634     0.16974609
  -12.2322322     0.17963465     0.14529859
  -12.1921922     0.14571115     0.13292168
  -12.1521522     0.12816208     0.12826741
  -12.1121121     0.12371969     0.13025470
  -12.0720721     0.12556964     0.13454013
  -12.0320320     0.13229264     0.13219161
  -11.9919920     0.13998516     0.12569134
  -11.9519520     0.13788670     0.12784876
  -11.9119119     0.12413107     0.14100756
  -11.8718719     0.11407866     0.16041424
  -11.8318318     0.11890583     0.19274255
  -11.7917918     0.13021323     0.24471737
  -11.7517518     0.14130688     0.30128755
  -11.7117117     0.16945611     0.33728344
  -11.6716717     0.23541972     0.34329943
  -11.6316316     0.32461404     0.32660581
  -11.5915916     0.39045452     0.29554425
  -11.5515516     0.40162053     0.25431044
  -11.5115115     0.36695390     0.20903726
  -11.4714715     0.30973940     0.16862690
  -11.4314314     0.24327508     0.13714970
  -11.3913914     0.17903249     0.11309255
  -11.3513514     0.13237432     0.09734656
  -11.3113113     0.10984332     0.09376789
  -11.2712713     0.10539987     0.10209578
  -11.2312312     0.11062331     0.11689520
  -11.1911912     0.12021645     0.13337879
  -11.1511512     0.13026554     0.15139743
  -11.1111111     0.13640392     0.17337062
  -11.0710711     0.13543861     0.19777946
  -11.0310310     0.13126423     0.21489286
  -10.9909910     0.13715303     0.21358361
  -10.9509510     0.16469215     0.19722975
  -10.9109109     0.20729612     0.18721281
  -10.8708709     0.23986608     0.19965681
  -10.8308308     0.24162510     0.22314488
  -10.7907908     0.21854141     0.23312746
  -10.7507508     0.19554254     0.22323368
  -10.7107107     0.18745115     0.20746832
  -10.6706707     0.18766952     0.19817185
  -10.6306306     0.18478216     0.19519051
  -10.5905906     0.17999494     0.18950402
  -10.5505506     0.18429275     0.17119084
  -10.5105105     0.20143003     0.14055889
  -10.4704705     0.21775494     0.11090083
  -10.4304304     0.21257280     0.09695467
  -10.3903904     0.17950584     0.10357053
  -10.3503504     0.13335201     0.12521153
  -10.3103103     0.09573672     0.15097283
  -10.2702703     0.08000479     0.16824129
  -10.2302302     0.08884682     0.16923049
  -10.1901902     0.11812857     0.15794593
  -10.1501502     0.15906423     0.14280124
  -10.1101101     0.19913029     0.12496532
  -10.0700701     0.22438092     0.10391999
  -10.0300300     0.22461696     0.08586113
   -9.9899900     0.20175830     0.07643869
   -9.9499500     0.17420077     0.07320390
   -9.9099099     0.16428728     0.07162832
   -9.8698699     0.17482286     0.07292843
   -9.8298298     0.18467028     0.08162740
   -9.7897898     0.17387133     0.09749692
   -9.7497497     0.14421346     0.11278570
   -9.7097097     0.11043428     0.11811799
   -9.6696697     0.08421245     0.11093515
   -9.6296296     0.07068371     0.09716786
   -9.5895896     0.06955127     0.08368529
   -9.5495496     0.07709709     0.07181640
   -9.5095095     0.09027360     0.06041138
   -9.4694695     0.10608816     0.05136993
   -9.4294294     0.11767335     0.04886354
   -9.3893894     0.11735166     0.05454541
   -9.3493494     0.10460156     0.06490725
   -9.3093093     0.08739044     0.07348005
   -9.2692693     0.07464706     0.07619151
   -9.2292292     0.06929943     0.07491520
   -9.1891892     0.06990189     0.07533794
   -9.1491491     0.07576326     0.08063309
   -9.1091091     0.08706688     0.08727869
   -9.0690691     0.10331589     0.08883337
   -9.0290290     0.12296952     0.08427892
   -8.9889890     0.13934207     0.07999980
   -8.9489490     0.14000748     0.08345186
   -8.9089089     0.11961390     0.09678409
   -8.8688689     0.08964250     0.11406446
   -8.8288288     0.06815431     0.12308073
   -8.7887888     0.06508036     0.11507862
   -8.7487488     0.07947260     0.09525831
   -8.7087087     0.10248809     0.07932635
   -8.6686687     0.12245078     0.07905187
   -8.6286286     0.13333857     0.09375331
   -8.5885886     0.13718730     0.11348406
   -8.5485485     0.13641965     0.12767463
   -8.5085085     0.12888569     0.13227966
   -8.4684685     0.11335225     0.13020444
   -8.4284284     0.09623156     0.12509867
   -8.3883884     0.08900583     0.11696843
   -8.3483484     0.09775915     0.10476225
   -8.3083083     0.11454244     0.08931696
   -8.2682683     0.12195665     0.07258118
   -8.2282282     0.11036001     0.05807204
   -8.1881882     0.08700146     0.05180564
   -8.1481482     0.06556436     0.05760823
   -8.1081081     0.05269387     0.07086682
   -8.0680681     0.04729392     0.08119870
   -8.0280280     0.04774457     0.08347206
   -7.9879880     0.05501843     0.08379052
   -7.9479479     0.06891111     0.09146559
   -7.9079079     0.08416232     0.10571309
   -7.8678679     0.09219451     0.11456137
   -7.8278278     0.08811558     0.10877441
   -7.7877878     0.07638895     0.09252423
   -7.7477478     0.06644622     0.07754258
   -7.7077077     0.06195780     0.07070810
   -7.6676677     0.05978770     0.07059794
   -7.6276276     0.05959016     0.07336246
   -7.5875876     0.06515051     0.07634559
   -7.5475475     0.07414716     0.07571116
   -7.5075075     0.07667662     0.06744998
   -7.4674675     0.06748673     0.05370873
   -7.4274274     0.05213420     0.04325277
   -7.3873874     0.03941863     0.04320179
   -7.3473473     0.03391374     0.05193946
   -7.3073073     0.03649668     0.06027831
   -7.2672673     0.04693261     0.06042298
   -7.2272272     0.06361726     0.05435469
   -7.1871872     0.08200121     0.05064816
   -7.1471472     0.09509380     0.05345279
   -7.1071071     0.09711628     0.05947475
   -7.0670671     0.08756183     0.06572121
   -7.0270270     0.07228776     0.07349091
   -6.9869870     0.05968156     0.08207743
   -6.9469470     0.05372316     0.08454096
   -6.9069069     0.05136940     0.07464583
   -6.8668669     0.04785718     0.05523737
   -6.8268268     0.04284740     0.03599652
   -6.7867868     0.03985194     0.02444510
   -6.7467467     0.04111738     0.02141544
   -6.7067067     0.04528333     0.02347965
   -6.6666667     0.04947278     0.02693788
   -6.6266266     0.05142890     0.02993003
   -6.5865866     0.05014981     0.03307094
   -6.5465466     0.04701914     0.03786189
   -6.5065065     0.04649709     0.04331949
   -6.4664665     0.05289549     0.04598615
   -6.4264264     0.06457435     0.04454529
   -6.3863864     0.07362022     0.04202501
   -6.3463464     0.07398577     0.04212141
   -6.3063063     0.06846632     0.04520425
   -6.2662663     0.06558022     0.04885808
   -6.2262262     0.07031287     0.05124628
   -6.1861862     0.07918678     0.05282335
   -6.1461461     0.08450632     0.05558829
   -6.1061061     0.08243614     0.06286227
   -6.0660661     0.07577537     0.07762356
   -6.0260260     0.06918843     0.09607253
   -5.9859860     0.06425909     0.10596316
   -5.9459459     0.06087052     0.09865620
   -5.9059059     0.06027365     0.08039265
   -5.8658659     0.06301323     0.06616744
   -5.8258258     0.06524335     0.06557419
   -5.7857858     0.06113007     0.07687539
   -5.7457458     0.05054821     0.09097575
   -5.7057057     0.04191851     0.09978648
   -5.6656657     0.04499910     0.10101761
   -5.6256256     0.06124311     0.09523787
   -5.5855856     0.08099946     0.08323182
   -5.5455455     0.09059623     0.06808854
   -5.5055055     0.08424849     0.05548106
   -5.4654655     0.06842265     0.05114291
   -5.4254254     0.05346515     0.05950468
   -5.3853854     0.04397667     0.08302764
   -5.3453453     0.03973119     0.11991311
   -5.3053053     0.04118980     0.15933367
   -5.2652653     0.04853541     0.18043521
   -5.2252252     0.05889307     0.16575342
   -5.1851852     0.06954621     0.12049865
   -5.1451452     0.08066960     0.07112140
   -5.1051051     0.09269799     0.04207214
   -5.0650651     0.10428132     0.04101096
   -5.0250250     0.11208824     0.06433393
   -4.9849850     0.11068019     0.10440006
   -4.9449449     0.09738935     0.14764390
   -4.9049049     0.07990501     0.17417431
   -4.8648649     0.07234493     0.16826330
   -4.8248248     0.08103288     0.13168235
   -4.7847848     0.09853404     0.08366438
   -4.7447447     0.11021903     0.04557894
   -4.7047047     0.10469190     0.02665501
   -4.6646647     0.08366761     0.02365362
   -4.6246246     0.06262852     0.03033673
   -4.5845846     0.05514780     0.04453404
   -4.5445445     0.05769126     0.06826018
   -4.5045045     0.05694982     0.10591052
   -4.4644645     0.04976655     0.15899696
   -4.4244244     0.04737705     0.21351572
   -4.3843844     0.06170559     0.23922160
   -4.3443443     0.09466728     0.21612934
   -4.3043043     0.13743988     0.15713562
   -4.2642643     0.17482805     0.09521900
   -4.2242242     0.19470054     0.05639340
   -4.1841842     0.19399568     0.05128455
   -4.1441441     0.17471302     0.08104940
   -4.1041041     0.14379304     0.13676092
   -4.0640641     0.11603498     0.19255352
   -4.0240240     0.10334090     0.21393337
   -3.9839840     0.10386626     0.18636451
   -3.9439439     0.11248885     0.13179418
   -3.9039039     0.13398017     0.08797725
   -3.8638639     0.17182768     0.07456709
   -3.8238238     0.21188265     0.08408652
   -3.7837838     0.23215233     0.10281421
   -3.7437437     0.22149194     0.13270020
   -3.7037037     0.18174591     0.18091406
   -3.6636637     0.12638311     0.22959185
   -3.6236236     0.07987196     0.24138965
   -3.5835836     0.06350810     0.20313469
   -3.5435435     0.07977144     0.14096163
   -3.5035035     0.11416146     0.08984621
   -3.4634635     0.14784993     0.06828449
   -3.4234234     0.16806349     0.07644145
   -3.3833834     0.17255892     0.09956667
   -3.3433433     0.16554021     0.11734487
   -3.3033033     0.15061069     0.11914264
   -3.2632633     0.13300656     0.10598698
   -3.2232232     0.12114960     0.08150128
   -3.1831832     0.11728975     0.05139553
   -3.1431431     0.11487400     0.02517957
   -3.1031031     0.10685422     0.00926594
   -3.0630631     0.08932237     0.00261918
   -3.0230230     0.06285259     0.00132215
   -2.9829830     0.03508607     0.00454022
   -2.9429429     0.01559015     0.01774786
   -2.9029029     0.00866878     0.05165268
   -2.8628629     0.01533352     0.11036825
   -2.8228228     0.03738420     0.17375602
   -2.7827828     0.07325927     0.20514162
   -2.7427427     0.11368014     0.19452788
   -2.7027027     0.15167454     0.17923531
   -2.6626627     0.19304536     0.19766468
   -2.6226226     0.23893594     0.23636881
   -2.5825826     0.26431924     0.24826322
   -2.5425425     0.24211101     0.21226717
   -2.5025025     0.18444542     0.14924975
   -2.4624625     0.13411752     0.08911277
   -2.4224224     0.11998467     0.04833307
   -2.3823824     0.13425254     0.03431219
   -2.3423423     0.14597840     0.05139463
   -2.3023023     0.13187117     0.09595060
   -2.2622623     0.09708541     0.14750546
   -2.2222222     0.06829977     0.17506390
   -2.1821822     0.07095283     0.16316478
   -2.1421421     0.10919532     0.12528620
   -2.1021021     0.15686349     0.08499441
   -2.0620621     0.17364724     0.05551045
   -2.0220220     0.14343160     0.04108446
   -1.9819820     0.09021824     0.04231717
   -1.9419419     0.05022011     0.05405053
   -1.9019019     0.04047057     0.06860511
   -1.8618619     0.05452031     0.08428467
   -1.8218218     0.07444912     0.10261184
   -1.7817818     0.08900742     0.11966798
   -1.7417417     0.10678086     0.13026041
   -1.7017017     0.14169785     0.13532275
   -1.6616617     0.18281958     0.13883334
   -1.6216216     0.19675323     0.14268705
   -1.5815816     0.16599765     0.14223894
   -1.5415415     0.10882914     0.12735021
   -1.5015015     0.05792318     0.09728867
   -1.4614615     0.03284600     0.06725727
   -1.4214214     0.03367098     0.05064681
   -1.3813814     0.04737299     0.04433736
   -1.3413413     0.05665959     0.03738245
   -1.3013013     0.05229051     0.02583024
   -1.2612613     0.04051361     0.01405688
   -1.2212212     0.03375039     0.00707357
   -1.1811812     0.03506917     0.00700140
   -1.1411411     0.03674250     0.01634620
   -1.1011011     0.03240588     0.04315838
   -1.0610611     0.02420384     0.10042842
   -1.0210210     0.01702812     0.18991152
   -0.9809810     0.01241951     0.28151703
   -0.9409409     0.01187754     0.32877656
   -0.9009009     0.02432659     0.31784564
   -0.8608609     0.06929274     0.27661159
   -0.8208208     0.16529539     0.22876291
   -0.7807808     0.29824322     0.17399654
   -0.7407407     0.40452484     0.11663394
   -0.7007007     0.41714356     0.07876920
   -0.6606607     0.33586896     0.07812289
   -0.6206206     0.22660092     0.10684124
   -0.5805806     0.15432658     0.13430161
   -0.5405405     0.13432375     0.13387644
   -0.5005005     0.13693278     0.10967495
   -0.4604605     0.12736614     0.08979755
   -0.4204204     0.10111286     0.09333017
   -0.3803804     0.07760032     0.11223622
   -0.3403403     0.06893121     0.12527195
   -0.3003003     0.06896271     0.12058591
   -0.2602603     0.06632844     0.10100862
   -0.2202202     0.05855634     0.07559051
   -0.1801802     0.05471946     0.05235123
   -0.1401401     0.06416647     0.03666419
   -0.1001001     0.08308463     0.03437008
   -0.0600601     0.09674263     0.05239222
   -0.0200200     0.09575944     0.08878132
    0.0200200     0.08667500     0.12302633
    0.0600601     0.08320810     0.12845791
    0.1001001     0.08744424     0.09964373
    0.1401401     0.08678988     0.05778573
    0.1801802     0.07367214     0.02683676
    0.2202202     0.05865452     0.01448884
    0.2602603     0.05532973     0.01496446
    0.3003003     0.06021748     0.01912542
    0.3403403     0.05856485     0.02140240
    0.3803804     0.04602119     0.02329312
    0.4204204     0.03394866     0.03134660
    0.4604605     0.03397691     0.05120019
    0.5005005     0.04529352     0.08400496
    0.5405405     0.05900826     0.12527516
    0.5805806     0.07260955     0.16317501
    0.6206206     0.09619983     0.17992827
    0.6606607     0.13729291     0.16222136
    0.7007007     0.17897411     0.11634800
    0.7407407     0.18740416     0.07027846
    0.7807808     0.14873570     0.05622411
    0.8208208     0.08539994     0.08967965
    0.8608609     0.03223447     0.15538575
    0.9009009     0.01169428     0.21133648
    0.9409409     0.03168083     0.22374842
    0.9809810     0.08679965     0.19841792
    1.0210210     0.15200244     0.16512538
    1.0610611     0.19097934     0.14797773
    1.1011011     0.18934827     0.16767605
    1.1411411     0.17395563     0.24477914
    1.1811812     0.19202988     0.36622205
    1.2212212     0.27635245     0.46256009
    1.2612613     0.41409344     0.45798292
    1.3013013     0.53145042     0.34802296
    1.3413413     0.53884958     0.20373276
    1.3813814     0.41911478     0.09949018
    1.4214214     0.24707554     0.05727129
    1.4614615     0.11129973     0.05381518
    1.5015015     0.04503748     0.05592134
    1.5415415     0.03238482     0.04647440
    1.5815816     0.04370422     0.02941520
    1.6216216     0.05401984     0.01689387
    1.6616617     0.05085093     0.01578383
    1.7017017     0.03876237     0.02533655
    1.7417417     0.03146950     0.04165247
    1.7817818     0.03728902     0.06279009
    1.8218218     0.05399453     0.08825653
    1.8618619     0.07332262     0.11013073
    1.9019019     0.08643461     0.11230076
    1.9419419     0.08870241     0.08859864
    1.9819820     0.08181416     0.05418254
    2.0220220     0.06921035     0.03201471
    2.0620621     0.05369010     0.03799701
    2.1021021     0.04400843     0.08085582
    2.1421421     0.05784890     0.16012551
    2.1821822     0.11121946     0.25675743
    2.2222222     0.20045148     0.33610318
    2.2622623     0.29398990     0.36735153
    2.3023023     0.35021491     0.34180978
    2.3423423     0.34958811     0.27996072
    2.3823824     0.30789314     0.22017825
    2.4224224     0.25780414     0.18724466
    2.4624625     0.21897595     0.17013922
    2.5025025     0.18689203     0.14264128
    2.5425425     0.14875123     0.10142773
    2.5825826     0.10357697     0.06661851
    2.6226226     0.06393845     0.05271957
    2.6626627     0.04261749     0.05792586
    2.7027027     0.04102059     0.07313894
    2.7427427     0.04847226     0.08543602
    2.7827828     0.05186246     0.08165785
    2.8228228     0.04817345     0.06121864
    2.8628629     0.04559703     0.03824796
    2.9029029     0.04975153     0.02552184
    2.9429429     0.05407806     0.02351201
    2.9829830     0.04946039     0.02669813
    3.0230230     0.03842348     0.03331298
    3.0630631     0.03223529     0.04541253
    3.1031031     0.03707284     0.06353139
    3.1431431     0.05022009     0.08464233
    3.1831832     0.06718603     0.10263333
    3.2232232     0.08358422     0.11032647
    3.2632633     0.09153705     0.10451717
    3.3033033     0.08663661     0.08995259
    3.3433433     0.07908703     0.07744905
    3.3833834     0.08516172     0.07440865
    3.4234234     0.10522738     0.07608162
    3.4634635     0.12032826     0.07195398
    3.5035035     0.11374886     0.05969635
    3.5435435     0.08805105     0.04752803
    3.5835836     0.05925162     0.04707603
    3.6236236     0.04328397     0.06491083
    3.6636637     0.04870473     0.09255418
    3.7037037     0.07162163     0.10703460
    3.7437437     0.09429160     0.09372700
    3.7837838     0.09722581     0.06556067
    3.8238238     0.07704015     0.04745515
    3.8638639     0.04898726     0.04738607
    3.9039039     0.03264845     0.05286649
    3.9439439     0.03772573     0.04980081
    3.9839840     0.05951400     0.03689382
    4.0240240     0.08203199     0.02376784
    4.0640641     0.08751741     0.02005259
    4.1041041     0.07052527     0.02724353
    4.1441441     0.04308959     0.03835547
    4.1841842     0.02225872     0.04486469
    4.2242242     0.01565661     0.04491961
    4.2642643     0.01984382     0.04290760
    4.3043043     0.02651933     0.04234161
    4.3443443     0.02991739     0.04331445
    4.3843844     0.03240042     0.04560523
    4.4244244     0.04231758     0.05245560
    4.4644645     0.06448410     0.07020982
    4.5045045     0.09289013     0.09902248
    4.5445445     0.11313450     0.12512365
    4.5845846     0.11441618     0.13176736
    4.6246246     0.10008902     0.11825533
    4.6646647     0.08261539     0.10034273
    4.7047047     0.07100835     0.09188305
    4.7447447     0.06997268     0.09204360
    4.7847848     0.08371907     0.09282397
    4.8248248     0.11024057     0.09510517
    4.8648649     0.13761234     0.10970906
    4.9049049     0.15418963     0.14276130
    4.9449449     0.15789083     0.18804977
    4.9849850     0.15215877     0.23347739
    5.0250250     0.14479062     0.26815146
    5.0650651     0.15599493     0.28458380
    5.1051051     0.20693074     0.27990679
    5.1451452     0.28493543     0.25557050
    5.1851852     0.33767973     0.21509421
    5.2252252     0.32120254     0.16464238
    5.2652653     0.24588605     0.11744970
    5.3053053     0.16485228     0.09302458
    5.3453453     0.12471418     0.10203161
    5.3853854     0.13143207     0.12923930
    5.4254254     0.15538172     0.14328315
    5.4654655     0.16445484     0.13091677
    5.5055055     0.15000736     0.10912815
    5.5455455     0.12122711     0.09625071
    5.5855856     0.08787404     0.08788108
    5.6256256     0.05634520     0.07127279
    5.6656657     0.03209109     0.04963009
    5.7057057     0.01991748     0.04239599
    5.7457458     0.02584556     0.06900623
    5.7857858     0.05736612     0.13296630
    5.8258258     0.11375624     0.21237801
    5.8658659     0.17595892     0.27243490
    5.9059059     0.22180850     0.29729607
    5.9459459     0.25383615     0.29863226
    5.9859860     0.28797736     0.29106332
    6.0260260     0.31794906     0.27816641
    6.0660661     0.32292945     0.25833517
    6.1061061     0.29969467     0.22606658
    6.1461461     0.25874334     0.17593334
    6.1861862     0.20628188     0.11579905
    6.2262262     0.14909222     0.06695932
    6.2662663     0.10207223     0.04859231
    6.3063063     0.07939191     0.06737795
    6.3463464     0.08273994     0.11406643
    6.3863864     0.10125114     0.16059570
    6.4264264     0.12088537     0.17375496
    6.4664665     0.13239093     0.14673006
    6.5065065     0.13365133     0.10754652
    6.5465466     0.12934910     0.08796613
    6.5865866     0.12509862     0.09356848
    6.6266266     0.11860894     0.10663239
    6.6666667     0.10354055     0.10890164
    6.7067067     0.08318291     0.09721030
    6.7467467     0.07100564     0.08113978
    6.7867868     0.07447323     0.07226783
    6.8268268     0.08430301     0.07573323
    6.8668669     0.08594775     0.08563799
    6.9069069     0.07840960     0.08930237
    6.9469470     0.07309429     0.08280643
    6.9869870     0.07905228     0.08050197
    7.0270270     0.09991206     0.10155658
    7.0670671     0.13582265     0.14485054
    7.1071071     0.17469900     0.18324127
    7.1471472     0.19397452     0.19061321
    7.1871872     0.18444360     0.16883947
    7.2272272     0.15765331     0.13673134
    7.2672673     0.12434530     0.10352006
    7.3073073     0.08621784     0.06899824
    7.3473473     0.04861570     0.03731594
    7.3873874     0.02115511     0.01483165
    7.4274274     0.00690610     0.00134804
    7.4674675     0.00120746    -0.00805262
    7.5075075    -0.00205475    -0.01542157
    7.5475475    -0.00696154    -0.01774174
    7.5875876    -0.01435620    -0.01223901
    7.6276276    -0.02089735    -0.00122662
    7.6676677    -0.02154182     0.01079547
    7.7077077    -0.01470458     0.02237323
    7.7477478    -0.00235746     0.03383759
    7.7877878     0.01521652     0.04298561
    7.8278278     0.03985450     0.04674749
    7.8678679     0.06844699     0.04699979
    7.9079079     0.08962236     0.04996040
    7.9479479     0.09250029     0.05813309
    7.9879880     0.07824802     0.06669898
    8.0280280     0.05941937     0.06961809
    8.0680681     0.04770965     0.06599290
    8.1081081     0.04503024     0.05988009
    8.1481482     0.04705734     0.05781394
    8.1881882     0.05043384     0.06453245
    8.2282282     0.05262836     0.07511983
    8.2682683     0.05092670     0.07626705
    8.3083083     0.04669468     0.06227487
    8.3483484     0.04460827     0.04286155
    8.3883884     0.04478253     0.03052982
    8.4284284     0.04229145     0.02853342
    8.4684685     0.03568404     0.03269924
    8.5085085     0.02989946     0.03685781
    8.5485485     0.03100502     0.03655484
    8.5885886     0.04137111     0.03327280
    8.6286286     0.05641483     0.03317359
    8.6686687     0.06486801     0.03800962
    8.7087087     0.05872324     0.04153465
    8.7487488     0.04357635     0.03869385
    8.7887888     0.03319217     0.03291047
    8.8288288     0.03453660     0.02987045
    8.8688689     0.04222501     0.03012794
    8.9089089     0.04606119     0.03238965
    8.9489490     0.04110855     0.03810605
    8.9889890     0.03095299     0.04797448
    9.0290290     0.02321156     0.05809396
    9.0690691     0.02333425     0.06432153
    9.1091091     0.03230627     0.06748716
    9.1491491     0.04770466     0.06950153
    9.1891892     0.06479360     0.06919476
    9.2292292     0.07775699     0.06799416
    9.2692693     0.08298356     0.07315658
    9.3093093     0.08176565     0.08964245
    9.3493494     0.07996776     0.11271360
    9.3893894     0.08563651     0.12982632
    9.4294294     0.10138395     0.12941588
    9.4694695     0.11687304     0.11136959
    9.5095095     0.11826956     0.08776635
    9.5495496     0.10581992     0.07056947
    9.5895896     0.09144867     0.06361007
    9.6296296     0.08287663     0.06647395
    9.6696697     0.08031430     0.07638138
    9.7097097     0.08197939     0.08552641
    9.7497497     0.08397027     0.08429322
    9.7897898     0.07998819     0.06958130
    9.8298298     0.06753322     0.04928813
    9.8698699     0.05241298     0.03661982
    9.9099099     0.04429095     0.03744499
    9.9499500     0.04775655     0.04510544
    9.9899900     0.05715367     0.04993216
   10.0300300     0.06058454     0.05030498
   10.0700701     0.05151185     0.05018377
   10.1101101     0.03571629     0.04987207
   10.1501502     0.02526103     0.04562597
   10.1901902     0.02819523     0.03616359
   10.2302302     0.04415876     0.02472310
   10.2702703     0.06460054     0.01572006
   10.3103103     0.07675711     0.01222152
   10.3503504     0.07418329     0.01685355
   10.3903904     0.06378199     0.03269008
   10.4304304     0.05621708     0.05911575
   10.4704705     0.05251948     0.08582182
   10.5105105     0.04678015     0.09691795
   10.5505506     0.03708352     0.08604733
   10.5905906     0.02755201     0.06322211
   10.6306306     0.02273118     0.04317064
   10.6706707     0.02324705     0.03199476
   10.7107107     0.02581904     0.02738886
   10.7507508     0.02682170     0.02607601
   10.7907908     0.02622791     0.02758404
   10.8308308     0.02805525     0.03333516
   10.8708709     0.03590157     0.04377680
   10.9109109     0.04730609     0.05532151
   10.9509510     0.05444026     0.06133219
   10.9909910     0.05161484     0.05896679
   11.0310310     0.04029738     0.05314797
   11.0710711     0.02667796     0.04955562
   11.1111111     0.01688156     0.04638981
   11.1511512     0.01487161     0.03860350
   11.1911912     0.02167466     0.02755351
   11.2312312     0.03368051     0.02089494
   11.2712713     0.04378497     0.02396162
   11.3113113     0.04774688     0.03372964
   11.3513514     0.04709603     0.04087245
   11.3913914     0.04388254     0.03817088
   11.4314314     0.03759878     0.02700946
   11.4714715     0.02836356     0.01449748
   11.5115115     0.01818600     0.00596713
   11.5515516     0.00909436     0.00218853
   11.5915916     0.00232570     0.00148783
   11.6316316    -0.00173972     0.00201811
   11.6716717    -0.00299004     0.00316430
   11.7117117     0.00020417     0.00657697
   11.7517518     0.01023447     0.01500854
   11.7917918     0.02532990     0.02907528
   11.8318318     0.03810634     0.04583032
   11.8718719     0.04256339     0.05976560
   11.9119119     0.04078825     0.06462505
   11.9519520     0.04065086     0.05759729
   11.9919920     0.04757782     0.04321264
   12.0320320     0.05843192     0.02981375
   12.0720721     0.06390036     0.02184991
   12.1121121     0.05854724     0.01900560
   12.1521522     0.04667976     0.02176941
   12.1921922     0.03617590     0.03224469
   12.2322322     0.02986977     0.04777197
   12.2722723     0.02553372     0.05843565
   12.3123123     0.02093884     0.05555678
   12.3523524     0.01624282     0.04152507
   12.3923924     0.01313906     0.02808024
   12.4324324     0.01283454     0.02579247
   12.4724725     0.01469432     0.03584097
   12.5125125     0.01866315     0.04998150
   12.5525526     0.02938878     0.05999361
   12.5925926     0.05285055     0.06772970
   12.6326326     0.08441457     0.07958651
   12.6726727     0.10595724     0.09137725
   12.7127127     0.10425055     0.08952472
   12.7527528     0.08684574     0.06899107
   12.7927928     0.06903154     0.03999516
   12.8328328     0.05370414     0.01517551
   12.8728729     0.03537694    -0.00135518
   12.9129129     0.01436234    -0.01092289
   12.9529530    -0.00296503    -0.01395525
   12.9929930    -0.01213170    -0.00983305
   13.0330330    -0.01354106     0.00053021
   13.0730731    -0.00968607     0.01371994
   13.1131131    -0.00174094     0.02403778
   13.1531532     0.00971841     0.02622549
   13.1931932     0.02106480     0.02045016
   13.2332332     0.02628055     0.01273903
   13.2732733     0.02316818     0.00910668
   13.3133133     0.01607471     0.01079355
   13.3533534     0.01075250     0.01461747
   13.3933934     0.00899069     0.01637595
   13.4334334     0.00924933     0.01459482
   13.4734735     0.01043291     0.01156397
   13.5135135     0.01347906     0.01050740
   13.5535536     0.01952446     0.01257273
   13.5935936     0.02833807     0.01788601
   13.6336336     0.03913406     0.02837218
   13.6736737     0.05004889     0.04498618
   13.7137137     0.05636623     0.06099442
   13.7537538     0.05365118     0.06484067
   13.7937938     0.04283485     0.05368677
   13.8338338     0.02901976     0.03863594
   13.8738739     0.01707771     0.03409712
   13.9139139     0.01013856     0.04649962
   13.9539540     0.01064070     0.07337054
   13.9939940     0.02250023     0.10778278
   14.0340340     0.05112218     0.13997727
   14.0740741     0.09627929     0.15705488
   14.1141141     0.14303262     0.14976905
   14.1541542     0.16760156     0.12301243
   14.1941942     0.15913547     0.09388426
   14.2342342     0.12992871     0.07837315
   14.2742743     0.09994877     0.08030549
   14.3143143     0.07932136     0.08918673
   14.3543544     0.06910017     0.08993923
   14.3943944     0.06847005     0.07727254
   14.4344344     0.07316443     0.05812399
   14.4744745     0.07365914     0.04136722
   14.5145145     0.06380482     0.03005562
   14.5545546     0.04751776     0.02287235
   14.5945946     0.03270021     0.01906633
   14.6346346     0.02370330     0.02076291
   14.6746747     0.02198081     0.03040542
   14.7147147     0.03083096     0.04553412
   14.7547548     0.05662545     0.05827086
   14.7947948     0.10110153     0.06417384
   14.8348348     0.15056128     0.07031176
   14.8748749     0.17887922     0.08751992
   14.9149149     0.16796209     0.11365945
   14.9549550     0.12425488     0.13303675
   14.9949950     0.07247972     0.13536574
   15.0350350     0.03612064     0.12613822
   15.0750751     0.02631084     0.11653084
   15.1151151     0.04402009     0.11324287
   15.1551552     0.08387243     0.11865192
   15.1951952     0.13484842     0.13274268
   15.2352352     0.18471029     0.15398854
   15.2752753     0.22284935     0.17968765
   15.3153153     0.23424576     0.20107547
   15.3553554     0.20527930     0.20012946
   15.3953954     0.14504768     0.16489122
   15.4354354     0.08335416     0.10873761
   15.4754755     0.04230368     0.06037246
   15.5155155     0.02292580     0.03724175
   15.5555556     0.01611005     0.03835529
   15.5955956     0.01530273     0.05400122
   15.6356356     0.02083672     0.07227997
   15.6756757     0.03703563     0.08124249
   15.7157157     0.06284020     0.07399682
   15.7557558     0.08531561     0.05461107
   15.7957958     0.08959691     0.03498017
   15.8358358     0.07579044     0.02408995
   15.8758759     0.05738180     0.02298417
   15.9159159     0.04484873     0.02840507
   15.9559560     0.04023398     0.03714394
   15.9959960     0.04223246     0.04624684
   16.0360360     0.04610782     0.05076638
   16.0760761     0.04427282     0.04558067
   16.1161161     0.03462329     0.03172005
   16.1561562     0.02293006     0.01683493
   16.1961962     0.01463060     0.00782125
   16.2362362     0.01029701     0.00658961
   16.2762763     0.00880971     0.01206160
   16.3163163     0.00986216     0.02136869
   16.3563564     0.01322478     0.02901110
   16.3963964     0.01738221     0.02956365
   16.4364364     0.01946506     0.02355931
   16.4764765     0.01801155     0.01846581
   16.5165165     0.01618664     0.02222842
   16.5565566     0.01983630     0.03607781
   16.5965966     0.03059468     0.05342276
   16.6366366     0.04223839     0.06628261
   16.6766767     0.04762216     0.07204013
   16.7167167     0.04952472     0.07279702
   16.7567568     0.05819994     0.07284602
   16.7967968     0.07599756     0.07885480
   16.8368368     0.09117196     0.09517953
   16.8768769     0.09011620     0.11596792
   16.9169169     0.07199876     0.12754858
   16.9569570     0.05018701     0.12062267
   16.9969970     0.04094654     0.09778889
   17.0370370     0.05021477     0.07008316
   17.0770771     0.07048132     0.04808665
   17.1171171     0.08963405     0.03699303
   17.1571572     0.10069757     0.03792945
   17.1971972     0.10320740     0.04728280
   17.2372372     0.09929004     0.05504747
   17.2772773     0.09008328     0.05325938
   17.3173173     0.07457160     0.04646301
   17.3573574     0.05365257     0.04531727
   17.3973974     0.03406543     0.05159216
   17.4374374     0.02350106     0.05855195
   17.4774775     0.02365810     0.06396862
   17.5175175     0.03084592     0.07192385
   17.5575576     0.04088997     0.08136868
   17.5975976     0.05125497     0.08348143
   17.6376376     0.05944599     0.07369407
   17.6776777     0.06276929     0.05918166
   17.7177177     0.06079260     0.05030133
   17.7577578     0.05533301     0.04819825
   17.7977978     0.04762297     0.04511610
   17.8378378     0.03793036     0.03656463
   17.8778779     0.02890001     0.02901402
   17.9179179     0.02801799     0.03468459
   17.9579580     0.04464656     0.06169576
   17.9979980     0.08191601     0.10624001
   18.0380380     0.12977218     0.15064277
   18.0780781     0.16944160     0.17646580
   18.1181181     0.18790310     0.18177524
   18.1581582     0.18286526     0.17442651
   18.1981982     0.15523917     0.15475946
   18.2382382     0.11008506     0.12256904
   18.2782783     0.06254307     0.08946960
   18.3183183     0.02900632     0.06761693
   18.3583584     0.01498792     0.05724608
   18.3983984     0.01796906     0.05498092
   18.4384384     0.03505084     0.06650599
   18.4784785     0.06091830     0.10122474
   18.5185185     0.08393001     0.15153201
   18.5585586     0.09536145     0.18836905
   18.5985986     0.10412865     0.19094813
   18.6386386     0.13030472     0.17075506
   18.6786787     0.17469169     0.15020991
   18.7187187     0.20550001     0.13124032
   18.7587588     0.19199544     0.10274418
   18.7987988     0.14340739     0.06673153
   18.8388388     0.09552218     0.04049688
   18.8788789     0.06784309     0.04016081
   18.9189189     0.05351836     0.07020221
   18.9589590     0.04411531     0.11952359
   18.9989990     0.04756922     0.16385776
   19.0390390     0.08202454     0.18356621
   19.0790791     0.15356758     0.18007964
   19.1191191     0.23471062     0.16552250
   19.1591592     0.27687970     0.14379790
   19.1991992     0.26098879     0.11583953
   19.2392392     0.21849781     0.09541288
   19.2792793     0.18602235     0.10101750
   19.3193193     0.16474359     0.13030552
   19.3593594     0.13782574     0.15534006
   19.3993994     0.10118228     0.15033579
   19.4394394     0.06567902     0.11745648
   19.4794795     0.04309080     0.07867307
   19.5195195     0.03573457     0.05030958
   19.5595596     0.03615674     0.03414746
   19.5995996     0.03473906     0.02586102
   19.6396396     0.02766565     0.02187454
   19.6796797     0.01794869     0.02024340
   19.7197197     0.01001878     0.02110073
   19.7597598     0.00596873     0.02560222
   19.7997998     0.00709494     0.03272199
   19.8398398     0.01589669     0.03996592
   19.8798799     0.03378638     0.04699666
   19.9199199     0.05616727     0.05429388
   19.9599600     0.07257674     0.06015614
   20.0000000     0.07492692     0.06344202
