#
#   partial DOS for atom species: Mn
#
#   Add data for atom_index =   2,  n,l,m,z=  4  0  0  1
#   Add data for atom_index =   2,  n,l,m,z=  4  0  0  2
#   Add data for atom_index =   2,  n,l,m,z=  4  0  0  3
#   Add data for atom_index =   3,  n,l,m,z=  4  0  0  1
#   Add data for atom_index =   3,  n,l,m,z=  4  0  0  2
#   Add data for atom_index =   3,  n,l,m,z=  4  0  0  3
#   Add data for atom_index =   4,  n,l,m,z=  4  0  0  1
#   Add data for atom_index =   4,  n,l,m,z=  4  0  0  2
#   Add data for atom_index =   4,  n,l,m,z=  4  0  0  3
#   Add data for atom_index =   5,  n,l,m,z=  4  0  0  1
#   Add data for atom_index =   5,  n,l,m,z=  4  0  0  2
#   Add data for atom_index =   5,  n,l,m,z=  4  0  0  3
#   Add data for atom_index =   6,  n,l,m,z=  4  0  0  1
#   Add data for atom_index =   6,  n,l,m,z=  4  0  0  2
#   Add data for atom_index =   6,  n,l,m,z=  4  0  0  3
#
#    Energy          spin 1        spin2
#
  -20.0000000     0.00000000     0.00000000
  -19.9599600     0.00000000     0.00000000
  -19.9199199     0.00000000     0.00000000
  -19.8798799     0.00000000     0.00000000
  -19.8398398     0.00000000     0.00000000
  -19.7997998     0.00000000     0.00000000
  -19.7597598     0.00000000     0.00000000
  -19.7197197     0.00000000     0.00000000
  -19.6796797     0.00000000     0.00000000
  -19.6396396     0.00000000     0.00000000
  -19.5995996     0.00000000     0.00000000
  -19.5595596     0.00000000     0.00000000
  -19.5195195     0.00000000     0.00000000
  -19.4794795     0.00000000     0.00000000
  -19.4394394     0.00000000     0.00000000
  -19.3993994     0.00000000     0.00000000
  -19.3593594     0.00000000     0.00000000
  -19.3193193     0.00000000     0.00000000
  -19.2792793     0.00000000     0.00000000
  -19.2392392     0.00000000     0.00000000
  -19.1991992     0.00000000     0.00000000
  -19.1591592     0.00000000     0.00000000
  -19.1191191     0.00000000     0.00000000
  -19.0790791     0.00000000     0.00000000
  -19.0390390     0.00000000     0.00000000
  -18.9989990     0.00000000     0.00000000
  -18.9589590     0.00000000     0.00000000
  -18.9189189     0.00000000     0.00000000
  -18.8788789     0.00000000     0.00000000
  -18.8388388     0.00000000     0.00000000
  -18.7987988     0.00000000     0.00000000
  -18.7587588     0.00000000     0.00000000
  -18.7187187     0.00000000     0.00000000
  -18.6786787     0.00000000    -0.00000000
  -18.6386386    -0.00000000    -0.00000003
  -18.5985986    -0.00000004    -0.00000053
  -18.5585586    -0.00000076    -0.00000734
  -18.5185185    -0.00001006    -0.00007436
  -18.4784785    -0.00009671    -0.00054666
  -18.4384384    -0.00067478    -0.00291737
  -18.3983984    -0.00341761    -0.01130785
  -18.3583584    -0.01257125    -0.03187546
  -18.3183183    -0.03362613    -0.06556047
  -18.2782783    -0.06561726    -0.09918175
  -18.2382382    -0.09417043    -0.11246814
  -18.1981982    -0.10134080    -0.09946776
  -18.1581582    -0.08524581    -0.07322327
  -18.1181181    -0.06005118    -0.04771288
  -18.0780781    -0.03778714    -0.02754305
  -18.0380380    -0.02119752    -0.01325561
  -17.9979980    -0.00992202    -0.00498151
  -17.9579580    -0.00362067    -0.00140439
  -17.9179179    -0.00098984    -0.00029572
  -17.8778779    -0.00020501    -0.00009329
  -17.8378378    -0.00009346    -0.00038949
  -17.7977978    -0.00047835    -0.00216638
  -17.7577578    -0.00252821    -0.00876750
  -17.7177177    -0.00965887    -0.02540550
  -17.6776777    -0.02640865    -0.05232251
  -17.6376376    -0.05135105    -0.07537190
  -17.5975976    -0.07006377    -0.07240013
  -17.5575576    -0.06432517    -0.03731198
  -17.5175175    -0.03259282     0.01028023
  -17.4774775     0.00699189     0.04365215
  -17.4374374     0.03372086     0.05021842
  -17.3973974     0.03873435     0.03665129
  -17.3573574     0.02787867     0.01871426
  -17.3173173     0.01390680     0.00683116
  -17.2772773     0.00492050     0.00179026
  -17.2372372     0.00124014     0.00031133
  -17.1971972     0.00018227    -0.00017592
  -17.1571572    -0.00029898    -0.00129481
  -17.1171171    -0.00180500    -0.00553622
  -17.0770771    -0.00725935    -0.01724291
  -17.0370370    -0.02136957    -0.03948686
  -16.9969970    -0.04651056    -0.06718045
  -16.9569570    -0.07595117    -0.08631417
  -16.9169169    -0.09513214    -0.08564102
  -16.8768769    -0.09387975    -0.06718136
  -16.8368368    -0.07458104    -0.04226392
  -16.7967968    -0.04787107    -0.02124547
  -16.7567568    -0.02441256    -0.00837178
  -16.7167167    -0.00963232    -0.00252450
  -16.6766767    -0.00286993    -0.00057079
  -16.6366366    -0.00063354    -0.00009515
  -16.5965966    -0.00009342    -0.00001257
  -16.5565566     0.00003658    -0.00002736
  -16.5165165     0.00015527    -0.00021124
  -16.4764765     0.00025328    -0.00099537
  -16.4364364    -0.00017677    -0.00310829
  -16.3963964    -0.00204469    -0.00670820
  -16.3563564    -0.00542717    -0.01020389
  -16.3163163    -0.00840357    -0.01105626
  -16.2762763    -0.00862097    -0.00858737
  -16.2362362    -0.00612053    -0.00479987
  -16.1961962    -0.00306755    -0.00193510
  -16.1561562    -0.00109440    -0.00055904
  -16.1161161    -0.00025998    -0.00009626
  -16.0760761     0.00006138    -0.00001458
  -16.0360360     0.00033190    -0.00063454
  -15.9959960     0.00015187    -0.00434356
  -15.9559560    -0.00334617    -0.01623993
  -15.9159159    -0.01599484    -0.03951034
  -15.8758759    -0.04029112    -0.06646138
  -15.8358358    -0.06600787    -0.08092830
  -15.7957958    -0.07633505    -0.07750946
  -15.7557558    -0.06916380    -0.06956728
  -15.7157157    -0.06083825    -0.06993460
  -15.6756757    -0.06393038    -0.07421064
  -15.6356356    -0.07257163    -0.06913865
  -15.5955956    -0.07148689    -0.04736381
  -15.5555556    -0.04968349    -0.00849318
  -15.5155155    -0.00432015     0.04566162
  -15.4754755     0.05837816     0.10496769
  -15.4354354     0.11775384     0.14345239
  -15.3953954     0.14342612     0.13715744
  -15.3553554     0.12188414     0.09167572
  -15.3153153     0.07222612     0.03359312
  -15.2752753     0.02197158    -0.02291219
  -15.2352352    -0.02264952    -0.08355410
  -15.1951952    -0.07321068    -0.15140512
  -15.1551552    -0.13598425    -0.20864358
  -15.1151151    -0.19712228    -0.22450805
  -15.0750751    -0.22653339    -0.18573751
  -15.0350350    -0.20238879    -0.11590981
  -14.9949950    -0.13734864    -0.05375117
  -14.9549550    -0.06951845    -0.01829831
  -14.9149149    -0.02584070    -0.00417672
  -14.8748749    -0.00628135     0.00173313
  -14.8348348     0.00317713     0.01181344
  -14.7947948     0.01890057     0.04043029
  -14.7547548     0.05830958     0.10067227
  -14.7147147     0.13165628     0.18583701
  -14.6746747     0.22265464     0.25885180
  -14.6346346     0.28771882     0.27898462
  -14.5945946     0.29067208     0.23830859
  -14.5545546     0.23319931     0.15990511
  -14.5145145     0.14627851     0.07278626
  -14.4744745     0.06275395    -0.00042365
  -14.4344344     0.00045540    -0.04480294
  -14.3943944    -0.03647539    -0.05535835
  -14.3543544    -0.04907380    -0.04002907
  -14.3143143    -0.04242195    -0.01654616
  -14.2742743    -0.02701598    -0.00044096
  -14.2342342    -0.01310801     0.00510134
  -14.1941942    -0.00468235     0.00745382
  -14.1541542     0.00011667     0.01724611
  -14.1141141     0.00631017     0.04350031
  -14.0740741     0.02139348     0.08760002
  -14.0340340     0.05472353     0.13925278
  -13.9939940     0.11331260     0.18602219
  -13.9539540     0.19180002     0.22285301
  -13.9139139     0.26128624     0.24222017
  -13.8738739     0.28007729     0.23099880
  -13.8338338     0.23633885     0.19048840
  -13.7937938     0.16903877     0.14049886
  -13.7537538     0.12383467     0.09724796
  -13.7137137     0.10439346     0.06293297
  -13.6736737     0.08609078     0.03565763
  -13.6336336     0.05763297     0.01641919
  -13.5935936     0.02898452     0.00596322
  -13.5535536     0.01074320     0.00249570
  -13.5135135     0.00319338     0.00473522
  -13.4734735     0.00215190     0.01484262
  -13.4334334     0.00581355     0.03522787
  -13.3933934     0.01449050     0.05944847
  -13.3533534     0.02505190     0.07137057
  -13.3133133     0.02876183     0.06411619
  -13.2732733     0.02151599     0.05296903
  -13.2332332     0.01341580     0.05412767
  -13.1931932     0.01585655     0.06116919
  -13.1531532     0.02408003     0.05668152
  -13.1131131     0.02602276     0.03539013
  -13.0730731     0.01984114     0.00702415
  -13.0330330     0.01176498    -0.01550018
  -12.9929930     0.00632746    -0.02580931
  -12.9529530     0.00616455    -0.02385098
  -12.9129129     0.01329237    -0.00992287
  -12.8728729     0.02556297     0.01564377
  -12.8328328     0.03653188     0.04545991
  -12.7927928     0.03975366     0.06350344
  -12.7527528     0.03166408     0.05795920
  -12.7127127     0.01375651     0.03467335
  -12.6726727    -0.00671814     0.01108450
  -12.6326326    -0.02061809    -0.00162326
  -12.5925926    -0.02314970    -0.00476528
  -12.5525526    -0.01718174    -0.00432793
  -12.5125125    -0.00886875    -0.00365905
  -12.4724725     0.00058298    -0.00306719
  -12.4324324     0.01468037    -0.00139356
  -12.3923924     0.03174134     0.00308631
  -12.3523524     0.04164865     0.00917662
  -12.3123123     0.03682192     0.00952295
  -12.2722723     0.02064983    -0.00343565
  -12.2322322     0.00113370    -0.02735613
  -12.1921922    -0.01798375    -0.05213977
  -12.1521522    -0.03723132    -0.07219820
  -12.1121121    -0.05779528    -0.08791839
  -12.0720721    -0.07980955    -0.09335371
  -12.0320320    -0.10008809    -0.07531006
  -11.9919920    -0.10935726    -0.03360947
  -11.9519520    -0.09724777     0.00862656
  -11.9119119    -0.06502684     0.02624579
  -11.8718719    -0.02811373     0.01551364
  -11.8318318    -0.00143610    -0.01022528
  -11.7917918     0.01148856    -0.03630092
  -11.7517518     0.01265041    -0.05213693
  -11.7117117     0.00181309    -0.05352429
  -11.6716717    -0.02064780    -0.04618557
  -11.6316316    -0.04793816    -0.04059154
  -11.5915916    -0.06886156    -0.04139671
  -11.5515516    -0.07672741    -0.04500143
  -11.5115115    -0.07365530    -0.04610344
  -11.4714715    -0.06525069    -0.04373856
  -11.4314314    -0.05544011    -0.04045729
  -11.3913914    -0.04686342    -0.03812089
  -11.3513514    -0.04093115    -0.03707725
  -11.3113113    -0.03705670    -0.03748915
  -11.2712713    -0.03417523    -0.03848190
  -11.2312312    -0.03181667    -0.03719217
  -11.1911912    -0.03012529    -0.03179843
  -11.1511512    -0.03079211    -0.02549478
  -11.1111111    -0.03557623    -0.02330944
  -11.0710711    -0.04190346    -0.02431369
  -11.0310310    -0.04376772    -0.02232340
  -10.9909910    -0.03898511    -0.01464618
  -10.9509510    -0.03126839    -0.00466776
  -10.9109109    -0.02424988     0.00375473
  -10.8708709    -0.01769972     0.00922709
  -10.8308308    -0.00968550     0.01067466
  -10.7907908     0.00031177     0.00712165
  -10.7507508     0.01049627    -0.00032253
  -10.7107107     0.01807189    -0.00960839
  -10.6706707     0.02059622    -0.01965803
  -10.6306306     0.01587418    -0.02834319
  -10.5905906     0.00284269    -0.03168988
  -10.5505506    -0.01536995    -0.02842054
  -10.5105105    -0.03068696    -0.02220236
  -10.4704705    -0.03558395    -0.01698240
  -10.4304304    -0.02982367    -0.01273113
  -10.3903904    -0.01965773    -0.00739475
  -10.3503504    -0.01139329    -0.00058392
  -10.3103103    -0.00782099     0.00618320
  -10.2702703    -0.00838245     0.01072293
  -10.2302302    -0.00987606     0.01114257
  -10.1901902    -0.00825621     0.00767857
  -10.1501502    -0.00186915     0.00321889
  -10.1101101     0.00682061     0.00080470
  -10.0700701     0.01309316     0.00153258
  -10.0300300     0.01400037     0.00460458
   -9.9899900     0.01098924     0.00787992
   -9.9499500     0.00813514     0.00904950
   -9.9099099     0.00773440     0.00764724
   -9.8698699     0.00864891     0.00552976
   -9.8298298     0.00870235     0.00479525
   -9.7897898     0.00719215     0.00569909
   -9.7497497     0.00485444     0.00670346
   -9.7097097     0.00262554     0.00594839
   -9.6696697     0.00121920     0.00295896
   -9.6296296     0.00113247    -0.00028541
   -9.5895896     0.00217631    -0.00036121
   -9.5495496     0.00337178     0.00466142
   -9.5095095     0.00365856     0.01281290
   -9.4694695     0.00238118     0.01865153
   -9.4294294    -0.00051867     0.01739112
   -9.3893894    -0.00402621     0.00952526
   -9.3493494    -0.00643804     0.00021720
   -9.3093093    -0.00710086    -0.00580526
   -9.2692693    -0.00731651    -0.00742593
   -9.2292292    -0.00888691    -0.00626171
   -9.1891892    -0.01166690    -0.00458000
   -9.1491491    -0.01323066    -0.00402656
   -9.1091091    -0.01180635    -0.00489113
   -9.0690691    -0.00866983    -0.00589660
   -9.0290290    -0.00645449    -0.00574659
   -8.9889890    -0.00601102    -0.00549960
   -8.9489490    -0.00605606    -0.00792440
   -8.9089089    -0.00548787    -0.01373644
   -8.8688689    -0.00484490    -0.02018514
   -8.8288288    -0.00500441    -0.02401652
   -8.7887888    -0.00558429    -0.02415963
   -8.7487488    -0.00546626    -0.02135821
   -8.7087087    -0.00436251    -0.01742544
   -8.6686687    -0.00339407    -0.01557253
   -8.6286286    -0.00369486    -0.01894585
   -8.5885886    -0.00442565    -0.02660221
   -8.5485485    -0.00347392    -0.03261835
   -8.5085085    -0.00067760    -0.03229429
   -8.4684685     0.00103717    -0.02766372
   -8.4284284    -0.00169334    -0.02353291
   -8.3883884    -0.00974598    -0.02112506
   -8.3483484    -0.02054968    -0.01907077
   -8.3083083    -0.02873002    -0.01675022
   -8.2682683    -0.02940148    -0.01403710
   -8.2282282    -0.02283041    -0.01110667
   -8.1881882    -0.01430147    -0.00953215
   -8.1481482    -0.00853182    -0.01108323
   -8.1081081    -0.00603829    -0.01542488
   -8.0680681    -0.00470836    -0.02021325
   -8.0280280    -0.00279737    -0.02301462
   -7.9879880    -0.00019652    -0.02324194
   -7.9479479     0.00195368    -0.02263916
   -7.9079079     0.00231507    -0.02294688
   -7.8678679     0.00037840    -0.02364306
   -7.8278278    -0.00338413    -0.02403662
   -7.7877878    -0.00856929    -0.02590607
   -7.7477478    -0.01492814    -0.03023115
   -7.7077077    -0.02048442    -0.03308088
   -7.6676677    -0.02209531    -0.02975087
   -7.6276276    -0.01974197    -0.02163162
   -7.5875876    -0.01730409    -0.01432524
   -7.5475475    -0.01741378    -0.01060490
   -7.5075075    -0.01870762    -0.00907848
   -7.4674675    -0.01926239    -0.00819874
   -7.4274274    -0.01913103    -0.00850425
   -7.3873874    -0.01831360    -0.01121498
   -7.3473473    -0.01599885    -0.01581315
   -7.3073073    -0.01315690    -0.01933874
   -7.2672673    -0.01269509    -0.01886417
   -7.2272272    -0.01606023    -0.01469962
   -7.1871872    -0.02150378    -0.00992366
   -7.1471472    -0.02575906    -0.00697839
   -7.1071071    -0.02657931    -0.00597315
   -7.0670671    -0.02411787    -0.00564152
   -7.0270270    -0.02056653    -0.00435740
   -6.9869870    -0.01820837    -0.00102646
   -6.9469470    -0.01728648     0.00335131
   -6.9069069    -0.01600474     0.00602673
   -6.8668669    -0.01285968     0.00546351
   -6.8268268    -0.00830911     0.00272873
   -6.7867868    -0.00392969    -0.00018784
   -6.7467467    -0.00093815    -0.00199948
   -6.7067067     0.00018321    -0.00223675
   -6.6666667    -0.00050776    -0.00110445
   -6.6266266    -0.00262355     0.00052822
   -6.5865866    -0.00547112     0.00157501
   -6.5465466    -0.00815595     0.00147345
   -6.5065065    -0.01056978     0.00070194
   -6.4664665    -0.01365797     0.00048111
   -6.4264264    -0.01723323     0.00126531
   -6.3863864    -0.01897493     0.00163144
   -6.3463464    -0.01754813    -0.00022446
   -6.3063063    -0.01510712    -0.00414507
   -6.2662663    -0.01506462    -0.00829007
   -6.2262262    -0.01837785    -0.01107336
   -6.1861862    -0.02259829    -0.01197114
   -6.1461461    -0.02424116    -0.01174460
   -6.1061061    -0.02236349    -0.01285299
   -6.0660661    -0.01969229    -0.01781824
   -6.0260260    -0.01946091    -0.02537943
   -5.9859860    -0.02142665    -0.02987001
   -5.9459459    -0.02244418    -0.02679520
   -5.9059059    -0.02052689    -0.01789048
   -5.8658659    -0.01624411    -0.00874613
   -5.8258258    -0.01091500    -0.00312285
   -5.7857858    -0.00577604    -0.00118594
   -5.7457458    -0.00232895    -0.00125635
   -5.7057057    -0.00185412    -0.00151107
   -5.6656657    -0.00450371    -0.00089589
   -5.6256256    -0.00875931     0.00052439
   -5.5855856    -0.01157068     0.00203220
   -5.5455455    -0.01003284     0.00298497
   -5.5055055    -0.00353405     0.00286765
   -5.4654655     0.00573517     0.00114244
   -5.4254254     0.01360300    -0.00201898
   -5.3853854     0.01579720    -0.00522128
   -5.3453453     0.01084792    -0.00710507
   -5.3053053     0.00110760    -0.00758568
   -5.2652653    -0.00957989    -0.00719842
   -5.2252252    -0.01852869    -0.00625488
   -5.1851852    -0.02401341    -0.00510434
   -5.1451452    -0.02327776    -0.00408318
   -5.1051051    -0.01392005    -0.00241863
   -5.0650651     0.00139552     0.00193342
   -5.0250250     0.01520819     0.00964553
   -4.9849850     0.02152477     0.01751352
   -4.9449449     0.01956931     0.02080991
   -4.9049049     0.01254822     0.01809383
   -4.8648649     0.00502597     0.01200805
   -4.8248248     0.00068180     0.00616033
   -4.7847848     0.00081098     0.00256344
   -4.7447447     0.00390786     0.00100470
   -4.7047047     0.00692467    -0.00060959
   -4.6646647     0.00713144    -0.00522093
   -4.6246246     0.00239236    -0.01419139
   -4.5845846    -0.00789468    -0.02441604
   -4.5445445    -0.01945168    -0.02938199
   -4.5045045    -0.02440425    -0.02535502
   -4.4644645    -0.01973516    -0.01541839
   -4.4244244    -0.01086434    -0.00615534
   -4.3843844    -0.00479686    -0.00176058
   -4.3443443    -0.00362401    -0.00162752
   -4.3043043    -0.00494891    -0.00232029
   -4.2642643    -0.00512338    -0.00115210
   -4.2242242    -0.00234395     0.00232681
   -4.1841842     0.00151473     0.00701715
   -4.1441441     0.00307170     0.01102653
   -4.1041041     0.00204511     0.01303520
   -4.0640641     0.00171380     0.01371638
   -4.0240240     0.00408580     0.01403841
   -3.9839840     0.00689562     0.01280555
   -3.9439439     0.00688395     0.00844871
   -3.9039039     0.00428148     0.00188808
   -3.8638639     0.00230644    -0.00420841
   -3.8238238     0.00317088    -0.00707375
   -3.7837838     0.00575346    -0.00408298
   -3.7437437     0.00708900     0.00622424
   -3.7037037     0.00565939     0.02163655
   -3.6636637     0.00262301     0.03485628
   -3.6236236    -0.00004936     0.03684619
   -3.5835836    -0.00130491     0.02462076
   -3.5435435    -0.00075339     0.00522347
   -3.5035035     0.00129308    -0.01002973
   -3.4634635     0.00296044    -0.01481958
   -3.4234234     0.00234849    -0.01113702
   -3.3833834     0.00069218    -0.00510900
   -3.3433433     0.00118175    -0.00140544
   -3.3033033     0.00392374    -0.00156531
   -3.2632633     0.00525515    -0.00510156
   -3.2232232     0.00233965    -0.01003311
   -3.1831832    -0.00395678    -0.01316253
   -3.1431431    -0.00995950    -0.01223466
   -3.1031031    -0.01199375    -0.00820251
   -3.0630631    -0.00952975    -0.00400782
   -3.0230230    -0.00531472    -0.00157738
   -2.9829830    -0.00211864    -0.00119678
   -2.9429429    -0.00061071    -0.00297661
   -2.9029029    -0.00019720    -0.00733371
   -2.8628629    -0.00053537    -0.01337525
   -2.8228228    -0.00216290    -0.01775967
   -2.7827828    -0.00600307    -0.01737218
   -2.7427427    -0.01178947    -0.01329271
   -2.7027027    -0.01732286    -0.00978685
   -2.6626627    -0.02051359    -0.00913276
   -2.6226226    -0.02113860    -0.00922533
   -2.5825826    -0.01928864    -0.00631644
   -2.5425425    -0.01443280     0.00115679
   -2.5025025    -0.00707055     0.01113261
   -2.4624625     0.00107136     0.01844119
   -2.4224224     0.00817297     0.01762037
   -2.3823824     0.01214424     0.00819782
   -2.3423423     0.01135949    -0.00368007
   -2.3023023     0.00697276    -0.01105112
   -2.2622623     0.00249772    -0.01205648
   -2.2222222     0.00041678    -0.00938906
   -2.1821822     0.00060115    -0.00642172
   -2.1421421     0.00141171    -0.00483112
   -2.1021021     0.00082455    -0.00471194
   -2.0620621    -0.00233155    -0.00640798
   -2.0220220    -0.00663857    -0.01163519
   -1.9819820    -0.00900794    -0.02107815
   -1.9419419    -0.00856253    -0.03049507
   -1.9019019    -0.00773539    -0.03244466
   -1.8618619    -0.00869392    -0.02440412
   -1.8218218    -0.01070883    -0.01237767
   -1.7817818    -0.01221684    -0.00445003
   -1.7417417    -0.01396582    -0.00361300
   -1.7017017    -0.01772703    -0.00785603
   -1.6616617    -0.02213744    -0.01428216
   -1.6216216    -0.02295700    -0.02051752
   -1.5815816    -0.01836133    -0.02269785
   -1.5415415    -0.01134598    -0.01701511
   -1.5015015    -0.00630184    -0.00607187
   -1.4614615    -0.00534108     0.00133750
   -1.4214214    -0.00752050    -0.00034404
   -1.3813814    -0.00956534    -0.00813052
   -1.3413413    -0.00844345    -0.01480530
   -1.3013013    -0.00500159    -0.01562992
   -1.2612613    -0.00347089    -0.01143690
   -1.2212212    -0.00640567    -0.00651485
   -1.1811812    -0.01177708    -0.00414908
   -1.1411411    -0.01543447    -0.00457888
   -1.1011011    -0.01551864    -0.00600562
   -1.0610611    -0.01360267    -0.00674890
   -1.0210210    -0.01150693    -0.00730705
   -0.9809810    -0.00912726    -0.01056194
   -0.9409409    -0.00620914    -0.01896354
   -0.9009009    -0.00412002    -0.03056538
   -0.8608609    -0.00534326    -0.03836008
   -0.8208208    -0.01223953    -0.03585821
   -0.7807808    -0.02448085    -0.02392360
   -0.7407407    -0.03580622    -0.00976812
   -0.7007007    -0.03707877     0.00072952
   -0.6606607    -0.02628318     0.00717497
   -0.6206206    -0.01146267     0.01186077
   -0.5805806    -0.00109866     0.01578992
   -0.5405405     0.00344567     0.01859969
   -0.5005005     0.00514175     0.02138817
   -0.4604605     0.00667876     0.02724052
   -0.4204204     0.00986588     0.03678234
   -0.3803804     0.01602272     0.04472343
   -0.3403403     0.02505891     0.04455495
   -0.3003003     0.03442180     0.03580625
   -0.2602603     0.04030776     0.02352437
   -0.2202202     0.04162040     0.01222377
   -0.1801802     0.04047156     0.00352144
   -0.1401401     0.03631341    -0.00032929
   -0.1001001     0.02542074     0.00618427
   -0.0600601     0.00991639     0.02641860
   -0.0200200     0.00015694     0.05209654
    0.0200200     0.00576365     0.06468722
    0.0600601     0.02876228     0.05361008
    0.1001001     0.06075958     0.02905081
    0.1401401     0.08255925     0.00858940
    0.1801802     0.07636255    -0.00205471
    0.2202202     0.04302961    -0.00790007
    0.2602603     0.00102053    -0.01183369
    0.3003003    -0.02948915    -0.00931496
    0.3403403    -0.03830898     0.00434550
    0.3803804    -0.02830630     0.02375355
    0.4204204    -0.01039337     0.03616916
    0.4604605     0.00558296     0.03577823
    0.5005005     0.01465802     0.02815834
    0.5405405     0.01571872     0.01990152
    0.5805806     0.01118306     0.01190621
    0.6206206     0.00528231     0.00376969
    0.6606607     0.00032015    -0.00207004
    0.7007007    -0.00378861    -0.00271419
    0.7407407    -0.00634343     0.00196826
    0.7807808    -0.00487036     0.00938909
    0.8208208     0.00166633     0.01564450
    0.8608609     0.01018729     0.01777913
    0.9009009     0.01539215     0.01682947
    0.9409409     0.01460454     0.01724160
    0.9809810     0.01035207     0.02149339
    1.0210210     0.00753384     0.02695804
    1.0610611     0.00845917     0.03052705
    1.1011011     0.01148526     0.03652458
    1.1411411     0.01548024     0.05711241
    1.1811812     0.02662489     0.09903169
    1.2212212     0.05718443     0.14714755
    1.2612613     0.10879390     0.16980967
    1.3013013     0.15650975     0.15066014
    1.3413413     0.16482685     0.10816854
    1.3813814     0.12719547     0.07441199
    1.4214214     0.07514734     0.06287192
    1.4614615     0.04360702     0.06354777
    1.5015015     0.04177984     0.06127156
    1.5415415     0.05748348     0.05205629
    1.5815816     0.07411685     0.04283316
    1.6216216     0.08088180     0.03919790
    1.6616617     0.07575725     0.03833824
    1.7017017     0.06293031     0.03491715
    1.7417417     0.04746595     0.02882271
    1.7817818     0.03266920     0.02429977
    1.8218218     0.02050893     0.02441638
    1.8618619     0.01240415     0.02915045
    1.9019019     0.00981396     0.03848014
    1.9419419     0.01432422     0.05380033
    1.9819820     0.02707256     0.07277553
    2.0220220     0.04781153     0.08644745
    2.0620621     0.07232148     0.08746874
    2.1021021     0.08945395     0.07928626
    2.1421421     0.08695772     0.07369476
    2.1821822     0.06693334     0.08205342
    2.2222222     0.05073986     0.10848687
    2.2622623     0.06187063     0.14327230
    2.3023023     0.10293839     0.16322000
    2.3423423     0.14888235     0.15028009
    2.3823824     0.16701454     0.11072810
    2.4224224     0.14817736     0.06839617
    2.4624625     0.11298232     0.04162966
    2.5025025     0.08585481     0.03383381
    2.5425425     0.07207869     0.04196537
    2.5825826     0.06378248     0.06130587
    2.6226226     0.05829638     0.08070744
    2.6626627     0.06137803     0.08681156
    2.7027027     0.07467097     0.07727987
    2.7427427     0.08692513     0.06061310
    2.7827828     0.08393744     0.04388530
    2.8228228     0.06604102     0.02883604
    2.8628629     0.04627636     0.01639489
    2.9029029     0.03262691     0.00840607
    2.9429429     0.02308998     0.00649015
    2.9829830     0.01609780     0.01175745
    3.0230230     0.01533067     0.02379271
    3.0630631     0.02355842     0.03829409
    3.1031031     0.03657156     0.04893804
    3.1431431     0.04549882     0.05464520
    3.1831832     0.04555556     0.06145099
    3.2232232     0.03983887     0.07410281
    3.2632633     0.03422316     0.09124937
    3.3033033     0.03456708     0.11567808
    3.3433433     0.04832161     0.16146539
    3.3833834     0.08025088     0.23023127
    3.4234234     0.12747815     0.28446788
    3.4634635     0.18595500     0.27923714
    3.5035035     0.25163622     0.22071690
    3.5435435     0.30135823     0.15752775
    3.5835836     0.29576192     0.12034352
    3.6236236     0.22765075     0.10205691
    3.6636637     0.14155057     0.08691441
    3.7037037     0.08409619     0.07190045
    3.7437437     0.06217766     0.06198943
    3.7837838     0.05855361     0.05936188
    3.8238238     0.06044498     0.05939107
    3.8638639     0.06384666     0.05415590
    3.9039039     0.06675304     0.04044243
    3.9439439     0.06661334     0.02336061
    3.9839840     0.06107523     0.01054490
    4.0240240     0.04990458     0.00538056
    4.0640641     0.03560397     0.00700986
    4.1041041     0.02162984     0.01277121
    4.1441441     0.01077879     0.01849777
    4.1841842     0.00428824     0.02014189
    4.2242242     0.00155632     0.01829271
    4.2642643     0.00136470     0.01949984
    4.3043043     0.00396696     0.03076638
    4.3443443     0.01302866     0.05222961
    4.3843844     0.03551932     0.07679011
    4.4244244     0.07488782     0.09961620
    4.4644645     0.11950304     0.12500420
    4.5045045     0.14449419     0.15827031
    4.5445445     0.13560395     0.19264365
    4.5845846     0.10687507     0.20783530
    4.6246246     0.08706724     0.18597800
    4.6646647     0.09290216     0.13242982
    4.7047047     0.11688527     0.07343643
    4.7447447     0.13593957     0.03168744
    4.7847848     0.13258065     0.01404353
    4.8248248     0.10938220     0.01855823
    4.8648649     0.08201999     0.03959300
    4.9049049     0.06244689     0.06706416
    4.9449449     0.05147185     0.09081860
    4.9849850     0.04505209     0.10975260
    5.0250250     0.04679785     0.13257359
    5.0650651     0.07060756     0.16310199
    5.1051051     0.12310352     0.18789751
    5.1451452     0.18263794     0.19068640
    5.1851852     0.20903541     0.17528912
    5.2252252     0.18538286     0.15909825
    5.2652653     0.13863995     0.15173261
    5.3053053     0.10723340     0.15293098
    5.3453453     0.10162783     0.16044896
    5.3853854     0.10614141     0.17103897
    5.4254254     0.10394214     0.17817628
    5.4654655     0.08940893     0.17161889
    5.5055055     0.06649137     0.14405669
    5.5455455     0.04393941     0.10148740
    5.5855856     0.03116904     0.06066627
    5.6256256     0.03830900     0.03565802
    5.6656657     0.07514869     0.03411307
    5.7057057     0.13965341     0.06147299
    5.7457458     0.20862104     0.11416349
    5.7857858     0.25145248     0.16877997
    5.8258258     0.25323655     0.19647213
    5.8658659     0.22147465     0.19405829
    5.9059059     0.18182787     0.18309331
    5.9459459     0.16377309     0.17794280
    5.9859860     0.17401118     0.17609528
    6.0260260     0.19200862     0.17344914
    6.0660661     0.19825822     0.16732579
    6.1061061     0.19139418     0.15203442
    6.1461461     0.17737935     0.12665169
    6.1861862     0.15905962     0.10294253
    6.2262262     0.14091774     0.09761696
    6.2662663     0.13498072     0.11541590
    6.3063063     0.14949380     0.14376395
    6.3463464     0.17042922     0.16452106
    6.3863864     0.16928948     0.16450214
    6.4264264     0.13538025     0.13980691
    6.4664665     0.08795887     0.10192181
    6.5065065     0.05412585     0.07434440
    6.5465466     0.04737851     0.07435081
    6.5865866     0.06598234     0.09958532
    6.6266266     0.09701450     0.13510736
    6.6666667     0.12141487     0.17280078
    6.7067067     0.12839787     0.21302703
    6.7467467     0.12773916     0.24278663
    6.7867868     0.13651317     0.23812599
    6.8268268     0.15257968     0.19947908
    6.8668669     0.15670710     0.15477098
    6.9069069     0.14169353     0.12257169
    6.9469470     0.12153417     0.09973071
    6.9869870     0.11216367     0.08110322
    7.0270270     0.11800348     0.07003182
    7.0670671     0.13331396     0.07278461
    7.1071071     0.14548168     0.09038690
    7.1471472     0.14430594     0.11264187
    7.1871872     0.13333305     0.12171470
    7.2272272     0.12222130     0.10724873
    7.2672673     0.11152562     0.07614416
    7.3073073     0.09531210     0.04505242
    7.3473473     0.07176591     0.02680060
    7.3873874     0.04551392     0.02432151
    7.4274274     0.02395050     0.03324495
    7.4674675     0.01273313     0.04678051
    7.5075075     0.01390554     0.05717526
    7.5475475     0.02629813     0.05740474
    7.5875876     0.04404437     0.04698991
    7.6276276     0.05631347     0.03345165
    7.6676677     0.05466297     0.02562839
    7.7077077     0.04132535     0.02879827
    7.7477478     0.02686969     0.04353589
    7.7877878     0.02076111     0.06248429
    7.8278278     0.02563114     0.07188809
    7.8678679     0.03755813     0.06480512
    7.9079079     0.04973450     0.05058053
    7.9479479     0.05791300     0.04640427
    7.9879880     0.06511298     0.06409333
    8.0280280     0.08029051     0.10522282
    8.0680681     0.10723685     0.15898373
    8.1081081     0.13475976     0.20295608
    8.1481482     0.14652685     0.21524308
    8.1881882     0.13984332     0.19063773
    8.2282282     0.12425658     0.14381598
    8.2682683     0.10556442     0.09718337
    8.3083083     0.08316247     0.06658342
    8.3483484     0.06043761     0.05537840
    8.3883884     0.04846787     0.05595238
    8.4284284     0.05863075     0.05629143
    8.4684685     0.09094282     0.04920539
    8.5085085     0.12632470     0.03609566
    8.5485485     0.13766589     0.02269758
    8.5885886     0.11649460     0.01402487
    8.6286286     0.08045304     0.01284147
    8.6686687     0.05134135     0.01962127
    8.7087087     0.03786050     0.03219194
    8.7487488     0.03904346     0.04605450
    8.7887888     0.04986715     0.05630777
    8.8288288     0.06056194     0.05963148
    8.8688689     0.06018093     0.05545659
    8.9089089     0.04639819     0.04681455
    8.9489490     0.02817099     0.03840879
    8.9889890     0.01604181     0.03221569
    9.0290290     0.01322880     0.02682906
    9.0690691     0.01661889     0.02128519
    9.1091091     0.02118442     0.01823885
    9.1491491     0.02273940     0.02402416
    9.1891892     0.02107165     0.04424150
    9.2292292     0.02119253     0.07504899
    9.2692693     0.02882366     0.10040014
    9.3093093     0.04415113     0.10711499
    9.3493494     0.06146348     0.10240717
    9.3893894     0.07631731     0.10378367
    9.4294294     0.09034951     0.11354214
    9.4694695     0.10501604     0.11962586
    9.5095095     0.11703202     0.11796349
    9.5495496     0.12606070     0.11667698
    9.5895896     0.13682004     0.12471181
    9.6296296     0.14908224     0.14936317
    9.6696697     0.15766457     0.19102754
    9.7097097     0.16230356     0.22982391
    9.7497497     0.16402004     0.23461899
    9.7897898     0.15672934     0.19546371
    9.8298298     0.13704053     0.13583218
    9.8698699     0.11509747     0.08815754
    9.9099099     0.10477498     0.06640416
    9.9499500     0.11037735     0.06396478
    9.9899900     0.12484378     0.06761488
   10.0300300     0.13291463     0.06820790
   10.0700701     0.12146734     0.06354725
   10.1101101     0.09390523     0.05721228
   10.1501502     0.06805108     0.05386542
   10.1901902     0.05843522     0.05292466
   10.2302302     0.06505033     0.04959392
   10.2702703     0.07591170     0.04335850
   10.3103103     0.07808777     0.03996921
   10.3503504     0.06932477     0.04336745
   10.3903904     0.05787548     0.04965498
   10.4304304     0.05007798     0.05116124
   10.4704705     0.04354053     0.04592354
   10.5105105     0.03438778     0.04017829
   10.5505506     0.02533488     0.03992433
   10.5905906     0.02345159     0.04414066
   10.6306306     0.03258909     0.04865021
   10.6706707     0.04880058     0.05187336
   10.7107107     0.06241150     0.05393576
   10.7507508     0.06560582     0.05477903
   10.7907908     0.05853616     0.05624506
   10.8308308     0.04955048     0.06289499
   10.8708709     0.05055650     0.07784713
   10.9109109     0.06797314     0.09793318
   10.9509510     0.09435589     0.11343242
   10.9909910     0.11085144     0.11407951
   11.0310310     0.10227416     0.09843858
   11.0710711     0.07153511     0.07534222
   11.1111111     0.03741923     0.05349048
   11.1511512     0.01829427     0.03533924
   11.1911912     0.01937755     0.02204288
   11.2312312     0.03171380     0.01615871
   11.2712713     0.04034491     0.01760262
   11.3113113     0.03723470     0.02167246
   11.3513514     0.02765416     0.02346240
   11.3913914     0.02230646     0.02330249
   11.4314314     0.02604314     0.02631944
   11.4714715     0.03642478     0.03650946
   11.5115115     0.04926983     0.05087166
   11.5515516     0.06056354     0.06020058
   11.5915916     0.06416482     0.05917790
   11.6316316     0.05539796     0.05332757
   11.6716717     0.03893902     0.05101606
   11.7117117     0.02647633     0.05407324
   11.7517518     0.02588004     0.06103565
   11.7917918     0.03647960     0.07227400
   11.8318318     0.05176478     0.08782506
   11.8718719     0.06376419     0.10435524
   11.9119119     0.06895760     0.11454341
   11.9519520     0.07178707     0.10994685
   11.9919920     0.07864925     0.08978580
   12.0320320     0.08879086     0.06463319
   12.0720721     0.09551185     0.04603195
   12.1121121     0.09513843     0.03774619
   12.1521522     0.09026828     0.03941204
   12.1921922     0.08515590     0.04883294
   12.2322322     0.08139124     0.05827614
   12.2722723     0.07733416     0.05807512
   12.3123123     0.06949253     0.04647112
   12.3523524     0.05567387     0.03089170
   12.3923924     0.03885818     0.02063750
   12.4324324     0.02554129     0.02122246
   12.4724725     0.01910258     0.03187433
   12.5125125     0.01917246     0.04534505
   12.5525526     0.02750704     0.05388426
   12.5925926     0.04710542     0.05648617
   12.6326326     0.07188088     0.05551502
   12.6726727     0.08456976     0.04929630
   12.7127127     0.07349647     0.03599087
   12.7527528     0.04670113     0.02083461
   12.7927928     0.02192647     0.01311696
   12.8328328     0.00892822     0.01984621
   12.8728729     0.00729651     0.04392510
   12.9129129     0.01434610     0.08104786
   12.9529530     0.02944012     0.11484028
   12.9929930     0.05337560     0.12362865
   13.0330330     0.08407528     0.10081885
   13.0730731     0.11005851     0.06339685
   13.1131131     0.11413253     0.03350359
   13.1531532     0.09182436     0.01840154
   13.1931932     0.05927527     0.01292704
   13.2332332     0.03588049     0.01287131
   13.2732733     0.02722512     0.01927289
   13.3133133     0.02807925     0.03188622
   13.3533534     0.03266898     0.04334109
   13.3933934     0.03726296     0.04420934
   13.4334334     0.03804695     0.03407389
   13.4734735     0.03302867     0.02233204
   13.5135135     0.02532252     0.01708948
   13.5535536     0.01998476     0.01832970
   13.5935936     0.01856711     0.02246681
   13.6336336     0.01969367     0.02829031
   13.6736737     0.02238695     0.03550715
   13.7137137     0.02594196     0.04079529
   13.7537538     0.02837376     0.04017723
   13.7937938     0.02705873     0.03488174
   13.8338338     0.02102003     0.03112032
   13.8738739     0.01252966     0.03328715
   13.9139139     0.00633705     0.03967631
   13.9539540     0.00708770     0.04617404
   13.9939940     0.01645940     0.05202715
   14.0340340     0.03214859     0.05920124
   14.0740741     0.05013655     0.06745267
   14.1141141     0.06611241     0.07350207
   14.1541542     0.07421258     0.07453723
   14.1941942     0.07028768     0.07053604
   14.2342342     0.05908714     0.06416439
   14.2742743     0.05190625     0.05902348
   14.3143143     0.05360499     0.05811995
   14.3543544     0.05744267     0.06317665
   14.3943944     0.05680175     0.07150877
   14.4344344     0.05592466     0.07464407
   14.4744745     0.06225039     0.06607946
   14.5145145     0.07372837     0.04963113
   14.5545546     0.08179582     0.03479696
   14.5945946     0.08217154     0.02555379
   14.6346346     0.07538387     0.01878576
   14.6746747     0.06162420     0.01159832
   14.7147147     0.04248753     0.00496074
   14.7547548     0.02411814     0.00122202
   14.7947948     0.01301771     0.00235564
   14.8348348     0.01095367     0.01065951
   14.8748749     0.01588932     0.02777157
   14.9149149     0.02501607     0.05145946
   14.9549550     0.03621913     0.07491502
   14.9949950     0.04870324     0.09059296
   15.0350350     0.06257921     0.09511988
   15.0750751     0.07815760     0.09097307
   15.1151151     0.09539588     0.08290596
   15.1551552     0.11133191     0.07376750
   15.1951952     0.11878341     0.06665848
   15.2352352     0.11296721     0.06804138
   15.2752753     0.09920849     0.08136458
   15.3153153     0.08712641     0.09774857
   15.3553554     0.07837257     0.10119993
   15.3953954     0.06790716     0.08644066
   15.4354354     0.05421760     0.06449156
   15.4754755     0.04064422     0.04731411
   15.5155155     0.02956970     0.03559867
   15.5555556     0.02081537     0.02540485
   15.5955956     0.01451237     0.01808187
   15.6356356     0.01296564     0.01928840
   15.6756757     0.01947032     0.03334722
   15.7157157     0.03508692     0.06098746
   15.7557558     0.05645748     0.09946405
   15.7957958     0.07891652     0.14104925
   15.8358358     0.10278499     0.17080858
   15.8758759     0.13129972     0.17249900
   15.9159159     0.15885208     0.14365796
   15.9559560     0.16891757     0.10116799
   15.9959960     0.15047641     0.06559619
   16.0360360     0.11176104     0.04346935
   16.0760761     0.07265031     0.02907438
   16.1161161     0.04692703     0.01727769
   16.1561562     0.03555286     0.00841638
   16.1961962     0.03377532     0.00519398
   16.2362362     0.03910551     0.01097456
   16.2762763     0.04984389     0.02881950
   16.3163163     0.05879220     0.05567876
   16.3563564     0.05648093     0.07807947
   16.3963964     0.04248439     0.08239807
   16.4364364     0.02624539     0.07195505
   16.4764765     0.01693437     0.06608002
   16.5165165     0.01994222     0.07951423
   16.5565566     0.04002980     0.10633698
   16.5965966     0.07647697     0.12537269
   16.6366366     0.11366888     0.12184028
   16.6766767     0.12979999     0.10103848
   16.7167167     0.12305764     0.08048862
   16.7567568     0.11724971     0.07905950
   16.7967968     0.13302338     0.11293588
   16.8368368     0.16421398     0.18149013
   16.8768769     0.18901201     0.25176708
   16.9169169     0.19537624     0.27745119
   16.9569570     0.18700235     0.24216643
   16.9969970     0.17026338     0.17168541
   17.0370370     0.14787186     0.10342767
   17.0770771     0.12267082     0.05694399
   17.1171171     0.09751117     0.03204808
   17.1571572     0.07481789     0.02178388
   17.1971972     0.05840977     0.02095411
   17.2372372     0.04982283     0.02652095
   17.2772773     0.04490625     0.03546373
   17.3173173     0.03857688     0.04389904
   17.3573574     0.03092758     0.04924023
   17.3973974     0.02648994     0.05381835
   17.4374374     0.02943841     0.06380073
   17.4774775     0.04197521     0.08237007
   17.5175175     0.06493465     0.10536545
   17.5575576     0.09575833     0.12295122
   17.5975976     0.12584846     0.12448988
   17.6376376     0.14256877     0.10855237
   17.6776777     0.13919779     0.09087033
   17.7177177     0.12559587     0.09205354
   17.7577578     0.12040922     0.11244414
   17.7977978     0.12744000     0.12824074
   17.8378378     0.13061998     0.12004863
   17.8778779     0.11920621     0.09799514
   17.9179179     0.10669944     0.08929711
   17.9579580     0.11530962     0.10824475
   17.9979980     0.14677062     0.14647377
   18.0380380     0.17621437     0.18668311
   18.0780781     0.17992592     0.22143501
   18.1181181     0.16689187     0.25607486
   18.1581582     0.17056886     0.28999153
   18.1981982     0.20857839     0.30810352
   18.2382382     0.26251522     0.29830121
   18.2782783     0.29505093     0.26181130
   18.3183183     0.27880252     0.20825627
   18.3583584     0.21691826     0.15327359
   18.3983984     0.14332671     0.11414136
   18.4384384     0.09737075     0.10320877
   18.4784785     0.09336766     0.12191703
   18.5185185     0.11471047     0.15267108
   18.5585586     0.13687410     0.16868553
   18.5985986     0.15253172     0.16370494
   18.6386386     0.16899119     0.15630096
   18.6786787     0.18500855     0.15881532
   18.7187187     0.18456066     0.16192185
   18.7587588     0.16001706     0.15442286
   18.7987988     0.13013399     0.13988910
   18.8388388     0.12108292     0.12929610
   18.8788789     0.13325971     0.13006060
   18.9189189     0.14159732     0.14009101
   18.9589590     0.12984543     0.14476336
   18.9989990     0.11243370     0.13098304
   19.0390390     0.11869156     0.10762004
   19.0790791     0.15849660     0.09734218
   19.1191191     0.20378073     0.10703674
   19.1591592     0.21073377     0.11765004
   19.1991992     0.16521746     0.10652642
   19.2392392     0.09580180     0.07337573
   19.2792793     0.03970073     0.03722388
   19.3193193     0.01069571     0.01347452
   19.3593594     0.00151692     0.00422911
   19.3993994     0.00175823     0.00651610
   19.4394394     0.00775427     0.01959115
   19.4794795     0.02140930     0.04208279
   19.5195195     0.04250800     0.06494948
   19.5595596     0.06215390     0.07337210
   19.5995996     0.06820049     0.06085905
   19.6396396     0.05861633     0.03704271
   19.6796797     0.04263642     0.01660641
   19.7197197     0.02883427     0.00594975
   19.7597598     0.01972844     0.00375184
   19.7997998     0.01586555     0.00876223
   19.8398398     0.01940062     0.02418765
   19.8798799     0.03668015     0.05702033
   19.9199199     0.07779004     0.11132667
   19.9599600     0.14389037     0.17463132
   20.0000000     0.21174753     0.21434802
