#
#   partial DOS for atom species: Mn
#
#   Add data for atom_index =   6,  n,l,m,z=  4  0  0  1
#   Add data for atom_index =   6,  n,l,m,z=  4  0  0  2
#   Add data for atom_index =   6,  n,l,m,z=  4  0  0  3
#   Add data for atom_index =   7,  n,l,m,z=  4  0  0  1
#   Add data for atom_index =   7,  n,l,m,z=  4  0  0  2
#   Add data for atom_index =   7,  n,l,m,z=  4  0  0  3
#   Add data for atom_index =   8,  n,l,m,z=  4  0  0  1
#   Add data for atom_index =   8,  n,l,m,z=  4  0  0  2
#   Add data for atom_index =   8,  n,l,m,z=  4  0  0  3
#
#    Energy          spin 1        spin2
#
  -20.0000000     0.00000000     0.00000000
  -19.9599600     0.00000000     0.00000000
  -19.9199199     0.00000000     0.00000000
  -19.8798799     0.00000000     0.00000000
  -19.8398398     0.00000000     0.00000000
  -19.7997998     0.00000000     0.00000000
  -19.7597598     0.00000000     0.00000000
  -19.7197197     0.00000000     0.00000000
  -19.6796797     0.00000000     0.00000000
  -19.6396396     0.00000000     0.00000000
  -19.5995996     0.00000000     0.00000000
  -19.5595596     0.00000000     0.00000000
  -19.5195195     0.00000000     0.00000000
  -19.4794795     0.00000000     0.00000000
  -19.4394394     0.00000000     0.00000000
  -19.3993994     0.00000000     0.00000000
  -19.3593594     0.00000000     0.00000000
  -19.3193193     0.00000000     0.00000000
  -19.2792793     0.00000000     0.00000000
  -19.2392392     0.00000000     0.00000000
  -19.1991992     0.00000000     0.00000000
  -19.1591592     0.00000000     0.00000000
  -19.1191191     0.00000000     0.00000000
  -19.0790791     0.00000000     0.00000000
  -19.0390390     0.00000000     0.00000000
  -18.9989990     0.00000000     0.00000000
  -18.9589590    -0.00000000     0.00000000
  -18.9189189    -0.00000000    -0.00000000
  -18.8788789    -0.00000007    -0.00000003
  -18.8388388    -0.00000114    -0.00000050
  -18.7987988    -0.00001299    -0.00000625
  -18.7587588    -0.00010708    -0.00005683
  -18.7187187    -0.00064034    -0.00037498
  -18.6786787    -0.00277874    -0.00179548
  -18.6386386    -0.00875056    -0.00623884
  -18.5985986    -0.01999724    -0.01573161
  -18.5585586    -0.03316287    -0.02878659
  -18.5185185    -0.03990998    -0.03822562
  -18.4784785    -0.03485445    -0.03683547
  -18.4384384    -0.02208932    -0.02575878
  -18.3983984    -0.01015907    -0.01307169
  -18.3583584    -0.00339057    -0.00481377
  -18.3183183    -0.00082118    -0.00128643
  -18.2782783    -0.00014433    -0.00024948
  -18.2382382    -0.00001841    -0.00003511
  -18.1981982    -0.00000171    -0.00000358
  -18.1581582    -0.00000014    -0.00000024
  -18.1181181    -0.00000035     0.00000033
  -18.0780781    -0.00000287     0.00000314
  -18.0380380    -0.00001726     0.00002090
  -17.9979980    -0.00007522     0.00010080
  -17.9579580    -0.00023788     0.00035280
  -17.9179179    -0.00054589     0.00089609
  -17.8778779    -0.00090908     0.00165167
  -17.8378378    -0.00109863     0.00220924
  -17.7977978    -0.00096348     0.00214442
  -17.7577578    -0.00061318     0.00151051
  -17.7177177    -0.00028319     0.00077212
  -17.6776777    -0.00009491     0.00028641
  -17.6376376    -0.00002308     0.00007710
  -17.5975976    -0.00000406     0.00001506
  -17.5575576    -0.00000023     0.00000218
  -17.5175175     0.00000447     0.00000106
  -17.4774775     0.00005101     0.00001162
  -17.4374374     0.00041894     0.00011621
  -17.3973974     0.00250292     0.00084586
  -17.3573574     0.01088573     0.00447661
  -17.3173173     0.03448858     0.01722980
  -17.2772773     0.07966074     0.04823811
  -17.2372372     0.13426371     0.09826198
  -17.1971972     0.16529420     0.14567210
  -17.1571572     0.14880496     0.15720862
  -17.1171171     0.09806983     0.12353778
  -17.0770771     0.04737045     0.07070658
  -17.0370370     0.01678798     0.02948260
  -16.9969970     0.00436928     0.00895819
  -16.9569570     0.00083588     0.00198391
  -16.9169169     0.00012095     0.00032085
  -16.8768769     0.00005662     0.00004659
  -16.8368368     0.00041801     0.00010419
  -16.7967968     0.00283897     0.00083190
  -16.7567568     0.01402275     0.00497238
  -16.7167167     0.05026437     0.02157284
  -16.6766767     0.13074790     0.06792012
  -16.6366366     0.24680648     0.15518045
  -16.5965966     0.33808493     0.25729001
  -16.5565566     0.33607984     0.30956813
  -16.5165165     0.24244125     0.27029435
  -16.4764765     0.12691646     0.17126361
  -16.4364364     0.04821441     0.07874819
  -16.3963964     0.01329178     0.02627626
  -16.3563564     0.00265924     0.00636261
  -16.3163163     0.00038827     0.00111839
  -16.2762763     0.00006948     0.00014828
  -16.2362362     0.00027414     0.00007822
  -16.1961962     0.00185063     0.00053804
  -16.1561562     0.00916859     0.00322005
  -16.1161161     0.03297042     0.01400882
  -16.0760761     0.08607941     0.04424240
  -16.0360360     0.16339157     0.10152205
  -15.9959960     0.22671035     0.16983246
  -15.9559560     0.23473413     0.20965660
  -15.9159159     0.19462935     0.19911476
  -15.8758759     0.15353574     0.16334646
  -15.8358358     0.13568800     0.13858744
  -15.7957958     0.12172988     0.12522585
  -15.7557558     0.09109932     0.10171973
  -15.7157157     0.05157282     0.06472451
  -15.6756757     0.02142182     0.03056497
  -15.6356356     0.00647539     0.01053923
  -15.5955956     0.00142147     0.00264160
  -15.5555556     0.00022675     0.00048076
  -15.5155155     0.00003001     0.00006455
  -15.4754755     0.00004193     0.00001870
  -15.4354354     0.00030390     0.00010839
  -15.3953954     0.00171655     0.00067069
  -15.3553554     0.00722226     0.00302333
  -15.3153153     0.02281913     0.00989063
  -15.2752753     0.05459564     0.02348546
  -15.2352352     0.09951865     0.04052096
  -15.1951952     0.13847725     0.05114170
  -15.1551552     0.14665731     0.04914290
  -15.1151151     0.11742009     0.04365582
  -15.0750751     0.07047885     0.05461386
  -15.0350350     0.03155927     0.09211685
  -14.9949950     0.01120739     0.13845451
  -14.9549550     0.00672751     0.15795339
  -14.9149149     0.01554138     0.13571844
  -14.8748749     0.03920923     0.09784402
  -14.8348348     0.07370482     0.08076478
  -14.7947948     0.10082640     0.09025799
  -14.7547548     0.10071949     0.10072335
  -14.7147147     0.07488485     0.08944930
  -14.6746747     0.04473106     0.06096748
  -14.6346346     0.02810964     0.03457219
  -14.5945946     0.03147549     0.01974331
  -14.5545546     0.06385170     0.01264635
  -14.5145145     0.13819767     0.00784879
  -14.4744745     0.24093526     0.00463132
  -14.4344344     0.31223118     0.00654631
  -14.3943944     0.29348879     0.02427023
  -14.3543544     0.19507291     0.08075743
  -14.3143143     0.08316872     0.19774547
  -14.2742743     0.00919850     0.35163853
  -14.2342342    -0.01981744     0.45372361
  -14.1941942    -0.02108184     0.42469294
  -14.1541542    -0.01313531     0.28810401
  -14.1141141    -0.00643936     0.14111231
  -14.0740741    -0.00316795     0.04910470
  -14.0340340    -0.00172434     0.01127098
  -13.9939940    -0.00039469     0.00100966
  -13.9539540     0.00309088    -0.00028244
  -13.9139139     0.01533988     0.00064811
  -13.8738739     0.05011819     0.00274631
  -13.8338338     0.11944168     0.00609998
  -13.7937938     0.20845513     0.00988846
  -13.7537538     0.26578190     0.01388528
  -13.7137137     0.24677227     0.02477541
  -13.6736737     0.16545868     0.06197919
  -13.6336336     0.07685354     0.14720929
  -13.5935936     0.01812372     0.26844720
  -13.5535536    -0.00926890     0.35789105
  -13.5135135    -0.01813971     0.34511463
  -13.4734735    -0.02108050     0.23836173
  -13.4334334    -0.02860799     0.11198882
  -13.3933934    -0.04415222     0.02086170
  -13.3533534    -0.05876839    -0.03087208
  -13.3133133    -0.05892959    -0.05473130
  -13.2732733    -0.04213145    -0.05529628
  -13.2332332    -0.01906957    -0.03893377
  -13.1931932    -0.00107760    -0.01801951
  -13.1531532     0.00788264    -0.00138594
  -13.1131131     0.00929342     0.00954305
  -13.0730731     0.00684140     0.01517533
  -13.0330330     0.00468124     0.01507216
  -12.9929930     0.00596316     0.01046021
  -12.9529530     0.01111279     0.00415938
  -12.9129129     0.01509119    -0.00340292
  -12.8728729     0.00865894    -0.01574846
  -12.8328328    -0.01015998    -0.03541740
  -12.7927928    -0.02718138    -0.05640204
  -12.7527528    -0.02254296    -0.06516780
  -12.7127127     0.01216282    -0.05336622
  -12.6726727     0.06674207    -0.02588680
  -12.6326326     0.11341176     0.00557966
  -12.5925926     0.12343759     0.03145678
  -12.5525526     0.09488589     0.04788007
  -12.5125125     0.05455183     0.05750318
  -12.4724725     0.02920411     0.06805278
  -12.4324324     0.02566403     0.08747881
  -12.3923924     0.03448468     0.11309179
  -12.3523524     0.04194821     0.12580406
  -12.3123123     0.04285983     0.10864802
  -12.2722723     0.04825791     0.06942358
  -12.2322322     0.07591519     0.03089041
  -12.1921922     0.12583464     0.00461227
  -12.1521522     0.16805868    -0.01373463
  -12.1121121     0.16867981    -0.02952260
  -12.0720721     0.12808659    -0.03833595
  -12.0320320     0.07700966    -0.02816204
  -11.9919920     0.03975379     0.01310650
  -11.9519520     0.01796729     0.09018958
  -11.9119119     0.00248535     0.18607650
  -11.8718719    -0.01248373     0.25305408
  -11.8318318    -0.02487698     0.24429094
  -11.7917918    -0.02928533     0.16534026
  -11.7517518    -0.02442070     0.07099059
  -11.7117117    -0.01524904     0.00856069
  -11.6716717    -0.00832954    -0.01537654
  -11.6316316    -0.00746331    -0.01961260
  -11.5915916    -0.01445997    -0.02114073
  -11.5515516    -0.03135840    -0.02452871
  -11.5115115    -0.05806861    -0.02838205
  -11.4714715    -0.08595408    -0.03421744
  -11.4314314    -0.09834974    -0.04423232
  -11.3913914    -0.08481198    -0.05411188
  -11.3513514    -0.05367263    -0.05745167
  -11.3113113    -0.02545088    -0.05658637
  -11.2712713    -0.01455436    -0.05967023
  -11.2312312    -0.01873908    -0.06834749
  -11.1911912    -0.02632648    -0.07646125
  -11.1511512    -0.03233261    -0.07828373
  -11.1111111    -0.04289650    -0.07222853
  -11.0710711    -0.06412785    -0.06002567
  -11.0310310    -0.09209918    -0.04612024
  -10.9909910    -0.11416658    -0.03439351
  -10.9509510    -0.11908660    -0.02397497
  -10.9109109    -0.10659650    -0.01305761
  -10.8708709    -0.08504854    -0.00645715
  -10.8308308    -0.06169196    -0.01238663
  -10.7907908    -0.03999675    -0.03110358
  -10.7507508    -0.02280499    -0.05209421
  -10.7107107    -0.01238878    -0.06257283
  -10.6706707    -0.00767178    -0.05666095
  -10.6306306    -0.00421870    -0.03972560
  -10.5905906     0.00129002    -0.02472823
  -10.5505506     0.00738162    -0.01998771
  -10.5105105     0.01026328    -0.02157755
  -10.4704705     0.00920558    -0.02047450
  -10.4304304     0.00721944    -0.01348021
  -10.3903904     0.00674624    -0.00428219
  -10.3503504     0.00731209     0.00260771
  -10.3103103     0.00744842     0.00532645
  -10.2702703     0.00631370     0.00390681
  -10.2302302     0.00308891    -0.00069891
  -10.1901902    -0.00319071    -0.00674229
  -10.1501502    -0.01218110    -0.01207090
  -10.1101101    -0.02112488    -0.01488774
  -10.0700701    -0.02657506    -0.01475606
  -10.0300300    -0.02772140    -0.01345392
   -9.9899900    -0.02640248    -0.01412967
   -9.9499500    -0.02415165    -0.01811231
   -9.9099099    -0.02202538    -0.02253722
   -9.8698699    -0.02188029    -0.02287973
   -9.8298298    -0.02372129    -0.01796744
   -9.7897898    -0.02382190    -0.01076508
   -9.7497497    -0.01977331    -0.00469084
   -9.7097097    -0.01461427    -0.00102371
   -9.6696697    -0.01248585     0.00066788
   -9.6296296    -0.01333980     0.00128386
   -9.5895896    -0.01381011     0.00113441
   -9.5495496    -0.01126197    -0.00077694
   -9.5095095    -0.00725344    -0.00542662
   -9.4694695    -0.00764993    -0.01047212
   -9.4294294    -0.01700590    -0.01023104
   -9.3893894    -0.03162781    -0.00241479
   -9.3493494    -0.04135033     0.00697034
   -9.3093093    -0.04041067     0.01033742
   -9.2692693    -0.03285281     0.00771002
   -9.2292292    -0.02546126     0.00425843
   -9.1891892    -0.02034385     0.00234077
   -9.1491491    -0.01619444     0.00100658
   -9.1091091    -0.01238941     0.00015423
   -9.0690691    -0.00963465     0.00052750
   -9.0290290    -0.00841696     0.00121191
   -8.9889890    -0.00781169     0.00047022
   -8.9489490    -0.00557214    -0.00192863
   -8.9089089     0.00006211    -0.00515793
   -8.8688689     0.00805319    -0.00883541
   -8.8288288     0.01369091    -0.01290649
   -8.7887888     0.01042957    -0.01681361
   -8.7487488    -0.00464036    -0.01928965
   -8.7087087    -0.02511695    -0.01921800
   -8.6686687    -0.03812785    -0.01690523
   -8.6286286    -0.03631164    -0.01410831
   -8.5885886    -0.02433993    -0.01270471
   -8.5485485    -0.01133077    -0.01330225
   -8.5085085    -0.00156873    -0.01489899
   -8.4684685     0.00451920    -0.01632669
   -8.4284284     0.00533400    -0.01761483
   -8.3883884    -0.00120134    -0.01863991
   -8.3483484    -0.01302759    -0.01710161
   -8.3083083    -0.02321086    -0.00997052
   -8.2682683    -0.02546062     0.00214641
   -8.2282282    -0.01972446     0.01346472
   -8.1881882    -0.01093478     0.01744556
   -8.1481482    -0.00345327     0.01230660
   -8.1081081     0.00149546     0.00197336
   -8.0680681     0.00479812    -0.00679872
   -8.0280280     0.00818574    -0.00834490
   -7.9879880     0.01279540    -0.00173003
   -7.9479479     0.01749532     0.00839068
   -7.9079079     0.01979200     0.01579245
   -7.8678679     0.01889411     0.01823357
   -7.8278278     0.01607273     0.01798090
   -7.7877878     0.01231441     0.01755799
   -7.7477478     0.00792928     0.01794451
   -7.7077077     0.00357532     0.02010246
   -7.6676677    -0.00035414     0.02411840
   -7.6276276    -0.00414607     0.02709208
   -7.5875876    -0.00704362     0.02530212
   -7.5475475    -0.00610487     0.01839297
   -7.5075075     0.00135654     0.00970735
   -7.4674675     0.01342640     0.00298146
   -7.4274274     0.02322404    -0.00049451
   -7.3873874     0.02497804    -0.00193017
   -7.3473473     0.01952134    -0.00306674
   -7.3073073     0.01233500    -0.00418601
   -7.2672673     0.00790254    -0.00358797
   -7.2272272     0.00709046     0.00021270
   -7.1871872     0.00825725     0.00501154
   -7.1471472     0.00940037     0.00589470
   -7.1071071     0.00928854     0.00128682
   -7.0670671     0.00750729    -0.00471259
   -7.0270270     0.00450986    -0.00738811
   -6.9869870     0.00150140    -0.00635672
   -6.9469470    -0.00031523    -0.00468464
   -6.9069069    -0.00042197    -0.00486579
   -6.8668669     0.00065062    -0.00653984
   -6.8268268     0.00140837    -0.00763782
   -6.7867868     0.00040453    -0.00701031
   -6.7467467    -0.00290761    -0.00521303
   -6.7067067    -0.00821415    -0.00301824
   -6.6666667    -0.01385148    -0.00056397
   -6.6266266    -0.01657167     0.00183200
   -6.5865866    -0.01395607     0.00327402
   -6.5465466    -0.00715767     0.00313961
   -6.5065065    -0.00003344     0.00173549
   -6.4664665     0.00412251     0.00024266
   -6.4264264     0.00458783     0.00043682
   -6.3863864     0.00261568     0.00349166
   -6.3463464    -0.00031965     0.00843632
   -6.3063063    -0.00303224     0.01290034
   -6.2662663    -0.00427167     0.01568832
   -6.2262262    -0.00363899     0.01759270
   -6.1861862    -0.00235283     0.01914207
   -6.1461461    -0.00158258     0.01862540
   -6.1061061    -0.00068242     0.01438646
   -6.0660661     0.00186728     0.00841547
   -6.0260260     0.00644688     0.00471222
   -5.9859860     0.01174649     0.00442259
   -5.9459459     0.01593743     0.00566673
   -5.9059059     0.01862269     0.00772284
   -5.8658659     0.02106142     0.01139265
   -5.8258258     0.02352307     0.01510544
   -5.7857858     0.02405321     0.01506136
   -5.7457458     0.02104850     0.00981366
   -5.7057057     0.01516892     0.00134187
   -5.6656657     0.00825607    -0.00765282
   -5.6256256     0.00192530    -0.01442837
   -5.5855856    -0.00270550    -0.01592420
   -5.5455455    -0.00487645    -0.01114906
   -5.5055055    -0.00444529    -0.00311070
   -5.4654655    -0.00218508     0.00335855
   -5.4254254     0.00066169     0.00530530
   -5.3853854     0.00294765     0.00315640
   -5.3453453     0.00383647    -0.00055504
   -5.3053053     0.00324120    -0.00352917
   -5.2652653     0.00201294    -0.00505766
   -5.2252252     0.00124534    -0.00579811
   -5.1851852     0.00146754    -0.00644170
   -5.1451452     0.00223930    -0.00653118
   -5.1051051     0.00222890    -0.00513848
   -5.0650651     0.00054519    -0.00253086
   -5.0250250    -0.00140762     0.00005877
   -4.9849850    -0.00067400     0.00194745
   -4.9449449     0.00340287     0.00295616
   -4.9049049     0.00745396     0.00254997
   -4.8648649     0.00799810     0.00034364
   -4.8248248     0.00544540    -0.00303136
   -4.7847848     0.00255205    -0.00632867
   -4.7447447     0.00095648    -0.00839373
   -4.7047047     0.00061332    -0.00840212
   -4.6646647     0.00098720    -0.00653135
   -4.6246246     0.00167526    -0.00427362
   -4.5845846     0.00261834    -0.00292938
   -4.5445445     0.00449415    -0.00216732
   -4.5045045     0.00836456    -0.00081683
   -4.4644645     0.01377442     0.00156129
   -4.4244244     0.01753534     0.00432079
   -4.3843844     0.01619325     0.00636212
   -4.3443443     0.00988186     0.00688444
   -4.3043043     0.00216607     0.00593042
   -4.2642643    -0.00421014     0.00465977
   -4.2242242    -0.01104904     0.00503478
   -4.1841842    -0.02403953     0.00846589
   -4.1441441    -0.04595867     0.01434898
   -4.1041041    -0.06864241     0.02036137
   -4.0640641    -0.07657415     0.02404110
   -4.0240240    -0.06326989     0.02363347
   -3.9839840    -0.03896068     0.01882805
   -3.9439439    -0.01820804     0.01161756
   -3.9039039    -0.00646574     0.00473619
   -3.8638639    -0.00114381    -0.00110132
   -3.8238238     0.00137569    -0.00718940
   -3.7837838     0.00344269    -0.01447757
   -3.7437437     0.00691493    -0.02191525
   -3.7037037     0.01228999    -0.02672174
   -3.6636637     0.01722591    -0.02620335
   -3.6236236     0.01840950    -0.02016224
   -3.5835836     0.01556959    -0.01174173
   -3.5435435     0.01161691    -0.00497150
   -3.5035035     0.00871661    -0.00158108
   -3.4634635     0.00664535    -0.00096753
   -3.4234234     0.00481228    -0.00225611
   -3.3833834     0.00331079    -0.00491469
   -3.3433433     0.00156027    -0.00755103
   -3.3033033    -0.00231354    -0.00775334
   -3.2632633    -0.00936394    -0.00461412
   -3.2232232    -0.01702308    -0.00059557
   -3.1831832    -0.02008455     0.00106738
   -3.1431431    -0.01620110     0.00021382
   -3.1031031    -0.00894202    -0.00071519
   -3.0630631    -0.00367175     0.00001635
   -3.0230230    -0.00240066     0.00213874
   -2.9829830    -0.00371918     0.00427309
   -2.9429429    -0.00536074     0.00495779
   -2.9029029    -0.00596780     0.00345887
   -2.8628629    -0.00572664     0.00009237
   -2.8228228    -0.00559311    -0.00413875
   -2.7827828    -0.00565916    -0.00780697
   -2.7427427    -0.00485393    -0.00954418
   -2.7027027    -0.00233304    -0.00924104
   -2.6626627     0.00154312    -0.00809224
   -2.6226226     0.00539552    -0.00688914
   -2.5825826     0.00749703    -0.00541331
   -2.5425425     0.00706916    -0.00377202
   -2.5025025     0.00545383    -0.00318029
   -2.4624625     0.00546428    -0.00525625
   -2.4224224     0.00928477    -0.01049902
   -2.3823824     0.01636555    -0.01656911
   -2.3423423     0.02280488    -0.01901062
   -2.3023023     0.02414834    -0.01553183
   -2.2622623     0.01965533    -0.00828252
   -2.2222222     0.01257558    -0.00058194
   -2.1821822     0.00644355     0.00619145
   -2.1421421     0.00257393     0.01143181
   -2.1021021     0.00050901     0.01419549
   -2.0620621    -0.00062371     0.01498963
   -2.0220220    -0.00128875     0.01607039
   -1.9819820    -0.00148927     0.01802387
   -1.9419419    -0.00121328     0.01820447
   -1.9019019    -0.00071292     0.01445584
   -1.8618619    -0.00028747     0.00843444
   -1.8218218     0.00004497     0.00347688
   -1.7817818     0.00079742     0.00096979
   -1.7417417     0.00354348     0.00018815
   -1.7017017     0.01127355     0.00018740
   -1.6616617     0.02619596     0.00094130
   -1.6216216     0.04441819     0.00364599
   -1.5815816     0.05491528     0.01022982
   -1.5415415     0.04948517     0.02084284
   -1.5015015     0.03249735     0.03093254
   -1.4614615     0.01555233     0.03387116
   -1.4214214     0.00542399     0.02886108
   -1.3813814     0.00137905     0.02269869
   -1.3413413     0.00026036     0.02114922
   -1.3013013     0.00006733     0.02220133
   -1.2612613     0.00015828     0.02030548
   -1.2212212     0.00052986     0.01416696
   -1.1811812     0.00131430     0.00729313
   -1.1411411     0.00236836     0.00288558
   -1.1011011     0.00310977     0.00130582
   -1.0610611     0.00304466     0.00144775
   -1.0210210     0.00257180     0.00217142
   -0.9809810     0.00315228     0.00260638
   -0.9409409     0.00688507     0.00249003
   -0.9009009     0.01548645     0.00270870
   -0.8608609     0.02783629     0.00532392
   -0.8208208     0.03815587     0.01239138
   -0.7807808     0.03988966     0.02307827
   -0.7407407     0.03303106     0.03173555
   -0.7007007     0.02408674     0.03198452
   -0.6606607     0.01736840     0.02377413
   -0.6206206     0.01030212     0.01322784
   -0.5805806    -0.00059398     0.00569544
   -0.5405405    -0.01245517     0.00206351
   -0.5005005    -0.01844722     0.00063663
   -0.4604605    -0.01611085    -0.00021579
   -0.4204204    -0.00958303    -0.00061419
   -0.3803804    -0.00392051     0.00105101
   -0.3403403    -0.00029744     0.00613747
   -0.3003003     0.00425700     0.01298504
   -0.2602603     0.01591137     0.01737023
   -0.2202202     0.04125412     0.01649656
   -0.1801802     0.07853825     0.01153084
   -0.1401401     0.11044442     0.00529505
   -0.1001001     0.11563700    -0.00130092
   -0.0600601     0.09273587    -0.00877685
   -0.0200200     0.06451476    -0.01567339
    0.0200200     0.05508638    -0.01801517
    0.0600601     0.06781377    -0.01304413
    0.1001001     0.08495731    -0.00122412
    0.1401401     0.08678280     0.01665957
    0.1801802     0.07049027     0.04093843
    0.2202202     0.04949843     0.06837768
    0.2602603     0.03824482     0.08879181
    0.3003003     0.04017359     0.09229468
    0.3403403     0.04620811     0.08012324
    0.3803804     0.04433418     0.06294628
    0.4204204     0.03240939     0.04865316
    0.4604605     0.01899206     0.03693092
    0.5005005     0.01261129     0.02558986
    0.5405405     0.01450385     0.01693186
    0.5805806     0.01976680     0.01592554
    0.6206206     0.02207999     0.02406207
    0.6606607     0.01884377     0.03550439
    0.7007007     0.01326891     0.04030943
    0.7407407     0.01170185     0.03414734
    0.7807808     0.02097856     0.02316712
    0.8208208     0.04760838     0.01687916
    0.8608609     0.09183743     0.01910646
    0.9009009     0.13877809     0.02743012
    0.9409409     0.16572533     0.04010830
    0.9809810     0.16488064     0.06246230
    1.0210210     0.14802084     0.10004556
    1.0610611     0.12647177     0.14045155
    1.1011011     0.10091892     0.15475789
    1.1411411     0.07175106     0.12921543
    1.1811812     0.04517967     0.08224945
    1.2212212     0.02638872     0.04132301
    1.2612613     0.01517246     0.01832804
    1.3013013     0.00906495     0.01180314
    1.3413413     0.00586948     0.01846360
    1.3813814     0.00392931     0.03568716
    1.4214214     0.00269365     0.05695143
    1.4614615     0.00308479     0.07052525
    1.5015015     0.00738869     0.06735274
    1.5415415     0.01933524     0.05049789
    1.5815816     0.04338660     0.03237639
    1.6216216     0.08128259     0.02231528
    1.6616617     0.12568037     0.02092932
    1.7017017     0.15682295     0.02434469
    1.7417417     0.15360773     0.02776481
    1.7817818     0.11546897     0.02692869
    1.8218218     0.06658736     0.02163354
    1.8618619     0.03266537     0.01645165
    1.9019019     0.02210268     0.01525018
    1.9419419     0.03106120     0.01692295
    1.9819820     0.05344703     0.01749194
    2.0220220     0.07944822     0.01463572
    2.0620621     0.09351688     0.00951777
    2.1021021     0.08572954     0.00518631
    2.1421421     0.06382061     0.00487239
    2.1821822     0.04527907     0.01329466
    2.2222222     0.03861283     0.03772286
    2.2622623     0.03767883     0.08049766
    2.3023023     0.03270633     0.12585778
    2.3423423     0.02200156     0.14425660
    2.3823824     0.01122723     0.12173842
    2.4224224     0.00558877     0.07694478
    2.4624625     0.00772973     0.04059800
    2.5025025     0.02192661     0.02894726
    2.5425425     0.05417576     0.03993918
    2.5825826     0.10111907     0.06034316
    2.6226226     0.13976662     0.07257108
    2.6626627     0.14223995     0.06603488
    2.7027027     0.10641018     0.04612243
    2.7427427     0.05853233     0.02692752
    2.7827828     0.02369886     0.01632720
    2.8228228     0.00707266     0.01241023
    2.8628629     0.00156413     0.01139301
    2.9029029     0.00031280     0.01499699
    2.9429429     0.00041294     0.03073943
    2.9829830     0.00184045     0.06357001
    3.0230230     0.00679161     0.10315899
    3.0630631     0.02015206     0.12443620
    3.1031031     0.05023703     0.11095223
    3.1431431     0.10713259     0.07340773
    3.1831832     0.19084110     0.03629297
    3.2232232     0.27182081     0.01379269
    3.2632633     0.29844418     0.00552995
    3.3033033     0.24720491     0.00724908
    3.3433433     0.15290445     0.01809493
    3.3833834     0.07023110     0.04031151
    3.4234234     0.02324643     0.07712953
    3.4634635     0.00299931     0.12893611
    3.5035035    -0.00714691     0.18215771
    3.5435435    -0.01583248     0.20605231
    3.5835836    -0.02271406     0.18017577
    3.6236236    -0.02449794     0.12136325
    3.6636637    -0.02065411     0.06500827
    3.7037037    -0.01216986     0.02991294
    3.7437437     0.00464682     0.01339027
    3.7837838     0.03975465     0.00615156
    3.8238238     0.09863896     0.00228570
    3.8638639     0.16451307     0.00058855
    3.9039039     0.20057716     0.00094470
    3.9439439     0.18470760     0.00184839
    3.9839840     0.13448810     0.00208633
    4.0240240     0.08717125     0.00191283
    4.0640641     0.06492198     0.00202404
    4.1041041     0.06439422     0.00376803
    4.1441441     0.07019192     0.01053605
    4.1841842     0.07346452     0.02675143
    4.2242242     0.07705749     0.05239118
    4.2642643     0.08258793     0.07850639
    4.3043043     0.08133765     0.09467082
    4.3443443     0.06724857     0.10262122
    4.3843844     0.05112060     0.11248365
    4.4244244     0.05257019     0.12448683
    4.4644645     0.08270502     0.12833327
    4.5045045     0.13334633     0.12100890
    4.5445445     0.17573637     0.11181282
    4.5845846     0.18022269     0.10918313
    4.6246246     0.15019109     0.10984562
    4.6646647     0.12616189     0.10339009
    4.7047047     0.14322607     0.08819181
    4.7447447     0.18922340     0.07692303
    4.7847848     0.21495216     0.07988773
    4.8248248     0.18711308     0.09287425
    4.8648649     0.12077652     0.11353593
    4.9049049     0.05572073     0.15618693
    4.9449449     0.01654582     0.22606321
    4.9849850     0.00372628     0.28735874
    5.0250250     0.00912568     0.28937381
    5.0650651     0.02717047     0.22455263
    5.1051051     0.05259530     0.13440145
    5.1451452     0.07630828     0.06240383
    5.1851852     0.08991872     0.02242017
    5.2252252     0.09382513     0.00625974
    5.2652653     0.09948353     0.00264647
    5.3053053     0.12280984     0.00591309
    5.3453453     0.16886533     0.01434710
    5.3853854     0.21979445     0.02614200
    5.4254254     0.24565300     0.03884578
    5.4654655     0.23138788     0.05165393
    5.5055055     0.18603695     0.06721213
    5.5455455     0.12785531     0.09210595
    5.5855856     0.07299882     0.13108245
    5.6256256     0.03323802     0.17338094
    5.6656657     0.01217594     0.19248968
    5.7057057     0.00559101     0.17459334
    5.7457458     0.00795813     0.14124530
    5.7857858     0.01559821     0.12633025
    5.8258258     0.02423000     0.13566842
    5.8658659     0.02810874     0.14544882
    5.9059059     0.02423777     0.13488923
    5.9459459     0.01552251     0.10551266
    5.9859860     0.00748483     0.07121887
    6.0260260     0.00331171     0.04250864
    6.0660661     0.00345185     0.02300983
    6.1061061     0.00792572     0.01303044
    6.1461461     0.01704697     0.01074987
    6.1861862     0.03132165     0.01219009
    6.2262262     0.05224888     0.01391567
    6.2662663     0.07896663     0.01664592
    6.3063063     0.10034236     0.02526750
    6.3463464     0.09958669     0.04434336
    6.3863864     0.07440516     0.07108542
    6.4264264     0.04277588     0.09098387
    6.4664665     0.02477741     0.08653356
    6.5065065     0.02873286     0.05552536
    6.5465466     0.05183674     0.01487526
    6.5865866     0.08062203    -0.01529423
    6.6266266     0.09448376    -0.02586442
    6.6666667     0.08334385    -0.02020160
    6.7067067     0.06095181    -0.00729571
    6.7467467     0.05143684     0.00655289
    6.7867868     0.06390738     0.01975596
    6.8268268     0.08352030     0.03057124
    6.8668669     0.08809731     0.03462406
    6.9069069     0.07464340     0.03020430
    6.9469470     0.06548346     0.02381213
    6.9869870     0.08582373     0.02809932
    7.0270270     0.13668750     0.05438332
    7.0670671     0.18745647     0.10262870
    7.1071071     0.19956338     0.15547724
    7.1471472     0.16401477     0.19154127
    7.1871872     0.10705768     0.20780325
    7.2272272     0.05873397     0.21329681
    7.2672673     0.03028813     0.20375039
    7.3073073     0.01846262     0.16895001
    7.3473473     0.01590274     0.11939760
    7.3873874     0.01592879     0.07877806
    7.4274274     0.01577664     0.05669998
    7.4674675     0.02018340     0.04567430
    7.5075075     0.03968285     0.03716189
    7.5475475     0.07874921     0.02911682
    7.5875876     0.12173223     0.02171653
    7.6276276     0.13859133     0.01464529
    7.6676677     0.11488215     0.00889730
    7.7077077     0.06855769     0.00684634
    7.7477478     0.02888661     0.00980182
    7.7877878     0.00988547     0.01593478
    7.8278278     0.00869552     0.02054099
    7.8678679     0.01626307     0.02038789
    7.9079079     0.02423147     0.01921149
    7.9479479     0.02937223     0.02746117
    7.9879880     0.03446932     0.05391218
    8.0280280     0.04156100     0.09339153
    8.0680681     0.04668601     0.12371646
    8.1081081     0.04592807     0.12399409
    8.1481482     0.04202026     0.09663541
    8.1881882     0.03999046     0.06291626
    8.2282282     0.04210846     0.04051371
    8.2682683     0.05086584     0.03309824
    8.3083083     0.06948910     0.03542735
    8.3483484     0.09520016     0.03986925
    8.3883884     0.11730782     0.04123291
    8.4284284     0.12381522     0.04108742
    8.4684685     0.10877669     0.04576173
    8.5085085     0.07777856     0.05754337
    8.5485485     0.04567953     0.06950035
    8.5885886     0.02413752     0.07275103
    8.6286286     0.01450389     0.06905325
    8.6686687     0.01334006     0.06865867
    8.7087087     0.01870921     0.07326040
    8.7487488     0.03096798     0.07180739
    8.7887888     0.05006805     0.05742776
    8.8288288     0.07006770     0.03773029
    8.8688689     0.07821416     0.02483798
    8.9089089     0.06649986     0.02391363
    8.9489490     0.04210690     0.03261949
    8.9889890     0.01964605     0.04567108
    9.0290290     0.00671863     0.05799209
    9.0690691     0.00168006     0.06467767
    9.1091091     0.00031590     0.06140125
    9.1491491     0.00010955     0.04816538
    9.1891892     0.00036358     0.03062558
    9.2292292     0.00142733     0.01556698
    9.2692693     0.00441586     0.00625275
    9.3093093     0.01093778     0.00211400
    9.3493494     0.02204087     0.00126949
    9.3893894     0.03620594     0.00260026
    9.4294294     0.04842895     0.00583587
    9.4694695     0.05361162     0.01050535
    9.5095095     0.05145569     0.01557915
    9.5495496     0.04563789     0.01994540
    9.5895896     0.03909769     0.02235715
    9.6296296     0.03245273     0.02181316
    9.6696697     0.02537902     0.01971706
    9.7097097     0.01880602     0.02043121
    9.7497497     0.01690183     0.02691095
    9.7897898     0.02580670     0.03575886
    9.8298298     0.04820476     0.04002908
    9.8698699     0.07764865     0.03867694
    9.9099099     0.09916892     0.03909139
    9.9499500     0.09914227     0.04661799
    9.9899900     0.07698533     0.05551612
   10.0300300     0.04589846     0.05663656
   10.0700701     0.02074561     0.05193951
   10.1101101     0.00707778     0.05245171
   10.1501502     0.00207941     0.06156977
   10.1901902     0.00161212     0.06982420
   10.2302302     0.00416728     0.06788784
   10.2702703     0.01099133     0.05644734
   10.3103103     0.02538097     0.04168280
   10.3503504     0.05088623     0.02818462
   10.3903904     0.08594903     0.01785163
   10.4304304     0.12016829     0.01189289
   10.4704705     0.14260305     0.01267170
   10.5105105     0.15260935     0.02300274
   10.5505506     0.15233727     0.04193525
   10.5905906     0.13534057     0.06243507
   10.6306306     0.09835023     0.07735351
   10.6706707     0.05491099     0.08588208
   10.7107107     0.02280401     0.08829682
   10.7507508     0.00692611     0.08002898
   10.7907908     0.00141599     0.06050304
   10.8308308    -0.00032055     0.04242964
   10.8708709    -0.00175339     0.04405770
   10.9109109    -0.00355852     0.07222048
   10.9509510    -0.00298759     0.11060305
   10.9909910     0.00625126     0.12750860
   11.0310310     0.02817357     0.10689651
   11.0710711     0.05526638     0.06756103
   11.1111111     0.07069245     0.04045089
   11.1511512     0.06638595     0.03581816
   11.1911912     0.05351579     0.04058188
   11.2312312     0.04780223     0.03881573
   11.2712713     0.05064585     0.02750996
   11.3113113     0.05229339     0.01442274
   11.3513514     0.04862294     0.00715247
   11.3913914     0.04596756     0.00859177
   11.4314314     0.04949523     0.01888906
   11.4714715     0.05393657     0.03547365
   11.5115115     0.04998224     0.05116014
   11.5515516     0.03709842     0.05736637
   11.5915916     0.02423675     0.05377686
   11.6316316     0.01750318     0.05212069
   11.6716717     0.01406894     0.06193403
   11.7117117     0.00978336     0.07469935
   11.7517518     0.00533812     0.07354226
   11.7917918     0.00333109     0.05551949
   11.8318318     0.00437349     0.03244340
   11.8718719     0.00710392     0.01430085
   11.9119119     0.01028557     0.00291823
   11.9519520     0.01398983    -0.00154514
   11.9919920     0.01816517     0.00251147
   12.0320320     0.02149864     0.01324205
   12.0720721     0.02312894     0.02276344
   12.1121121     0.02337675     0.02385671
   12.1521522     0.02158352     0.01740736
   12.1921922     0.01599522     0.01018507
   12.2322322     0.00719096     0.00747592
   12.2722723    -0.00079138     0.00982698
   12.3123123    -0.00430001     0.01417147
   12.3523524    -0.00324125     0.01627177
   12.3923924     0.00079754     0.01364718
   12.4324324     0.00762119     0.00706310
   12.4724725     0.01740696    -0.00083506
   12.5125125     0.02735870    -0.00733361
   12.5525526     0.03312422    -0.01030697
   12.5925926     0.03626670    -0.00923392
   12.6326326     0.04822486    -0.00595823
   12.6726727     0.08161525    -0.00306663
   12.7127127     0.13221198    -0.00124300
   12.7527528     0.17178389     0.00226554
   12.7927928     0.17143881     0.01355684
   12.8328328     0.13371058     0.03789445
   12.8728729     0.08936885     0.07129499
   12.9129129     0.06506802     0.09956003
   12.9529530     0.06413859     0.11377972
   12.9929930     0.07284913     0.12195193
   13.0330330     0.07668081     0.13305410
   13.0730731     0.07230892     0.13816183
   13.1131131     0.06548013     0.12469469
   13.1531532     0.05853310     0.09890619
   13.1931932     0.04761252     0.07629267
   13.2332332     0.03315833     0.06185917
   13.2732733     0.02331597     0.05379234
   13.3133133     0.02429324     0.05253092
   13.3533534     0.03237751     0.05534531
   13.3933934     0.03708272     0.05403511
   13.4334334     0.03180595     0.04571469
   13.4734735     0.01990004     0.03754635
   13.5135135     0.00904303     0.03613820
   13.5535536     0.00298263     0.03797219
   13.5935936     0.00071569     0.03463886
   13.6336336     0.00014186     0.02422770
   13.6736737     0.00014289     0.01248734
   13.7137137     0.00067638     0.00469105
   13.7537538     0.00270468     0.00128331
   13.7937938     0.00832975     0.00028099
   13.8338338     0.02003630     0.00022587
   13.8738739     0.03797216     0.00100602
   13.9139139     0.05656797     0.00403269
   13.9539540     0.06549636     0.01224875
   13.9939940     0.05811307     0.02785082
   14.0340340     0.03914933     0.04701776
   14.0740741     0.02043611     0.05853585
   14.1141141     0.00994843     0.05346956
   14.1541542     0.00753625     0.03572499
   14.1941942     0.00862393     0.01754541
   14.2342342     0.00937919     0.00693286
   14.2742743     0.00895867     0.00422288
   14.3143143     0.00785159     0.00678232
   14.3543544     0.00589421     0.01142240
   14.3943944     0.00332337     0.01400344
   14.4344344     0.00226703     0.01190095
   14.4744745     0.00565085     0.00781178
   14.5145145     0.01526189     0.00801769
   14.5545546     0.03065960     0.01644646
   14.5945946     0.04900823     0.03124654
   14.6346346     0.06788204     0.04477667
   14.6746747     0.08827738     0.04759251
   14.7147147     0.10965419     0.03736670
   14.7547548     0.12423518     0.02330667
   14.7947948     0.12461728     0.01892396
   14.8348348     0.11252402     0.03286406
   14.8748749     0.09280782     0.06513612
   14.9149149     0.06691614     0.10525917
   14.9549550     0.03827776     0.13503343
   14.9949950     0.01545673     0.13984916
   15.0350350     0.00515436     0.11892519
   15.0750751     0.00778766     0.08385562
   15.1151151     0.02157638     0.04944351
   15.1551552     0.04586595     0.02638783
   15.1951952     0.07694558     0.01904113
   15.2352352     0.10313066     0.02743331
   15.2752753     0.11142361     0.04956346
   15.3153153     0.10005316     0.07794888
   15.3553554     0.07766113     0.09593781
   15.3953954     0.05300464     0.08900520
   15.4354354     0.03171081     0.06269463
   15.4754755     0.01721765     0.03868797
   15.5155155     0.00988612     0.03234502
   15.5555556     0.00788823     0.04103163
   15.5955956     0.01012835     0.05056022
   15.6356356     0.01715459     0.04865400
   15.6756757     0.02827761     0.03489616
   15.7157157     0.03889236     0.01854378
   15.7557558     0.04440348     0.00796833
   15.7957958     0.04663649     0.00550773
   15.8358358     0.05086335     0.01012772
   15.8758759     0.05702351     0.01982311
   15.9159159     0.06030372     0.03186147
   15.9559560     0.05851705     0.04351746
   15.9959960     0.05346420     0.05196499
   16.0360360     0.04843002     0.05412292
   16.0760761     0.04680501     0.04972943
   16.1161161     0.04988912     0.04294298
   16.1561562     0.05786619     0.03862724
   16.1961962     0.07389913     0.03883275
   16.2362362     0.09852910     0.04252949
   16.2762763     0.11808605     0.04709926
   16.3163163     0.11275079     0.05067847
   16.3563564     0.08106670     0.05360467
   16.3963964     0.04296701     0.05839525
   16.4364364     0.01669841     0.06847998
   16.4764765     0.00494543     0.08358566
   16.5165165     0.00180978     0.09476803
   16.5565566     0.00227357     0.08988284
   16.5965966     0.00392179     0.06773707
   16.6366366     0.00521301     0.04049000
   16.6766767     0.00512258     0.02013824
   16.7167167     0.00405064     0.00955744
   16.7567568     0.00381753     0.00578510
   16.7967968     0.00635824     0.00507436
   16.8368368     0.01213943     0.00484400
   16.8768769     0.01934636     0.00457257
   16.9169169     0.02540558     0.00564848
   16.9569570     0.03057818     0.00931786
   16.9969970     0.04006359     0.01427853
   17.0370370     0.06089076     0.01707325
   17.0770771     0.09308478     0.01579482
   17.1171171     0.12397126     0.01216538
   17.1571572     0.13661352     0.00877421
   17.1971972     0.12382706     0.00622769
   17.2372372     0.09219689     0.00424973
   17.2772773     0.05692520     0.00397092
   17.3173173     0.03241002     0.00892834
   17.3573574     0.02324152     0.02475787
   17.3973974     0.02373584     0.05544376
   17.4374374     0.02499120     0.09701150
   17.4774775     0.02165472     0.13729451
   17.5175175     0.01436895     0.16270088
   17.5575576     0.00712746     0.16248522
   17.5975976     0.00266710     0.13349177
   17.6376376     0.00097913     0.08737792
   17.6776777     0.00097968     0.04459821
   17.7177177     0.00183382     0.01760739
   17.7577578     0.00283175     0.00543727
   17.7977978     0.00320391     0.00159435
   17.8378378     0.00264319     0.00119755
   17.8778779     0.00164061     0.00202883
   17.9179179     0.00096223     0.00297573
   17.9579580     0.00102321     0.00320819
   17.9979980     0.00181144     0.00251463
   18.0380380     0.00317854     0.00145408
   18.0780781     0.00534299     0.00077212
   18.1181181     0.00911762     0.00108853
   18.1581582     0.01539664     0.00332990
   18.1981982     0.02547253     0.00862654
   18.2382382     0.04225229     0.01639686
   18.2782783     0.06670441     0.02270794
   18.3183183     0.09029323     0.02324732
   18.3583584     0.09792374     0.01907176
   18.3983984     0.08333378     0.01692127
   18.4384384     0.05577099     0.02250386
   18.4784785     0.02959529     0.03426451
   18.5185185     0.01283692     0.04423639
   18.5585586     0.00578278     0.04584128
   18.5985986     0.00539653     0.04094686
   18.6386386     0.00906795     0.03835512
   18.6786787     0.01594565     0.04458035
   18.7187187     0.02618659     0.05544392
   18.7587588     0.03893660     0.05978188
   18.7987988     0.05270794     0.05412841
   18.8388388     0.06863021     0.04742469
   18.8788789     0.08894347     0.04747429
   18.9189189     0.11084109     0.05148699
   18.9589590     0.12715862     0.05395941
   18.9989990     0.13298848     0.05467350
   19.0390390     0.12695981     0.05519457
   19.0790791     0.11025766     0.05511021
   19.1191191     0.08968497     0.05462725
   19.1591592     0.07495660     0.05662845
   19.1991992     0.06739643     0.06362874
   19.2392392     0.05730385     0.07370043
   19.2792793     0.03660046     0.08236527
   19.3193193     0.00999397     0.08778812
   19.3593594    -0.01034575     0.09006407
   19.3993994    -0.01912244     0.08667336
   19.4394394    -0.02141486     0.07274110
   19.4794795    -0.02251589     0.04633728
   19.5195195    -0.02129254     0.01356355
   19.5595596    -0.01474513    -0.01300280
   19.5995996    -0.00274022    -0.02414213
   19.6396396     0.01381783    -0.02128459
   19.6796797     0.03505210    -0.01276395
   19.7197197     0.06117128    -0.00556575
   19.7597598     0.09024753    -0.00175029
   19.7997998     0.11334514    -0.00010978
   19.8398398     0.11517118     0.00161345
   19.8798799     0.09004711     0.00674456
   19.9199199     0.05258361     0.02019085
   19.9599600     0.02289972     0.04480588
   20.0000000     0.00869578     0.07337090
