# EIG2DOS: Utility for SIESTA to obtain the electronic density of states
#  E. Artacho, Apr 1999, A. Garcia, Apr 2012
#  Nick R. Papior, Feb 2017
# ------------------------------------------
# Eigenvalues calculated from a spin-polarized calculation
# Eigenvalues read from hea.EIG
# Kpoint weights read from hea.KP
# Using smearing parameter:   0.0500
# Using 200 points in the energy range
# Selected bands: 1 to: 200
# Emin, Emax in file for selected band(s):    -87.0149037    242.0607270
# Nbands, Nspin, Nk   =    200     2    20
# E_F                 =    -7.7275 eV --> (shifted to ZERO)
# Broadening          =     0.0500 eV
#
#        E            N(up)        N(down)         Ntot
    -87.314904      0.000000      0.000000      0.000000
    -85.658242      0.000000      0.000000      0.000000
    -84.001581      0.000000      0.000000      0.000000
    -82.344919      0.000000      0.000000      0.000000
    -80.688258      0.000000      0.000000      0.000000
    -79.031596     32.300805     42.346014     74.646819
    -77.374935      0.000000      0.000000      0.000000
    -75.718273      0.000000      0.000000      0.000000
    -74.061612      0.000000      0.000000      0.000000
    -72.404951      0.000000      0.000000      0.000000
    -70.748289      0.000000      0.000000      0.000000
    -69.091628      0.000000      0.000000      0.000000
    -67.434966      0.000000      0.000000      0.000000
    -65.778305      0.000000      0.000000      0.000000
    -64.121643      0.000000      0.000000      0.000000
    -62.464982      0.000000      0.000000      0.000000
    -60.808320      0.000000      0.000000      0.000000
    -59.151659      0.000000      0.000000      0.000000
    -57.494997      0.000000      0.000000      0.000000
    -55.838336      0.000000      0.000000      0.000000
    -54.181674      0.000000      0.000000      0.000000
    -52.525013      0.000000      0.000000      0.000000
    -50.868352      0.000000      0.000000      0.000000
    -49.211690      0.000000      0.000000      0.000000
    -47.555029     15.232541     19.113172     34.345713
    -45.898367      0.000000      0.000000      0.000000
    -44.241706      0.000000      0.000000      0.000000
    -42.585044      0.000000      0.000000      0.000000
    -40.928383      0.000000      0.000000      0.000000
    -39.271721      0.000000      0.000000      0.000000
    -37.615060      0.000000      0.000000      0.000000
    -35.958398      0.000000      0.000000      0.000000
    -34.301737      0.000000      0.000000      0.000000
    -32.645075      0.000000      0.000000      0.000000
    -30.988414      0.000000      0.000000      0.000000
    -29.331753      0.000000      0.000000      0.000000
    -27.675091      0.000000      0.000000      0.000000
    -26.018430      0.000000      0.000000      0.000000
    -24.361768      0.000000      0.000000      0.000000
    -22.705107      0.000000      0.000000      0.000000
    -21.048445      0.000000      0.000000      0.000000
    -19.391784      0.000000      0.000000      0.000000
    -17.735122      0.000000      0.000000      0.000000
    -16.078461      0.000000      0.000000      0.000000
    -14.421799      0.000000      0.000000      0.000000
    -12.765138      0.000000      0.000000      0.000000
    -11.108477      0.000000      0.000000      0.000000
     -9.451815      0.000000      0.000000      0.000000
     -7.795154      0.713567      0.721792      1.435359
     -6.138492      0.000000      0.000000      0.000000
     -4.481831      1.527885      1.648748      3.176633
     -2.825169      0.997799      0.833211      1.831010
     -1.168508      2.876863      3.036140      5.913003
      0.488154      3.355814      1.863845      5.219659
      2.144815      1.164758      0.755054      1.919812
      3.801477      0.689381      0.976829      1.666210
      5.458138      2.471847      2.273103      4.744950
      7.114800      0.000000      0.000000      0.000000
      8.771461      0.002657      0.005794      0.008452
     10.428122      1.095450      1.164880      2.260330
     12.084784      7.726606      6.768913     14.495519
     13.741445      1.127178      1.003898      2.131076
     15.398107      2.180242      1.561975      3.742217
     17.054768      2.439361      2.118884      4.558246
     18.711430      0.136146      0.110815      0.246961
     20.368091      2.462591      2.133781      4.596372
     22.024753      2.331290      2.612472      4.943762
     23.681414      0.000071      0.000080      0.000151
     25.338076      3.267879      3.337699      6.605578
     26.994737      0.401242      0.476427      0.877669
     28.651399      0.000000      0.000000      0.000000
     30.308060      2.112171      1.880559      3.992731
     31.964721      0.000745      0.001365      0.002110
     33.621383      3.568607      3.584297      7.152904
     35.278044      1.139093      0.861390      2.000484
     36.934706      1.278464      1.263299      2.541764
     38.591367      2.966435      2.931669      5.898104
     40.248029      0.000000      0.000000      0.000000
     41.904690      3.415816      3.771011      7.186827
     43.561352      0.207146      0.272383      0.479529
     45.218013      0.715040      0.883017      1.598057
     46.874675      3.587409      3.477061      7.064470
     48.531336      1.485115      1.422477      2.907592
     50.187998      1.058021      1.289807      2.347828
     51.844659      1.668563      1.828898      3.497461
     53.501320      0.000021      0.000013      0.000034
     55.157982      0.000220      0.000109      0.000329
     56.814643      1.210674      1.167560      2.378234
     58.471305      0.000014      0.000009      0.000023
     60.127966      2.348583      2.198993      4.547575
     61.784628      0.220617      0.167313      0.387931
     63.441289      0.000004      0.000002      0.000006
     65.097951      0.020210      0.033040      0.053250
     66.754612      0.000000      0.000000      0.000000
     68.411274      0.140701      0.232056      0.372757
     70.067935      0.000466      0.001258      0.001723
     71.724597      0.000000      0.000000      0.000000
     73.381258      0.000000      0.000000      0.000000
     75.037919      0.000000      0.000000      0.000000
     76.694581      1.452467      1.364714      2.817181
     78.351242      0.958431      0.712400      1.670832
     80.007904      2.335227      2.213589      4.548815
     81.664565      0.073279      0.051536      0.124815
     83.321227      2.113288      2.239434      4.352722
     84.977888      4.829124      5.006013      9.835137
     86.634550      0.095005      0.063262      0.158267
     88.291211      0.116515      0.084630      0.201145
     89.947873      1.979231      2.173019      4.152251
     91.604534      0.459330      0.602947      1.062277
     93.261196      0.010533      0.010923      0.021455
     94.917857      0.101177      0.075181      0.176358
     96.574518      3.337539      3.583707      6.921246
     98.231180      0.217484      0.314837      0.532321
     99.887841      1.338801      1.460095      2.798896
    101.544503      0.815706      1.019638      1.835344
    103.201164      0.298080      0.216737      0.514817
    104.857826      0.290217      0.406701      0.696918
    106.514487      0.000000      0.000000      0.000000
    108.171149      0.001989      0.002349      0.004338
    109.827810      1.213169      0.959256      2.172425
    111.484472      0.000000      0.000000      0.000000
    113.141133      0.000644      0.000853      0.001497
    114.797795      2.175539      1.734221      3.909760
    116.454456      0.000073      0.000104      0.000177
    118.111117      0.296904      0.294198      0.591102
    119.767779      0.000000      0.000000      0.000000
    121.424440      0.011865      0.015877      0.027742
    123.081102      0.000000      0.000000      0.000000
    124.737763      0.014517      0.010904      0.025421
    126.394425      0.000009      0.000002      0.000012
    128.051086      0.002181      0.003211      0.005392
    129.707748      0.000000      0.000000      0.000000
    131.364409      0.000000      0.000000      0.000000
    133.021071      0.000000      0.000000      0.000000
    134.677732      0.000000      0.000000      0.000000
    136.334394      0.022296      0.024848      0.047145
    137.991055      0.000000      0.000000      0.000000
    139.647716      0.000000      0.000000      0.000000
    141.304378      0.000000      0.000000      0.000000
    142.961039      0.000000      0.000000      0.000000
    144.617701      0.000002      0.000003      0.000005
    146.274362      0.000000      0.000000      0.000000
    147.931024      0.000000      0.000000      0.000000
    149.587685      0.000000      0.000000      0.000000
    151.244347      0.000000      0.000000      0.000000
    152.901008      0.000000      0.000000      0.000000
    154.557670      0.000000      0.000000      0.000000
    156.214331      0.000000      0.000000      0.000000
    157.870992      0.000000      0.000000      0.000000
    159.527654      0.000000      0.000000      0.000000
    161.184315      0.000000      0.000000      0.000000
    162.840977      0.000000      0.000000      0.000000
    164.497638      0.000000      0.000000      0.000000
    166.154300      0.000000      0.000000      0.000000
    167.810961      0.000000      0.000000      0.000000
    169.467623      0.000000      0.000000      0.000000
    171.124284      0.000000      0.000000      0.000000
    172.780946      0.587560      0.392034      0.979594
    174.437607      0.000000      0.000000      0.000000
    176.094269      0.549383      0.484318      1.033701
    177.750930      0.000000      0.000000      0.000000
    179.407591      0.000000      0.000000      0.000000
    181.064253      0.000000      0.000000      0.000000
    182.720914      0.000000      0.000000      0.000000
    184.377576      0.000000      0.000000      0.000000
    186.034237      0.000000      0.000000      0.000000
    187.690899      0.000000      0.000000      0.000000
    189.347560      0.095515      0.130557      0.226072
    191.004222      0.000000      0.000000      0.000000
    192.660883      0.000000      0.000000      0.000000
    194.317545      0.000000      0.000000      0.000000
    195.974206      0.000000      0.000000      0.000000
    197.630868      0.000000      0.000000      0.000000
    199.287529      0.000000      0.000000      0.000000
    200.944190      0.000000      0.000000      0.000000
    202.600852      0.000000      0.000000      0.000000
    204.257513      0.000019      0.000036      0.000055
    205.914175      0.000000      0.000000      0.000000
    207.570836      0.000000      0.000000      0.000000
    209.227498      0.000000      0.000000      0.000000
    210.884159      0.037274      0.068191      0.105465
    212.540821      0.000000      0.000000      0.000000
    214.197482      0.000000      0.000000      0.000000
    215.854144      0.000000      0.000000      0.000000
    217.510805      0.000000      0.000000      0.000000
    219.167467      0.000000      0.000000      0.000000
    220.824128      0.000000      0.000000      0.000000
    222.480789      0.000000      0.000000      0.000000
    224.137451      0.000000      0.000001      0.000001
    225.794112      0.075104      0.043735      0.118840
    227.450774      0.000000      0.000000      0.000000
    229.107435      0.000000      0.000000      0.000000
    230.764097      0.000000      0.000000      0.000000
    232.420758      0.000000      0.000000      0.000000
    234.077420      0.000000      0.000000      0.000000
    235.734081      0.000000      0.000000      0.000000
    237.390743      0.000000      0.000000      0.000000
    239.047404      0.000000      0.000000      0.000000
    240.704066      0.000000      0.000000      0.000000
    242.360727      0.000000      0.000000      0.000000
