    48
     1   -0.203738    0.000000   -0.265659       0.013889
     2   -0.000000    0.000000   -0.265659       0.013889
     3    0.203738   -0.000000   -0.265659       0.013889
     4   -0.203738    0.200490   -0.265659       0.027778
     5   -0.000000    0.200490   -0.265659       0.027778
     6    0.203738    0.200490   -0.265659       0.027778
     7   -0.203738    0.400979   -0.265659       0.027778
     8   -0.000000    0.400979   -0.265659       0.027778
     9    0.203738    0.400979   -0.265659       0.027778
    10   -0.203738    0.601469   -0.265659       0.013889
    11   -0.000000    0.601469   -0.265659       0.013889
    12    0.203738    0.601469   -0.265659       0.013889
    13   -0.203738    0.000000   -0.000000       0.013889
    14    0.000000    0.000000    0.000000       0.013889
    15    0.203738   -0.000000    0.000000       0.013889
    16   -0.203738    0.200490   -0.000000       0.027778
    17   -0.000000    0.200490   -0.000000       0.027778
    18    0.203738    0.200490    0.000000       0.027778
    19   -0.203738    0.400979   -0.000000       0.027778
    20   -0.000000    0.400979   -0.000000       0.027778
    21    0.203738    0.400979    0.000000       0.027778
    22   -0.203738    0.601469   -0.000000       0.013889
    23   -0.000000    0.601469   -0.000000       0.013889
    24    0.203738    0.601469    0.000000       0.013889
    25   -0.203738    0.000000    0.265659       0.013889
    26    0.000000   -0.000000    0.265659       0.013889
    27    0.203738   -0.000000    0.265659       0.013889
    28   -0.203738    0.200490    0.265659       0.027778
    29    0.000000    0.200490    0.265659       0.027778
    30    0.203738    0.200490    0.265659       0.027778
    31   -0.203738    0.400979    0.265659       0.027778
    32   -0.000000    0.400979    0.265659       0.027778
    33    0.203738    0.400979    0.265659       0.027778
    34   -0.203738    0.601469    0.265659       0.013889
    35   -0.000000    0.601469    0.265659       0.013889
    36    0.203738    0.601469    0.265659       0.013889
    37   -0.203738   -0.000000    0.531318       0.013889
    38    0.000000   -0.000000    0.531318       0.013889
    39    0.203738   -0.000000    0.531318       0.013889
    40   -0.203738    0.200490    0.531318       0.027778
    41    0.000000    0.200490    0.531318       0.027778
    42    0.203738    0.200490    0.531318       0.027778
    43   -0.203738    0.400979    0.531318       0.027778
    44    0.000000    0.400979    0.531318       0.027778
    45    0.203738    0.400979    0.531318       0.027778
    46   -0.203738    0.601469    0.531318       0.013889
    47    0.000000    0.601469    0.531318       0.013889
    48    0.203738    0.601469    0.531318       0.013889
