#
#   partial DOS for atom species: Mn
#
#   Add data for atom_index =   8,  n,l,m,z=  4  0  0  1
#   Add data for atom_index =   8,  n,l,m,z=  4  0  0  2
#   Add data for atom_index =   8,  n,l,m,z=  4  0  0  3
#
#    Energy          spin 1        spin2
#
  -20.0000000     0.00000000     0.00000000
  -19.9599600     0.00000000     0.00000000
  -19.9199199     0.00000000     0.00000000
  -19.8798799     0.00000000     0.00000000
  -19.8398398     0.00000000     0.00000000
  -19.7997998     0.00000000     0.00000000
  -19.7597598     0.00000000     0.00000000
  -19.7197197     0.00000000     0.00000000
  -19.6796797     0.00000000     0.00000000
  -19.6396396     0.00000000     0.00000000
  -19.5995996     0.00000000     0.00000000
  -19.5595596     0.00000000     0.00000000
  -19.5195195     0.00000000     0.00000000
  -19.4794795     0.00000000     0.00000000
  -19.4394394     0.00000000     0.00000000
  -19.3993994     0.00000000     0.00000000
  -19.3593594     0.00000000     0.00000000
  -19.3193193     0.00000000     0.00000000
  -19.2792793     0.00000000     0.00000000
  -19.2392392     0.00000000     0.00000000
  -19.1991992     0.00000000     0.00000000
  -19.1591592     0.00000000     0.00000000
  -19.1191191     0.00000000     0.00000000
  -19.0790791     0.00000000     0.00000000
  -19.0390390     0.00000000     0.00000000
  -18.9989990     0.00000000     0.00000000
  -18.9589590     0.00000000     0.00000000
  -18.9189189     0.00000000     0.00000000
  -18.8788789     0.00000000     0.00000000
  -18.8388388     0.00000000     0.00000000
  -18.7987988     0.00000000     0.00000000
  -18.7587588     0.00000000     0.00000000
  -18.7187187     0.00000000     0.00000000
  -18.6786787     0.00000000     0.00000000
  -18.6386386     0.00000000     0.00000000
  -18.5985986     0.00000000     0.00000000
  -18.5585586     0.00000000     0.00000000
  -18.5185185     0.00000000     0.00000000
  -18.4784785     0.00000000     0.00000000
  -18.4384384     0.00000000     0.00000000
  -18.3983984     0.00000000     0.00000000
  -18.3583584     0.00000000     0.00000000
  -18.3183183     0.00000000     0.00000000
  -18.2782783     0.00000000     0.00000000
  -18.2382382     0.00000000     0.00000000
  -18.1981982     0.00000000     0.00000000
  -18.1581582     0.00000000     0.00000000
  -18.1181181     0.00000000     0.00000000
  -18.0780781     0.00000000     0.00000000
  -18.0380380     0.00000004     0.00000003
  -17.9979980     0.00000071     0.00000061
  -17.9579580     0.00000896     0.00000783
  -17.9179179     0.00008189     0.00007326
  -17.8778779     0.00054427     0.00049888
  -17.8378378     0.00263113     0.00247207
  -17.7977978     0.00925580     0.00891776
  -17.7577578     0.02370423     0.02343000
  -17.7177177     0.04421785     0.04485554
  -17.6776777     0.06011328     0.06260437
  -17.6376376     0.05959416     0.06373257
  -17.5975976     0.04310917     0.04734889
  -17.5575576     0.02276911     0.02568417
  -17.5175175     0.00878632     0.01017719
  -17.4774775     0.00247863     0.00294694
  -17.4374374     0.00051143     0.00062379
  -17.3973974     0.00007725     0.00009657
  -17.3573574     0.00000912     0.00001137
  -17.3173173     0.00000863     0.00000713
  -17.2772773     0.00007844     0.00006336
  -17.2372372     0.00056707     0.00047118
  -17.1971972     0.00301909     0.00257747
  -17.1571572     0.01192607     0.01043976
  -17.1171171     0.03536353     0.03166121
  -17.0770771     0.07991876     0.07300126
  -17.0370370     0.13993225     0.13023135
  -16.9969970     0.19224931     0.18244641
  -16.9569570     0.20796565     0.20188990
  -16.9169169     0.17585282     0.17539416
  -16.8768769     0.11460470     0.11789926
  -16.8368368     0.05668923     0.06030617
  -16.7967968     0.02101391     0.02314292
  -16.7567568     0.00578437     0.00659578
  -16.7167167     0.00117529     0.00138686
  -16.6766767     0.00017605     0.00021453
  -16.6366366     0.00002594     0.00002853
  -16.5965966     0.00007197     0.00004975
  -16.5565566     0.00053916     0.00038796
  -16.5165165     0.00300305     0.00229211
  -16.4764765     0.01217824     0.00985617
  -16.4364364     0.03595692     0.03084049
  -16.3963964     0.07730696     0.07022899
  -16.3563564     0.12104524     0.11639401
  -16.3163163     0.13804335     0.14040889
  -16.2762763     0.11467186     0.12329111
  -16.2362362     0.06938973     0.07880570
  -16.1961962     0.03058733     0.03666737
  -16.1561562     0.00982188     0.01241931
  -16.1161161     0.00229742     0.00306197
  -16.0760761     0.00039143     0.00054951
  -16.0360360     0.00004857     0.00007178
  -15.9959960     0.00000439     0.00000682
  -15.9559560     0.00000029     0.00000047
  -15.9159159     0.00000001     0.00000002
  -15.8758759     0.00000000     0.00000000
  -15.8358358     0.00000000     0.00000000
  -15.7957958     0.00000002     0.00000000
  -15.7557558     0.00000032     0.00000007
  -15.7157157     0.00000441     0.00000100
  -15.6756757     0.00004394     0.00001064
  -15.6356356     0.00031999     0.00008320
  -15.5955956     0.00170205     0.00048074
  -15.5555556     0.00661319     0.00207407
  -15.5155155     0.01876890     0.00678318
  -15.4754755     0.03890510     0.01711460
  -15.4354354     0.05888910     0.03381570
  -15.3953954     0.06507603     0.05262167
  -15.3553554     0.05249418     0.06406948
  -15.3153153     0.03098125     0.06013554
  -15.2752753     0.01388388     0.04300601
  -15.2352352     0.00703136     0.02437101
  -15.1951952     0.01049512     0.01548901
  -15.1551552     0.02296731     0.02056741
  -15.1151151     0.03878071     0.03563977
  -15.0750751     0.04471309     0.04802308
  -15.0350350     0.02860891     0.04195757
  -14.9949950    -0.00618462     0.01275145
  -14.9549550    -0.03995977    -0.02577516
  -14.9149149    -0.05336059    -0.05163629
  -14.8748749    -0.04359664    -0.05310188
  -14.8348348    -0.02227861    -0.03664965
  -14.7947948     0.00002947    -0.01663134
  -14.7547548     0.02089393     0.00005903
  -14.7147147     0.03841651     0.01662515
  -14.6746747     0.04602285     0.03633949
  -14.6346346     0.04085991     0.05370941
  -14.5945946     0.03212701     0.05909415
  -14.5545546     0.03369656     0.05188251
  -14.5145145     0.04840923     0.04245942
  -14.4744745     0.06280945     0.03975022
  -14.4344344     0.06036399     0.04390124
  -14.3943944     0.03877810     0.05082011
  -14.3543544     0.00913436     0.05470571
  -14.3143143    -0.01812854     0.04695033
  -14.2742743    -0.03809673     0.02375305
  -14.2342342    -0.04699091    -0.00514146
  -14.1941942    -0.04261618    -0.02396035
  -14.1541542    -0.02887731    -0.02617885
  -14.1141141    -0.01367268    -0.01781549
  -14.0740741    -0.00097524    -0.00809910
  -14.0340340     0.01204362    -0.00055377
  -13.9939940     0.02896012     0.00832620
  -13.9539540     0.04668779     0.02466506
  -13.9139139     0.05829076     0.04919567
  -13.8738739     0.06546031     0.07092920
  -13.8338338     0.07973178     0.07466021
  -13.7937938     0.10326820     0.05955517
  -13.7537538     0.11821912     0.04423427
  -13.7137137     0.10681443     0.05014370
  -13.6736737     0.07355725     0.08172223
  -13.6336336     0.03773560     0.11915970
  -13.5935936     0.01249106     0.13254803
  -13.5535536    -0.00212578     0.11018024
  -13.5135135    -0.01234931     0.06755349
  -13.4734735    -0.02176245     0.02643974
  -13.4334334    -0.02769412    -0.00308612
  -13.3933934    -0.02597536    -0.01965912
  -13.3533534    -0.01778296    -0.02374071
  -13.3133133    -0.00873249    -0.01847385
  -13.2732733    -0.00238477    -0.01027676
  -13.2332332     0.00290550    -0.00446354
  -13.1931932     0.01296065    -0.00228718
  -13.1531532     0.03519466    -0.00233043
  -13.1131131     0.07189728    -0.00233852
  -13.0730731     0.11078147     0.00108413
  -13.0330330     0.12785787     0.01462077
  -12.9929930     0.10987215     0.04860650
  -12.9529530     0.07041228     0.10697161
  -12.9129129     0.03548875     0.16944242
  -12.8728729     0.01945204     0.19613826
  -12.8328328     0.02041835     0.16767709
  -12.7927928     0.03009076     0.11002565
  -12.7527528     0.04184206     0.06394181
  -12.7127127     0.05272297     0.04396539
  -12.6726727     0.06129445     0.03896403
  -12.6326326     0.06602007     0.03760456
  -12.5925926     0.06631099     0.03894363
  -12.5525526     0.06253361     0.04327087
  -12.5125125     0.05444932     0.04617674
  -12.4724725     0.04230094     0.04590838
  -12.4324324     0.03014691     0.04898679
  -12.3923924     0.02475516     0.06166605
  -12.3523524     0.02858142     0.07746826
  -12.3123123     0.03606574     0.08130469
  -12.2722723     0.04077710     0.06968656
  -12.2322322     0.04542226     0.05736474
  -12.1921922     0.05920126     0.05715305
  -12.1521522     0.08432199     0.06333773
  -12.1121121     0.10999849     0.06428744
  -12.0720721     0.12030059     0.06303150
  -12.0320320     0.10632451     0.07246210
  -11.9919920     0.07390940     0.09343386
  -11.9519520     0.04017900     0.11124295
  -11.9119119     0.01969405     0.11560785
  -11.8718719     0.01490760     0.11194826
  -11.8318318     0.01901100     0.10820018
  -11.7917918     0.02364014     0.10211203
  -11.7517518     0.02513388     0.08786202
  -11.7117117     0.02640022     0.06605865
  -11.6716717     0.03172403     0.04252313
  -11.6316316     0.04009244     0.02282302
  -11.5915916     0.04562888     0.00999953
  -11.5515516     0.04402278     0.00457726
  -11.5115115     0.03682985     0.00571589
  -11.4714715     0.02893832     0.01315961
  -11.4314314     0.02326260     0.02805838
  -11.3913914     0.01961834     0.05044954
  -11.3513514     0.01727938     0.07384055
  -11.3113113     0.01642122     0.08507448
  -11.2712713     0.01736899     0.07673775
  -11.2312312     0.01905425     0.05773503
  -11.1911912     0.01896143     0.04349956
  -11.1511512     0.01589990     0.03913439
  -11.1111111     0.01189008     0.03882846
  -11.0710711     0.00885004     0.03679881
  -11.0310310     0.00399276     0.03266224
  -10.9909910    -0.00795408     0.02894882
  -10.9509510    -0.02630768     0.02764152
  -10.9109109    -0.04114257     0.02901243
  -10.8708709    -0.04262290     0.03183854
  -10.8308308    -0.03227964     0.03370048
  -10.7907908    -0.02060901     0.03232556
  -10.7507508    -0.01486966     0.02818600
  -10.7107107    -0.01309662     0.02445886
  -10.6706707    -0.00929990     0.02269160
  -10.6306306    -0.00158393     0.01993597
  -10.5905906     0.00608540     0.01242296
  -10.5505506     0.00911338     0.00042595
  -10.5105105     0.00709152    -0.01359214
  -10.4704705     0.00310048    -0.02905160
  -10.4304304     0.00033643    -0.04512134
  -10.3903904     0.00033410    -0.05752124
  -10.3503504     0.00275976    -0.06244923
  -10.3103103     0.00572967    -0.06051683
  -10.2702703     0.00730225    -0.05304056
  -10.2302302     0.00729892    -0.03971852
  -10.1901902     0.00698117    -0.02285982
  -10.1501502     0.00709040    -0.00851460
  -10.1101101     0.00727993    -0.00155019
  -10.0700701     0.00725298    -0.00178294
  -10.0300300     0.00716854    -0.00440806
   -9.9899900     0.00671687    -0.00401585
   -9.9499500     0.00485526     0.00036404
   -9.9099099     0.00111259     0.00472145
   -9.8698699    -0.00331859     0.00500447
   -9.8298298    -0.00635477     0.00084522
   -9.7897898    -0.00692799    -0.00543239
   -9.7497497    -0.00589533    -0.01094415
   -9.7097097    -0.00495616    -0.01318485
   -9.6696697    -0.00516482    -0.01100392
   -9.6296296    -0.00657432    -0.00554675
   -9.5895896    -0.00853970     0.00023180
   -9.5495496    -0.01027144     0.00317755
   -9.5095095    -0.01138613     0.00167927
   -9.4694695    -0.01181662    -0.00297940
   -9.4294294    -0.01163359    -0.00671739
   -9.3893894    -0.01111768    -0.00544664
   -9.3493494    -0.01027702     0.00073639
   -9.3093093    -0.00876146     0.00679349
   -9.2692693    -0.00714430     0.00768301
   -9.2292292    -0.00700525     0.00343286
   -9.1891892    -0.00871724    -0.00200166
   -9.1491491    -0.01066681    -0.00578074
   -9.1091091    -0.01119122    -0.00824863
   -9.0690691    -0.00985166    -0.01081379
   -9.0290290    -0.00704116    -0.01358537
   -8.9889890    -0.00376652    -0.01503055
   -8.9489490    -0.00155732    -0.01332451
   -8.9089089    -0.00183696    -0.00831382
   -8.8688689    -0.00524694    -0.00217968
   -8.8288288    -0.01072730     0.00205400
   -8.7887888    -0.01515330     0.00232521
   -8.7487488    -0.01558455    -0.00169213
   -8.7087087    -0.01215364    -0.00820548
   -8.6686687    -0.00749907    -0.01369986
   -8.6286286    -0.00370773    -0.01510419
   -8.5885886    -0.00091006    -0.01209182
   -8.5485485     0.00154614    -0.00707721
   -8.5085085     0.00374261    -0.00319669
   -8.4684685     0.00523619    -0.00216166
   -8.4284284     0.00568512    -0.00340615
   -8.3883884     0.00511846    -0.00503399
   -8.3483484     0.00398420    -0.00560358
   -8.3083083     0.00293506    -0.00483454
   -8.2682683     0.00235795    -0.00282841
   -8.2282282     0.00216827     0.00025586
   -8.1881882     0.00194402     0.00355785
   -8.1481482     0.00126514     0.00597402
   -8.1081081     0.00025172     0.00741115
   -8.0680681    -0.00028395     0.00839082
   -8.0280280     0.00043531     0.00883394
   -7.9879880     0.00224720     0.00843412
   -7.9479479     0.00408259     0.00760774
   -7.9079079     0.00492554     0.00701266
   -7.8678679     0.00456780     0.00669302
   -7.8278278     0.00346244     0.00636062
   -7.7877878     0.00209743     0.00611155
   -7.7477478     0.00079659     0.00656055
   -7.7077077     0.00005447     0.00818239
   -7.6676677     0.00027095     0.01041777
   -7.6276276     0.00098145     0.01191188
   -7.5875876     0.00127286     0.01176726
   -7.5475475     0.00100769     0.00996489
   -7.5075075     0.00086312     0.00702675
   -7.4674675     0.00135641     0.00405761
   -7.4274274     0.00237499     0.00235802
   -7.3873874     0.00339552     0.00224348
   -7.3473473     0.00382011     0.00273198
   -7.3073073     0.00327321     0.00270628
   -7.2672673     0.00182966     0.00198344
   -7.2272272     0.00004220     0.00108761
   -7.1871872    -0.00126267     0.00036986
   -7.1471472    -0.00139670    -0.00029423
   -7.1071071    -0.00043038    -0.00105341
   -7.0670671     0.00051520    -0.00169624
   -7.0270270     0.00016969    -0.00179791
   -6.9869870    -0.00137790    -0.00109436
   -6.9469470    -0.00248884     0.00023928
   -6.9069069    -0.00162870     0.00166674
   -6.8668669     0.00099503     0.00268960
   -6.8268268     0.00378857     0.00301759
   -6.7867868     0.00551052     0.00260489
   -6.7467467     0.00602988     0.00191224
   -6.7067067     0.00558927     0.00167930
   -6.6666667     0.00423881     0.00203229
   -6.6266266     0.00225223     0.00231542
   -6.5865866     0.00043588     0.00200225
   -6.5465466    -0.00045014     0.00118442
   -6.5065065    -0.00020851     0.00014235
   -6.4664665     0.00104755    -0.00081718
   -6.4264264     0.00301608    -0.00105309
   -6.3863864     0.00470172     0.00017021
   -6.3463464     0.00465525     0.00302376
   -6.3063063     0.00260455     0.00695047
   -6.2662663     0.00009663     0.01078484
   -6.2262262    -0.00123884     0.01291804
   -6.1861862    -0.00120730     0.01219358
   -6.1461461    -0.00073103     0.00902258
   -6.1061061    -0.00113877     0.00506227
   -6.0660661    -0.00348203     0.00177991
   -6.0260260    -0.00746589    -0.00019886
   -5.9859860    -0.01116954    -0.00074627
   -5.9459459    -0.01241218    -0.00003056
   -5.9059059    -0.01057008     0.00139210
   -5.8658659    -0.00700229     0.00277428
   -5.8258258    -0.00362895     0.00370551
   -5.7857858    -0.00137023     0.00434088
   -5.7457458    -0.00011200     0.00488783
   -5.7057057     0.00051114     0.00513907
   -5.6656657     0.00079522     0.00493945
   -5.6256256     0.00088634     0.00473845
   -5.5855856     0.00056298     0.00513115
   -5.5455455    -0.00058624     0.00599027
   -5.5055055    -0.00240491     0.00638361
   -5.4654655    -0.00388371     0.00538467
   -5.4254254    -0.00423918     0.00276534
   -5.3853854    -0.00405026    -0.00095766
   -5.3453453    -0.00437892    -0.00463948
   -5.3053053    -0.00494765    -0.00694704
   -5.2652653    -0.00448425    -0.00727988
   -5.2252252    -0.00284149    -0.00605675
   -5.1851852    -0.00137987    -0.00412632
   -5.1451452    -0.00119269    -0.00224546
   -5.1051051    -0.00207284    -0.00081721
   -5.0650651    -0.00315052     0.00018695
   -5.0250250    -0.00372329     0.00098992
   -4.9849850    -0.00341265     0.00169145
   -4.9449449    -0.00209106     0.00220226
   -4.9049049    -0.00013595     0.00254084
   -4.8648649     0.00146201     0.00314296
   -4.8248248     0.00185176     0.00440949
   -4.7847848     0.00118557     0.00585888
   -4.7447447     0.00030056     0.00642651
   -4.7047047    -0.00030573     0.00562610
   -4.6646647    -0.00077958     0.00374351
   -4.6246246    -0.00142879     0.00113813
   -4.5845846    -0.00231251    -0.00192616
   -4.5445445    -0.00319524    -0.00489646
   -4.5045045    -0.00367109    -0.00701879
   -4.4644645    -0.00342370    -0.00806137
   -4.4244244    -0.00256856    -0.00859776
   -4.3843844    -0.00168293    -0.00910817
   -4.3443443    -0.00137741    -0.00909268
   -4.3043043    -0.00182340    -0.00786355
   -4.2642643    -0.00262478    -0.00598060
   -4.2242242    -0.00319381    -0.00489132
   -4.1841842    -0.00335414    -0.00518954
   -4.1441441    -0.00341038    -0.00610584
   -4.1041041    -0.00369461    -0.00670660
   -4.0640641    -0.00438217    -0.00667866
   -4.0240240    -0.00543828    -0.00593775
   -3.9839840    -0.00626722    -0.00442424
   -3.9439439    -0.00593341    -0.00231444
   -3.9039039    -0.00423807     0.00000679
   -3.8638639    -0.00196454     0.00199142
   -3.8238238     0.00019976     0.00304212
   -3.7837838     0.00215709     0.00298045
   -3.7437437     0.00356617     0.00229171
   -3.7037037     0.00340333     0.00170754
   -3.6636637     0.00103734     0.00169466
   -3.6236236    -0.00262465     0.00224736
   -3.5835836    -0.00558632     0.00266714
   -3.5435435    -0.00636119     0.00175366
   -3.5035035    -0.00511624    -0.00086002
   -3.4634635    -0.00324317    -0.00367854
   -3.4234234    -0.00197923    -0.00470457
   -3.3833834    -0.00174313    -0.00369246
   -3.3433433    -0.00242294    -0.00210830
   -3.3033033    -0.00372523    -0.00121886
   -3.2632633    -0.00525361    -0.00105584
   -3.2232232    -0.00638760    -0.00092975
   -3.1831832    -0.00638673    -0.00038727
   -3.1431431    -0.00508635     0.00028900
   -3.1031031    -0.00322005     0.00044149
   -3.0630631    -0.00164171    -0.00014150
   -3.0230230    -0.00063149    -0.00100092
   -2.9829830    -0.00008801    -0.00154224
   -2.9429429     0.00012362    -0.00147972
   -2.9029029     0.00013226    -0.00086480
   -2.8628629     0.00007182     0.00007401
   -2.8228228     0.00002702     0.00104837
   -2.7827828     0.00002413     0.00157578
   -2.7427427     0.00008514     0.00090635
   -2.7027027     0.00026719    -0.00143940
   -2.6626627     0.00061430    -0.00478117
   -2.6226226     0.00102954    -0.00721810
   -2.5825826     0.00123883    -0.00718453
   -2.5425425     0.00098995    -0.00515857
   -2.5025025     0.00028558    -0.00320950
   -2.4624625    -0.00062192    -0.00295581
   -2.4224224    -0.00139504    -0.00426360
   -2.3823824    -0.00177852    -0.00548261
   -2.3423423    -0.00176088    -0.00491753
   -2.3023023    -0.00161788    -0.00254177
   -2.2622623    -0.00165405    -0.00003945
   -2.2222222    -0.00181000     0.00110284
   -2.1821822    -0.00170975     0.00091987
   -2.1421421    -0.00122076     0.00024169
   -2.1021021    -0.00066709    -0.00040988
   -2.0620621    -0.00037942    -0.00086302
   -2.0220220    -0.00045528    -0.00096079
   -1.9819820    -0.00110601    -0.00068561
   -1.9419419    -0.00278821    -0.00039418
   -1.9019019    -0.00543888    -0.00058726
   -1.8618619    -0.00760088    -0.00149213
   -1.8218218    -0.00730016    -0.00296212
   -1.7817818    -0.00437527    -0.00447509
   -1.7417417    -0.00097779    -0.00515803
   -1.7017017     0.00067593    -0.00440287
   -1.6616617     0.00020416    -0.00257009
   -1.6216216    -0.00117838    -0.00062474
   -1.5815816    -0.00199819     0.00070584
   -1.5415415    -0.00167698     0.00104968
   -1.5015015    -0.00066156    -0.00003103
   -1.4614615     0.00034209    -0.00324072
   -1.4214214     0.00091912    -0.00877172
   -1.3813814     0.00094654    -0.01468585
   -1.3413413     0.00056508    -0.01724363
   -1.3013013     0.00012481    -0.01463208
   -1.2612613    -0.00010367    -0.00932307
   -1.2212212    -0.00012285    -0.00525938
   -1.1811812    -0.00007266    -0.00399722
   -1.1411411    -0.00003522    -0.00434174
   -1.1011011     0.00001522    -0.00442082
   -1.0610611     0.00021272    -0.00346707
   -1.0210210     0.00083508    -0.00199584
   -0.9809810     0.00224676    -0.00081629
   -0.9409409     0.00457437    -0.00038053
   -0.9009009     0.00729214    -0.00096014
   -0.8608609     0.00924721    -0.00268046
   -0.8208208     0.00952274    -0.00492778
   -0.7807808     0.00872463    -0.00625023
   -0.7407407     0.00882413    -0.00564197
   -0.7007007     0.01057773    -0.00367576
   -0.6606607     0.01190848    -0.00174493
   -0.6206206     0.01047454    -0.00062161
   -0.5805806     0.00681588    -0.00022035
   -0.5405405     0.00340123    -0.00022098
   -0.5005005     0.00188978    -0.00041865
   -0.4604605     0.00271874    -0.00064670
   -0.4204204     0.00620960    -0.00069849
   -0.3803804     0.01246721    -0.00045004
   -0.3403403     0.01998737     0.00007299
   -0.3003003     0.02542074     0.00088434
   -0.2602603     0.02579942     0.00205905
   -0.2202202     0.02097717     0.00330113
   -0.1801802     0.01366968     0.00392967
   -0.1401401     0.00749921     0.00393526
   -0.1001001     0.00523018     0.00454668
   -0.0600601     0.00839557     0.00687662
   -0.0200200     0.01693383     0.01055234
    0.0200200     0.02788248     0.01421580
    0.0600601     0.03624225     0.01637292
    0.1001001     0.03888482     0.01570449
    0.1401401     0.03584676     0.01207190
    0.1801802     0.02825211     0.00719600
    0.2202202     0.01831771     0.00325515
    0.2602603     0.00984004     0.00114430
    0.3003003     0.00551818     0.00054833
    0.3403403     0.00484060     0.00095158
    0.3803804     0.00563902     0.00192491
    0.4204204     0.00686883     0.00271257
    0.4604605     0.00933438     0.00236674
    0.5005005     0.01378908     0.00085056
    0.5405405     0.01897371    -0.00031233
    0.5805806     0.02208263     0.00133059
    0.6206206     0.02110170     0.00813166
    0.6606607     0.01679246     0.02045674
    0.7007007     0.01215398     0.03396282
    0.7407407     0.00942467     0.04077929
    0.7807808     0.00829683     0.03650394
    0.8208208     0.00732181     0.02477107
    0.8608609     0.00575564     0.01296601
    0.9009009     0.00376591     0.00541483
    0.9409409     0.00194418     0.00206795
    0.9809810     0.00104779     0.00125308
    1.0210210     0.00186862     0.00165108
    1.0610611     0.00470076     0.00251628
    1.1011011     0.00836507     0.00345161
    1.1411411     0.01036317     0.00426029
    1.1811812     0.00900158     0.00469738
    1.2212212     0.00499704     0.00429430
    1.2612613     0.00055245     0.00275604
    1.3013013    -0.00235053     0.00078636
    1.3413413    -0.00277559    -0.00013675
    1.3813814    -0.00117540     0.00039434
    1.4214214     0.00104324     0.00061630
    1.4614615     0.00293257    -0.00188234
    1.5015015     0.00468554    -0.00729949
    1.5415415     0.00671631    -0.01239903
    1.5815816     0.00856858    -0.01337773
    1.6216216     0.00937639    -0.01049379
    1.6616617     0.00998664    -0.00809642
    1.7017017     0.01400773    -0.00912409
    1.7417417     0.02457352    -0.01105015
    1.7817818     0.03875977    -0.00892368
    1.8218218     0.04766446    -0.00204125
    1.8618619     0.04574180     0.00481776
    1.9019019     0.03802000     0.00734138
    1.9419419     0.03337614     0.00619260
    1.9819820     0.03308410     0.00489574
    2.0220220     0.03147113     0.00571379
    2.0620621     0.02601272     0.00847752
    2.1021021     0.02095608     0.01221349
    2.1421421     0.02151824     0.01685978
    2.1821822     0.02855111     0.02240906
    2.2222222     0.03814279     0.02691185
    2.2622623     0.04491196     0.02788491
    2.3023023     0.04688526     0.02548989
    2.3423423     0.04684225     0.02193272
    2.3823824     0.04851330     0.01910556
    2.4224224     0.05273645     0.01843502
    2.4624625     0.05635694     0.02076894
    2.5025025     0.05428690     0.02565900
    2.5425425     0.04517889     0.03178804
    2.5825826     0.03378528     0.03724255
    2.6226226     0.02493817     0.03988974
    2.6626627     0.01878593     0.03945701
    2.7027027     0.01401312     0.03805896
    2.7427427     0.01134211     0.03684270
    2.7827828     0.01182521     0.03412494
    2.8228228     0.01446395     0.02901387
    2.8628629     0.01722716     0.02386885
    2.9029029     0.01897145     0.02054351
    2.9429429     0.01953678     0.01789417
    2.9829830     0.02011050     0.01515288
    3.0230230     0.02395284     0.01384827
    3.0630631     0.03295481     0.01479086
    3.1031031     0.04232152     0.01635268
    3.1431431     0.04334667     0.01713737
    3.1831832     0.03343127     0.01878564
    3.2232232     0.01906317     0.02474913
    3.2632633     0.00785375     0.03509586
    3.3033033     0.00195796     0.04311548
    3.3433433    -0.00033440     0.04093280
    3.3833834    -0.00050662     0.02888722
    3.4234234     0.00131539     0.01494220
    3.4634635     0.00516343     0.00554511
    3.5035035     0.01088550     0.00131527
    3.5435435     0.01921758     0.00010101
    3.5835836     0.03059731     0.00050164
    3.6236236     0.04128581     0.00269057
    3.6636637     0.04412268     0.00728351
    3.7037037     0.03610411     0.01345358
    3.7437437     0.02237675     0.01890275
    3.7837838     0.01073833     0.02266437
    3.8238238     0.00504748     0.02588523
    3.8638639     0.00520788     0.02834171
    3.9039039     0.01056361     0.02763744
    3.9439439     0.02064250     0.02350786
    3.9839840     0.03289580     0.01892372
    4.0240240     0.04228539     0.01568978
    4.0640641     0.04563183     0.01256975
    4.1041041     0.04567749     0.00845571
    4.1441441     0.04774823     0.00448076
    4.1841842     0.05249522     0.00258308
    4.2242242     0.05582745     0.00398925
    4.2642643     0.05588773     0.00891654
    4.3043043     0.05488814     0.01592457
    4.3443443     0.05433096     0.02192473
    4.3843844     0.05330467     0.02452327
    4.4244244     0.05076258     0.02405073
    4.4644645     0.04708214     0.02257768
    4.5045045     0.04421972     0.02212055
    4.5445445     0.04441068     0.02433540
    4.5845846     0.04870147     0.03029984
    4.6246246     0.05667155     0.03897769
    4.6646647     0.06455409     0.04644517
    4.7047047     0.06465276     0.04884920
    4.7447447     0.05334712     0.04666875
    4.7847848     0.03798443     0.04420011
    4.8248248     0.02881580     0.04429967
    4.8648649     0.02702243     0.04466762
    4.9049049     0.02598020     0.04044715
    4.9449449     0.02140757     0.03111233
    4.9849850     0.01632260     0.02265850
    5.0250250     0.01742080     0.02176273
    5.0650651     0.02876555     0.03043881
    5.1051051     0.04768519     0.04600635
    5.1451452     0.06605892     0.06163300
    5.1851852     0.07666658     0.06757809
    5.2252252     0.07680810     0.05847433
    5.2652653     0.06682866     0.03979576
    5.3053053     0.05018735     0.02240872
    5.3453453     0.03335009     0.01258145
    5.3853854     0.02192657     0.01048558
    5.4254254     0.01859578     0.01481989
    5.4654655     0.02354102     0.02500329
    5.5055055     0.03334148     0.03981661
    5.5455455     0.04186493     0.05579688
    5.5855856     0.04614192     0.06647003
    5.6256256     0.04871372     0.06476727
    5.6656657     0.05147470     0.05034061
    5.7057057     0.05328116     0.03210590
    5.7457458     0.05665913     0.01922769
    5.7857858     0.06675223     0.01306729
    5.8258258     0.07927248     0.01035655
    5.8658659     0.08151509     0.00990969
    5.9059059     0.07020759     0.01363365
    5.9459459     0.05656245     0.02266904
    5.9859860     0.05025767     0.03444797
    6.0260260     0.04961125     0.04450883
    6.0660661     0.04968842     0.05066840
    6.1061061     0.04940586     0.05400074
    6.1461461     0.04756316     0.05615554
    6.1861862     0.04096948     0.05632748
    6.2262262     0.02985577     0.05108092
    6.2662663     0.01886661     0.03894312
    6.3063063     0.01180045     0.02432463
    6.3463464     0.00942138     0.01437106
    6.3863864     0.01129647     0.01365514
    6.4264264     0.01666629     0.02267368
    6.4664665     0.02359236     0.03765615
    6.5065065     0.02877072     0.05109415
    6.5465466     0.02936185     0.05624156
    6.5865866     0.02528121     0.05201915
    6.6266266     0.01933065     0.04224175
    6.6666667     0.01460506     0.03152832
    6.7067067     0.01166836     0.02291826
    6.7467467     0.00899714     0.01768216
    6.7867868     0.00595505     0.01591699
    6.8268268     0.00407357     0.01676941
    6.8668669     0.00618037     0.01828108
    6.9069069     0.01556484     0.01810907
    6.9469470     0.03368862     0.01525527
    6.9869870     0.05557626     0.01075940
    7.0270270     0.07011179     0.00641388
    7.0670671     0.06998465     0.00344616
    7.1071071     0.05938544     0.00248358
    7.1471472     0.04832508     0.00400964
    7.1871872     0.04336786     0.00855481
    7.2272272     0.04542918     0.01659335
    7.2672673     0.05065287     0.02776289
    7.3073073     0.05333470     0.03887636
    7.3473473     0.05252631     0.04363174
    7.3873874     0.05238498     0.03807209
    7.4274274     0.05356977     0.02663734
    7.4674675     0.05096394     0.01989797
    7.5075075     0.04140612     0.02671432
    7.5475475     0.02785059     0.04805092
    7.5875876     0.01588376     0.07443328
    7.6276276     0.00969526     0.09077929
    7.6676677     0.01077907     0.08814247
    7.7077077     0.01789102     0.07031799
    7.7477478     0.02725460     0.04924017
    7.7877878     0.03382502     0.03554613
    7.8278278     0.03390888     0.03131687
    7.8678679     0.02744627     0.03105614
    7.9079079     0.01779311     0.03058003
    7.9479479     0.00890329     0.03144425
    7.9879880     0.00295559     0.03468025
    8.0280280     0.00047198     0.03606472
    8.0680681     0.00131211     0.03160018
    8.1081081     0.00543286     0.02296386
    8.1481482     0.01397067     0.01433950
    8.1881882     0.02875092     0.00794535
    8.2282282     0.04775775     0.00502398
    8.2682683     0.06219294     0.00770724
    8.3083083     0.06345266     0.01632579
    8.3483484     0.05247104     0.02595303
    8.3883884     0.03726170     0.03039936
    8.4284284     0.02406539     0.03030878
    8.4684685     0.01491750     0.03166102
    8.5085085     0.00975146     0.03560616
    8.5485485     0.00758253     0.03641364
    8.5885886     0.00744325     0.03068807
    8.6286286     0.00898110     0.02234199
    8.6686687     0.01178384     0.01652689
    8.7087087     0.01508760     0.01361146
    8.7487488     0.01828739     0.01134246
    8.7887888     0.02037072     0.00928926
    8.8288288     0.01955081     0.00859942
    8.8688689     0.01534771     0.00955829
    8.9089089     0.00995030     0.01163175
    8.9489490     0.00614504     0.01450972
    8.9889890     0.00526052     0.01741721
    9.0290290     0.00747006     0.01870588
    9.0690691     0.01228003     0.01760516
    9.1091091     0.01854580     0.01526814
    9.1491491     0.02528683     0.01320110
    9.1891892     0.03167778     0.01186902
    9.2292292     0.03535369     0.01110008
    9.2692693     0.03374439     0.01055606
    9.3093093     0.02879328     0.00978899
    9.3493494     0.02625544     0.00864332
    9.3893894     0.02852518     0.00755778
    9.4294294     0.03187814     0.00748230
    9.4694695     0.03151198     0.01016867
    9.5095095     0.02638098     0.01816397
    9.5495496     0.01937000     0.03197243
    9.5895896     0.01474723     0.04633946
    9.6296296     0.01468228     0.05302955
    9.6696697     0.01715561     0.04900260
    9.7097097     0.01809539     0.03850305
    9.7497497     0.01583625     0.02741527
    9.7897898     0.01222179     0.01910890
    9.8298298     0.00952944     0.01411146
    9.8698699     0.00850571     0.01109900
    9.9099099     0.00961488     0.00904017
    9.9499500     0.01375548     0.00846087
    9.9899900     0.02045462     0.00976654
   10.0300300     0.02672084     0.01151628
   10.0700701     0.02898018     0.01188209
   10.1101101     0.02576308     0.01103636
   10.1501502     0.01857085     0.01077512
   10.1901902     0.01086291     0.01247606
   10.2302302     0.00592602     0.01593155
   10.2702703     0.00537873     0.01910057
   10.3103103     0.00948603     0.01944623
   10.3503504     0.01758947     0.01663066
   10.3903904     0.02696425     0.01277262
   10.4304304     0.03241507     0.00971463
   10.4704705     0.02998427     0.00751536
   10.5105105     0.02130601     0.00555290
   10.5505506     0.01196965     0.00398235
   10.5905906     0.00618739     0.00393338
   10.6306306     0.00466068     0.00654969
   10.6706707     0.00596010     0.01163720
   10.7107107     0.00819432     0.01693621
   10.7507508     0.00990161     0.01926716
   10.7907908     0.01032572     0.01725860
   10.8308308     0.00946299     0.01273093
   10.8708709     0.00807059     0.00863766
   10.9109109     0.00712835     0.00608601
   10.9509510     0.00704905     0.00429724
   10.9909910     0.00802387     0.00274301
   11.0310310     0.01120819     0.00202454
   11.0710711     0.01826686     0.00289425
   11.1111111     0.02870246     0.00515458
   11.1511512     0.03859428     0.00770503
   11.1911912     0.04363107     0.00970841
   11.2312312     0.04285284     0.01131918
   11.2712713     0.03824603     0.01282048
   11.3113113     0.03226527     0.01361956
   11.3513514     0.02701135     0.01307296
   11.3913914     0.02398132     0.01224139
   11.4314314     0.02360296     0.01363881
   11.4714715     0.02569594     0.01843445
   11.5115115     0.02958266     0.02428425
   11.5515516     0.03300356     0.02696304
   11.5915916     0.03274485     0.02482575
   11.6316316     0.02779914     0.02068195
   11.6716717     0.02066589     0.01826058
   11.7117117     0.01453754     0.01816660
   11.7517518     0.01056605     0.01829659
   11.7917918     0.00848130     0.01679272
   11.8318318     0.00792523     0.01374236
   11.8718719     0.00828366     0.01100978
   11.9119119     0.00876784     0.01062027
   11.9519520     0.00921876     0.01250317
   11.9919920     0.00977647     0.01432699
   12.0320320     0.00995849     0.01422260
   12.0720721     0.00937787     0.01279004
   12.1121121     0.00929248     0.01192746
   12.1521522     0.01166757     0.01220600
   12.1921922     0.01581414     0.01189110
   12.2322322     0.01789242     0.00925623
   12.2722723     0.01546677     0.00552834
   12.3123123     0.01074913     0.00414146
   12.3523524     0.00772953     0.00720932
   12.3923924     0.00797636     0.01332700
   12.4324324     0.01063271     0.01832157
   12.4724725     0.01476529     0.01864589
   12.5125125     0.01966474     0.01500101
   12.5525526     0.02351747     0.01183730
   12.5925926     0.02401187     0.01272422
   12.6326326     0.02058297     0.01686772
   12.6726727     0.01512994     0.02007505
   12.7127127     0.01045766     0.01869948
   12.7527528     0.00807204     0.01283128
   12.7927928     0.00749606     0.00608972
   12.8328328     0.00776163     0.00292399
   12.8728729     0.00922007     0.00554387
   12.9129129     0.01357419     0.01184640
   12.9529530     0.02151796     0.01685553
   12.9929930     0.02994301     0.01774449
   13.0330330     0.03311679     0.01672904
   13.0730731     0.02831137     0.01821402
   13.1131131     0.01907570     0.02349388
   13.1531532     0.01172055     0.02846173
   13.1931932     0.00985145     0.02776390
   13.2332332     0.01289566     0.02139535
   13.2732733     0.01791556     0.01448770
   13.3133133     0.02133441     0.01103393
   13.3533534     0.02038276     0.01098287
   13.3933934     0.01508432     0.01214155
   13.4334334     0.00848003     0.01218623
   13.4734735     0.00384855     0.01031475
   13.5135135     0.00234577     0.00863364
   13.5535536     0.00323211     0.01041721
   13.5935936     0.00495548     0.01575500
   13.6336336     0.00600191     0.02024127
   13.6736737     0.00578704     0.01963037
   13.7137137     0.00484253     0.01474574
   13.7537538     0.00391558     0.00973895
   13.7937938     0.00339094     0.00688106
   13.8338338     0.00370418     0.00538945
   13.8738739     0.00564594     0.00406321
   13.9139139     0.01009168     0.00289639
   13.9539540     0.01747119     0.00253231
   13.9939940     0.02633064     0.00332471
   14.0340340     0.03226140     0.00484882
   14.0740741     0.03129935     0.00597682
   14.1141141     0.02512894     0.00573847
   14.1541542     0.01935019     0.00426910
   14.1941942     0.01674440     0.00262295
   14.2342342     0.01561799     0.00189084
   14.2742743     0.01371849     0.00313262
   14.3143143     0.01083360     0.00786659
   14.3543544     0.00792496     0.01717551
   14.3943944     0.00553618     0.02905874
   14.4344344     0.00357865     0.03764930
   14.4744745     0.00203260     0.03777055
   14.5145145     0.00119141     0.03022749
   14.5545546     0.00136190     0.02029308
   14.5945946     0.00274717     0.01207183
   14.6346346     0.00554525     0.00649344
   14.6746747     0.00968703     0.00306084
   14.7147147     0.01402518     0.00123308
   14.7547548     0.01634989     0.00057554
   14.7947948     0.01541141     0.00079490
   14.8348348     0.01234292     0.00188803
   14.8748749     0.00907613     0.00413811
   14.9149149     0.00663581     0.00785899
   14.9549550     0.00543153     0.01262085
   14.9949950     0.00537924     0.01642223
   15.0350350     0.00547036     0.01673910
   15.0750751     0.00458823     0.01328504
   15.1151151     0.00286750     0.00856688
   15.1551552     0.00166356     0.00505433
   15.1951952     0.00248097     0.00309611
   15.2352352     0.00620156     0.00190724
   15.2752753     0.01235655     0.00117552
   15.3153153     0.01832567     0.00117139
   15.3553554     0.02050178     0.00205779
   15.3953954     0.01765472     0.00346161
   15.4354354     0.01225506     0.00465089
   15.4754755     0.00761107     0.00528827
   15.5155155     0.00489753     0.00579326
   15.5555556     0.00350537     0.00662253
   15.5955956     0.00273195     0.00769933
   15.6356356     0.00218080     0.00889367
   15.6756757     0.00154573     0.01028579
   15.7157157     0.00113160     0.01134785
   15.7557558     0.00208375     0.01064289
   15.7957958     0.00502300     0.00744715
   15.8358358     0.00900347     0.00319237
   15.8758759     0.01269478     0.00031215
   15.9159159     0.01541099     0.00026446
   15.9559560     0.01641589     0.00308763
   15.9959960     0.01506981     0.00778673
   16.0360360     0.01218988     0.01269644
   16.0760761     0.00997109     0.01594466
   16.1161161     0.01057781     0.01601211
   16.1561562     0.01468326     0.01274485
   16.1961962     0.01998474     0.00819183
   16.2362362     0.02204548     0.00564912
   16.2762763     0.01883625     0.00726060
   16.3163163     0.01349525     0.01203828
   16.3563564     0.01098335     0.01611630
   16.3963964     0.01302943     0.01613086
   16.4364364     0.01691869     0.01260441
   16.4764765     0.01844101     0.00885165
   16.5165165     0.01598942     0.00722456
   16.5565566     0.01170057     0.00780464
   16.5965966     0.00838146     0.00969605
   16.6366366     0.00650111     0.01180251
   16.6766767     0.00504073     0.01265507
   16.7167167     0.00396651     0.01121241
   16.7567568     0.00457053     0.00814765
   16.7967968     0.00765234     0.00522391
   16.8368368     0.01181921     0.00351790
   16.8768769     0.01411338     0.00319779
   16.9169169     0.01317651     0.00453013
   16.9569570     0.01135803     0.00768601
   16.9969970     0.01254978     0.01132473
   17.0370370     0.01809802     0.01280479
   17.0770771     0.02553753     0.01088552
   17.1171171     0.03141881     0.00735604
   17.1571572     0.03458907     0.00540998
   17.1971972     0.03576971     0.00727258
   17.2372372     0.03529735     0.01282988
   17.2772773     0.03325542     0.01927276
   17.3173173     0.03009977     0.02330086
   17.3573574     0.02553729     0.02492053
   17.3973974     0.01901232     0.02745698
   17.4374374     0.01172935     0.03251877
   17.4774775     0.00598384     0.03665337
   17.5175175     0.00309587     0.03505073
   17.5575576     0.00351306     0.02716862
   17.5975976     0.00745202     0.01630427
   17.6376376     0.01379682     0.00559670
   17.6776777     0.01969319    -0.00272706
   17.7177177     0.02261168    -0.00598992
   17.7577578     0.02179806    -0.00218000
   17.7977978     0.01773357     0.00740378
   17.8378378     0.01174545     0.01817721
   17.8778779     0.00587965     0.02505940
   17.9179179     0.00248083     0.02510727
   17.9579580     0.00406031     0.01881776
   17.9979980     0.01257970     0.00946302
   18.0380380     0.02726586     0.00073015
   18.0780781     0.04268306    -0.00464597
   18.1181181     0.05070934    -0.00483724
   18.1581582     0.04762514     0.00017175
   18.1981982     0.03905518     0.00814210
   18.2382382     0.03463746     0.01766111
   18.2782783     0.03824483     0.03094300
   18.3183183     0.04542982     0.04940381
   18.3583584     0.04886733     0.06609309
   18.3983984     0.04488854     0.06944453
   18.4384384     0.03558742     0.05791491
   18.4784785     0.02586745     0.04369506
   18.5185185     0.01976607     0.03881685
   18.5585586     0.01873009     0.04410837
   18.5985986     0.02110663     0.05219188
   18.6386386     0.02394038     0.05515246
   18.6786787     0.02609194     0.04969484
   18.7187187     0.02775374     0.03879904
   18.7587588     0.02780443     0.02822236
   18.7987988     0.02495932     0.02168929
   18.8388388     0.02047376     0.02028624
   18.8788789     0.01700207     0.02322928
   18.9189189     0.01572590     0.02731742
   18.9589590     0.01613563     0.02828372
   18.9989990     0.01783292     0.02424415
   19.0390390     0.02080143     0.01692759
   19.0790791     0.02365646     0.00952922
   19.1191191     0.02391575     0.00428009
   19.1591592     0.02144397     0.00184660
   19.1991992     0.01957890     0.00201371
   19.2392392     0.02150652     0.00447550
   19.2792793     0.02715884     0.00887171
   19.3193193     0.03425577     0.01404495
   19.3593594     0.04093304     0.01817865
   19.3993994     0.04657904     0.02086745
   19.4394394     0.05116522     0.02430708
   19.4794795     0.05510911     0.03089730
   19.5195195     0.05867284     0.04011876
   19.5595596     0.06039409     0.04919731
   19.5995996     0.05861721     0.05672753
   19.6396396     0.05469459     0.06286881
   19.6796797     0.05049179     0.06548330
   19.7197197     0.04419099     0.06219808
   19.7597598     0.03373652     0.05746243
   19.7997998     0.02190677     0.05937261
   19.8398398     0.01361641     0.06775231
   19.8798799     0.01135587     0.07179516
   19.9199199     0.01584386     0.06224687
   19.9599600     0.02679133     0.04241093
   20.0000000     0.03984066     0.02338799
