#
#   partial DOS for atom species: Ga
#
#   Add data for atom_index =   1,  n,l,m,z=  4  1 -1  1
#   Add data for atom_index =   1,  n,l,m,z=  4  1  0  1
#   Add data for atom_index =   1,  n,l,m,z=  4  1  1  1
#   Add data for atom_index =   1,  n,l,m,z=  4  1 -1  2
#   Add data for atom_index =   1,  n,l,m,z=  4  1  0  2
#   Add data for atom_index =   1,  n,l,m,z=  4  1  1  2
#   Add data for atom_index =   1,  n,l,m,z=  4  1 -1  3
#   Add data for atom_index =   1,  n,l,m,z=  4  1  0  3
#   Add data for atom_index =   1,  n,l,m,z=  4  1  1  3
#   Add data for atom_index =   2,  n,l,m,z=  4  1 -1  1
#   Add data for atom_index =   2,  n,l,m,z=  4  1  0  1
#   Add data for atom_index =   2,  n,l,m,z=  4  1  1  1
#   Add data for atom_index =   2,  n,l,m,z=  4  1 -1  2
#   Add data for atom_index =   2,  n,l,m,z=  4  1  0  2
#   Add data for atom_index =   2,  n,l,m,z=  4  1  1  2
#   Add data for atom_index =   2,  n,l,m,z=  4  1 -1  3
#   Add data for atom_index =   2,  n,l,m,z=  4  1  0  3
#   Add data for atom_index =   2,  n,l,m,z=  4  1  1  3
#   Add data for atom_index =   3,  n,l,m,z=  4  1 -1  1
#   Add data for atom_index =   3,  n,l,m,z=  4  1  0  1
#   Add data for atom_index =   3,  n,l,m,z=  4  1  1  1
#   Add data for atom_index =   3,  n,l,m,z=  4  1 -1  2
#   Add data for atom_index =   3,  n,l,m,z=  4  1  0  2
#   Add data for atom_index =   3,  n,l,m,z=  4  1  1  2
#   Add data for atom_index =   3,  n,l,m,z=  4  1 -1  3
#   Add data for atom_index =   3,  n,l,m,z=  4  1  0  3
#   Add data for atom_index =   3,  n,l,m,z=  4  1  1  3
#
#    Energy          spin 1        spin2
#
  -20.0000000     0.00000000     0.00000000
  -19.9599600     0.00000000     0.00000000
  -19.9199199     0.00000000     0.00000000
  -19.8798799     0.00000000     0.00000000
  -19.8398398     0.00000000     0.00000000
  -19.7997998     0.00000000     0.00000000
  -19.7597598     0.00000000     0.00000000
  -19.7197197     0.00000000     0.00000000
  -19.6796797     0.00000000     0.00000000
  -19.6396396     0.00000000     0.00000000
  -19.5995996     0.00000000     0.00000000
  -19.5595596     0.00000000     0.00000000
  -19.5195195     0.00000000     0.00000000
  -19.4794795     0.00000000     0.00000000
  -19.4394394     0.00000000     0.00000000
  -19.3993994     0.00000000     0.00000000
  -19.3593594     0.00000000     0.00000000
  -19.3193193     0.00000000     0.00000000
  -19.2792793     0.00000000     0.00000000
  -19.2392392     0.00000000     0.00000000
  -19.1991992     0.00000000     0.00000000
  -19.1591592     0.00000000     0.00000000
  -19.1191191     0.00000000     0.00000000
  -19.0790791     0.00000000     0.00000000
  -19.0390390     0.00000000     0.00000000
  -18.9989990     0.00000000     0.00000000
  -18.9589590     0.00000000     0.00000000
  -18.9189189     0.00000000     0.00000000
  -18.8788789     0.00000000     0.00000000
  -18.8388388     0.00000000     0.00000000
  -18.7987988     0.00000000     0.00000000
  -18.7587588     0.00000000     0.00000000
  -18.7187187     0.00000000     0.00000000
  -18.6786787     0.00000000     0.00000000
  -18.6386386     0.00000000     0.00000000
  -18.5985986     0.00000000     0.00000000
  -18.5585586    -0.00000000    -0.00000000
  -18.5185185    -0.00000000    -0.00000000
  -18.4784785    -0.00000005    -0.00000005
  -18.4384384    -0.00000061    -0.00000061
  -18.3983984    -0.00000553    -0.00000553
  -18.3583584    -0.00003623    -0.00003623
  -18.3183183    -0.00017226    -0.00017226
  -18.2782783    -0.00059441    -0.00059441
  -18.2382382    -0.00148845    -0.00148845
  -18.1981982    -0.00270479    -0.00270479
  -18.1581582    -0.00356680    -0.00356680
  -18.1181181    -0.00341328    -0.00341328
  -18.0780781    -0.00237035    -0.00237035
  -18.0380380    -0.00119454    -0.00119454
  -17.9979980    -0.00043685    -0.00043685
  -17.9579580    -0.00011594    -0.00011594
  -17.9179179    -0.00002233    -0.00002233
  -17.8778779    -0.00000312    -0.00000312
  -17.8378378    -0.00000033    -0.00000033
  -17.7977978    -0.00000029    -0.00000029
  -17.7577578    -0.00000358    -0.00000358
  -17.7177177    -0.00003552    -0.00003552
  -17.6776777    -0.00025684    -0.00025684
  -17.6376376    -0.00135546    -0.00135546
  -17.5975976    -0.00524294    -0.00524294
  -17.5575576    -0.01498455    -0.01498455
  -17.5175175    -0.03210820    -0.03210820
  -17.4774775    -0.05279658    -0.05279658
  -17.4374374    -0.06866252    -0.06866252
  -17.3973974    -0.07249785    -0.07249785
  -17.3573574    -0.06253009    -0.06253009
  -17.3173173    -0.04324987    -0.04324987
  -17.2772773    -0.02327088    -0.02327088
  -17.2372372    -0.00947645    -0.00947645
  -17.1971972    -0.00286642    -0.00286642
  -17.1571572    -0.00063702    -0.00063702
  -17.1171171    -0.00010452    -0.00010452
  -17.0770771    -0.00002718    -0.00002718
  -17.0370370    -0.00014140    -0.00014140
  -16.9969970    -0.00096116    -0.00096116
  -16.9569570    -0.00483971    -0.00483971
  -16.9169169    -0.01814707    -0.01814707
  -16.8768769    -0.05177626    -0.05177626
  -16.8368368    -0.11604646    -0.11604646
  -16.7967968    -0.21143168    -0.21143168
  -16.7567568    -0.31876734    -0.31876734
  -16.7167167    -0.39302056    -0.39302056
  -16.6766767    -0.38380525    -0.38380525
  -16.6366366    -0.28733514    -0.28733514
  -16.5965966    -0.16114189    -0.16114189
  -16.5565566    -0.06678633    -0.06678633
  -16.5165165    -0.02030969    -0.02030969
  -16.4764765    -0.00451516    -0.00451516
  -16.4364364    -0.00073249    -0.00073249
  -16.3963964    -0.00008671    -0.00008671
  -16.3563564    -0.00000897    -0.00000897
  -16.3163163    -0.00002223    -0.00002223
  -16.2762763    -0.00022911    -0.00022911
  -16.2362362    -0.00175489    -0.00175489
  -16.1961962    -0.00979475    -0.00979475
  -16.1561562    -0.03991955    -0.03991955
  -16.1161161    -0.11928758    -0.11928758
  -16.0760761    -0.26331231    -0.26331231
  -16.0360360    -0.43504450    -0.43504450
  -15.9959960    -0.54946367    -0.54946367
  -15.9559560    -0.54562017    -0.54562017
  -15.9159159    -0.43739746    -0.43739746
  -15.8758759    -0.28590489    -0.28590490
  -15.8358358    -0.15030573    -0.15030573
  -15.7957958    -0.06179755    -0.06179755
  -15.7557558    -0.01932715    -0.01932715
  -15.7157157    -0.00450655    -0.00450655
  -15.6756757    -0.00077463    -0.00077463
  -15.6356356    -0.00010751    -0.00010751
  -15.5955956    -0.00010442    -0.00010442
  -15.5555556    -0.00064614    -0.00064614
  -15.5155155    -0.00322252    -0.00322252
  -15.4754755    -0.01212558    -0.01212558
  -15.4354354    -0.03568405    -0.03568405
  -15.3953954    -0.08645339    -0.08645339
  -15.3553554    -0.17948420    -0.17948420
  -15.3153153    -0.31761472    -0.31761472
  -15.2752753    -0.45776651    -0.45776651
  -15.2352352    -0.51143845    -0.51143845
  -15.1951952    -0.42854424    -0.42854424
  -15.1551552    -0.26463124    -0.26463124
  -15.1151151    -0.11943124    -0.11943124
  -15.0750751    -0.03924597    -0.03924597
  -15.0350350    -0.00937492    -0.00937492
  -14.9949950    -0.00163242    -0.00163242
  -14.9549550    -0.00026835    -0.00026835
  -14.9149149    -0.00051995    -0.00051995
  -14.8748749    -0.00292352    -0.00292352
  -14.8348348    -0.01266638    -0.01266638
  -14.7947948    -0.04121184    -0.04121184
  -14.7547548    -0.10180808    -0.10180808
  -14.7147147    -0.19313536    -0.19313536
  -14.6746747    -0.28380793    -0.28380793
  -14.6346346    -0.32431014    -0.32431014
  -14.5945946    -0.28851194    -0.28851194
  -14.5545546    -0.20284216    -0.20284216
  -14.5145145    -0.12426130    -0.12426130
  -14.4744745    -0.08911021    -0.08911021
  -14.4344344    -0.08859841    -0.08859841
  -14.3943944    -0.08993225    -0.08993225
  -14.3543544    -0.07417033    -0.07417033
  -14.3143143    -0.05104782    -0.05104782
  -14.2742743    -0.04116421    -0.04116421
  -14.2342342    -0.05206623    -0.05206623
  -14.1941942    -0.07206140    -0.07206140
  -14.1541542    -0.08263760    -0.08263760
  -14.1141141    -0.07427940    -0.07427940
  -14.0740741    -0.04693021    -0.04693021
  -14.0340340    -0.00174785    -0.00174785
  -13.9939940     0.05362936     0.05362936
  -13.9539540     0.09707550     0.09707550
  -13.9139139     0.10678131     0.10678131
  -13.8738739     0.08408857     0.08408857
  -13.8338338     0.05066277     0.05066277
  -13.7937938     0.02475442     0.02475442
  -13.7537538     0.00884081     0.00884081
  -13.7137137    -0.00242964    -0.00242964
  -13.6736737    -0.01289208    -0.01289208
  -13.6336336    -0.02525906    -0.02525906
  -13.5935936    -0.04125864    -0.04125864
  -13.5535536    -0.05475758    -0.05475758
  -13.5135135    -0.05091559    -0.05091559
  -13.4734735    -0.02100104    -0.02100104
  -13.4334334     0.02462317     0.02462317
  -13.3933934     0.06834913     0.06834913
  -13.3533534     0.10926343     0.10926343
  -13.3133133     0.15864525     0.15864525
  -13.2732733     0.20823473     0.20823473
  -13.2332332     0.23009395     0.23009395
  -13.1931932     0.22185574     0.22185574
  -13.1531532     0.22211292     0.22211292
  -13.1131131     0.25691859     0.25691859
  -13.0730731     0.29434986     0.29434986
  -13.0330330     0.28310703     0.28310703
  -12.9929930     0.22297570     0.22297570
  -12.9529530     0.16296300     0.16296300
  -12.9129129     0.13531082     0.13531082
  -12.8728729     0.12403895     0.12403895
  -12.8328328     0.10081346     0.10081346
  -12.7927928     0.06460412     0.06460412
  -12.7527528     0.03626377     0.03626377
  -12.7127127     0.03392457     0.03392457
  -12.6726727     0.06356045     0.06356045
  -12.6326326     0.11694156     0.11694156
  -12.5925926     0.17083253     0.17083253
  -12.5525526     0.20221360     0.20221360
  -12.5125125     0.20697740     0.20697740
  -12.4724725     0.19244567     0.19244567
  -12.4324324     0.16204114     0.16204114
  -12.3923924     0.12483349     0.12483349
  -12.3523524     0.10554591     0.10554591
  -12.3123123     0.12145795     0.12145795
  -12.2722723     0.15364933     0.15364933
  -12.2322322     0.16103165     0.16103165
  -12.1921922     0.12707207     0.12707207
  -12.1521522     0.07623053     0.07623053
  -12.1121121     0.04087819     0.04087819
  -12.0720721     0.03030766     0.03030766
  -12.0320320     0.03438761     0.03438761
  -11.9919920     0.04090030     0.04090030
  -11.9519520     0.04312638     0.04312638
  -11.9119119     0.03856669     0.03856669
  -11.8718719     0.02896139     0.02896139
  -11.8318318     0.02160232     0.02160232
  -11.7917918     0.02591535     0.02591535
  -11.7517518     0.04667598     0.04667598
  -11.7117117     0.07916963     0.07916963
  -11.6716717     0.11265416     0.11265416
  -11.6316316     0.14754149     0.14754149
  -11.5915916     0.21129709     0.21129709
  -11.5515516     0.33385403     0.33385403
  -11.5115115     0.48365995     0.48365995
  -11.4714715     0.56084846     0.56084846
  -11.4314314     0.50294386     0.50294386
  -11.3913914     0.36462610     0.36462610
  -11.3513514     0.24644368     0.24644368
  -11.3113113     0.18751259     0.18751259
  -11.2712713     0.16636052     0.16636052
  -11.2312312     0.16809802     0.16809802
  -11.1911912     0.20675022     0.20675022
  -11.1511512     0.28024186     0.28024186
  -11.1111111     0.33740873     0.33740873
  -11.0710711     0.32263663     0.32263663
  -11.0310310     0.23989984     0.23989984
  -10.9909910     0.14252843     0.14252843
  -10.9509510     0.07279515     0.07279515
  -10.9109109     0.03727537     0.03727537
  -10.8708709     0.02839968     0.02839968
  -10.8308308     0.04522618     0.04522618
  -10.7907908     0.09249890     0.09249890
  -10.7507508     0.16933962     0.16933962
  -10.7107107     0.26175402     0.26175402
  -10.6706707     0.34434377     0.34434377
  -10.6306306     0.38695711     0.38695711
  -10.5905906     0.36735329     0.36735329
  -10.5505506     0.29608108     0.29608108
  -10.5105105     0.22652512     0.22652512
  -10.4704705     0.21430934     0.21430934
  -10.4304304     0.25914634     0.25914634
  -10.3903904     0.30225946     0.30225946
  -10.3503504     0.29251203     0.29251203
  -10.3103103     0.24959570     0.24959570
  -10.2702703     0.24704625     0.24704625
  -10.2302302     0.32851113     0.32851113
  -10.1901902     0.45347567     0.45347567
  -10.1501502     0.54162851     0.54162851
  -10.1101101     0.55932871     0.55932871
  -10.0700701     0.53050904     0.53050904
  -10.0300300     0.48195375     0.48195374
   -9.9899900     0.42471233     0.42471233
   -9.9499500     0.37028822     0.37028822
   -9.9099099     0.33038423     0.33038423
   -9.8698699     0.31505051     0.31505051
   -9.8298298     0.34513295     0.34513295
   -9.7897898     0.44791004     0.44791004
   -9.7497497     0.61097334     0.61097334
   -9.7097097     0.74936268     0.74936268
   -9.6696697     0.76794222     0.76794221
   -9.6296296     0.66406662     0.66406662
   -9.5895896     0.52796904     0.52796904
   -9.5495496     0.44158899     0.44158899
   -9.5095095     0.41339565     0.41339565
   -9.4694695     0.40473265     0.40473265
   -9.4294294     0.38456187     0.38456187
   -9.3893894     0.36375744     0.36375744
   -9.3493494     0.38523625     0.38523625
   -9.3093093     0.45693436     0.45693436
   -9.2692693     0.51146978     0.51146978
   -9.2292292     0.47864234     0.47864234
   -9.1891892     0.37246953     0.37246953
   -9.1491491     0.26449428     0.26449428
   -9.1091091     0.20318708     0.20318708
   -9.0690691     0.18842246     0.18842246
   -9.0290290     0.19665943     0.19665943
   -8.9889890     0.20560271     0.20560271
   -8.9489490     0.20152986     0.20152986
   -8.9089089     0.18200338     0.18200338
   -8.8688689     0.16143822     0.16143822
   -8.8288288     0.16947297     0.16947297
   -8.7887888     0.23521007     0.23521007
   -8.7487488     0.36135407     0.36135407
   -8.7087087     0.50222424     0.50222424
   -8.6686687     0.58227553     0.58227553
   -8.6286286     0.56529054     0.56529054
   -8.5885886     0.49900811     0.49900811
   -8.5485485     0.46913941     0.46913941
   -8.5085085     0.51360534     0.51360534
   -8.4684685     0.59156304     0.59156304
   -8.4284284     0.63019196     0.63019196
   -8.3883884     0.58880000     0.58880000
   -8.3483484     0.47747473     0.47747473
   -8.3083083     0.33986533     0.33986533
   -8.2682683     0.22966616     0.22966616
   -8.2282282     0.18087012     0.18087012
   -8.1881882     0.18868123     0.18868123
   -8.1481482     0.22277693     0.22277693
   -8.1081081     0.25753348     0.25753348
   -8.0680681     0.29009268     0.29009268
   -8.0280280     0.33197954     0.33197954
   -7.9879880     0.38652155     0.38652155
   -7.9479479     0.43794957     0.43794957
   -7.9079079     0.45932959     0.45932959
   -7.8678679     0.43298165     0.43298165
   -7.8278278     0.36909341     0.36909341
   -7.7877878     0.29715960     0.29715960
   -7.7477478     0.23981623     0.23981623
   -7.7077077     0.20887899     0.20887899
   -7.6676677     0.21492050     0.21492050
   -7.6276276     0.25364551     0.25364551
   -7.5875876     0.28863102     0.28863102
   -7.5475475     0.27701137     0.27701137
   -7.5075075     0.21759194     0.21759194
   -7.4674675     0.15420899     0.15420899
   -7.4274274     0.13204205     0.13204205
   -7.3873874     0.16287297     0.16287297
   -7.3473473     0.22098664     0.22098664
   -7.3073073     0.26430138     0.26430138
   -7.2672673     0.27143620     0.27143620
   -7.2272272     0.25464357     0.25464357
   -7.1871872     0.23207666     0.23207666
   -7.1471472     0.21141083     0.21141083
   -7.1071071     0.20384371     0.20384371
   -7.0670671     0.21949088     0.21949088
   -7.0270270     0.24098119     0.24098119
   -6.9869870     0.23124286     0.23124286
   -6.9469470     0.17933722     0.17933722
   -6.9069069     0.11817945     0.11817945
   -6.8668669     0.08702376     0.08702376
   -6.8268268     0.09193780     0.09193780
   -6.7867868     0.11023805     0.11023805
   -6.7467467     0.12432431     0.12432431
   -6.7067067     0.13970230     0.13970230
   -6.6666667     0.16482217     0.16482217
   -6.6266266     0.19126561     0.19126561
   -6.5865866     0.21390915     0.21390915
   -6.5465466     0.24787305     0.24787305
   -6.5065065     0.29963977     0.29963977
   -6.4664665     0.35038380     0.35038380
   -6.4264264     0.38926640     0.38926640
   -6.3863864     0.42615928     0.42615928
   -6.3463464     0.45815406     0.45815406
   -6.3063063     0.46220414     0.46220414
   -6.2662663     0.43026578     0.43026578
   -6.2262262     0.38608047     0.38608047
   -6.1861862     0.35767620     0.35767620
   -6.1461461     0.34319357     0.34319357
   -6.1061061     0.32089561     0.32089561
   -6.0660661     0.29496787     0.29496787
   -6.0260260     0.30622655     0.30622655
   -5.9859860     0.38268508     0.38268508
   -5.9459459     0.49408405     0.49408405
   -5.9059059     0.57132873     0.57132873
   -5.8658659     0.57092230     0.57092230
   -5.8258258     0.50834285     0.50834285
   -5.7857858     0.43013786     0.43013786
   -5.7457458     0.37326899     0.37326899
   -5.7057057     0.35213316     0.35213316
   -5.6656657     0.36560445     0.36560445
   -5.6256256     0.39977243     0.39977243
   -5.5855856     0.42350907     0.42350907
   -5.5455455     0.41043932     0.41043932
   -5.5055055     0.37308903     0.37308903
   -5.4654655     0.34110677     0.34110677
   -5.4254254     0.31695531     0.31695531
   -5.3853854     0.29219190     0.29219190
   -5.3453453     0.27804022     0.27804022
   -5.3053053     0.28745350     0.28745350
   -5.2652653     0.32302218     0.32302218
   -5.2252252     0.39620670     0.39620670
   -5.1851852     0.51921948     0.51921948
   -5.1451452     0.67255706     0.67255706
   -5.1051051     0.80127846     0.80127846
   -5.0650651     0.83728504     0.83728504
   -5.0250250     0.74006585     0.74006585
   -4.9849850     0.54471593     0.54471593
   -4.9449449     0.34544741     0.34544741
   -4.9049049     0.21364093     0.21364093
   -4.8648649     0.15838924     0.15838924
   -4.8248248     0.16128545     0.16128545
   -4.7847848     0.20937903     0.20937903
   -4.7447447     0.28655957     0.28655957
   -4.7047047     0.36150538     0.36150538
   -4.6646647     0.41012618     0.41012618
   -4.6246246     0.44904169     0.44904169
   -4.5845846     0.52173380     0.52173380
   -4.5445445     0.63761219     0.63761219
   -4.5045045     0.74257599     0.74257599
   -4.4644645     0.77290361     0.77290361
   -4.4244244     0.72693250     0.72693250
   -4.3843844     0.64899644     0.64899644
   -4.3443443     0.55957716     0.55957716
   -4.3043043     0.45597414     0.45597414
   -4.2642643     0.36297652     0.36297652
   -4.2242242     0.31817685     0.31817685
   -4.1841842     0.31797009     0.31797009
   -4.1441441     0.32828429     0.32828429
   -4.1041041     0.33306059     0.33306059
   -4.0640641     0.33027656     0.33027656
   -4.0240240     0.30280401     0.30280401
   -3.9839840     0.23890051     0.23890051
   -3.9439439     0.17022010     0.17022010
   -3.9039039     0.15645146     0.15645146
   -3.8638639     0.23277297     0.23277297
   -3.8238238     0.38005340     0.38005340
   -3.7837838     0.53793557     0.53793557
   -3.7437437     0.63707846     0.63707846
   -3.7037037     0.62816146     0.62816146
   -3.6636637     0.51738762     0.51738762
   -3.6236236     0.38278657     0.38278657
   -3.5835836     0.31380027     0.31380027
   -3.5435435     0.32636476     0.32636476
   -3.5035035     0.36424413     0.36424413
   -3.4634635     0.37352648     0.37352648
   -3.4234234     0.35247932     0.35247932
   -3.3833834     0.34263041     0.34263041
   -3.3433433     0.40292538     0.40292538
   -3.3033033     0.58636356     0.58636356
   -3.2632633     0.87137103     0.87137103
   -3.2232232     1.09423911     1.09423911
   -3.1831832     1.06443100     1.06443100
   -3.1431431     0.79426159     0.79426159
   -3.1031031     0.49835659     0.49835659
   -3.0630631     0.34769280     0.34769280
   -3.0230230     0.32953401     0.32953401
   -2.9829830     0.34724083     0.34724082
   -2.9429429     0.36663518     0.36663518
   -2.9029029     0.41943759     0.41943759
   -2.8628629     0.49631569     0.49631569
   -2.8228228     0.52123911     0.52123911
   -2.7827828     0.46220995     0.46220995
   -2.7427427     0.39374633     0.39374633
   -2.7027027     0.40158440     0.40158440
   -2.6626627     0.47479873     0.47479873
   -2.6226226     0.52946272     0.52946272
   -2.5825826     0.50487537     0.50487537
   -2.5425425     0.40820005     0.40820005
   -2.5025025     0.29464169     0.29464169
   -2.4624625     0.23063376     0.23063376
   -2.4224224     0.25514708     0.25514708
   -2.3823824     0.35634486     0.35634486
   -2.3423423     0.48243608     0.48243608
   -2.3023023     0.56944880     0.56944880
   -2.2622623     0.57408459     0.57408459
   -2.2222222     0.50707361     0.50707361
   -2.1821822     0.42784101     0.42784101
   -2.1421421     0.40173050     0.40173050
   -2.1021021     0.47050992     0.47050992
   -2.0620621     0.61991290     0.61991290
   -2.0220220     0.75018630     0.75018630
   -1.9819820     0.74889685     0.74889685
   -1.9419419     0.61756097     0.61756097
   -1.9019019     0.46180064     0.46180064
   -1.8618619     0.36264925     0.36264925
   -1.8218218     0.31937484     0.31937484
   -1.7817818     0.30394983     0.30394983
   -1.7417417     0.31477002     0.31477002
   -1.7017017     0.36216751     0.36216751
   -1.6616617     0.42264674     0.42264674
   -1.6216216     0.43995455     0.43995455
   -1.5815816     0.38507692     0.38507692
   -1.5415415     0.28652238     0.28652238
   -1.5015015     0.19342399     0.19342399
   -1.4614615     0.14778010     0.14778010
   -1.4214214     0.19252460     0.19252460
   -1.3813814     0.35251832     0.35251832
   -1.3413413     0.57615341     0.57615341
   -1.3013013     0.73451870     0.73451870
   -1.2612613     0.73989264     0.73989264
   -1.2212212     0.64179781     0.64179781
   -1.1811812     0.54680795     0.54680795
   -1.1411411     0.48892966     0.48892966
   -1.1011011     0.44418542     0.44418542
   -1.0610611     0.41889247     0.41889247
   -1.0210210     0.43959730     0.43959730
   -0.9809810     0.47720255     0.47720255
   -0.9409409     0.46236436     0.46236436
   -0.9009009     0.38861579     0.38861579
   -0.8608609     0.34654469     0.34654469
   -0.8208208     0.42900116     0.42900116
   -0.7807808     0.61461882     0.61461882
   -0.7407407     0.77301353     0.77301353
   -0.7007007     0.81009635     0.81009635
   -0.6606607     0.77124192     0.77124192
   -0.6206206     0.75308658     0.75308658
   -0.5805806     0.76477511     0.76477511
   -0.5405405     0.73540312     0.73540312
   -0.5005005     0.61852244     0.61852244
   -0.4604605     0.44232592     0.44232592
   -0.4204204     0.27618413     0.27618413
   -0.3803804     0.17189566     0.17189566
   -0.3403403     0.13597156     0.13597156
   -0.3003003     0.15865565     0.15865565
   -0.2602603     0.25244904     0.25244904
   -0.2202202     0.42201824     0.42201824
   -0.1801802     0.59862755     0.59862755
   -0.1401401     0.67093880     0.67093880
   -0.1001001     0.61026604     0.61026604
   -0.0600601     0.50721362     0.50721362
   -0.0200200     0.45546624     0.45546624
    0.0200200     0.44897253     0.44897253
    0.0600601     0.42335365     0.42335365
    0.1001001     0.36629355     0.36629355
    0.1401401     0.34215328     0.34215328
    0.1801802     0.40769720     0.40769720
    0.2202202     0.54020439     0.54020439
    0.2602603     0.66188800     0.66188800
    0.3003003     0.71838189     0.71838189
    0.3403403     0.71368577     0.71368577
    0.3803804     0.67344727     0.67344727
    0.4204204     0.61610681     0.61610681
    0.4604605     0.56132470     0.56132470
    0.5005005     0.51524526     0.51524526
    0.5405405     0.45284857     0.45284857
    0.5805806     0.35122706     0.35122706
    0.6206206     0.22645538     0.22645538
    0.6606607     0.12062417     0.12062417
    0.7007007     0.06638124     0.06638124
    0.7407407     0.07319720     0.07319720
    0.7807808     0.13493832     0.13493832
    0.8208208     0.23605361     0.23605361
    0.8608609     0.35298491     0.35298491
    0.9009009     0.45899948     0.45899948
    0.9409409     0.53790864     0.53790864
    0.9809810     0.59656465     0.59656466
    1.0210210     0.64967993     0.64967993
    1.0610611     0.69834788     0.69834788
    1.1011011     0.73900898     0.73900898
    1.1411411     0.76237927     0.76237927
    1.1811812     0.73592940     0.73592940
    1.2212212     0.63727391     0.63727391
    1.2612613     0.50637330     0.50637330
    1.3013013     0.42553069     0.42553069
    1.3413413     0.44420935     0.44420935
    1.3813814     0.53036086     0.53036086
    1.4214214     0.59928972     0.59928972
    1.4614615     0.59140225     0.59140224
    1.5015015     0.50817260     0.50817260
    1.5415415     0.39051449     0.39051449
    1.5815816     0.29504893     0.29504893
    1.6216216     0.27045274     0.27045274
    1.6616617     0.32780197     0.32780197
    1.7017017     0.43944973     0.43944973
    1.7417417     0.56463328     0.56463328
    1.7817818     0.66124007     0.66124007
    1.8218218     0.68429631     0.68429631
    1.8618619     0.60993789     0.60993789
    1.9019019     0.46820803     0.46820803
    1.9419419     0.32182036     0.32182036
    1.9819820     0.21281803     0.21281803
    2.0220220     0.15585688     0.15585688
    2.0620621     0.16666772     0.16666772
    2.1021021     0.25527000     0.25527000
    2.1421421     0.38409892     0.38409892
    2.1821822     0.47178865     0.47178865
    2.2222222     0.47636860     0.47636860
    2.2622623     0.45048905     0.45048905
    2.3023023     0.47190366     0.47190366
    2.3423423     0.54534350     0.54534351
    2.3823824     0.61240839     0.61240839
    2.4224224     0.62505952     0.62505952
    2.4624625     0.57182491     0.57182491
    2.5025025     0.46587364     0.46587364
    2.5425425     0.34369579     0.34369579
    2.5825826     0.25896692     0.25896692
    2.6226226     0.25417182     0.25417182
    2.6626627     0.32373799     0.32373799
    2.7027027     0.40100873     0.40100873
    2.7427427     0.41602963     0.41602963
    2.7827828     0.38278936     0.38278936
    2.8228228     0.38102437     0.38102437
    2.8628629     0.43612570     0.43612570
    2.9029029     0.47541362     0.47541362
    2.9429429     0.42832588     0.42832587
    2.9829830     0.31407330     0.31407330
    3.0230230     0.19769295     0.19769295
    3.0630631     0.11396143     0.11396143
    3.1031031     0.06698438     0.06698438
    3.1431431     0.06147063     0.06147063
    3.1831832     0.10663789     0.10663789
    3.2232232     0.19939384     0.19939384
    3.2632633     0.30810283     0.30810283
    3.3033033     0.37867773     0.37867773
    3.3433433     0.37508787     0.37508787
    3.3833834     0.31799411     0.31799411
    3.4234234     0.26401801     0.26401801
    3.4634635     0.24134004     0.24134004
    3.5035035     0.22939009     0.22939009
    3.5435435     0.21303491     0.21303491
    3.5835836     0.22885488     0.22885488
    3.6236236     0.33083690     0.33083690
    3.6636637     0.51739801     0.51739801
    3.7037037     0.70372336     0.70372336
    3.7437437     0.77151647     0.77151647
    3.7837838     0.66886611     0.66886611
    3.8238238     0.46982906     0.46982906
    3.8638639     0.30950732     0.30950732
    3.9039039     0.25671788     0.25671788
    3.9439439     0.27081094     0.27081094
    3.9839840     0.27687930     0.27687930
    4.0240240     0.25717855     0.25717855
    4.0640641     0.25251004     0.25251004
    4.1041041     0.29229567     0.29229567
    4.1441441     0.35757575     0.35757575
    4.1841842     0.40877215     0.40877215
    4.2242242     0.42985857     0.42985857
    4.2642643     0.43923255     0.43923255
    4.3043043     0.45090772     0.45090772
    4.3443443     0.45012086     0.45012086
    4.3843844     0.43086728     0.43086728
    4.4244244     0.41155923     0.41155923
    4.4644645     0.39495582     0.39495582
    4.5045045     0.36098932     0.36098932
    4.5445445     0.30004039     0.30004039
    4.5845846     0.22606279     0.22606279
    4.6246246     0.16939212     0.16939212
    4.6646647     0.15864077     0.15864077
    4.7047047     0.19335833     0.19335833
    4.7447447     0.24125529     0.24125529
    4.7847848     0.27226329     0.27226329
    4.8248248     0.29093288     0.29093288
    4.8648649     0.33604467     0.33604467
    4.9049049     0.44616811     0.44616811
    4.9449449     0.60661497     0.60661497
    4.9849850     0.72966068     0.72966068
    5.0250250     0.72554757     0.72554757
    5.0650651     0.61077003     0.61077003
    5.1051051     0.50573001     0.50573001
    5.1451452     0.50488327     0.50488327
    5.1851852     0.58921536     0.58921536
    5.2252252     0.67645167     0.67645167
    5.2652653     0.70871094     0.70871094
    5.3053053     0.67893663     0.67893663
    5.3453453     0.61273065     0.61273065
    5.3853854     0.54177203     0.54177203
    5.4254254     0.48515282     0.48515282
    5.4654655     0.44422320     0.44422320
    5.5055055     0.40090306     0.40090306
    5.5455455     0.33299845     0.33299845
    5.5855856     0.24613568     0.24613568
    5.6256256     0.17047817     0.17047817
    5.6656657     0.12251324     0.12251324
    5.7057057     0.09297701     0.09297701
    5.7457458     0.06784190     0.06784190
    5.7857858     0.04377737     0.04377737
    5.8258258     0.02541239     0.02541239
    5.8658659     0.01738843     0.01738843
    5.9059059     0.02450795     0.02450795
    5.9459459     0.05716858     0.05716858
    5.9859860     0.12473496     0.12473496
    6.0260260     0.21441787     0.21441787
    6.0660661     0.28611264     0.28611264
    6.1061061     0.30212663     0.30212663
    6.1461461     0.25728540     0.25728540
    6.1861862     0.17743887     0.17743887
    6.2262262     0.10014500     0.10014500
    6.2662663     0.05603034     0.05603034
    6.3063063     0.06091047     0.06091047
    6.3463464     0.12204555     0.12204554
    6.3863864     0.24070139     0.24070139
    6.4264264     0.39443467     0.39443467
    6.4664665     0.51966573     0.51966573
    6.5065065     0.54286339     0.54286339
    6.5465466     0.45321609     0.45321609
    6.5865866     0.32033526     0.32033526
    6.6266266     0.22115665     0.22115665
    6.6666667     0.17826203     0.17826203
    6.7067067     0.17304007     0.17304007
    6.7467467     0.17726572     0.17726572
    6.7867868     0.16614808     0.16614808
    6.8268268     0.13264793     0.13264793
    6.8668669     0.09519927     0.09519927
    6.9069069     0.07741039     0.07741039
    6.9469470     0.08119041     0.08119041
    6.9869870     0.09004497     0.09004497
    7.0270270     0.09863107     0.09863107
    7.0670671     0.12447495     0.12447495
    7.1071071     0.18176543     0.18176543
    7.1471472     0.25707076     0.25707076
    7.1871872     0.31843067     0.31843067
    7.2272272     0.33418066     0.33418066
    7.2672673     0.29021645     0.29021645
    7.3073073     0.21466753     0.21466753
    7.3473473     0.17628297     0.17628297
    7.3873874     0.23393149     0.23393149
    7.4274274     0.37987997     0.37987997
    7.4674675     0.53476648     0.53476648
    7.5075075     0.61173739     0.61173739
    7.5475475     0.58292587     0.58292587
    7.5875876     0.47409136     0.47409136
    7.6276276     0.32747148     0.32747148
    7.6676677     0.18892076     0.18892076
    7.7077077     0.09694389     0.09694389
    7.7477478     0.06538245     0.06538245
    7.7877878     0.08520921     0.08520921
    7.8278278     0.14118458     0.14118458
    7.8678679     0.22020862     0.22020862
    7.9079079     0.29999384     0.29999384
    7.9479479     0.33747032     0.33747032
    7.9879880     0.29755800     0.29755800
    8.0280280     0.19864965     0.19864965
    8.0680681     0.09858240     0.09858240
    8.1081081     0.03631029     0.03631029
    8.1481482     0.01174565     0.01174565
    8.1881882     0.01221188     0.01221188
    8.2282282     0.03721081     0.03721081
    8.2682683     0.09671252     0.09671252
    8.3083083     0.18533170     0.18533170
    8.3483484     0.26075976     0.26075976
    8.3883884     0.27101833     0.27101833
    8.4284284     0.21279404     0.21279404
    8.4684685     0.13715177     0.13715177
    8.5085085     0.09211633     0.09211633
    8.5485485     0.08448592     0.08448592
    8.5885886     0.09612253     0.09612253
    8.6286286     0.11238050     0.11238050
    8.6686687     0.12632229     0.12632229
    8.7087087     0.13148126     0.13148126
    8.7487488     0.13111372     0.13111372
    8.7887888     0.14213934     0.14213934
    8.8288288     0.16397080     0.16397080
    8.8688689     0.16489328     0.16489327
    8.9089089     0.12523745     0.12523745
    8.9489490     0.06538896     0.06538896
    8.9889890     0.01548764     0.01548764
    9.0290290    -0.01312611    -0.01312611
    9.0690691    -0.02111434    -0.02111434
    9.1091091    -0.01144504    -0.01144504
    9.1491491     0.00750449     0.00750449
    9.1891892     0.02315063     0.02315063
    9.2292292     0.02817378     0.02817378
    9.2692693     0.02434357     0.02434357
    9.3093093     0.01828662     0.01828662
    9.3493494     0.01828529     0.01828529
    9.3893894     0.03309341     0.03309341
    9.4294294     0.06693400     0.06693400
    9.4694695     0.11522814     0.11522814
    9.5095095     0.17509466     0.17509466
    9.5495496     0.25518705     0.25518705
    9.5895896     0.34723536     0.34723536
    9.6296296     0.39728422     0.39728422
    9.6696697     0.35432972     0.35432972
    9.7097097     0.23986327     0.23986327
    9.7497497     0.12569998     0.12569998
    9.7897898     0.06067306     0.06067306
    9.8298298     0.04739145     0.04739145
    9.8698699     0.06389120     0.06389120
    9.9099099     0.08386151     0.08386151
    9.9499500     0.08961314     0.08961314
    9.9899900     0.08101093     0.08101093
   10.0300300     0.07444048     0.07444048
   10.0700701     0.09117111     0.09117111
   10.1101101     0.14106188     0.14106188
   10.1501502     0.20906184     0.20906184
   10.1901902     0.25610951     0.25610951
   10.2302302     0.24707796     0.24707796
   10.2702703     0.18543160     0.18543160
   10.3103103     0.10920250     0.10920250
   10.3503504     0.05333099     0.05333099
   10.3903904     0.02799530     0.02799530
   10.4304304     0.02822735     0.02822735
   10.4704705     0.05041853     0.05041853
   10.5105105     0.09532077     0.09532077
   10.5505506     0.15834759     0.15834759
   10.5905906     0.22108379     0.22108379
   10.6306306     0.25525406     0.25525405
   10.6706707     0.24140986     0.24140986
   10.7107107     0.18816376     0.18816376
   10.7507508     0.12634343     0.12634343
   10.7907908     0.08251121     0.08251121
   10.8308308     0.06327689     0.06327689
   10.8708709     0.05942501     0.05942501
   10.9109109     0.05874638     0.05874638
   10.9509510     0.05553791     0.05553791
   10.9909910     0.04713242     0.04713242
   11.0310310     0.02810724     0.02810724
   11.0710711     0.00096317     0.00096317
   11.1111111    -0.01295078    -0.01295078
   11.1511512     0.00847486     0.00847486
   11.1911912     0.05830526     0.05830526
   11.2312312     0.10095694     0.10095694
   11.2712713     0.10708943     0.10708943
   11.3113113     0.08444348     0.08444348
   11.3513514     0.07224083     0.07224083
   11.3913914     0.11108247     0.11108247
   11.4314314     0.21151357     0.21151357
   11.4714715     0.33315704     0.33315704
   11.5115115     0.40862606     0.40862606
   11.5515516     0.41156582     0.41156582
   11.5915916     0.37665112     0.37665112
   11.6316316     0.34277160     0.34277160
   11.6716717     0.32092118     0.32092118
   11.7117117     0.31737963     0.31737963
   11.7517518     0.33587237     0.33587238
   11.7917918     0.35566094     0.35566095
   11.8318318     0.35030747     0.35030746
   11.8718719     0.32903023     0.32903023
   11.9119119     0.31988846     0.31988846
   11.9519520     0.31242154     0.31242154
   11.9919920     0.26635021     0.26635021
   12.0320320     0.18089585     0.18089585
   12.0720721     0.10801080     0.10801080
   12.1121121     0.09453246     0.09453246
   12.1521522     0.13797440     0.13797440
   12.1921922     0.19218036     0.19218036
   12.2322322     0.20849622     0.20849622
   12.2722723     0.17770809     0.17770809
   12.3123123     0.12711445     0.12711445
   12.3523524     0.08327341     0.08327341
   12.3923924     0.05706424     0.05706424
   12.4324324     0.05754047     0.05754047
   12.4724725     0.09540504     0.09540504
   12.5125125     0.16367006     0.16367006
   12.5525526     0.22519142     0.22519142
   12.5925926     0.24206683     0.24206683
   12.6326326     0.22357101     0.22357101
   12.6726727     0.21802058     0.21802058
   12.7127127     0.24567378     0.24567378
   12.7527528     0.26513316     0.26513316
   12.7927928     0.22097740     0.22097740
   12.8328328     0.11662075     0.11662075
   12.8728729     0.03357797     0.03357797
   12.9129129     0.06949024     0.06949024
   12.9529530     0.24154039     0.24154039
   12.9929930     0.44863523     0.44863523
   13.0330330     0.54859194     0.54859193
   13.0730731     0.48752408     0.48752409
   13.1131131     0.33873492     0.33873492
   13.1531532     0.21197416     0.21197416
   13.1931932     0.15539535     0.15539535
   13.2332332     0.14926533     0.14926533
   13.2732733     0.15494142     0.15494142
   13.3133133     0.14597086     0.14597086
   13.3533534     0.11384443     0.11384443
   13.3933934     0.07194331     0.07194331
   13.4334334     0.04866787     0.04866787
   13.4734735     0.06062801     0.06062801
   13.5135135     0.09365533     0.09365533
   13.5535536     0.12001398     0.12001398
   13.5935936     0.13708766     0.13708766
   13.6336336     0.17353914     0.17353914
   13.6736737     0.23995242     0.23995242
   13.7137137     0.29067442     0.29067442
   13.7537538     0.26937760     0.26937760
   13.7937938     0.18270001     0.18270001
   13.8338338     0.09146344     0.09146344
   13.8738739     0.04303790     0.04303790
   13.9139139     0.04663031     0.04663031
   13.9539540     0.09273716     0.09273716
   13.9939940     0.15745680     0.15745680
   14.0340340     0.19856621     0.19856621
   14.0740741     0.18499670     0.18499670
   14.1141141     0.13352110     0.13352110
   14.1541542     0.09463426     0.09463426
   14.1941942     0.10373372     0.10373372
   14.2342342     0.15318856     0.15318856
   14.2742743     0.20123817     0.20123817
   14.3143143     0.20696130     0.20696130
   14.3543544     0.16557814     0.16557814
   14.3943944     0.10854730     0.10854730
   14.4344344     0.06884377     0.06884377
   14.4744745     0.05299467     0.05299467
   14.5145145     0.04739370     0.04739370
   14.5545546     0.04167801     0.04167801
   14.5945946     0.03704208     0.03704208
   14.6346346     0.03711317     0.03711317
   14.6746747     0.04415353     0.04415353
   14.7147147     0.06481293     0.06481293
   14.7547548     0.10609826     0.10609826
   14.7947948     0.15802735     0.15802735
   14.8348348     0.18922726     0.18922726
   14.8748749     0.17518070     0.17518070
   14.9149149     0.13027965     0.13027965
   14.9549550     0.09576104     0.09576104
   14.9949950     0.09375098     0.09375098
   15.0350350     0.10648025     0.10648025
   15.0750751     0.10596700     0.10596700
   15.1151151     0.09091358     0.09091358
   15.1551552     0.07748475     0.07748475
   15.1951952     0.06873121     0.06873121
   15.2352352     0.05833347     0.05833347
   15.2752753     0.04948473     0.04948473
   15.3153153     0.04933757     0.04933757
   15.3553554     0.05490363     0.05490363
   15.3953954     0.05597040     0.05597040
   15.4354354     0.04884932     0.04884932
   15.4754755     0.04006683     0.04006683
   15.5155155     0.03491422     0.03491422
   15.5555556     0.03031800     0.03031800
   15.5955956     0.02321859     0.02321859
   15.6356356     0.01797878     0.01797878
   15.6756757     0.02198859     0.02198859
   15.7157157     0.03835995     0.03835994
   15.7557558     0.06073517     0.06073517
   15.7957958     0.07354718     0.07354718
   15.8358358     0.06516736     0.06516736
   15.8758759     0.04233226     0.04233226
   15.9159159     0.02594666     0.02594666
   15.9559560     0.03971651     0.03971651
   15.9959960     0.11143015     0.11143015
   16.0360360     0.26708762     0.26708762
   16.0760761     0.49074812     0.49074812
   16.1161161     0.69087007     0.69087007
   16.1561562     0.75344270     0.75344270
   16.1961962     0.65387012     0.65387012
   16.2362362     0.48268858     0.48268858
   16.2762763     0.34760812     0.34760812
   16.3163163     0.28809875     0.28809875
   16.3563564     0.28443521     0.28443521
   16.3963964     0.29843827     0.29843827
   16.4364364     0.29532605     0.29532605
   16.4764765     0.25711090     0.25711090
   16.5165165     0.18863355     0.18863355
   16.5565566     0.11444416     0.11444416
   16.5965966     0.06624300     0.06624300
   16.6366366     0.05865222     0.05865222
   16.6766767     0.07806887     0.07806887
   16.7167167     0.09892849     0.09892849
   16.7567568     0.10297369     0.10297369
   16.7967968     0.09051246     0.09051246
   16.8368368     0.08515224     0.08515224
   16.8768769     0.11501952     0.11501952
   16.9169169     0.17641043     0.17641043
   16.9569570     0.22699461     0.22699461
   16.9969970     0.23135439     0.23135439
   17.0370370     0.20525316     0.20525316
   17.0770771     0.19458946     0.19458946
   17.1171171     0.22058774     0.22058774
   17.1571572     0.26730574     0.26730574
   17.1971972     0.30636855     0.30636855
   17.2372372     0.31194529     0.31194529
   17.2772773     0.27344406     0.27344406
   17.3173173     0.21176083     0.21176083
   17.3573574     0.16465219     0.16465219
   17.3973974     0.14845422     0.14845422
   17.4374374     0.14596167     0.14596167
   17.4774775     0.13716952     0.13716952
   17.5175175     0.13220969     0.13220969
   17.5575576     0.15569024     0.15569024
   17.5975976     0.19977988     0.19977988
   17.6376376     0.21902026     0.21902026
   17.6776777     0.18385026     0.18385026
   17.7177177     0.11820458     0.11820458
   17.7577578     0.07185540     0.07185540
   17.7977978     0.07692613     0.07692613
   17.8378378     0.13712529     0.13712529
   17.8778779     0.23181908     0.23181907
   17.9179179     0.31985402     0.31985402
   17.9579580     0.35983600     0.35983600
   17.9979980     0.34035128     0.34035128
   18.0380380     0.28525441     0.28525441
   18.0780781     0.22940334     0.22940334
   18.1181181     0.19119424     0.19119424
   18.1581582     0.16121686     0.16121685
   18.1981982     0.12203804     0.12203804
   18.2382382     0.08834727     0.08834727
   18.2782783     0.10666642     0.10666642
   18.3183183     0.18887432     0.18887432
   18.3583584     0.27147874     0.27147874
   18.3983984     0.28016287     0.28016287
   18.4384384     0.21240382     0.21240382
   18.4784785     0.12455645     0.12455645
   18.5185185     0.06121741     0.06121741
   18.5585586     0.02350757     0.02350757
   18.5985986    -0.00674979    -0.00674979
   18.6386386    -0.03206297    -0.03206297
   18.6786787    -0.03194770    -0.03194770
   18.7187187     0.01103137     0.01103137
   18.7587588     0.08006926     0.08006926
   18.7987988     0.12945788     0.12945788
   18.8388388     0.12961548     0.12961548
   18.8788789     0.09790509     0.09790509
   18.9189189     0.07580577     0.07580577
   18.9589590     0.08585254     0.08585254
   18.9989990     0.12062004     0.12062004
   19.0390390     0.16662312     0.16662312
   19.0790791     0.21887056     0.21887056
   19.1191191     0.25940218     0.25940218
   19.1591592     0.25121912     0.25121912
   19.1991992     0.18460713     0.18460713
   19.2392392     0.10134872     0.10134872
   19.2792793     0.05210518     0.05210518
   19.3193193     0.05909704     0.05909704
   19.3593594     0.12591765     0.12591765
   19.3993994     0.25129729     0.25129729
   19.4394394     0.41998446     0.41998446
   19.4794795     0.59597410     0.59597410
   19.5195195     0.73572073     0.73572073
   19.5595596     0.80333179     0.80333179
   19.5995996     0.78104893     0.78104893
   19.6396396     0.68599321     0.68599321
   19.6796797     0.56715100     0.56715100
   19.7197197     0.46051015     0.46051015
   19.7597598     0.36285462     0.36285462
   19.7997998     0.26707005     0.26707005
   19.8398398     0.19019545     0.19019545
   19.8798799     0.14844417     0.14844417
   19.9199199     0.13732119     0.13732119
   19.9599600     0.15149778     0.15149778
   20.0000000     0.19322867     0.19322867
