#
#   partial DOS for atom species: Ga
#
#   Add data for atom_index =   1,  n,l,m,z=  4  1 -1  1
#   Add data for atom_index =   1,  n,l,m,z=  4  1  0  1
#   Add data for atom_index =   1,  n,l,m,z=  4  1  1  1
#   Add data for atom_index =   1,  n,l,m,z=  4  1 -1  2
#   Add data for atom_index =   1,  n,l,m,z=  4  1  0  2
#   Add data for atom_index =   1,  n,l,m,z=  4  1  1  2
#   Add data for atom_index =   1,  n,l,m,z=  4  1 -1  3
#   Add data for atom_index =   1,  n,l,m,z=  4  1  0  3
#   Add data for atom_index =   1,  n,l,m,z=  4  1  1  3
#
#    Energy          spin 1        spin2
#
  -20.0000000     0.00000000     0.00000000
  -19.9599600     0.00000000     0.00000000
  -19.9199199     0.00000000     0.00000000
  -19.8798799     0.00000000     0.00000000
  -19.8398398     0.00000000     0.00000000
  -19.7997998     0.00000000     0.00000000
  -19.7597598     0.00000000     0.00000000
  -19.7197197     0.00000000     0.00000000
  -19.6796797     0.00000000     0.00000000
  -19.6396396     0.00000000     0.00000000
  -19.5995996     0.00000000     0.00000000
  -19.5595596     0.00000000     0.00000000
  -19.5195195     0.00000000     0.00000000
  -19.4794795     0.00000000     0.00000000
  -19.4394394     0.00000000     0.00000000
  -19.3993994     0.00000000     0.00000000
  -19.3593594     0.00000000     0.00000000
  -19.3193193     0.00000000     0.00000000
  -19.2792793     0.00000000     0.00000000
  -19.2392392     0.00000000     0.00000000
  -19.1991992     0.00000000     0.00000000
  -19.1591592     0.00000000     0.00000000
  -19.1191191     0.00000000     0.00000000
  -19.0790791     0.00000000     0.00000000
  -19.0390390     0.00000000     0.00000000
  -18.9989990     0.00000000     0.00000000
  -18.9589590     0.00000000     0.00000000
  -18.9189189     0.00000000     0.00000000
  -18.8788789     0.00000000     0.00000000
  -18.8388388     0.00000000     0.00000000
  -18.7987988     0.00000000     0.00000000
  -18.7587588     0.00000000     0.00000000
  -18.7187187     0.00000000     0.00000000
  -18.6786787     0.00000000     0.00000000
  -18.6386386     0.00000000     0.00000000
  -18.5985986     0.00000000     0.00000000
  -18.5585586     0.00000000     0.00000000
  -18.5185185     0.00000000     0.00000000
  -18.4784785     0.00000000     0.00000000
  -18.4384384     0.00000000     0.00000000
  -18.3983984     0.00000000     0.00000000
  -18.3583584     0.00000000     0.00000000
  -18.3183183     0.00000000     0.00000000
  -18.2782783     0.00000000     0.00000000
  -18.2382382    -0.00000000     0.00000000
  -18.1981982    -0.00000000    -0.00000000
  -18.1581582    -0.00000000    -0.00000000
  -18.1181181    -0.00000002    -0.00000001
  -18.0780781    -0.00000019    -0.00000013
  -18.0380380    -0.00000146    -0.00000112
  -17.9979980    -0.00000818    -0.00000693
  -17.9579580    -0.00003307    -0.00003107
  -17.9179179    -0.00009583    -0.00010056
  -17.8778779    -0.00019560    -0.00023356
  -17.8378378    -0.00026758    -0.00038310
  -17.7977978    -0.00020408    -0.00042490
  -17.7577578     0.00002156    -0.00027367
  -17.7177177     0.00027598    -0.00001106
  -17.6776777     0.00038505     0.00018093
  -17.6376376     0.00031555     0.00021173
  -17.5975976     0.00017542     0.00013984
  -17.5575576     0.00006896     0.00006204
  -17.5175175     0.00001952     0.00001942
  -17.4774775     0.00000495     0.00000480
  -17.4374374     0.00001191     0.00000662
  -17.3973974     0.00009289     0.00005515
  -17.3573574     0.00052985     0.00036328
  -17.3173173     0.00201027     0.00166221
  -17.2772773     0.00437709     0.00499975
  -17.2372372     0.00107430     0.00820822
  -17.1971972    -0.02733720    -0.00175381
  -17.1571572    -0.10321032    -0.04831879
  -17.1171171    -0.22041347    -0.14144235
  -17.0770771    -0.33141704    -0.25211851
  -17.0370370    -0.38141747    -0.32703917
  -16.9969970    -0.34860273    -0.32966352
  -16.9569570    -0.25343092    -0.26267777
  -16.9169169    -0.14360240    -0.16341622
  -16.8768769    -0.06186099    -0.07759513
  -16.8368368    -0.01986906    -0.02756388
  -16.7967968    -0.00470548    -0.00722863
  -16.7567568    -0.00088416    -0.00141274
  -16.7167167    -0.00073868    -0.00045246
  -16.6766767    -0.00415095    -0.00193966
  -16.6366366    -0.01970382    -0.01041839
  -16.5965966    -0.06892088    -0.04144762
  -16.5565566    -0.17914067    -0.12194145
  -16.5165165    -0.35191389    -0.26888585
  -16.4764765    -0.53489651    -0.45318200
  -16.4364364    -0.64485032    -0.59750203
  -16.3963964    -0.62580052    -0.62784977
  -16.3563564    -0.48672208    -0.52789382
  -16.3163163    -0.29716791    -0.35049296
  -16.2762763    -0.13886916    -0.17967484
  -16.2362362    -0.04864336    -0.06958125
  -16.1961962    -0.01259438    -0.02002854
  -16.1561562    -0.00239022    -0.00424082
  -16.1161161    -0.00033096    -0.00065651
  -16.0760761    -0.00003335    -0.00007405
  -16.0360360    -0.00000244    -0.00000607
  -15.9959960    -0.00000013    -0.00000036
  -15.9559560    -0.00000001    -0.00000002
  -15.9159159    -0.00000005    -0.00000001
  -15.8758759    -0.00000047    -0.00000011
  -15.8358358    -0.00000327    -0.00000102
  -15.7957958    -0.00001689    -0.00000684
  -15.7557558    -0.00006513    -0.00003403
  -15.7157157    -0.00018824    -0.00012577
  -15.6756757    -0.00040939    -0.00034554
  -15.6356356    -0.00067082    -0.00070529
  -15.5955956    -0.00082694    -0.00106774
  -15.5555556    -0.00076415    -0.00119605
  -15.5155155    -0.00052838    -0.00098887
  -15.4754755    -0.00029125    -0.00060573
  -15.4354354    -0.00027914    -0.00031216
  -15.3953954    -0.00106705    -0.00039489
  -15.3553554    -0.00451054    -0.00162434
  -15.3153153    -0.01464761    -0.00632696
  -15.2752753    -0.03614270    -0.01908301
  -15.2352352    -0.06839886    -0.04443437
  -15.1951952    -0.09965953    -0.07974083
  -15.1551552    -0.11094217    -0.10873935
  -15.1151151    -0.09221006    -0.10945747
  -15.0750751    -0.05467743    -0.07722922
  -15.0350350    -0.02088866    -0.03389877
  -14.9949950    -0.00333457    -0.00495310
  -14.9549550     0.00126745     0.00421761
  -14.9149149     0.00102239     0.00342472
  -14.8748749     0.00029861     0.00130301
  -14.8348348    -0.00025600     0.00018667
  -14.7947948    -0.00157174    -0.00077158
  -14.7547548    -0.00543371    -0.00359780
  -14.7147147    -0.01315829    -0.01128255
  -14.6746747    -0.02173156    -0.02505937
  -14.6346346    -0.02236677    -0.03860520
  -14.5945946    -0.00939413    -0.03917642
  -14.5545546     0.00807237    -0.02298670
  -14.5145145     0.00979988    -0.00730293
  -14.4744745    -0.02063492    -0.01936037
  -14.4344344    -0.08658383    -0.07458703
  -14.3943944    -0.17206735    -0.16365455
  -14.3543544    -0.24103172    -0.25291870
  -14.3143143    -0.25936890    -0.30247390
  -14.2742743    -0.22219641    -0.29099693
  -14.2342342    -0.15329158    -0.22621803
  -14.1941942    -0.08427890    -0.13960184
  -14.1541542    -0.03612509    -0.06767191
  -14.1141141    -0.01218640    -0.02890492
  -14.0740741    -0.00509232    -0.01895918
  -14.0340340    -0.00830302    -0.02326047
  -13.9939940    -0.01962134    -0.02787753
  -13.9539540    -0.03556663    -0.02514179
  -13.9139139    -0.04664380    -0.01577725
  -13.8738739    -0.04281110    -0.00418813
  -13.8338338    -0.02231106     0.00799179
  -13.7937938     0.00975139     0.02016183
  -13.7537538     0.04723117     0.02618147
  -13.7137137     0.08162847     0.01760636
  -13.6736737     0.10260540    -0.00148811
  -13.6336336     0.10668356    -0.00969544
  -13.5935936     0.09887590     0.01121929
  -13.5535536     0.08311716     0.05077067
  -13.5135135     0.06001521     0.07545063
  -13.4734735     0.03396573     0.06461446
  -13.4334334     0.01178104     0.02996519
  -13.3933934    -0.00543535    -0.00272193
  -13.3533534    -0.02103512    -0.01828707
  -13.3133133    -0.03397536    -0.01782786
  -13.2732733    -0.03700541    -0.01036993
  -13.2332332    -0.02445425    -0.00260579
  -13.1931932     0.00318557     0.00581339
  -13.1531532     0.04217988     0.01968352
  -13.1131131     0.08557507     0.04096299
  -13.0730731     0.12145543     0.06337644
  -13.0330330     0.14151664     0.07869292
  -12.9929930     0.15208979     0.09042353
  -12.9529530     0.16484938     0.11165120
  -12.9129129     0.17584747     0.14260204
  -12.8728729     0.17144399     0.16225657
  -12.8328328     0.15396900     0.15522070
  -12.7927928     0.13851361     0.13457445
  -12.7527528     0.12787568     0.12144812
  -12.7127127     0.11137046     0.11565517
  -12.6726727     0.08535226     0.10215218
  -12.6326326     0.06329710     0.07508029
  -12.5925926     0.06698286     0.04419337
  -12.5525526     0.10889188     0.02379511
  -12.5125125     0.17515478     0.02413081
  -12.4724725     0.22663394     0.05151199
  -12.4324324     0.23232422     0.10446662
  -12.3923924     0.19977653     0.16408194
  -12.3523524     0.15742537     0.20058022
  -12.3123123     0.11983190     0.19903424
  -12.2722723     0.08580547     0.16976117
  -12.2322322     0.05465484     0.13099677
  -12.1921922     0.03125594     0.09331326
  -12.1521522     0.02277745     0.06207740
  -12.1121121     0.03669931     0.04385107
  -12.0720721     0.07687663     0.04371200
  -12.0320320     0.13321103     0.05949247
  -11.9919920     0.18003747     0.08538247
  -11.9519520     0.19853255     0.11925575
  -11.9119119     0.19493926     0.15728279
  -11.8718719     0.18315947     0.18829894
  -11.8318318     0.16537046     0.20705119
  -11.7917918     0.14322459     0.21763700
  -11.7517518     0.12802260     0.21464604
  -11.7117117     0.13221630     0.18973580
  -11.6716717     0.15906362     0.16116459
  -11.6316316     0.19146126     0.16323686
  -11.5915916     0.19627614     0.20030886
  -11.5515516     0.16209658     0.23441144
  -11.5115115     0.12309256     0.22754118
  -11.4714715     0.12679192     0.18461004
  -11.4314314     0.18439679     0.14616647
  -11.3913914     0.25551545     0.14728923
  -11.3513514     0.28265835     0.18887664
  -11.3113113     0.25187103     0.23816816
  -11.2712713     0.21175927     0.25587365
  -11.2312312     0.21671308     0.23546293
  -11.1911912     0.26043353     0.20707490
  -11.1511512     0.28571027     0.19029751
  -11.1111111     0.25929408     0.17028380
  -11.0710711     0.20924155     0.13730755
  -11.0310310     0.17879855     0.11548659
  -10.9909910     0.17463243     0.13316992
  -10.9509510     0.17373862     0.18661084
  -10.9109109     0.15970571     0.24164021
  -10.8708709     0.13917155     0.26183665
  -10.8308308     0.12868060     0.23640779
  -10.7907908     0.13787342     0.18626732
  -10.7507508     0.16789766     0.14222474
  -10.7107107     0.21265660     0.11749277
  -10.6706707     0.25554151     0.10490111
  -10.6306306     0.27470492     0.09735339
  -10.5905906     0.25908662     0.10002187
  -10.5505506     0.21920176     0.11993452
  -10.5105105     0.17897461     0.15297807
  -10.4704705     0.15603384     0.18569338
  -10.4304304     0.15189627     0.20457046
  -10.3903904     0.15740455     0.20384482
  -10.3503504     0.16240575     0.19146791
  -10.3103103     0.16245289     0.18620424
  -10.2702703     0.15899065     0.20116521
  -10.2302302     0.15517720     0.22906219
  -10.1901902     0.15588202     0.24774343
  -10.1501502     0.16745212     0.24075397
  -10.1101101     0.18877873     0.21127084
  -10.0700701     0.20612116     0.18034995
  -10.0300300     0.20289829     0.17234216
   -9.9899900     0.17467550     0.19313497
   -9.9499500     0.13584736     0.22112654
   -9.9099099     0.11041412     0.22927314
   -9.8698699     0.11234917     0.21467650
   -9.8298298     0.13520389     0.19559017
   -9.7897898     0.15994854     0.18628014
   -9.7497497     0.16924708     0.18761714
   -9.7097097     0.15731436     0.19483016
   -9.6696697     0.13273382     0.20284834
   -9.6296296     0.11087655     0.20558246
   -9.5895896     0.10123301     0.19714457
   -9.5495496     0.10290489     0.17723162
   -9.5095095     0.10889561     0.15197936
   -9.4694695     0.11128020     0.12776805
   -9.4294294     0.10577991     0.10812801
   -9.3893894     0.09483204     0.09534758
   -9.3493494     0.08514952     0.08934349
   -9.3093093     0.08153239     0.08581144
   -9.2692693     0.08303822     0.07946987
   -9.2292292     0.08388708     0.06902024
   -9.1891892     0.07913153     0.05744374
   -9.1491491     0.07156514     0.04867227
   -9.1091091     0.07011893     0.04582423
   -9.0690691     0.07832803     0.04967463
   -9.0290290     0.08818434     0.05609879
   -8.9889890     0.08934106     0.05917735
   -8.9489490     0.08028541     0.05814852
   -8.9089089     0.06634855     0.05754569
   -8.8688689     0.05200217     0.06185773
   -8.8288288     0.04008104     0.07207261
   -8.7887888     0.03443399     0.08390578
   -8.7487488     0.03781129     0.08929931
   -8.7087087     0.04741329     0.08402356
   -8.6686687     0.05612586     0.07273659
   -8.6286286     0.05932301     0.06345775
   -8.5885886     0.05871441     0.05940991
   -8.5485485     0.05961690     0.05842289
   -8.5085085     0.06634530     0.05771566
   -8.4684685     0.07899381     0.05699234
   -8.4284284     0.09257417     0.05786983
   -8.3883884     0.10070507     0.06161275
   -8.3483484     0.10114946     0.06745291
   -8.3083083     0.09662189     0.07265401
   -8.2682683     0.09025073     0.07452970
   -8.2282282     0.08283847     0.07306184
   -8.1881882     0.07608091     0.07049358
   -8.1481482     0.07414828     0.06823283
   -8.1081081     0.07840859     0.06626509
   -8.0680681     0.08373955     0.06542872
   -8.0280280     0.08313570     0.06796361
   -7.9879880     0.07538143     0.07440459
   -7.9479479     0.06745467     0.08081541
   -7.9079079     0.06891371     0.08256402
   -7.8678679     0.08294001     0.08105910
   -7.8278278     0.10251055     0.08191773
   -7.7877878     0.11575703     0.08631798
   -7.7477478     0.11497128     0.08940057
   -7.7077077     0.10067732     0.08668646
   -7.6676677     0.07976891     0.07793266
   -7.6276276     0.06173821     0.06635999
   -7.5875876     0.05333398     0.05702060
   -7.5475475     0.05299242     0.05403338
   -7.5075075     0.05240403     0.05715218
   -7.4674675     0.04588488     0.06214273
   -7.4274274     0.03580430     0.06483079
   -7.3873874     0.02764789     0.06251442
   -7.3473473     0.02340490     0.05333538
   -7.3073073     0.02224201     0.03865791
   -7.2672673     0.02436628     0.02410489
   -7.2272272     0.02972103     0.01537034
   -7.1871872     0.03491045     0.01487227
   -7.1471472     0.03649177     0.02222009
   -7.1071071     0.03583261     0.03420280
   -7.0670671     0.03690190     0.04421122
   -7.0270270     0.04103043     0.04621015
   -6.9869870     0.04620041     0.04061853
   -6.9469470     0.05034218     0.03351581
   -6.9069069     0.05442966     0.03079379
   -6.8668669     0.06184338     0.03491960
   -6.8268268     0.07345907     0.04497472
   -6.7867868     0.08412376     0.05797956
   -6.7467467     0.08775899     0.07141262
   -6.7067067     0.08662294     0.08442813
   -6.6666667     0.08863491     0.09536102
   -6.6266266     0.09408108     0.09924531
   -6.5865866     0.09493394     0.09114737
   -6.5465466     0.08809361     0.07358121
   -6.5065065     0.07808319     0.05727500
   -6.4664665     0.06754593     0.05157692
   -6.4264264     0.05642618     0.05732251
   -6.3863864     0.04908929     0.07064284
   -6.3463464     0.05186105     0.08798657
   -6.3063063     0.06370626     0.10384525
   -6.2662663     0.07637618     0.10965290
   -6.2262262     0.08298077     0.10167830
   -6.1861862     0.08213809     0.08617350
   -6.1461461     0.07640238     0.07152954
   -6.1061061     0.06969805     0.06029275
   -6.0660661     0.06530464     0.05155249
   -6.0260260     0.06647599     0.04502340
   -5.9859860     0.07571514     0.04265414
   -5.9459459     0.08889196     0.05061597
   -5.9059059     0.09544351     0.07578157
   -5.8658659     0.08951607     0.11517410
   -5.8258258     0.07509401     0.15372289
   -5.7857858     0.05869330     0.17876240
   -5.7457458     0.04450262     0.19062752
   -5.7057057     0.03680163     0.19144924
   -5.6656657     0.03962562     0.17403216
   -5.6256256     0.05125983     0.13400700
   -5.5855856     0.06276298     0.08434972
   -5.5455455     0.06543924     0.04652840
   -5.5055055     0.05894844     0.03285389
   -5.4654655     0.05103428     0.04263342
   -5.4254254     0.05173375     0.06754369
   -5.3853854     0.06765265     0.09614314
   -5.3453453     0.09706992     0.11913038
   -5.3053053     0.12906061     0.13393747
   -5.2652653     0.15038530     0.14266457
   -5.2252252     0.15511029     0.14540732
   -5.1851852     0.14706701     0.13743489
   -5.1451452     0.13307440     0.11513741
   -5.1051051     0.11682475     0.08483071
   -5.0650651     0.10148933     0.06143738
   -5.0250250     0.09264692     0.05539236
   -4.9849850     0.09276471     0.06287805
   -4.9449449     0.09677440     0.07213821
   -4.9049049     0.09782696     0.07842579
   -4.8648649     0.09497343     0.08635357
   -4.8248248     0.09187591     0.09583181
   -4.7847848     0.08969280     0.09613720
   -4.7447447     0.08614711     0.08081956
   -4.7047047     0.08161766     0.05962264
   -4.6646647     0.08205688     0.04762604
   -4.6246246     0.09489864     0.04814530
   -4.5845846     0.12124435     0.05229341
   -4.5445445     0.15236190     0.05247760
   -4.5045045     0.17643054     0.05283533
   -4.4644645     0.18506124     0.06664926
   -4.4244244     0.17328508     0.10156080
   -4.3843844     0.14537138     0.14462719
   -4.3443443     0.11777122     0.16819478
   -4.3043043     0.10133949     0.15889917
   -4.2642643     0.08912499     0.13431228
   -4.2242242     0.07395209     0.12015701
   -4.1841842     0.06670456     0.11814323
   -4.1441441     0.08834842     0.10983306
   -4.1041041     0.14899424     0.08715612
   -4.0640641     0.23312621     0.06301255
   -4.0240240     0.30199699     0.05431491
   -3.9839840     0.31823790     0.06954132
   -3.9439439     0.27335494     0.10859658
   -3.9039039     0.19123535     0.15993588
   -3.8638639     0.10845260     0.20076644
   -3.8238238     0.05060554     0.21208207
   -3.7837838     0.02161555     0.19166622
   -3.7437437     0.01110711     0.14961564
   -3.7037037     0.00881047     0.10063023
   -3.6636637     0.01172722     0.05961614
   -3.6236236     0.02081072     0.03499744
   -3.5835836     0.03345400     0.02716402
   -3.5435435     0.04157845     0.03264651
   -3.5035035     0.03998907     0.04475228
   -3.4634635     0.03514696     0.05426023
   -3.4234234     0.04090623     0.05540175
   -3.3833834     0.06351846     0.05021840
   -3.3433433     0.09120011     0.04685065
   -3.3033033     0.10292449     0.05356441
   -3.2632633     0.09127138     0.06969715
   -3.2232232     0.07007166     0.08308869
   -3.1831832     0.05871262     0.08256586
   -3.1431431     0.07124536     0.06952671
   -3.1031031     0.11604923     0.05267907
   -3.0630631     0.18372643     0.03994660
   -3.0230230     0.23801135     0.04042828
   -2.9829830     0.24513166     0.06442785
   -2.9429429     0.21170972     0.11198340
   -2.9029029     0.17099811     0.16347644
   -2.8628629     0.13903986     0.19218459
   -2.8228228     0.10726368     0.18908561
   -2.7827828     0.07006067     0.16553253
   -2.7427427     0.03754034     0.13275220
   -2.7027027     0.02393288     0.09397342
   -2.6626627     0.03968446     0.05538376
   -2.6226226     0.09124272     0.02909650
   -2.5825826     0.17079352     0.02554974
   -2.5425425     0.24727709     0.05203191
   -2.5025025     0.28676902     0.11204939
   -2.4624625     0.28128678     0.19292965
   -2.4224224     0.24381970     0.25922402
   -2.3823824     0.18902897     0.27888174
   -2.3423423     0.13216347     0.25595317
   -2.3023023     0.08768459     0.21642314
   -2.2622623     0.05981070     0.17120837
   -2.2222222     0.04512044     0.11917438
   -2.1821822     0.04102701     0.06943323
   -2.1421421     0.04472377     0.03522302
   -2.1021021     0.05242271     0.01943909
   -2.0620621     0.06573060     0.01912431
   -2.0220220     0.08853596     0.03347129
   -1.9819820     0.11160228     0.06102012
   -1.9419419     0.11481356     0.09625204
   -1.9019019     0.09379487     0.13288736
   -1.8618619     0.06920709     0.16212945
   -1.8218218     0.06144308     0.16765194
   -1.7817818     0.06993748     0.13985633
   -1.7417417     0.08310760     0.09383279
   -1.7017017     0.09484399     0.05465288
   -1.6616617     0.10301612     0.03127673
   -1.6216216     0.10302518     0.01798014
   -1.5815816     0.09140356     0.01076302
   -1.5415415     0.06990708     0.01294841
   -1.5015015     0.04455704     0.03132751
   -1.4614615     0.02351622     0.06853878
   -1.4214214     0.01424350     0.11248249
   -1.3813814     0.02349929     0.13783831
   -1.3413413     0.05902272     0.13018601
   -1.3013013     0.12030596     0.10447572
   -1.2612613     0.18222242     0.08848923
   -1.2212212     0.20532413     0.09334590
   -1.1811812     0.17986033     0.11081881
   -1.1411411     0.14563219     0.13455505
   -1.1011011     0.15401357     0.16742185
   -1.0610611     0.22295911     0.20814998
   -1.0210210     0.32694723     0.25166332
   -0.9809810     0.40784621     0.30261524
   -0.9409409     0.40689323     0.36445519
   -0.9009009     0.31747593     0.41258952
   -0.8608609     0.19557400     0.40258723
   -0.8208208     0.10092814     0.31861398
   -0.7807808     0.05062127     0.19818057
   -0.7407407     0.03442001     0.09580568
   -0.7007007     0.04204217     0.03684167
   -0.6606607     0.06300432     0.01487557
   -0.6206206     0.07900167     0.01646492
   -0.5805806     0.07411592     0.03442505
   -0.5405405     0.05084185     0.06075069
   -0.5005005     0.02554780     0.07886416
   -0.4604605     0.01015123     0.07428092
   -0.4204204     0.00559836     0.05087912
   -0.3803804     0.00837992     0.02620701
   -0.3403403     0.01612501     0.01312441
   -0.3003003     0.02909361     0.01302258
   -0.2602603     0.05016529     0.02086854
   -0.2202202     0.08102787     0.03050610
   -0.1801802     0.11528877     0.03976566
   -0.1401401     0.13812418     0.05285270
   -0.1001001     0.13727427     0.07247165
   -0.0600601     0.11569628     0.09204398
   -0.0200200     0.09159182     0.10506281
    0.0200200     0.08164369     0.11671230
    0.0600601     0.08438576     0.13284303
    0.1001001     0.08775725     0.14377143
    0.1401401     0.09103021     0.13576233
    0.1801802     0.10519333     0.11556857
    0.2202202     0.13179680     0.10671566
    0.2602603     0.15479017     0.12189040
    0.3003003     0.15488064     0.15207544
    0.3403403     0.12789317     0.17762703
    0.3803804     0.09042792     0.17869616
    0.4204204     0.06548866     0.14631262
    0.4604605     0.06194629     0.09526327
    0.5005005     0.07234881     0.05597602
    0.5405405     0.08524794     0.04602820
    0.5805806     0.09039106     0.05562251
    0.6206206     0.07980431     0.06351050
    0.6606607     0.05534204     0.06110875
    0.7007007     0.02924822     0.05478310
    0.7407407     0.01186591     0.04918650
    0.7807808     0.00463593     0.04089853
    0.8208208     0.00603717     0.02851050
    0.8608609     0.02136976     0.01837246
    0.9009009     0.06813263     0.02142925
    0.9409409     0.16568604     0.05348731
    0.9809810     0.30198459     0.13305413
    1.0210210     0.41270600     0.25842016
    1.0610611     0.42608177     0.38201109
    1.1011011     0.33760939     0.43514242
    1.1411411     0.21343143     0.39418125
    1.1811812     0.12138800     0.29853067
    1.2212212     0.08479507     0.20171928
    1.2612613     0.09633457     0.13787854
    1.3013013     0.14522736     0.12673296
    1.3413413     0.21509077     0.16831744
    1.3813814     0.27264821     0.23010871
    1.4214214     0.28663573     0.26896031
    1.4614615     0.25409404     0.26979558
    1.5015015     0.19588304     0.24352644
    1.5415415     0.14087610     0.19925534
    1.5815816     0.11427947     0.14592731
    1.6216216     0.11931590     0.10456997
    1.6616617     0.13214168     0.09123716
    1.7017017     0.13010169     0.09712107
    1.7417417     0.12050105     0.10234071
    1.7817818     0.12762996     0.10403247
    1.8218218     0.15475928     0.11719727
    1.8618619     0.17609827     0.14720597
    1.9019019     0.17127979     0.17358653
    1.9419419     0.15092815     0.17168834
    1.9819820     0.13483436     0.14603576
    2.0220220     0.12178904     0.12656954
    2.0620621     0.10008682     0.13205064
    2.1021021     0.07358731     0.15231569
    2.1421421     0.05976468     0.16524228
    2.1821822     0.06974174     0.15879665
    2.2222222     0.09932370     0.13856960
    2.2622623     0.13817326     0.12118251
    2.3023023     0.18537487     0.11973104
    2.3423423     0.24953432     0.13903443
    2.3823824     0.32629757     0.18704039
    2.4224224     0.38132253     0.27137296
    2.4624625     0.37233941     0.36829699
    2.5025025     0.29342408     0.41762583
    2.5425425     0.18440217     0.37656766
    2.5825826     0.09305272     0.26781298
    2.6226226     0.04040678     0.15698338
    2.6626627     0.02294516     0.09390239
    2.7027027     0.03246389     0.08474491
    2.7427427     0.06489864     0.10523711
    2.7827828     0.11375924     0.12600995
    2.8228228     0.16214713     0.12887969
    2.8628629     0.18780948     0.11210719
    2.9029029     0.17910258     0.09051472
    2.9429429     0.14472456     0.08525698
    2.9829830     0.10743967     0.10126474
    3.0230230     0.08682935     0.11812114
    3.0630631     0.08351151     0.11347388
    3.1031031     0.08111031     0.08924655
    3.1431431     0.06748482     0.06427072
    3.1831832     0.05068444     0.05164076
    3.2232232     0.05105772     0.05583779
    3.2632633     0.07989162     0.08088919
    3.3033033     0.12399156     0.12494578
    3.3433433     0.15220564     0.16811632
    3.3833834     0.14532120     0.18041221
    3.4234234     0.11468564     0.15010481
    3.4634635     0.08318305     0.09613473
    3.5035035     0.06059971     0.04732953
    3.5435435     0.04466510     0.01791831
    3.5835836     0.03183777     0.00541026
    3.6236236     0.02082341     0.00212996
    3.6636637     0.01212890     0.00307346
    3.7037037     0.00686147     0.00624800
    3.7437437     0.00589194     0.01032382
    3.7837838     0.01112115     0.01401485
    3.8238238     0.02645909     0.01743430
    3.8638639     0.05429014     0.02229991
    3.9039039     0.08914343     0.03080977
    3.9439439     0.11812819     0.04595178
    3.9839840     0.13221056     0.06984349
    4.0240240     0.13502188     0.09805831
    4.0640641     0.13814164     0.12162263
    4.1041041     0.15101357     0.13950602
    4.1441441     0.17180744     0.16127155
    4.1841842     0.18254998     0.19136933
    4.2242242     0.16425831     0.21559363
    4.2642643     0.12337748     0.21080611
    4.3043043     0.08812465     0.17108237
    4.3443443     0.07502520     0.11847245
    4.3843844     0.07549279     0.08381651
    4.4244244     0.07768030     0.08185446
    4.4644645     0.08489098     0.10451701
    4.5045045     0.10384611     0.12936270
    4.5445445     0.12531817     0.13439726
    4.5845846     0.13156436     0.11385499
    4.6246246     0.12314685     0.08320858
    4.6646647     0.12380737     0.06738703
    4.7047047     0.15347982     0.08284665
    4.7447447     0.20478637     0.12733906
    4.7847848     0.24927425     0.18254170
    4.8248248     0.26557786     0.22657828
    4.8648649     0.26067078     0.25070253
    4.9049049     0.26141820     0.26944608
    4.9449449     0.28391960     0.30400518
    4.9849850     0.31221978     0.34503023
    5.0250250     0.31553110     0.35050257
    5.0650651     0.28828750     0.29636405
    5.1051051     0.25545709     0.20757779
    5.1451452     0.23415832     0.12817317
    5.1851852     0.21756721     0.08473217
    5.2252252     0.20445079     0.08443230
    5.2652653     0.20955287     0.12473886
    5.3053053     0.23013571     0.19228374
    5.3453453     0.23669393     0.25964204
    5.3853854     0.21445159     0.29654089
    5.4254254     0.18555843     0.28868219
    5.4654655     0.17863096     0.24349573
    5.5055055     0.19846137     0.18589141
    5.5455455     0.23179449     0.15036476
    5.5855856     0.27046981     0.16101933
    5.6256256     0.31528205     0.21274655
    5.6656657     0.35285201     0.27805222
    5.7057057     0.35655091     0.33382139
    5.7457458     0.32392597     0.37590150
    5.7857858     0.27952909     0.40112342
    5.8258258     0.24240570     0.39278837
    5.8658659     0.22133795     0.34878872
    5.9059059     0.21869425     0.29801464
    5.9459459     0.21958093     0.26004887
    5.9859860     0.20530514     0.22054774
    6.0260260     0.17826851     0.16611520
    6.0660661     0.15169488     0.11097822
    6.1061061     0.12743062     0.07565963
    6.1461461     0.09999009     0.06176923
    6.1861862     0.07120475     0.05760935
    6.2262262     0.05049752     0.05595954
    6.2662663     0.04431032     0.05664624
    6.3063063     0.05071519     0.05891911
    6.3463464     0.06683836     0.06367163
    6.3863864     0.09732697     0.08071445
    6.4264264     0.14380564     0.12167551
    6.4664665     0.18551360     0.18231592
    6.5065065     0.19047410     0.23655525
    6.5465466     0.15363694     0.25322931
    6.5865866     0.10438456     0.22286348
    6.6266266     0.07072131     0.16666502
    6.6666667     0.05534543     0.11634365
    6.7067067     0.05017311     0.08943624
    6.7467467     0.05558243     0.08537095
    6.7867868     0.07702369     0.09251586
    6.8268268     0.11154067     0.09366256
    6.8668669     0.14383621     0.07853403
    6.9069069     0.15431901     0.05619547
    6.9469470     0.13340344     0.04744043
    6.9869870     0.09178424     0.06440737
    7.0270270     0.05296451     0.09773055
    7.0670671     0.03320721     0.12185194
    7.1071071     0.03205316     0.11878015
    7.1471472     0.04008753     0.09679073
    7.1871872     0.05049323     0.07768178
    7.2272272     0.06221965     0.06987934
    7.2672673     0.07502052     0.06549129
    7.3073073     0.08934971     0.06184901
    7.3473473     0.11326626     0.07345795
    7.3873874     0.15444925     0.11489089
    7.4274274     0.19720576     0.17377757
    7.4674675     0.20679842     0.21109296
    7.5075075     0.17002312     0.19826959
    7.5475475     0.11473185     0.14676976
    7.5875876     0.07975528     0.09065724
    7.6276276     0.07921766     0.05396857
    7.6676677     0.09825044     0.04537861
    7.7077077     0.11281215     0.06336680
    7.7477478     0.11252312     0.09238052
    7.7877878     0.10685958     0.11117500
    7.8278278     0.11240621     0.11517915
    7.8678679     0.13757356     0.11845050
    7.9079079     0.17445873     0.13093354
    7.9479479     0.20038760     0.14410447
    7.9879880     0.19278396     0.14058464
    8.0280280     0.14927708     0.11328342
    8.0680681     0.09162134     0.07328401
    8.1081081     0.04619456     0.03918971
    8.1481482     0.02324475     0.02219957
    8.1881882     0.01620710     0.02319488
    8.2282282     0.01476123     0.03690989
    8.2682683     0.01407175     0.05266741
    8.3083083     0.01393435     0.05743060
    8.3483484     0.01434488     0.04648829
    8.3883884     0.01578742     0.02828055
    8.4284284     0.02343802     0.01503881
    8.4684685     0.04631559     0.01352893
    8.5085085     0.08607312     0.02529029
    8.5485485     0.12665615     0.04759751
    8.5885886     0.14617738     0.07241228
    8.6286286     0.14414642     0.09291279
    8.6686687     0.14368683     0.11248878
    8.7087087     0.16112429     0.13627949
    8.7487488     0.18516250     0.15398044
    8.7887888     0.18899260     0.14712716
    8.8288288     0.15775215     0.11549222
    8.8688689     0.10422355     0.08231899
    8.9089089     0.05660311     0.07277932
    8.9489490     0.03251511     0.09441761
    8.9889890     0.02907284     0.13127144
    9.0290290     0.03341922     0.15309868
    9.0690691     0.03669524     0.14287202
    9.1091091     0.03858550     0.11596898
    9.1491491     0.04192530     0.09964390
    9.1891892     0.04730307     0.09962962
    9.2292292     0.05481015     0.10221276
    9.2692693     0.06786095     0.10220506
    9.3093093     0.09190927     0.11128591
    9.3493494     0.12827979     0.13678492
    9.3893894     0.16781316     0.16264317
    9.4294294     0.19186507     0.16153937
    9.4694695     0.18685351     0.12679801
    9.5095095     0.16073879     0.08145769
    9.5495496     0.13642617     0.05282440
    9.5895896     0.12473532     0.04897653
    9.6296296     0.11415936     0.06033433
    9.6696697     0.09166863     0.07200618
    9.7097097     0.06190785     0.07308105
    9.7497497     0.03918905     0.06254032
    9.7897898     0.02980808     0.04870922
    9.8298298     0.02974511     0.04178068
    9.8698699     0.03414185     0.04788984
    9.9099099     0.04204608     0.06661028
    9.9499500     0.05436520     0.08846654
    9.9899900     0.07217710     0.09872400
   10.0300300     0.09338455     0.09018634
   10.0700701     0.10738982     0.06944490
   10.1101101     0.10143959     0.04768351
   10.1501502     0.07669629     0.03040998
   10.1901902     0.04925244     0.01785334
   10.2302302     0.03313939     0.01010513
   10.2702703     0.02929044     0.00970811
   10.3103103     0.03086829     0.02213775
   10.3503504     0.03329862     0.05295972
   10.3903904     0.03721054     0.09798120
   10.4304304     0.04433865     0.13619692
   10.4704705     0.05366714     0.14351318
   10.5105105     0.06288691     0.11726204
   10.5505506     0.07113679     0.07852788
   10.5905906     0.07616993     0.05031515
   10.6306306     0.07233567     0.04116276
   10.6706707     0.05831657     0.04606519
   10.7107107     0.04291542     0.05398315
   10.7507508     0.03618926     0.05537521
   10.7907908     0.03802545     0.04934791
   10.8308308     0.04029873     0.04580003
   10.8708709     0.03899235     0.05667029
   10.9109109     0.04036083     0.08118004
   10.9509510     0.05228331     0.10200160
   10.9909910     0.07110796     0.10101174
   11.0310310     0.08241621     0.07784875
   11.0710711     0.07658533     0.04914497
   11.1111111     0.05924561     0.03224125
   11.1511512     0.04403848     0.03296268
   11.1911912     0.03874180     0.04501270
   11.2312312     0.04047160     0.05755186
   11.2712713     0.04185762     0.06461279
   11.3113113     0.03987182     0.06638746
   11.3513514     0.03812682     0.06272422
   11.3913914     0.04126105     0.05213117
   11.4314314     0.04915317     0.03674794
   11.4714715     0.05657993     0.02204321
   11.5115115     0.05732485     0.01233562
   11.5515516     0.05073397     0.00958060
   11.5915916     0.04519712     0.01417878
   11.6316316     0.05049663     0.02421118
   11.6716717     0.06511778     0.03548392
   11.7117117     0.07700544     0.04489860
   11.7517518     0.07790779     0.05138101
   11.7917918     0.06925498     0.05130599
   11.8318318     0.05464574     0.03963484
   11.8718719     0.03663094     0.01946843
   11.9119119     0.01968294     0.00253700
   11.9519520     0.00839880    -0.00318735
   11.9919920     0.00398717     0.00042109
   12.0320320     0.00561388     0.00909242
   12.0720721     0.01285098     0.02254833
   12.1121121     0.02456568     0.03991005
   12.1521522     0.03679341     0.05364141
   12.1921922     0.04429739     0.05468656
   12.2322322     0.04420948     0.04280391
   12.2722723     0.03702181     0.02685158
   12.3123123     0.02579919     0.01634546
   12.3523524     0.01547928     0.01619313
   12.3923924     0.01075266     0.02634734
   12.4324324     0.01361729     0.04215319
   12.4724725     0.02279317     0.05639557
   12.5125125     0.03403135     0.06382389
   12.5525526     0.04133882     0.06323901
   12.5925926     0.04086928     0.05615245
   12.6326326     0.03456151     0.04682528
   12.6726727     0.02809144     0.04228364
   12.7127127     0.02598988     0.04737880
   12.7527528     0.03098758     0.05845035
   12.7927928     0.04559650     0.06567810
   12.8328328     0.06898649     0.06480050
   12.8728729     0.09131488     0.06129446
   12.9129129     0.09779233     0.05947347
   12.9529530     0.08504454     0.05674201
   12.9929930     0.06871741     0.05329380
   13.0330330     0.06643295     0.05657159
   13.0730731     0.07627112     0.06894073
   13.1131131     0.08069912     0.07891616
   13.1531532     0.07016378     0.07346164
   13.1931932     0.05230355     0.05421572
   13.2332332     0.03783648     0.03343748
   13.2732733     0.02887601     0.01956975
   13.3133133     0.02220898     0.01403106
   13.3533534     0.01581308     0.01568897
   13.3933934     0.01059283     0.02147939
   13.4334334     0.00838278     0.02597336
   13.4734735     0.00929053     0.02502813
   13.5135135     0.01194212     0.01927044
   13.5535536     0.01710267     0.01309949
   13.5935936     0.02967688     0.01253301
   13.6336336     0.05392831     0.02486493
   13.6736737     0.08622008     0.05602166
   13.7137137     0.11687136     0.10196518
   13.7537538     0.13973443     0.14381017
   13.7937938     0.15334799     0.16059816
   13.8338338     0.15365302     0.14894309
   13.8738739     0.13520640     0.12287768
   13.9139139     0.10052874     0.09546162
   13.9539540     0.06185224     0.06922508
   13.9939940     0.03294908     0.04352574
   14.0340340     0.02216020     0.02180292
   14.0740741     0.03090042     0.00872447
   14.1141141     0.05342735     0.00513267
   14.1541542     0.07835554     0.00892537
   14.1941942     0.09501414     0.01943821
   14.2342342     0.09938556     0.03859202
   14.2742743     0.09227078     0.06591436
   14.3143143     0.07486635     0.09307568
   14.3543544     0.05075717     0.10746995
   14.3943944     0.02794604     0.10248246
   14.4344344     0.01342324     0.08202592
   14.4744745     0.00891355     0.05695217
   14.5145145     0.01369424     0.03941734
   14.5545546     0.02680897     0.03697396
   14.5945946     0.04433198     0.04858051
   14.6346346     0.05884933     0.06613102
   14.6746747     0.06619319     0.07902657
   14.7147147     0.07092413     0.07900877
   14.7547548     0.08068013     0.06607940
   14.7947948     0.09491836     0.05064048
   14.8348348     0.10349469     0.04607018
   14.8748749     0.09937328     0.05832960
   14.9149149     0.08837016     0.08370428
   14.9549550     0.08205198     0.11370499
   14.9949950     0.08671755     0.13731053
   15.0350350     0.10303459     0.14219842
   15.0750751     0.12833411     0.12468498
   15.1151151     0.15224641     0.09801624
   15.1551552     0.15667462     0.08023830
   15.1951952     0.13113755     0.07492264
   15.2352352     0.08652238     0.07263918
   15.2752753     0.04557082     0.06702777
   15.3153153     0.02254121     0.06025406
   15.3553554     0.01724815     0.05539433
   15.3953954     0.02290101     0.05045432
   15.4354354     0.03470616     0.04259947
   15.4754755     0.05419424     0.03624543
   15.5155155     0.08429137     0.04158750
   15.5555556     0.11636914     0.06342067
   15.5955956     0.12959206     0.09376840
   15.6356356     0.11213779     0.11695985
   15.6756757     0.07634393     0.12196180
   15.7157157     0.04503980     0.10877017
   15.7557558     0.03075950     0.08414095
   15.7957958     0.03282190     0.05584366
   15.8358358     0.04419059     0.03145577
   15.8758759     0.05761350     0.01711436
   15.9159159     0.07360097     0.01532246
   15.9559560     0.10030531     0.02625315
   15.9959960     0.13547875     0.05020582
   16.0360360     0.15652011     0.08558023
   16.0760761     0.14466841     0.12456540
   16.1161161     0.11128191     0.15412387
   16.1561562     0.08314564     0.16492021
   16.1961962     0.07103380     0.15957921
   16.2362362     0.06862382     0.14773990
   16.2762763     0.07124568     0.13428806
   16.3163163     0.07756369     0.11823037
   16.3563564     0.08021403     0.09833007
   16.3963964     0.07275019     0.07555071
   16.4364364     0.06210574     0.05432811
   16.4764765     0.06009334     0.03999928
   16.5165165     0.06599963     0.03344102
   16.5565566     0.06876473     0.03316256
   16.5965966     0.06346622     0.04007540
   16.6366366     0.05572371     0.05295282
   16.6766767     0.05106127     0.06302357
   16.7167167     0.04819505     0.06177503
   16.7567568     0.04332131     0.05243993
   16.7967968     0.03563797     0.04661893
   16.8368368     0.02810385     0.04997411
   16.8768769     0.02625884     0.05739109
   16.9169169     0.03476787     0.06341707
   16.9569570     0.05077774     0.07006450
   16.9969970     0.06313641     0.07931254
   17.0370370     0.06350607     0.08580111
   17.0770771     0.05568002     0.08453751
   17.1171171     0.04895793     0.07808320
   17.1571572     0.04613663     0.07043545
   17.1971972     0.04417531     0.06369511
   17.2372372     0.04387032     0.06283362
   17.2772773     0.05080396     0.07226910
   17.3173173     0.06583893     0.08733654
   17.3573574     0.08101431     0.09745460
   17.3973974     0.08747049     0.09649934
   17.4374374     0.08478986     0.08620442
   17.4774775     0.08016458     0.07310653
   17.5175175     0.07932879     0.06524770
   17.5575576     0.08202956     0.06838154
   17.5975976     0.08549529     0.08154697
   17.6376376     0.08762673     0.09714360
   17.6776777     0.08935008     0.10796354
   17.7177177     0.09483286     0.11260475
   17.7577578     0.10325585     0.11088104
   17.7977978     0.10558848     0.09952197
   17.8378378     0.09663213     0.07919592
   17.8778779     0.08137475     0.05996715
   17.9179179     0.06742146     0.05264559
   17.9579580     0.06164793     0.05777126
   17.9979980     0.06995362     0.06730669
   18.0380380     0.08899962     0.07490450
   18.0780781     0.10463052     0.08165565
   18.1181181     0.10790952     0.09295282
   18.1581582     0.10472684     0.10998559
   18.1981982     0.10215662     0.12382250
   18.2382382     0.09743189     0.12167173
   18.2782783     0.09022745     0.10178188
   18.3183183     0.09189049     0.07876045
   18.3583584     0.10848570     0.07176556
   18.3983984     0.12551165     0.08853706
   18.4384384     0.12401320     0.11830116
   18.4784785     0.10585169     0.13945965
   18.5185185     0.09299141     0.14144296
   18.5585586     0.10495998     0.13877705
   18.5985986     0.13820156     0.15286648
   18.6386386     0.16494523     0.18033018
   18.6786787     0.15862855     0.19336501
   18.7187187     0.12181461     0.17419476
   18.7587588     0.08155910     0.13504912
   18.7987988     0.06041502     0.10148006
   18.8388388     0.06059371     0.09039662
   18.8788789     0.07234706     0.10476680
   18.9189189     0.08772572     0.13410484
   18.9589590     0.10688397     0.15717742
   18.9989990     0.13692348     0.15449884
   19.0390390     0.17841580     0.12432551
   19.0790791     0.20922830     0.08649914
   19.1191191     0.20075956     0.06805101
   19.1591592     0.15694679     0.08198512
   19.1991992     0.11284780     0.11666726
   19.2392392     0.09040852     0.14386754
   19.2792793     0.07950413     0.14087238
   19.3193193     0.06383874     0.10825932
   19.3593594     0.04338442     0.06560699
   19.3993994     0.02725607     0.03222101
   19.4394394     0.02089875     0.01500151
   19.4794795     0.02631862     0.01105427
   19.5195195     0.04611537     0.01518378
   19.5595596     0.07965375     0.02416301
   19.5995996     0.11393487     0.03940945
   19.6396396     0.12704398     0.06871818
   19.6796797     0.11177612     0.11931262
   19.7197197     0.08855480     0.18082924
   19.7597598     0.08328507     0.22166205
   19.7997998     0.10049646     0.21696040
   19.8398398     0.12610905     0.17578815
   19.8798799     0.14700562     0.12950646
   19.9199199     0.15879328     0.10027097
   19.9599600     0.16004211     0.08708067
   20.0000000     0.14968498     0.07783790
