#
#   partial DOS for atom species: Mn
#
#   Add data for atom_index =   8,  n,l,m,z=  4  0  0  1
#   Add data for atom_index =   8,  n,l,m,z=  4  0  0  2
#   Add data for atom_index =   8,  n,l,m,z=  4  0  0  3
#
#    Energy          spin 1        spin2
#
  -20.0000000     0.00000000     0.00000000
  -19.9599600     0.00000000     0.00000000
  -19.9199199     0.00000000     0.00000000
  -19.8798799     0.00000000     0.00000000
  -19.8398398     0.00000000     0.00000000
  -19.7997998     0.00000000     0.00000000
  -19.7597598     0.00000000     0.00000000
  -19.7197197     0.00000000     0.00000000
  -19.6796797     0.00000000     0.00000000
  -19.6396396     0.00000000     0.00000000
  -19.5995996     0.00000000     0.00000000
  -19.5595596     0.00000000     0.00000000
  -19.5195195     0.00000000     0.00000000
  -19.4794795     0.00000000     0.00000000
  -19.4394394     0.00000000     0.00000000
  -19.3993994     0.00000000     0.00000000
  -19.3593594     0.00000000     0.00000000
  -19.3193193     0.00000000     0.00000000
  -19.2792793     0.00000000     0.00000000
  -19.2392392     0.00000000     0.00000000
  -19.1991992     0.00000000     0.00000000
  -19.1591592     0.00000000     0.00000000
  -19.1191191     0.00000000     0.00000000
  -19.0790791     0.00000000     0.00000000
  -19.0390390     0.00000000     0.00000000
  -18.9989990     0.00000000     0.00000000
  -18.9589590     0.00000000     0.00000000
  -18.9189189     0.00000000     0.00000000
  -18.8788789    -0.00000000    -0.00000000
  -18.8388388    -0.00000000    -0.00000000
  -18.7987988    -0.00000004    -0.00000002
  -18.7587588    -0.00000059    -0.00000032
  -18.7187187    -0.00000616    -0.00000350
  -18.6786787    -0.00004686    -0.00002776
  -18.6386386    -0.00025942    -0.00016069
  -18.5985986    -0.00104728    -0.00068124
  -18.5585586    -0.00309574    -0.00212789
  -18.5185185    -0.00674661    -0.00494378
  -18.4784785    -0.01096171    -0.00865874
  -18.4384384    -0.01349954    -0.01162032
  -18.3983984    -0.01286413    -0.01213398
  -18.3583584    -0.00966872    -0.00994052
  -18.3183183    -0.00578187    -0.00637050
  -18.2782783    -0.00273231    -0.00315380
  -18.2382382    -0.00100188    -0.00118639
  -18.1981982    -0.00027916    -0.00033402
  -18.1581582    -0.00005810    -0.00006959
  -18.1181181    -0.00000891    -0.00001064
  -18.0780781    -0.00000083    -0.00000110
  -18.0380380     0.00000210     0.00000103
  -17.9979980     0.00001941     0.00001047
  -17.9579580     0.00012685     0.00007147
  -17.9179179     0.00061441     0.00036085
  -17.8778779     0.00224468     0.00137125
  -17.8378378     0.00635328     0.00402374
  -17.7977978     0.01439587     0.00940893
  -17.7577578     0.02681989     0.01798520
  -17.7177177     0.04136982     0.02827531
  -17.6776777     0.05222155     0.03611395
  -17.6376376     0.05307264     0.03686443
  -17.5975976     0.04273003     0.02961944
  -17.5575576     0.02587369     0.01770863
  -17.5175175     0.00822498     0.00495285
  -17.4774775    -0.00651493    -0.00632200
  -17.4374374    -0.01564710    -0.01393272
  -17.3973974    -0.01736392    -0.01574243
  -17.3573574    -0.01304534    -0.01219876
  -17.3173173    -0.00700563    -0.00677613
  -17.2772773    -0.00271830    -0.00272256
  -17.2372372    -0.00074323    -0.00078207
  -17.1971972     0.00001187    -0.00007811
  -17.1571572     0.00087750     0.00046189
  -17.1171171     0.00347384     0.00187730
  -17.0770771     0.00965072     0.00506633
  -17.0370370     0.01920861     0.00925420
  -16.9969970     0.02736618     0.01068295
  -16.9569570     0.02807923     0.00618492
  -16.9169169     0.02124854    -0.00106558
  -16.8768769     0.01201727    -0.00487501
  -16.8368368     0.00328106    -0.00540921
  -16.7967968    -0.00498045    -0.00772425
  -16.7567568    -0.01111002    -0.01229736
  -16.7167167    -0.01262067    -0.01472146
  -16.6766767    -0.00995799    -0.01280677
  -16.6366366    -0.00596135    -0.00850687
  -16.5965966    -0.00283320    -0.00448763
  -16.5565566    -0.00108561    -0.00189858
  -16.5165165    -0.00032829    -0.00063322
  -16.4764765    -0.00004163    -0.00015371
  -16.4364364     0.00026990     0.00005186
  -16.3963964     0.00157340     0.00055180
  -16.3563564     0.00633893     0.00269665
  -16.3163163     0.01851076     0.00948931
  -16.2762763     0.03921710     0.02422372
  -16.2362362     0.06022981     0.04483733
  -16.1961962     0.06676933     0.06000541
  -16.1561562     0.05226816     0.05730435
  -16.1161161     0.02542227     0.03660083
  -16.0760761    -0.00042829     0.00960795
  -16.0360360    -0.01752426    -0.01185402
  -15.9959960    -0.02331528    -0.02194409
  -15.9559560    -0.01900626    -0.02049521
  -15.9159159    -0.00923701    -0.01184602
  -15.8758759     0.00153533    -0.00120463
  -15.8358358     0.01189974     0.00907774
  -15.7957958     0.02210740     0.01891630
  -15.7557558     0.03226902     0.02854270
  -15.7157157     0.04150690     0.03796449
  -15.6756757     0.04685038     0.04579992
  -15.6356356     0.04471229     0.04860818
  -15.5955956     0.03514251     0.04367802
  -15.5555556     0.02302484     0.03258292
  -15.5155155     0.01454313     0.02103352
  -15.4754755     0.01308854     0.01484521
  -15.4354354     0.01742402     0.01553337
  -15.3953954     0.02260427     0.01939954
  -15.3553554     0.02353800     0.02095862
  -15.3153153     0.01888588     0.01764151
  -15.2752753     0.01145103     0.01126525
  -15.2352352     0.00467992     0.00515473
  -15.1951952    -0.00064329     0.00065193
  -15.1551552    -0.00632131    -0.00346219
  -15.1151151    -0.01428565    -0.00918311
  -15.0750751    -0.02447106    -0.01761124
  -15.0350350    -0.03439991    -0.02840075
  -14.9949950    -0.04066120    -0.03928636
  -14.9549550    -0.04186312    -0.04574883
  -14.9149149    -0.04006297    -0.04362910
  -14.8748749    -0.03837843    -0.03423773
  -14.8348348    -0.03819490    -0.02504562
  -14.7947948    -0.03812266    -0.02220583
  -14.7547548    -0.03430753    -0.02327356
  -14.7147147    -0.02441968    -0.02088987
  -14.6746747    -0.01184671    -0.01279779
  -14.6346346    -0.00261084    -0.00385839
  -14.5945946     0.00107105     0.00112549
  -14.5545546     0.00154719     0.00219260
  -14.5145145     0.00174431     0.00205317
  -14.4744745     0.00244809     0.00253816
  -14.4344344     0.00239210     0.00370316
  -14.3943944    -0.00032096     0.00442414
  -14.3543544    -0.00639692     0.00277919
  -14.3143143    -0.01377434    -0.00290272
  -14.2742743    -0.01841193    -0.01112676
  -14.2342342    -0.01822743    -0.01601934
  -14.1941942    -0.01491071    -0.01295740
  -14.1541542    -0.01044925    -0.00568963
  -14.1141141    -0.00499410    -0.00273793
  -14.0740741     0.00066948    -0.00596744
  -14.0340340     0.00418615    -0.00798253
  -13.9939940     0.00414101    -0.00230073
  -13.9539540     0.00135871     0.00768649
  -13.9139139    -0.00228108     0.01287702
  -13.8738739    -0.00489269     0.00976205
  -13.8338338    -0.00504553     0.00337091
  -13.7937938    -0.00304046    -0.00012380
  -13.7537538    -0.00227514     0.00047114
  -13.7137137    -0.00753693     0.00147537
  -13.6736737    -0.01886775    -0.00265189
  -13.6336336    -0.02812057    -0.01397827
  -13.5935936    -0.02675651    -0.02629757
  -13.5535536    -0.01588623    -0.02977634
  -13.5135135    -0.00293725    -0.02229408
  -13.4734735     0.00878784    -0.01112794
  -13.4334334     0.02098265    -0.00318162
  -13.3933934     0.03253674     0.00101731
  -13.3533534     0.03630746     0.00409160
  -13.3133133     0.02518013     0.00649997
  -13.2732733    -0.00013831     0.00459788
  -13.2332332    -0.02951937    -0.00599869
  -13.1931932    -0.04935857    -0.02357562
  -13.1531532    -0.05209150    -0.03850778
  -13.1131131    -0.04110802    -0.04174909
  -13.0730731    -0.02611162    -0.03380314
  -13.0330330    -0.01492710    -0.02233369
  -12.9929930    -0.00992737    -0.01376952
  -12.9529530    -0.00906424    -0.01005344
  -12.9129129    -0.00799693    -0.00996938
  -12.8728729    -0.00227282    -0.01008748
  -12.8328328     0.01055299    -0.00585269
  -12.7927928     0.02944379     0.00486122
  -12.7527528     0.04835933     0.01914043
  -12.7127127     0.05645633     0.03341370
  -12.6726727     0.04620362     0.04847614
  -12.6326326     0.02348831     0.06327861
  -12.5925926     0.00291213     0.06785775
  -12.5525526    -0.00727063     0.05339284
  -12.5125125    -0.00953159     0.02593710
  -12.4724725    -0.00906985     0.00091828
  -12.4324324    -0.00823688    -0.01207653
  -12.3923924    -0.00791791    -0.01387637
  -12.3523524    -0.00890979    -0.01033984
  -12.3123123    -0.01052536    -0.00695660
  -12.2722723    -0.01052746    -0.00666118
  -12.2322322    -0.00802266    -0.00949685
  -12.1921922    -0.00585774    -0.01318540
  -12.1521522    -0.00937371    -0.01467883
  -12.1121121    -0.02077570    -0.01246580
  -12.0720721    -0.03361027    -0.00890842
  -12.0320320    -0.03732533    -0.01035781
  -11.9919920    -0.02960745    -0.02161872
  -11.9519520    -0.01866511    -0.03818926
  -11.9119119    -0.01260579    -0.04755890
  -11.8718719    -0.01231250    -0.04179743
  -11.8318318    -0.01417016    -0.02620244
  -11.7917918    -0.01435257    -0.01221069
  -11.7517518    -0.00948112    -0.00536997
  -11.7117117     0.00251408    -0.00381500
  -11.6716717     0.01814955    -0.00396948
  -11.6316316     0.02690548    -0.00256882
  -11.5915916     0.01855214     0.00410422
  -11.5515516    -0.00786923     0.01658928
  -11.5115115    -0.04276218     0.02682296
  -11.4714715    -0.07105939     0.02241168
  -11.4314314    -0.08091623     0.00041543
  -11.3913914    -0.07195983    -0.02812623
  -11.3513514    -0.05396113    -0.05011883
  -11.3113113    -0.03722162    -0.06107172
  -11.2712713    -0.02564798    -0.06338420
  -11.2312312    -0.01722440    -0.05987832
  -11.1911912    -0.00964447    -0.05145218
  -11.1511512    -0.00440027    -0.03932191
  -11.1111111    -0.00388874    -0.02556779
  -11.0710711    -0.00755022    -0.01052254
  -11.0310310    -0.01417774     0.00607817
  -10.9909910    -0.02392092     0.02020381
  -10.9509510    -0.03409327     0.02511621
  -10.9109109    -0.03759335     0.01970487
  -10.8708709    -0.03038316     0.01020600
  -10.8308308    -0.01731868     0.00252439
  -10.7907908    -0.00708486    -0.00316483
  -10.7507508    -0.00431537    -0.01043308
  -10.7107107    -0.00787069    -0.02153025
  -10.6706707    -0.01323702    -0.03322294
  -10.6306306    -0.01549871    -0.03789890
  -10.5905906    -0.01233448    -0.03155693
  -10.5505506    -0.00554998    -0.01908019
  -10.5105105     0.00068328    -0.00850736
  -10.4704705     0.00336021    -0.00320539
  -10.4304304     0.00245158    -0.00225890
  -10.3903904    -0.00012757    -0.00472247
  -10.3503504    -0.00293996    -0.01008008
  -10.3103103    -0.00652612    -0.01549352
  -10.2702703    -0.01197554    -0.01578813
  -10.2302302    -0.01817030    -0.00854543
  -10.1901902    -0.02243002     0.00218517
  -10.1501502    -0.02420320     0.00961238
  -10.1101101    -0.02559732     0.01041466
  -10.0700701    -0.02760999     0.00593505
  -10.0300300    -0.02815759    -0.00093052
   -9.9899900    -0.02504489    -0.00845733
   -9.9499500    -0.01935098    -0.01634121
   -9.9099099    -0.01453375    -0.02394602
   -9.8698699    -0.01314191    -0.02872375
   -9.8298298    -0.01488653    -0.02791999
   -9.7897898    -0.01710553    -0.02232408
   -9.7497497    -0.01767683    -0.01625418
   -9.7097097    -0.01774570    -0.01338977
   -9.6696697    -0.02004359    -0.01382389
   -9.6296296    -0.02457844    -0.01446896
   -9.5895896    -0.02788339    -0.01197068
   -9.5495496    -0.02699854    -0.00617619
   -9.5095095    -0.02270682    -0.00036683
   -9.4694695    -0.01788058     0.00208908
   -9.4294294    -0.01412512     0.00056169
   -9.3893894    -0.01139964    -0.00265233
   -9.3493494    -0.00962715    -0.00428273
   -9.3093093    -0.00925531    -0.00295630
   -9.2692693    -0.01048753    -0.00018108
   -9.2292292    -0.01245352     0.00172502
   -9.1891892    -0.01345662     0.00164163
   -9.1491491    -0.01235426    -0.00066260
   -9.1091091    -0.00960122    -0.00506346
   -9.0690691    -0.00673061    -0.01055450
   -9.0290290    -0.00481021    -0.01574186
   -8.9889890    -0.00344916    -0.01991078
   -8.9489490    -0.00149469    -0.02216797
   -8.9089089     0.00115371    -0.02088584
   -8.8688689     0.00306143    -0.01573767
   -8.8288288     0.00317755    -0.00890516
   -8.7887888     0.00228673    -0.00332045
   -8.7487488     0.00181465    -0.00068600
   -8.7087087     0.00221408    -0.00097348
   -8.6686687     0.00300664    -0.00273681
   -8.6286286     0.00339193    -0.00428124
   -8.5885886     0.00253226    -0.00507585
   -8.5485485     0.00019788    -0.00546386
   -8.5085085    -0.00261810    -0.00526908
   -8.4684685    -0.00446918    -0.00395666
   -8.4284284    -0.00482237    -0.00194924
   -8.3883884    -0.00403129    -0.00068418
   -8.3483484    -0.00252534    -0.00141660
   -8.3083083    -0.00094868    -0.00406713
   -8.2682683    -0.00029144    -0.00689673
   -8.2282282    -0.00081273    -0.00788941
   -8.1881882    -0.00162742    -0.00705476
   -8.1481482    -0.00205152    -0.00669042
   -8.1081081    -0.00240475    -0.00911066
   -8.0680681    -0.00323905    -0.01482149
   -8.0280280    -0.00473724    -0.02230261
   -7.9879880    -0.00680422    -0.02818151
   -7.9479479    -0.00889358    -0.02852490
   -7.9079079    -0.00983825    -0.02213624
   -7.8678679    -0.00876847    -0.01244609
   -7.8278278    -0.00642460    -0.00455265
   -7.7877878    -0.00461372    -0.00069837
   -7.7477478    -0.00400290     0.00039068
   -7.7077077    -0.00357710     0.00081749
   -7.6676677    -0.00261372     0.00147962
   -7.6276276    -0.00184451     0.00220503
   -7.5875876    -0.00222340     0.00271203
   -7.5475475    -0.00340530     0.00286589
   -7.5075075    -0.00364233     0.00254302
   -7.4674675    -0.00122568     0.00209797
   -7.4274274     0.00354865     0.00273899
   -7.3873874     0.00811034     0.00535426
   -7.3473473     0.00986555     0.00871874
   -7.3073073     0.00867935     0.01013441
   -7.2672673     0.00667423     0.00833332
   -7.2272272     0.00560676     0.00456905
   -7.1871872     0.00518338     0.00082484
   -7.1471472     0.00413585    -0.00189788
   -7.1071071     0.00208595    -0.00357705
   -7.0670671    -0.00025026    -0.00431052
   -7.0270270    -0.00200658    -0.00402907
   -6.9869870    -0.00256929    -0.00313668
   -6.9469470    -0.00168246    -0.00257048
   -6.9069069     0.00024872    -0.00250224
   -6.8668669     0.00232331    -0.00184708
   -6.8268268     0.00363094     0.00017363
   -6.7867868     0.00361137     0.00279825
   -6.7467467     0.00256167     0.00438673
   -6.7067067     0.00153367     0.00375097
   -6.6666667     0.00106447     0.00110543
   -6.6266266     0.00062335    -0.00200926
   -6.5865866    -0.00016136    -0.00408062
   -6.5465466    -0.00053204    -0.00487092
   -6.5065065     0.00053535    -0.00517334
   -6.4664665     0.00290403    -0.00551222
   -6.4264264     0.00509782    -0.00548088
   -6.3863864     0.00541048    -0.00453653
   -6.3463464     0.00316272    -0.00292272
   -6.3063063    -0.00086848    -0.00144641
   -6.2662663    -0.00502186    -0.00074850
   -6.2262262    -0.00786899    -0.00097219
   -6.1861862    -0.00929869    -0.00173434
   -6.1461461    -0.01054196    -0.00232106
   -6.1061061    -0.01261199    -0.00227072
   -6.0660661    -0.01491200    -0.00182279
   -6.0260260    -0.01585933    -0.00160178
   -5.9859860    -0.01440195    -0.00187585
   -5.9459459    -0.01047737    -0.00222132
   -5.9059059    -0.00478897    -0.00200439
   -5.8658659     0.00104177    -0.00115199
   -5.8258258     0.00476957    -0.00017841
   -5.7857858     0.00507205     0.00051010
   -5.7457458     0.00275391     0.00095379
   -5.7057057     0.00009680     0.00128470
   -5.6656657    -0.00087232     0.00133300
   -5.6256256     0.00008187     0.00071108
   -5.5855856     0.00121779    -0.00071635
   -5.5455455     0.00057169    -0.00260859
   -5.5055055    -0.00229063    -0.00454632
   -5.4654655    -0.00642502    -0.00638105
   -5.4254254    -0.01037789    -0.00799236
   -5.3853854    -0.01264132    -0.00907104
   -5.3453453    -0.01236560    -0.00925192
   -5.3053053    -0.01002608    -0.00812072
   -5.2652653    -0.00691530    -0.00550985
   -5.2252252    -0.00411115    -0.00243319
   -5.1851852    -0.00214588    -0.00092697
   -5.1451452    -0.00114561    -0.00194092
   -5.1051051    -0.00091737    -0.00397221
   -5.0650651    -0.00105279    -0.00477529
   -5.0250250    -0.00116190    -0.00404482
   -4.9849850    -0.00109869    -0.00331914
   -4.9449449    -0.00094029    -0.00350434
   -4.9049049    -0.00082105    -0.00387709
   -4.8648649    -0.00091313    -0.00355521
   -4.8248248    -0.00139817    -0.00262397
   -4.7847848    -0.00217308    -0.00149017
   -4.7447447    -0.00272255    -0.00003452
   -4.7047047    -0.00271622     0.00207535
   -4.6646647    -0.00265048     0.00448918
   -4.6246246    -0.00332034     0.00611208
   -4.5845846    -0.00468163     0.00622726
   -4.5445445    -0.00589392     0.00530216
   -4.5045045    -0.00657198     0.00430964
   -4.4644645    -0.00728911     0.00365435
   -4.4244244    -0.00841014     0.00299159
   -4.3843844    -0.00891657     0.00167274
   -4.3443443    -0.00725956    -0.00062612
   -4.3043043    -0.00341671    -0.00342582
   -4.2642643     0.00075309    -0.00572817
   -4.2242242     0.00330304    -0.00666463
   -4.1841842     0.00368258    -0.00574938
   -4.1441441     0.00262752    -0.00304118
   -4.1041041     0.00124922     0.00038930
   -4.0640641     0.00026204     0.00237497
   -4.0240240    -0.00022395     0.00124292
   -3.9839840    -0.00042399    -0.00215159
   -3.9439439    -0.00054947    -0.00524771
   -3.9039039    -0.00068104    -0.00660796
   -3.8638639    -0.00078137    -0.00671837
   -3.8238238    -0.00080165    -0.00636606
   -3.7837838    -0.00086742    -0.00546987
   -3.7437437    -0.00124123    -0.00379050
   -3.7037037    -0.00185079    -0.00195770
   -3.6636637    -0.00201622    -0.00102621
   -3.6236236    -0.00105030    -0.00137519
   -3.5835836     0.00089563    -0.00244263
   -3.5435435     0.00283094    -0.00323011
   -3.5035035     0.00381045    -0.00307572
   -3.4634635     0.00377586    -0.00214255
   -3.4234234     0.00351308    -0.00103364
   -3.3833834     0.00401061    -0.00016105
   -3.3433433     0.00601208     0.00014860
   -3.3033033     0.00963246    -0.00055416
   -3.2632633     0.01379185    -0.00204109
   -3.2232232     0.01628693    -0.00265041
   -3.1831832     0.01522712    -0.00070572
   -3.1431431     0.01080142     0.00303212
   -3.1031031     0.00529705     0.00568462
   -3.0630631     0.00116310     0.00523580
   -3.0230230    -0.00070145     0.00189738
   -2.9829830    -0.00095042    -0.00277558
   -2.9429429    -0.00074940    -0.00626612
   -2.9029029    -0.00097149    -0.00605991
   -2.8628629    -0.00196724    -0.00241480
   -2.8228228    -0.00337340     0.00136407
   -2.7827828    -0.00399251     0.00263944
   -2.7427427    -0.00245122     0.00169089
   -2.7027027     0.00184036     0.00010591
   -2.6626627     0.00834726    -0.00108968
   -2.6226226     0.01497658    -0.00151104
   -2.5825826     0.01819524    -0.00098196
   -2.5425425     0.01595095     0.00062391
   -2.5025025     0.01050204     0.00344168
   -2.4624625     0.00636468     0.00722976
   -2.4224224     0.00609300     0.01069563
   -2.3823824     0.00885562     0.01191678
   -2.3423423     0.01158594     0.00995764
   -2.3023023     0.01130258     0.00572655
   -2.2622623     0.00756217     0.00149040
   -2.2222222     0.00251090    -0.00003626
   -2.1821822    -0.00152884     0.00245158
   -2.1421421    -0.00366712     0.00673454
   -2.1021021    -0.00413000     0.00846499
   -2.0620621    -0.00354432     0.00582425
   -2.0220220    -0.00255371     0.00115023
   -1.9819820    -0.00160036    -0.00239436
   -1.9419419    -0.00088429    -0.00378075
   -1.9019019    -0.00043083    -0.00372633
   -1.8618619    -0.00010110    -0.00315993
   -1.8218218     0.00046679    -0.00262748
   -1.7817818     0.00193023    -0.00255761
   -1.7417417     0.00504579    -0.00325321
   -1.7017017     0.00998976    -0.00431583
   -1.6616617     0.01620496    -0.00479018
   -1.6216216     0.02360707    -0.00431612
   -1.5815816     0.03239669    -0.00340220
   -1.5415415     0.03981799    -0.00235210
   -1.5015015     0.04021156    -0.00071543
   -1.4614615     0.03155874     0.00229479
   -1.4214214     0.01880981     0.00731814
   -1.3813814     0.00850405     0.01395771
   -1.3413413     0.00337483     0.01969440
   -1.3013013     0.00344215     0.02109249
   -1.2612613     0.00934767     0.01743714
   -1.2212212     0.02188467     0.01184075
   -1.1811812     0.03789677     0.00778028
   -1.1411411     0.04946099     0.00634013
   -1.1011011     0.05043065     0.00728674
   -1.0610611     0.04213205     0.01008421
   -1.0210210     0.03010290     0.01274399
   -0.9809810     0.01833673     0.01257801
   -0.9409409     0.00863088     0.00994055
   -0.9009009     0.00213365     0.00861973
   -0.8608609     0.00009528     0.01068638
   -0.8208208     0.00405982     0.01344831
   -0.7807808     0.01376795     0.01322618
   -0.7407407     0.02410019     0.00994498
   -0.7007007     0.02761688     0.00622704
   -0.6606607     0.02213921     0.00362028
   -0.6206206     0.01277794     0.00131758
   -0.5805806     0.00561989    -0.00211133
   -0.5405405     0.00280579    -0.00643701
   -0.5005005     0.00393786    -0.00928454
   -0.4604605     0.00904411    -0.00816930
   -0.4204204     0.01884164    -0.00277886
   -0.3803804     0.03263209     0.00481293
   -0.3403403     0.04676436     0.01113743
   -0.3003003     0.05601030     0.01303985
   -0.2602603     0.05661090     0.01041054
   -0.2202202     0.04841054     0.00675744
   -0.1801802     0.03508595     0.00580839
   -0.1401401     0.02203173     0.00838754
   -0.1001001     0.01292802     0.01279938
   -0.0600601     0.00839264     0.01677439
   -0.0200200     0.00803397     0.01865326
    0.0200200     0.01231580     0.01814541
    0.0600601     0.02104752     0.01707668
    0.1001001     0.03101046     0.01820837
    0.1401401     0.03770701     0.02181118
    0.1801802     0.04040153     0.02453676
    0.2202202     0.04286787     0.02313585
    0.2602603     0.04743569     0.01821904
    0.3003003     0.05067114     0.01339338
    0.3403403     0.04695242     0.01200359
    0.3803804     0.03523061     0.01496255
    0.4204204     0.02057999     0.01999441
    0.4604605     0.00913934     0.02313552
    0.5005005     0.00327434     0.02276081
    0.5405405     0.00186421     0.02165796
    0.5805806     0.00302203     0.02342141
    0.6206206     0.00532115     0.02751952
    0.6606607     0.00759198     0.02974280
    0.7007007     0.00897084     0.02732538
    0.7407407     0.00934612     0.02205533
    0.7807808     0.00958087     0.01755573
    0.8208208     0.01098194     0.01486150
    0.8608609     0.01361507     0.01228352
    0.9009009     0.01538557     0.00855430
    0.9409409     0.01429909     0.00446382
    0.9809810     0.01109487     0.00169055
    1.0210210     0.00798127     0.00103327
    1.0610611     0.00580620     0.00212055
    1.1011011     0.00415878     0.00407406
    1.1411411     0.00322284     0.00573061
    1.1811812     0.00411813     0.00600911
    1.2212212     0.00769269     0.00495389
    1.2612613     0.01318324     0.00386505
    1.3013013     0.01794972     0.00395469
    1.3413413     0.01932430     0.00535375
    1.3813814     0.01727024     0.00737361
    1.4214214     0.01463519     0.00919281
    1.4614615     0.01485701     0.01040390
    1.5015015     0.02030606     0.01110828
    1.5415415     0.03244589     0.01130730
    1.5815816     0.05173681     0.01063010
    1.6216216     0.07489857     0.00918329
    1.6616617     0.09187773     0.00783807
    1.7017017     0.09155680     0.00707481
    1.7417417     0.07514877     0.00663540
    1.7817818     0.05764347     0.00675895
    1.8218218     0.05230869     0.00860715
    1.8618619     0.05940493     0.01341686
    1.9019019     0.06889642     0.02262474
    1.9419419     0.06913791     0.03822380
    1.9819820     0.05612728     0.05979384
    2.0220220     0.03651915     0.08098321
    2.0620621     0.02010097     0.09364293
    2.1021021     0.01143798     0.09526837
    2.1421421     0.00935459     0.08697957
    2.1821822     0.01045981     0.06897319
    2.2222222     0.01166203     0.04504363
    2.2622623     0.01186257     0.02424855
    2.3023023     0.01257521     0.01262482
    2.3423423     0.01602475     0.00862140
    2.3823824     0.02247152     0.00742261
    2.4224224     0.02941752     0.00593372
    2.4624625     0.03342360     0.00390559
    2.5025025     0.03361463     0.00259106
    2.5425425     0.03230566     0.00330077
    2.5825826     0.03052898     0.00666012
    2.6226226     0.02601758     0.01181669
    2.6626627     0.01786855     0.01625851
    2.7027027     0.00921492     0.01805676
    2.7427427     0.00346471     0.01835601
    2.7827828     0.00149344     0.01951855
    2.8228228     0.00300459     0.02095552
    2.8628629     0.00740856     0.01970814
    2.9029029     0.01319919     0.01529690
    2.9429429     0.01871471     0.01051731
    2.9829830     0.02310859     0.00708803
    3.0230230     0.02508205     0.00425432
    3.0630631     0.02278222     0.00176893
    3.1031031     0.01693502     0.00099737
    3.1431431     0.01151360     0.00330497
    3.1831832     0.00985816     0.00890108
    3.2232232     0.01206452     0.01616812
    3.2632633     0.01609557     0.02173765
    3.3033033     0.01958332     0.02293808
    3.3433433     0.02102787     0.02027402
    3.3833834     0.02055595     0.01647912
    3.4234234     0.01896654     0.01378017
    3.4634635     0.01634977     0.01260283
    3.5035035     0.01296222     0.01222426
    3.5435435     0.01001414     0.01200694
    3.5835836     0.00826314     0.01148818
    3.6236236     0.00747600     0.00997702
    3.6636637     0.00745827     0.00764313
    3.7037037     0.00804739     0.00605475
    3.7437437     0.00876225     0.00595255
    3.7837838     0.00939929     0.00589838
    3.8238238     0.00997962     0.00415821
    3.8638639     0.01005402     0.00023804
    3.9039039     0.00908954    -0.00569134
    3.9439439     0.00731345    -0.01266604
    3.9839840     0.00554426    -0.01764135
    4.0240240     0.00432319    -0.01663524
    4.0640641     0.00364327    -0.00861269
    4.1041041     0.00354916     0.00285701
    4.1441441     0.00435836     0.01235752
    4.1841842     0.00584339     0.01635156
    4.2242242     0.00679833     0.01484170
    4.2642643     0.00640444     0.01063854
    4.3043043     0.00576963     0.00702472
    4.3443443     0.00674323     0.00558644
    4.3843844     0.00916189     0.00561161
    4.4244244     0.01087412     0.00513184
    4.4644645     0.01069460     0.00319857
    4.5045045     0.00959977     0.00138656
    4.5445445     0.00886677     0.00187308
    4.5845846     0.00871543     0.00413731
    4.6246246     0.00876730     0.00537876
    4.6646647     0.00896681     0.00382498
    4.7047047     0.01016189    -0.00034934
    4.7447447     0.01278280    -0.00629466
    4.7847848     0.01467945    -0.01193495
    4.8248248     0.01288595    -0.01304806
    4.8648649     0.00782430    -0.00662779
    4.9049049     0.00331273     0.00462838
    4.9449449     0.00259899     0.01456884
    4.9849850     0.00574945     0.01966918
    5.0250250     0.01011010     0.01995438
    5.0650651     0.01227570     0.01666384
    5.1051051     0.01040388     0.01204217
    5.1451452     0.00550072     0.00842356
    5.1851852     0.00027744     0.00570065
    5.2252252    -0.00319811     0.00192507
    5.2652653    -0.00472515    -0.00339538
    5.3053053    -0.00539473    -0.00831865
    5.3453453    -0.00594141    -0.01071399
    5.3853854    -0.00576687    -0.01063537
    5.4254254    -0.00387768    -0.01015031
    5.4654655    -0.00048620    -0.01061085
    5.5055055     0.00268328    -0.01081675
    5.5455455     0.00346662    -0.00904566
    5.5855856     0.00070514    -0.00586618
    5.6256256    -0.00493588    -0.00349260
    5.6656657    -0.01155497    -0.00351945
    5.7057057    -0.01729806    -0.00610191
    5.7457458    -0.02053882    -0.01010162
    5.7857858    -0.01959224    -0.01367276
    5.8258258    -0.01425223    -0.01563815
    5.8658659    -0.00712200    -0.01643161
    5.9059059    -0.00148098    -0.01776984
    5.9459459     0.00138659    -0.02221524
    5.9859860     0.00190212    -0.03181036
    6.0260260     0.00091080    -0.04438272
    6.0660661    -0.00055554    -0.05264625
    6.1061061    -0.00154433    -0.05070020
    6.1461461    -0.00212352    -0.04004470
    6.1861862    -0.00368389    -0.02691028
    6.2262262    -0.00754164    -0.01643111
    6.2662663    -0.01300810    -0.01099125
    6.3063063    -0.01745562    -0.01101134
    6.3463464    -0.01885218    -0.01468088
    6.3863864    -0.01739113    -0.01837196
    6.4264264    -0.01405511    -0.01976428
    6.4664665    -0.00935949    -0.01991236
    6.5065065    -0.00422182    -0.02070979
    6.5465466    -0.00003988    -0.02151050
    6.5865866     0.00253930    -0.01982292
    6.6266266     0.00371786    -0.01472190
    6.6666667     0.00389900    -0.00812656
    6.7067067     0.00375465    -0.00251214
    6.7467467     0.00424558     0.00126816
    6.7867868     0.00585648     0.00338223
    6.8268268     0.00796776     0.00385519
    6.8668669     0.00936861     0.00311204
    6.9069069     0.00942947     0.00265299
    6.9469470     0.00836228     0.00403730
    6.9869870     0.00648726     0.00724885
    7.0270270     0.00405166     0.01031980
    7.0670671     0.00153007     0.01091458
    7.1071071    -0.00063880     0.00860578
    7.1471472    -0.00226105     0.00507001
    7.1871872    -0.00298335     0.00208067
    7.2272272    -0.00227019     0.00023468
    7.2672673    -0.00012910    -0.00076843
    7.3073073     0.00241415    -0.00162704
    7.3473473     0.00351196    -0.00288901
    7.3873874     0.00118466    -0.00420357
    7.4274274    -0.00517873    -0.00433728
    7.4674675    -0.01300241    -0.00239809
    7.5075075    -0.01702372     0.00111117
    7.5475475    -0.01371503     0.00440990
    7.5875876    -0.00520031     0.00499790
    7.6276276     0.00307360     0.00054046
    7.6676677     0.00783776    -0.00921000
    7.7077077     0.00948910    -0.02053922
    7.7477478     0.00957989    -0.02710853
    7.7877878     0.00881303    -0.02539200
    7.8278278     0.00707281    -0.01803089
    7.8678679     0.00435548    -0.00990623
    7.9079079     0.00131438    -0.00329235
    7.9479479    -0.00114800     0.00140436
    7.9879880    -0.00273239     0.00350407
    8.0280280    -0.00401207     0.00259478
    8.0680681    -0.00553244    -0.00036884
    8.1081081    -0.00645180    -0.00338780
    8.1481482    -0.00483680    -0.00482955
    8.1881882    -0.00018444    -0.00477160
    8.2282282     0.00522087    -0.00478218
    8.2682683     0.00843224    -0.00604026
    8.3083083     0.00842702    -0.00797530
    8.3483484     0.00625547    -0.00925628
    8.3883884     0.00373998    -0.00946559
    8.4284284     0.00219937    -0.00843903
    8.4684685     0.00174800    -0.00511777
    8.5085085     0.00171292     0.00043924
    8.5485485     0.00186837     0.00544362
    8.5885886     0.00296418     0.00747277
    8.6286286     0.00571502     0.00739492
    8.6686687     0.00947156     0.00729899
    8.7087087     0.01226371     0.00731888
    8.7487488     0.01247155     0.00605155
    8.7887888     0.01051587     0.00353624
    8.8288288     0.00849902     0.00236750
    8.8688689     0.00838176     0.00442633
    8.9089089     0.01079952     0.00772070
    8.9489490     0.01458741     0.00896713
    8.9889890     0.01709117     0.00780199
    9.0290290     0.01640098     0.00595947
    9.0690691     0.01368936     0.00424538
    9.1091091     0.01220418     0.00246652
    9.1491491     0.01383565     0.00093260
    9.1891892     0.01738281     0.00078540
    9.2292292     0.02000918     0.00340736
    9.2692693     0.01999818     0.00937816
    9.3093093     0.01811302     0.01706483
    9.3493494     0.01599485     0.02269254
    9.3893894     0.01373215     0.02343611
    9.4294294     0.01042130     0.02053073
    9.4694695     0.00644009     0.01810954
    9.5095095     0.00329086     0.01891551
    9.5495496     0.00173795     0.02158125
    9.5895896     0.00144494     0.02206939
    9.6296296     0.00196018     0.01788956
    9.6696697     0.00309356     0.01047522
    9.7097097     0.00446588     0.00327246
    9.7497497     0.00546818    -0.00126446
    9.7897898     0.00581470    -0.00257890
    9.8298298     0.00559248    -0.00152493
    9.8698699     0.00506102     0.00029357
    9.9099099     0.00524944     0.00148131
    9.9499500     0.00814865     0.00170286
    9.9899900     0.01496625     0.00154055
   10.0300300     0.02371902     0.00163752
   10.0700701     0.02914560     0.00223768
   10.1101101     0.02681322     0.00376716
   10.1501502     0.01778047     0.00742369
   10.1901902     0.00717728     0.01348067
   10.2302302    -0.00129324     0.01875710
   10.2702703    -0.00686865     0.01882943
   10.3103103    -0.00923508     0.01350155
   10.3503504    -0.00781329     0.00687882
   10.3903904    -0.00313078     0.00214414
   10.4304304     0.00313237    -0.00099452
   10.4704705     0.00917988    -0.00430334
   10.5105105     0.01358427    -0.00820977
   10.5505506     0.01585828    -0.01106374
   10.5905906     0.01687685    -0.01104533
   10.6306306     0.01776906    -0.00797446
   10.6706707     0.01858745    -0.00259824
   10.7107107     0.01876560     0.00431865
   10.7507508     0.01788950     0.01147016
   10.7907908     0.01545019     0.01694153
   10.8308308     0.01142674     0.01909264
   10.8708709     0.00751810     0.01753556
   10.9109109     0.00604304     0.01349121
   10.9509510     0.00705230     0.00877965
   10.9909910     0.00800299     0.00451176
   11.0310310     0.00697036     0.00112600
   11.0710711     0.00482590    -0.00087799
   11.1111111     0.00365007    -0.00100410
   11.1511512     0.00422454     0.00049505
   11.1911912     0.00555697     0.00244721
   11.2312312     0.00628922     0.00369071
   11.2712713     0.00629224     0.00422560
   11.3113113     0.00662487     0.00511856
   11.3513514     0.00789309     0.00700748
   11.3913914     0.00923095     0.00923583
   11.4314314     0.00922878     0.01092186
   11.4714715     0.00759540     0.01194351
   11.5115115     0.00562200     0.01215582
   11.5515516     0.00499961     0.01099119
   11.5915916     0.00620703     0.00873259
   11.6316316     0.00802823     0.00692950
   11.6716717     0.00870989     0.00685008
   11.7117117     0.00760564     0.00815743
   11.7517518     0.00567308     0.00936823
   11.7917918     0.00442020     0.00929564
   11.8318318     0.00433188     0.00785828
   11.8718719     0.00448162     0.00583182
   11.9119119     0.00382157     0.00406664
   11.9519520     0.00236806     0.00265148
   11.9919920     0.00093118     0.00095324
   12.0320320     0.00050094    -0.00122008
   12.0720721     0.00223215    -0.00299577
   12.1121121     0.00684887    -0.00338728
   12.1521522     0.01305027    -0.00246978
   12.1921922     0.01756424    -0.00133411
   12.2322322     0.01839474    -0.00097848
   12.2722723     0.01739765    -0.00117731
   12.3123123     0.01832004    -0.00060305
   12.3523524     0.02302583     0.00159643
   12.3923924     0.03041957     0.00477895
   12.4324324     0.03768666     0.00775764
   12.4724725     0.04122202     0.01048848
   12.5125125     0.03787852     0.01474541
   12.5525526     0.02805831     0.02256573
   12.5925926     0.01677427     0.03304582
   12.6326326     0.00919499     0.04132413
   12.6726727     0.00591269     0.04274057
   12.7127127     0.00385898     0.03802667
   12.7527528     0.00100709     0.03185851
   12.7927928    -0.00095133     0.02653666
   12.8328328     0.00096822     0.02044800
   12.8728729     0.00677188     0.01221948
   12.9129129     0.01290086     0.00320500
   12.9529530     0.01563276    -0.00363511
   12.9929930     0.01419530    -0.00581181
   13.0330330     0.01066288    -0.00320786
   13.0730731     0.00743668     0.00162360
   13.1131131     0.00521160     0.00551164
   13.1531532     0.00340433     0.00683517
   13.1931932     0.00183847     0.00589567
   13.2332332     0.00110583     0.00393088
   13.2732733     0.00159961     0.00203743
   13.3133133     0.00307317     0.00076118
   13.3533534     0.00500826     0.00020454
   13.3933934     0.00656871     0.00022789
   13.4334334     0.00627396     0.00053863
   13.4734735     0.00341953     0.00067967
   13.5135135     0.00015152     0.00014543
   13.5535536    -0.00016595    -0.00137038
   13.5935936     0.00336986    -0.00362625
   13.6336336     0.00904565    -0.00546565
   13.6736737     0.01467209    -0.00535465
   13.7137137     0.01870186    -0.00248913
   13.7537538     0.02089473     0.00325012
   13.7937938     0.02182417     0.01127585
   13.8338338     0.02143791     0.01891804
   13.8738739     0.02006648     0.02228175
   13.9139139     0.01969935     0.02060053
   13.9539540     0.02125845     0.01784086
   13.9939940     0.02250954     0.01843416
   14.0340340     0.02114405     0.02252905
   14.0740741     0.01764596     0.02583328
   14.1141141     0.01370861     0.02420304
   14.1541542     0.01013896     0.01822324
   14.1941942     0.00719187     0.01179948
   14.2342342     0.00552856     0.00720359
   14.2742743     0.00609951     0.00400639
   14.3143143     0.00891602     0.00161763
   14.3543544     0.01212082     0.00032818
   14.3943944     0.01343681     0.00050412
   14.4344344     0.01282920     0.00228675
   14.4744745     0.01217067     0.00560256
   14.5145145     0.01205978     0.00954694
   14.5545546     0.01101151     0.01244259
   14.5945946     0.00816118     0.01340984
   14.6346346     0.00477456     0.01295856
   14.6746747     0.00267131     0.01147764
   14.7147147     0.00270668     0.00875363
   14.7547548     0.00480387     0.00527444
   14.7947948     0.00803242     0.00228294
   14.8348348     0.01071283     0.00050245
   14.8748749     0.01158461    -0.00011400
   14.9149149     0.01090238     0.00028490
   14.9549550     0.01010715     0.00160947
   14.9949950     0.01068870     0.00342382
   15.0350350     0.01282150     0.00483534
   15.0750751     0.01465993     0.00502704
   15.1151151     0.01391240     0.00385737
   15.1551552     0.01032822     0.00204561
   15.1951952     0.00604885     0.00085305
   15.2352352     0.00395739     0.00104532
   15.2752753     0.00554137     0.00196979
   15.3153153     0.00926686     0.00227872
   15.3553554     0.01167963     0.00183153
   15.3953954     0.01132540     0.00233127
   15.4354354     0.01055253     0.00539989
   15.4754755     0.01235891     0.01030324
   15.5155155     0.01682800     0.01460714
   15.5555556     0.02218584     0.01710093
   15.5955956     0.02805060     0.01899710
   15.6356356     0.03477058     0.02197274
   15.6756757     0.04004024     0.02597613
   15.7157157     0.03984300     0.02969173
   15.7557558     0.03346190     0.03246695
   15.7957958     0.02549389     0.03422907
   15.8358358     0.02246253     0.03381386
   15.8758759     0.02768478     0.02973823
   15.9159159     0.03866864     0.02307093
   15.9559560     0.04878050     0.01779496
   15.9959960     0.05202269     0.01794915
   16.0360360     0.04744140     0.02496204
   16.0760761     0.03903926     0.03707709
   16.1161161     0.03148944     0.04996054
   16.1561562     0.02656752     0.05794918
   16.1961962     0.02318283     0.05727943
   16.2362362     0.01973545     0.04905006
   16.2762763     0.01619961     0.03732700
   16.3163163     0.01464235     0.02536051
   16.3563564     0.01762521     0.01501932
   16.3963964     0.02469117     0.00768171
   16.4364364     0.03105380     0.00410059
   16.4764765     0.03207455     0.00434120
   16.5165165     0.02843707     0.00841190
   16.5565566     0.02525734     0.01614120
   16.5965966     0.02725781     0.02572302
   16.6366366     0.03493920     0.03351250
   16.6766767     0.04434064     0.03766442
   16.7167167     0.05175138     0.04156423
   16.7567568     0.05766011     0.05002546
   16.7967968     0.06337986     0.06147267
   16.8368368     0.06638333     0.06724855
   16.8768769     0.06277468     0.06060185
   16.9169169     0.05317012     0.04486949
   16.9569570     0.04229480     0.03060938
   16.9969970     0.03269307     0.02577386
   17.0370370     0.02337688     0.03046039
   17.0770771     0.01448885     0.03902295
   17.1171171     0.00838371     0.04503387
   17.1571572     0.00654974     0.04499775
   17.1971972     0.00857432     0.03875384
   17.2372372     0.01318435     0.02840242
   17.2772773     0.01867463     0.01779680
   17.3173173     0.02334658     0.01107949
   17.3573574     0.02650811     0.01033746
   17.3973974     0.02806160     0.01481940
   17.4374374     0.02704869     0.02213463
   17.4774775     0.02275074     0.02960936
   17.5175175     0.01715278     0.03435721
   17.5575576     0.01369592     0.03390901
   17.5975976     0.01393975     0.02871614
   17.6376376     0.01739041     0.02213541
   17.6776777     0.02312819     0.01673500
   17.7177177     0.02980231     0.01326657
   17.7577578     0.03554034     0.01291504
   17.7977978     0.03861290     0.01695381
   17.8378378     0.03726152     0.02446221
   17.8778779     0.03070941     0.03291981
   17.9179179     0.02181875     0.04015039
   17.9579580     0.01623622     0.04395156
   17.9979980     0.01757558     0.04211727
   18.0380380     0.02422292     0.03559801
   18.0780781     0.03037566     0.02960986
   18.1181181     0.03049836     0.02799322
   18.1581582     0.02413016     0.02791508
   18.1981982     0.01573606     0.02413046
   18.2382382     0.00981335     0.01667245
   18.2782783     0.00812944     0.01026547
   18.3183183     0.01117763     0.00807890
   18.3583584     0.01939970     0.00937650
   18.3983984     0.03175945     0.01196233
   18.4384384     0.04414905     0.01446274
   18.4784785     0.05117451     0.01631073
   18.5185185     0.05013487     0.01722640
   18.5585586     0.04248154     0.01758514
   18.5985986     0.03199473     0.01876137
   18.6386386     0.02232114     0.02264727
   18.6786787     0.01552941     0.02958522
   18.7187187     0.01243377     0.03579810
   18.7587588     0.01462961     0.03576449
   18.7987988     0.02637199     0.02890245
   18.8388388     0.05136448     0.02059318
   18.8788789     0.08313565     0.01615497
   18.9189189     0.10268866     0.01722648
   18.9589590     0.09533853     0.02345647
   18.9989990     0.06736738     0.03525935
   19.0390390     0.03808909     0.05474817
   19.0790791     0.02052130     0.08112892
   19.1191191     0.01511260     0.10286700
   19.1591592     0.01596426     0.10288327
   19.1991992     0.01824214     0.07844225
   19.2392392     0.02131461     0.04678806
   19.2792793     0.02664973     0.02617975
   19.3193193     0.03412826     0.02095040
   19.3593594     0.04156360     0.02623214
   19.3993994     0.04634223     0.03649889
   19.4394394     0.04604711     0.04624482
   19.4794795     0.03952268     0.04981577
   19.5195195     0.02944510     0.04558798
   19.5595596     0.02228775     0.03734682
   19.5995996     0.02352635     0.02986588
   19.6396396     0.03320859     0.02596101
   19.6796797     0.04690267     0.02689577
   19.7197197     0.05943016     0.03178725
   19.7597598     0.06588237     0.03716264
   19.7997998     0.06187500     0.04006111
   19.8398398     0.04794080     0.04197506
   19.8798799     0.03177808     0.04696781
   19.9199199     0.02139219     0.05475573
   19.9599600     0.01766637     0.05923379
   20.0000000     0.01641408     0.05502103
