#
#   partial DOS for atom species: Ni
#
#   Add data for atom_index =   5,  n,l,m,z=  3  2 -2  1
#   Add data for atom_index =   5,  n,l,m,z=  3  2 -1  1
#   Add data for atom_index =   5,  n,l,m,z=  3  2  0  1
#   Add data for atom_index =   5,  n,l,m,z=  3  2  1  1
#   Add data for atom_index =   5,  n,l,m,z=  3  2  2  1
#   Add data for atom_index =   5,  n,l,m,z=  3  2 -2  2
#   Add data for atom_index =   5,  n,l,m,z=  3  2 -1  2
#   Add data for atom_index =   5,  n,l,m,z=  3  2  0  2
#   Add data for atom_index =   5,  n,l,m,z=  3  2  1  2
#   Add data for atom_index =   5,  n,l,m,z=  3  2  2  2
#   Add data for atom_index =   5,  n,l,m,z=  3  2 -2  3
#   Add data for atom_index =   5,  n,l,m,z=  3  2 -1  3
#   Add data for atom_index =   5,  n,l,m,z=  3  2  0  3
#   Add data for atom_index =   5,  n,l,m,z=  3  2  1  3
#   Add data for atom_index =   5,  n,l,m,z=  3  2  2  3
#   Add data for atom_index =   6,  n,l,m,z=  3  2 -2  1
#   Add data for atom_index =   6,  n,l,m,z=  3  2 -1  1
#   Add data for atom_index =   6,  n,l,m,z=  3  2  0  1
#   Add data for atom_index =   6,  n,l,m,z=  3  2  1  1
#   Add data for atom_index =   6,  n,l,m,z=  3  2  2  1
#   Add data for atom_index =   6,  n,l,m,z=  3  2 -2  2
#   Add data for atom_index =   6,  n,l,m,z=  3  2 -1  2
#   Add data for atom_index =   6,  n,l,m,z=  3  2  0  2
#   Add data for atom_index =   6,  n,l,m,z=  3  2  1  2
#   Add data for atom_index =   6,  n,l,m,z=  3  2  2  2
#   Add data for atom_index =   6,  n,l,m,z=  3  2 -2  3
#   Add data for atom_index =   6,  n,l,m,z=  3  2 -1  3
#   Add data for atom_index =   6,  n,l,m,z=  3  2  0  3
#   Add data for atom_index =   6,  n,l,m,z=  3  2  1  3
#   Add data for atom_index =   6,  n,l,m,z=  3  2  2  3
#   Add data for atom_index =   7,  n,l,m,z=  3  2 -2  1
#   Add data for atom_index =   7,  n,l,m,z=  3  2 -1  1
#   Add data for atom_index =   7,  n,l,m,z=  3  2  0  1
#   Add data for atom_index =   7,  n,l,m,z=  3  2  1  1
#   Add data for atom_index =   7,  n,l,m,z=  3  2  2  1
#   Add data for atom_index =   7,  n,l,m,z=  3  2 -2  2
#   Add data for atom_index =   7,  n,l,m,z=  3  2 -1  2
#   Add data for atom_index =   7,  n,l,m,z=  3  2  0  2
#   Add data for atom_index =   7,  n,l,m,z=  3  2  1  2
#   Add data for atom_index =   7,  n,l,m,z=  3  2  2  2
#   Add data for atom_index =   7,  n,l,m,z=  3  2 -2  3
#   Add data for atom_index =   7,  n,l,m,z=  3  2 -1  3
#   Add data for atom_index =   7,  n,l,m,z=  3  2  0  3
#   Add data for atom_index =   7,  n,l,m,z=  3  2  1  3
#   Add data for atom_index =   7,  n,l,m,z=  3  2  2  3
#
#    Energy          spin 1        spin2
#
  -20.0000000     0.00000000     0.00000000
  -19.9599600     0.00000000     0.00000000
  -19.9199199     0.00000000     0.00000000
  -19.8798799     0.00000000     0.00000000
  -19.8398398     0.00000000     0.00000000
  -19.7997998     0.00000000     0.00000000
  -19.7597598     0.00000000     0.00000000
  -19.7197197     0.00000000     0.00000000
  -19.6796797     0.00000000     0.00000000
  -19.6396396     0.00000000     0.00000000
  -19.5995996     0.00000000     0.00000000
  -19.5595596     0.00000000     0.00000000
  -19.5195195     0.00000000     0.00000000
  -19.4794795     0.00000000     0.00000000
  -19.4394394     0.00000000     0.00000000
  -19.3993994     0.00000000     0.00000000
  -19.3593594     0.00000000     0.00000000
  -19.3193193     0.00000000     0.00000000
  -19.2792793     0.00000000     0.00000000
  -19.2392392     0.00000000     0.00000000
  -19.1991992     0.00000000     0.00000000
  -19.1591592     0.00000000     0.00000000
  -19.1191191     0.00000000     0.00000000
  -19.0790791     0.00000000     0.00000000
  -19.0390390     0.00000000     0.00000000
  -18.9989990     0.00000000     0.00000000
  -18.9589590     0.00000000     0.00000000
  -18.9189189     0.00000000     0.00000000
  -18.8788789     0.00000000     0.00000000
  -18.8388388     0.00000000     0.00000000
  -18.7987988     0.00000000     0.00000000
  -18.7587588     0.00000003     0.00000002
  -18.7187187     0.00000032     0.00000024
  -18.6786787     0.00000240     0.00000188
  -18.6386386     0.00001319     0.00001077
  -18.5985986     0.00005275     0.00004474
  -18.5585586     0.00015321     0.00013508
  -18.5185185     0.00032364     0.00029659
  -18.4784785     0.00049798     0.00047424
  -18.4384384     0.00055986     0.00055370
  -18.3983984     0.00046239     0.00047408
  -18.3583584     0.00028307     0.00029976
  -18.3183183     0.00013027     0.00014145
  -18.2782783     0.00004594     0.00005054
  -18.2382382     0.00001267     0.00001390
  -18.1981982     0.00000278     0.00000299
  -18.1581582     0.00000048     0.00000050
  -18.1181181     0.00000007     0.00000007
  -18.0780781     0.00000003     0.00000002
  -18.0380380     0.00000030     0.00000022
  -17.9979980     0.00000263     0.00000199
  -17.9579580     0.00001692     0.00001344
  -17.9179179     0.00007972     0.00006617
  -17.8778779     0.00027679     0.00023968
  -17.8378378     0.00071712     0.00064580
  -17.7977978     0.00141645     0.00131950
  -17.7577578     0.00219998     0.00210550
  -17.7177177     0.00278209     0.00272082
  -17.6776777     0.00293728     0.00293595
  -17.6376376     0.00260266     0.00267290
  -17.5975976     0.00191884     0.00203181
  -17.5575576     0.00116905     0.00126919
  -17.5175175     0.00059805     0.00065250
  -17.4774775     0.00028184     0.00029633
  -17.4374374     0.00015201     0.00014752
  -17.3973974     0.00010133     0.00009375
  -17.3573574     0.00006572     0.00006129
  -17.3173173     0.00003403     0.00003265
  -17.2772773     0.00001357     0.00001325
  -17.2372372     0.00000875     0.00000671
  -17.1971972     0.00003894     0.00002439
  -17.1571572     0.00020967     0.00013884
  -17.1171171     0.00084129     0.00059865
  -17.0770771     0.00248604     0.00190632
  -17.0370370     0.00546335     0.00451714
  -16.9969970     0.00907293     0.00806787
  -16.9569570     0.01164213     0.01106503
  -16.9169169     0.01184938     0.01194270
  -16.8768769     0.00984081     0.01045911
  -16.8368368     0.00697113     0.00776988
  -16.7967968     0.00468339     0.00533605
  -16.7567568     0.00353265     0.00389774
  -16.7167167     0.00310727     0.00326113
  -16.6766767     0.00272829     0.00282291
  -16.6366366     0.00206810     0.00218443
  -16.5965966     0.00125313     0.00137702
  -16.5565566     0.00058238     0.00067194
  -16.5165165     0.00020295     0.00024664
  -16.4764765     0.00005605     0.00006799
  -16.4364364     0.00004075     0.00002317
  -16.3963964     0.00017313     0.00006776
  -16.3563564     0.00069145     0.00031939
  -16.3163163     0.00201905     0.00112318
  -16.2762763     0.00428112     0.00286909
  -16.2362362     0.00660228     0.00532700
  -16.1961962     0.00747150     0.00722846
  -16.1561562     0.00646881     0.00734179
  -16.1161161     0.00502770     0.00611853
  -16.0760761     0.00475404     0.00527244
  -16.0360360     0.00550464     0.00554105
  -15.9959960     0.00577065     0.00586414
  -15.9559560     0.00469365     0.00505653
  -15.9159159     0.00300673     0.00340475
  -15.8758759     0.00196724     0.00213030
  -15.8358358     0.00211561     0.00197658
  -15.7957958     0.00325707     0.00282419
  -15.7557558     0.00501361     0.00422497
  -15.7157157     0.00694951     0.00583425
  -15.6756757     0.00834484     0.00733355
  -15.6356356     0.00839794     0.00818573
  -15.5955956     0.00692121     0.00778602
  -15.5555556     0.00464644     0.00607897
  -15.5155155     0.00270250     0.00390349
  -15.4754755     0.00180629     0.00238770
  -15.4354354     0.00187993     0.00198534
  -15.3953954     0.00228154     0.00224805
  -15.3553554     0.00235946     0.00240618
  -15.3153153     0.00191228     0.00205362
  -15.2752753     0.00124722     0.00136968
  -15.2352352     0.00091983     0.00085546
  -15.1951952     0.00156352     0.00106330
  -15.1551552     0.00386680     0.00260985
  -15.1151151     0.00829474     0.00607476
  -15.0750751     0.01473923     0.01153818
  -15.0350350     0.02267708     0.01847330
  -14.9949950     0.03105189     0.02620046
  -14.9549550     0.03747091     0.03361434
  -14.9149149     0.03916607     0.03850132
  -14.8748749     0.03607190     0.03897676
  -14.8348348     0.03138867     0.03594641
  -14.7947948     0.02786343     0.03209195
  -14.7547548     0.02493460     0.02834464
  -14.7147147     0.02067864     0.02360305
  -14.6746747     0.01499393     0.01759693
  -14.6346346     0.00957444     0.01171642
  -14.5945946     0.00611038     0.00745761
  -14.5545546     0.00538528     0.00563205
  -14.5145145     0.00718202     0.00632652
  -14.4744745     0.01064182     0.00870006
  -14.4344344     0.01507895     0.01158320
  -14.3943944     0.02056054     0.01468407
  -14.3543544     0.02778201     0.01866340
  -14.3143143     0.03696308     0.02444685
  -14.2742743     0.04567662     0.03270657
  -14.2342342     0.04913695     0.04218387
  -14.1941942     0.04563852     0.04873043
  -14.1541542     0.03956678     0.04913713
  -14.1141141     0.03564014     0.04521135
  -14.0740741     0.03320239     0.04077265
  -14.0340340     0.02931934     0.03641013
  -13.9939940     0.02434764     0.03102962
  -13.9539540     0.02110006     0.02608883
  -13.9139139     0.02056962     0.02381079
  -13.8738739     0.02131897     0.02339560
  -13.8338338     0.02203490     0.02259404
  -13.7937938     0.02284196     0.02108483
  -13.7537538     0.02438232     0.02009439
  -13.7137137     0.02663513     0.02047643
  -13.6736737     0.02860444     0.02249353
  -13.6336336     0.02866103     0.02585156
  -13.5935936     0.02570261     0.02880749
  -13.5535536     0.02025508     0.02851013
  -13.5135135     0.01410997     0.02356498
  -13.4734735     0.00936592     0.01577852
  -13.4334334     0.00777338     0.00873969
  -13.3933934     0.01024819     0.00548922
  -13.3533534     0.01727706     0.00820834
  -13.3133133     0.02987662     0.01904625
  -13.2732733     0.04883436     0.03912458
  -13.2332332     0.07168285     0.06553247
  -13.1931932     0.09071375     0.08972126
  -13.1531532     0.09625046     0.10082865
  -13.1131131     0.08435540     0.09359184
  -13.0730731     0.06163817     0.07335690
  -13.0330330     0.04113497     0.05127432
  -12.9929930     0.03279823     0.03587080
  -12.9529530     0.03864743     0.03000750
  -12.9129129     0.05564838     0.03239433
  -12.8728729     0.07811949     0.04114835
  -12.8328328     0.09733814     0.05596329
  -12.7927928     0.10711107     0.07370557
  -12.7527528     0.11063706     0.08469519
  -12.7127127     0.11382139     0.08212617
  -12.6726727     0.11425545     0.07402075
  -12.6326326     0.10521665     0.07626384
  -12.5925926     0.08800266     0.09475755
  -12.5525526     0.07366892     0.12145700
  -12.5125125     0.07054643     0.14430547
  -12.4724725     0.07269251     0.15478338
  -12.4324324     0.06756930     0.14825758
  -12.3923924     0.05477710     0.12358637
  -12.3523524     0.04784941     0.08688696
  -12.3123123     0.05796727     0.05283611
  -12.2722723     0.08386208     0.03596324
  -12.2322322     0.11514518     0.04121664
  -12.1921922     0.13910713     0.06456146
  -12.1521522     0.14690570     0.09710219
  -12.1121121     0.13719020     0.12515256
  -12.0720721     0.11396097     0.13438494
  -12.0320320     0.08432537     0.12207155
  -11.9919920     0.06000492     0.10041414
  -11.9519520     0.05376791     0.08325910
  -11.9119119     0.06987411     0.07495769
  -11.8718719     0.10252491     0.07351548
  -11.8318318     0.14377919     0.07726198
  -11.7917918     0.18411862     0.08581674
  -11.7517518     0.20727158     0.10046150
  -11.7117117     0.20274818     0.12485007
  -11.6716717     0.18425058     0.15787857
  -11.6316316     0.17557939     0.18505254
  -11.5915916     0.18125035     0.18964137
  -11.5515516     0.19007559     0.17701295
  -11.5115115     0.19792808     0.17214616
  -11.4714715     0.20802159     0.18690431
  -11.4314314     0.21928582     0.20786383
  -11.3913914     0.22654318     0.22199721
  -11.3513514     0.22568399     0.23369927
  -11.3113113     0.21877725     0.25000593
  -11.2712713     0.21574943     0.26564458
  -11.2312312     0.22450548     0.26797671
  -11.1911912     0.23827092     0.25106302
  -11.1511512     0.23669681     0.22503501
  -11.1111111     0.20642816     0.21112832
  -11.0710711     0.16328118     0.22174172
  -11.0310310     0.14507612     0.24184015
  -10.9909910     0.17642913     0.23750895
  -10.9509510     0.24112145     0.19176861
  -10.9109109     0.29191875     0.12442930
  -10.8708709     0.29782140     0.06894664
  -10.8308308     0.28244119     0.04258725
  -10.7907908     0.30088375     0.04744733
  -10.7507508     0.38428897     0.08577319
  -10.7107107     0.52471031     0.16170739
  -10.6706707     0.69300850     0.26989964
  -10.6306306     0.83768370     0.38584225
  -10.5905906     0.88584292     0.47171304
  -10.5505506     0.79544203     0.50091187
  -10.5105105     0.61252197     0.48241596
  -10.4704705     0.44818182     0.45218374
  -10.4304304     0.40625751     0.43788152
  -10.3903904     0.54364161     0.45211555
  -10.3503504     0.84557854     0.50797681
  -10.3103103     1.19680339     0.60094952
  -10.2702703     1.42664036     0.69297015
  -10.2302302     1.44414092     0.74486394
  -10.1901902     1.32662372     0.74422802
  -10.1501502     1.24902785     0.70160387
  -10.1101101     1.31877147     0.64590055
  -10.0700701     1.48488893     0.61320441
  -10.0300300     1.60885398     0.62360397
   -9.9899900     1.60204024     0.67668172
   -9.9499500     1.46731002     0.77588650
   -9.9099099     1.25713818     0.93795720
   -9.8698699     1.07212065     1.14590894
   -9.8298298     1.03475921     1.31681657
   -9.7897898     1.16797961     1.36671216
   -9.7497497     1.36336329     1.29316173
   -9.7097097     1.51138931     1.18380992
   -9.6696697     1.59394922     1.15639777
   -9.6296296     1.66392373     1.24945320
   -9.5895896     1.79467855     1.37050017
   -9.5495496     2.01985738     1.41648483
   -9.5095095     2.31047488     1.43005222
   -9.4694695     2.62722367     1.56712183
   -9.4294294     2.92474287     1.90061902
   -9.3893894     3.08527244     2.29540249
   -9.3493494     2.99969763     2.51687205
   -9.3093093     2.76098650     2.45028026
   -9.2692693     2.60428386     2.18294233
   -9.2292292     2.61782025     1.94122613
   -9.1891892     2.66957965     1.97981056
   -9.1491491     2.62928617     2.38484032
   -9.1091091     2.51705266     2.94462160
   -9.0690691     2.42134002     3.37441085
   -9.0290290     2.42070167     3.67059113
   -8.9889890     2.61530263     4.07021485
   -8.9489490     3.04677029     4.65592444
   -8.9089089     3.52877411     5.18312518
   -8.8688689     3.79910672     5.39050969
   -8.8288288     3.90547231     5.35684377
   -8.7887888     4.15244709     5.37218796
   -8.7487488     4.62553507     5.51494891
   -8.7087087     5.09085469     5.60390886
   -8.6686687     5.41003834     5.56138575
   -8.6286286     5.71648403     5.56588930
   -8.5885886     6.08663127     5.82213997
   -8.5485485     6.34016546     6.32815645
   -8.5085085     6.28697141     6.83797197
   -8.4684685     5.98043144     7.02609674
   -8.4284284     5.68757876     6.79819294
   -8.3883884     5.68001572     6.43501605
   -8.3483484     5.95756225     6.31744697
   -8.3083083     6.19526814     6.54002440
   -8.2682683     6.12427178     6.84026923
   -8.2282282     5.81822603     6.79855958
   -8.1881882     5.43820356     6.17274824
   -8.1481482     4.99217972     5.19695398
   -8.1081081     4.51665022     4.41638775
   -8.0680681     4.18241926     4.14211174
   -8.0280280     4.06708014     4.20282857
   -7.9879880     4.01323655     4.21454363
   -7.9479479     3.81935829     3.96683640
   -7.9079079     3.48814429     3.53104072
   -7.8678679     3.22613094     3.07698348
   -7.8278278     3.23794437     2.70346980
   -7.7877878     3.52575884     2.44381306
   -7.7477478     3.88382620     2.30601119
   -7.7077077     4.14227020     2.30679173
   -7.6676677     4.36772670     2.51555151
   -7.6276276     4.69982156     2.93951648
   -7.5875876     5.05773503     3.35782696
   -7.5475475     5.20913698     3.51242513
   -7.5075075     5.12438615     3.51286318
   -7.4674675     5.06303944     3.80682878
   -7.4274274     5.23992697     4.60049214
   -7.3873874     5.48978674     5.44462085
   -7.3473473     5.38243566     5.67368183
   -7.3073073     4.78767074     5.25999669
   -7.2672673     4.16748006     4.83207288
   -7.2272272     4.01637221     4.76223470
   -7.1871872     4.19677998     4.72923832
   -7.1471472     4.18415606     4.33582656
   -7.1071071     3.78446380     3.69084170
   -7.0670671     3.26058321     3.16566769
   -7.0270270     2.87786894     2.91589830
   -6.9869870     2.60500976     2.83165782
   -6.9469470     2.25794131     2.71640633
   -6.9069069     1.80424829     2.41452427
   -6.8668669     1.43202198     1.93439477
   -6.8268268     1.32284678     1.46672962
   -6.7867868     1.45386764     1.20606216
   -6.7467467     1.64536943     1.18432760
   -6.7067067     1.72240091     1.28888664
   -6.6666667     1.61184753     1.39591273
   -6.6266266     1.35787535     1.45679078
   -6.5865866     1.08066800     1.45885405
   -6.5465466     0.88705953     1.36747868
   -6.5065065     0.80023831     1.16502086
   -6.4664665     0.76445038     0.89753795
   -6.4264264     0.70242336     0.63216191
   -6.3863864     0.58803779     0.40823628
   -6.3463464     0.47904567     0.25148476
   -6.3063063     0.45550276     0.19982235
   -6.2662663     0.51929251     0.29797977
   -6.2262262     0.58717070     0.55889598
   -6.1861862     0.59661829     0.90255244
   -6.1461461     0.58024200     1.15436666
   -6.1061061     0.61089320     1.18337749
   -6.0660661     0.70303995     1.04362619
   -6.0260260     0.79035233     0.90699905
   -5.9859860     0.79264570     0.87292808
   -5.9459459     0.70182812     0.90715495
   -5.9059059     0.58946214     0.93219705
   -5.8658659     0.51633368     0.90565842
   -5.8258258     0.46895643     0.81869643
   -5.7857858     0.41748718     0.67912078
   -5.7457458     0.38974925     0.51762334
   -5.7057057     0.43109818     0.38064774
   -5.6656657     0.51843858     0.29778738
   -5.6256256     0.57373413     0.26972063
   -5.5855856     0.55778420     0.29257528
   -5.5455455     0.50340748     0.36917804
   -5.5055055     0.46118466     0.48395193
   -5.4654655     0.45670203     0.59079485
   -5.4254254     0.49073062     0.64852079
   -5.3853854     0.54233781     0.66506738
   -5.3453453     0.58184178     0.69433895
   -5.3053053     0.59723547     0.77505430
   -5.2652653     0.59142804     0.86917112
   -5.2252252     0.55693351     0.89305389
   -5.1851852     0.47881570     0.82647194
   -5.1451452     0.36298095     0.74653563
   -5.1051051     0.24299457     0.72978986
   -5.0650651     0.15277712     0.76803528
   -5.0250250     0.10234744     0.80675005
   -4.9849850     0.08135625     0.81514893
   -4.9449449     0.07334460     0.78523679
   -4.9049049     0.06684044     0.70567658
   -4.8648649     0.06620414     0.57960990
   -4.8248248     0.09143157     0.45090199
   -4.7847848     0.15524614     0.37782552
   -4.7447447     0.23697494     0.38587434
   -4.7047047     0.29034821     0.45651249
   -4.6646647     0.28953572     0.53762248
   -4.6246246     0.25837017     0.56431469
   -4.5845846     0.23778934     0.50606617
   -4.5445445     0.23857308     0.39585230
   -4.5045045     0.24805045     0.29451720
   -4.4644645     0.26811355     0.24106343
   -4.4244244     0.31799332     0.24322083
   -4.3843844     0.39682297     0.28763062
   -4.3443443     0.46359774     0.34656853
   -4.3043043     0.47162904     0.38786992
   -4.2642643     0.41401780     0.39016749
   -4.2242242     0.32077282     0.35498738
   -4.1841842     0.22549354     0.30650744
   -4.1441441     0.15010699     0.27472894
   -4.1041041     0.10473485     0.27183808
   -4.0640641     0.08512198     0.28568170
   -4.0240240     0.07838255     0.29639796
   -3.9839840     0.07650254     0.29182899
   -3.9439439     0.07916705     0.27120966
   -3.9039039     0.08702719     0.24778166
   -3.8638639     0.09703333     0.24176949
   -3.8238238     0.10296385     0.25529061
   -3.7837838     0.10215321     0.26138631
   -3.7437437     0.10062048     0.23302845
   -3.7037037     0.10617885     0.17761874
   -3.6636637     0.12298723     0.13202280
   -3.6236236     0.15961420     0.12624424
   -3.5835836     0.22574241     0.15598357
   -3.5435435     0.30553948     0.18841579
   -3.5035035     0.35369663     0.19295370
   -3.4634635     0.34001576     0.16498227
   -3.4234234     0.28400332     0.12158146
   -3.3833834     0.23095153     0.08403877
   -3.3433433     0.20984612     0.06718303
   -3.3033033     0.22373270     0.07624100
   -3.2632633     0.25978021     0.10912238
   -3.2232232     0.29288259     0.16070933
   -3.1831832     0.29665125     0.21853337
   -3.1431431     0.26504816     0.25673017
   -3.1031031     0.21214397     0.25394471
   -3.0630631     0.15280325     0.22499037
   -3.0230230     0.09758013     0.21641287
   -2.9829830     0.05706668     0.25742863
   -2.9429429     0.03807357     0.32346695
   -2.9029029     0.04170554     0.35810754
   -2.8628629     0.06849021     0.32686612
   -2.8228228     0.11511505     0.24251424
   -2.7827828     0.16495510     0.14648706
   -2.7427427     0.19711158     0.07634275
   -2.7027027     0.21024726     0.04535038
   -2.6626627     0.22422987     0.04264713
   -2.6226226     0.24967541     0.04921578
   -2.5825826     0.26460611     0.05606134
   -2.5425425     0.23747135     0.06947750
   -2.5025025     0.17128900     0.09895256
   -2.4624625     0.10442652     0.14208763
   -2.4224224     0.06867254     0.18334090
   -2.3823824     0.06431725     0.20581159
   -2.3423423     0.07356160     0.20261857
   -2.3023023     0.08621693     0.17971456
   -2.2622623     0.11134562     0.15073570
   -2.2222222     0.16305310     0.12844205
   -2.1821822     0.23285351     0.12122192
   -2.1421421     0.28444653     0.13282300
   -2.1021021     0.28446114     0.15517846
   -2.0620621     0.23306332     0.16682735
   -2.0220220     0.15909752     0.15273034
   -1.9819820     0.09320836     0.12176676
   -1.9419419     0.05044654     0.09532952
   -1.9019019     0.02972769     0.08557925
   -1.8618619     0.02252524     0.09127128
   -1.8218218     0.02387620     0.10749431
   -1.7817818     0.03630099     0.13047501
   -1.7417417     0.06180639     0.15350481
   -1.7017017     0.09328138     0.16757242
   -1.6616617     0.11983999     0.16871900
   -1.6216216     0.13862348     0.15871289
   -1.5815816     0.15335499     0.14020878
   -1.5415415     0.16285613     0.11637385
   -1.5015015     0.15882701     0.09295955
   -1.4614615     0.13660205     0.07808762
   -1.4214214     0.10509508     0.07974293
   -1.3813814     0.08221766     0.10173307
   -1.3413413     0.08030687     0.14008202
   -1.3013013     0.09897938     0.18104933
   -1.2612613     0.12947520     0.20427125
   -1.2212212     0.16021306     0.19680368
   -1.1811812     0.17819012     0.16517961
   -1.1411411     0.17254160     0.12628697
   -1.1011011     0.14531018     0.09210659
   -1.0610611     0.11518908     0.06904358
   -1.0210210     0.10101395     0.06036637
   -0.9809810     0.10383372     0.06380721
   -0.9409409     0.11036904     0.07396603
   -0.9009009     0.11029438     0.08695079
   -0.8608609     0.10666475     0.09949490
   -0.8208208     0.11170823     0.10758573
   -0.7807808     0.13398191     0.10821745
   -0.7407407     0.16554245     0.10032862
   -0.7007007     0.18232561     0.08532729
   -0.6606607     0.16667121     0.06815096
   -0.6206206     0.12823953     0.05569205
   -0.5805806     0.09349143     0.05399167
   -0.5405405     0.07947563     0.06725702
   -0.5005005     0.08574480     0.09839829
   -0.4604605     0.10410783     0.14848693
   -0.4204204     0.12620908     0.20830602
   -0.3803804     0.14439623     0.24979740
   -0.3403403     0.15235737     0.24271524
   -0.3003003     0.14765013     0.18757359
   -0.2602603     0.13370404     0.11939992
   -0.2202202     0.11814418     0.07507120
   -0.1801802     0.10696252     0.06683285
   -0.1401401     0.09874203     0.08482899
   -0.1001001     0.08632184     0.11003700
   -0.0600601     0.06621727     0.12321543
   -0.0200200     0.04400017     0.11525509
    0.0200200     0.02873300     0.09476301
    0.0600601     0.02451638     0.07979034
    0.1001001     0.02826255     0.08076987
    0.1401401     0.03447073     0.09324295
    0.1801802     0.04166086     0.10313405
    0.2202202     0.05224047     0.09789276
    0.2602603     0.06552995     0.07698761
    0.3003003     0.07631479     0.05186587
    0.3403403     0.08241434     0.03532636
    0.3803804     0.08617735     0.03249780
    0.4204204     0.08610709     0.03914962
    0.4604605     0.07658158     0.04618420
    0.5005005     0.05900599     0.04872041
    0.5405405     0.04375491     0.05163321
    0.5805806     0.03864614     0.06217281
    0.6206206     0.04264195     0.07739167
    0.6606607     0.05036980     0.08538669
    0.7007007     0.05669175     0.08073932
    0.7407407     0.05771703     0.07160337
    0.7807808     0.05353708     0.06808848
    0.8208208     0.05053648     0.07084033
    0.8608609     0.05474138     0.07430384
    0.9009009     0.06357711     0.07406305
    0.9409409     0.07164826     0.06858341
    0.9809810     0.08005249     0.05903622
    1.0210210     0.08893381     0.04924172
    1.0610611     0.08842925     0.04401185
    1.1011011     0.07146224     0.04580937
    1.1411411     0.04842359     0.05155915
    1.1811812     0.03745907     0.05569665
    1.2212212     0.04592862     0.05956608
    1.2612613     0.06657573     0.07147401
    1.3013013     0.08713548     0.09240876
    1.3413413     0.10123533     0.10958725
    1.3813814     0.11011787     0.11057352
    1.4214214     0.11523025     0.09850993
    1.4614615     0.11645065     0.08885053
    1.5015015     0.11907878     0.09319726
    1.5415415     0.13020457     0.10727771
    1.5815816     0.14491477     0.11566660
    1.6216216     0.14854260     0.10966955
    1.6616617     0.13439121     0.09532082
    1.7017017     0.11108747     0.08225899
    1.7417417     0.09453649     0.07461404
    1.7817818     0.09552227     0.07436104
    1.8218218     0.11033487     0.08262905
    1.8618619     0.12417695     0.09606910
    1.9019019     0.12604382     0.10957976
    1.9419419     0.11620340     0.12179144
    1.9819820     0.10086447     0.13285011
    2.0220220     0.08632114     0.14077063
    2.0620621     0.07625825     0.14493904
    2.1021021     0.06969050     0.14764071
    2.1421421     0.06313210     0.14743145
    2.1821822     0.05532565     0.13766275
    2.2222222     0.04734319     0.11607017
    2.2622623     0.04072956     0.09021888
    2.3023023     0.03841228     0.07000009
    2.3423423     0.04445601     0.05795100
    2.3823824     0.05976828     0.04889169
    2.4224224     0.07808065     0.03783766
    2.4624625     0.09016259     0.02675521
    2.5025025     0.09509246     0.02315506
    2.5425425     0.10105074     0.03300789
    2.5825826     0.11147689     0.05454005
    2.6226226     0.11975866     0.07764156
    2.6626627     0.12054431     0.09124199
    2.7027027     0.11748834     0.09339700
    2.7427427     0.11734041     0.09274976
    2.7827828     0.12174287     0.09873890
    2.8228228     0.12631429     0.11230001
    2.8628629     0.12494152     0.12828258
    2.9029029     0.11485151     0.14345716
    2.9429429     0.09932272     0.15560316
    2.9829830     0.08452558     0.15723414
    3.0230230     0.07257422     0.14055348
    3.0630631     0.06033124     0.10941012
    3.1031031     0.04661932     0.07781262
    3.1431431     0.03624149     0.05665927
    3.1831832     0.03450669     0.04837890
    3.2232232     0.04238819     0.05107757
    3.2632633     0.05821756     0.06006613
    3.3033033     0.07793750     0.06768694
    3.3433433     0.09280850     0.06806542
    3.3833834     0.09467052     0.06214056
    3.4234234     0.08556966     0.05577567
    3.4634635     0.07582362     0.05395462
    3.5035035     0.07135096     0.05823596
    3.5435435     0.06835008     0.06794739
    3.5835836     0.06178124     0.08141205
    3.6236236     0.05424931     0.09574892
    3.6636637     0.05298709     0.10597824
    3.7037037     0.05988363     0.10580255
    3.7437437     0.06870545     0.09212837
    3.7837838     0.07326054     0.06914967
    3.8238238     0.07409331     0.04681255
    3.8638639     0.07429876     0.03625295
    3.9039039     0.07328544     0.04452726
    3.9439439     0.06948068     0.06786835
    3.9839840     0.06484756     0.09066970
    4.0240240     0.06093815     0.09859049
    4.0640641     0.05527930     0.09324979
    4.1041041     0.04709886     0.08736997
    4.1441441     0.04210499     0.08729177
    4.1841842     0.04751978     0.08750447
    4.2242242     0.06440285     0.08074909
    4.2642643     0.08626267     0.06708786
    4.3043043     0.10448743     0.05253499
    4.3443443     0.11434781     0.04326980
    4.3843844     0.11656916     0.04316907
    4.4244244     0.11535131     0.05439161
    4.4644645     0.11458632     0.07687970
    4.5045045     0.11541559     0.10609442
    4.5445445     0.11925453     0.13311834
    4.5845846     0.12974893     0.14978539
    4.6246246     0.14532772     0.15436077
    4.6646647     0.15523302     0.15155658
    4.7047047     0.15155826     0.14809329
    4.7447447     0.13813480     0.14838290
    4.7847848     0.12257370     0.15045554
    4.8248248     0.11073523     0.14580925
    4.8648649     0.10873965     0.12940314
    4.9049049     0.11743513     0.10935407
    4.9449449     0.12860977     0.10035704
    4.9849850     0.13524138     0.10755372
    5.0250250     0.13752326     0.12171886
    5.0650651     0.13560063     0.13240234
    5.1051051     0.12866259     0.13827635
    5.1451452     0.12149079     0.13788259
    5.1851852     0.11842519     0.12430636
    5.2252252     0.11419444     0.10033328
    5.2652653     0.10367588     0.08451609
    5.3053053     0.09328471     0.09326300
    5.3453453     0.09081825     0.12556930
    5.3853854     0.09291106     0.16556789
    5.4254254     0.09297887     0.19292925
    5.4654655     0.09355628     0.19425355
    5.5055055     0.10003767     0.17105646
    5.5455455     0.10846508     0.13637023
    5.5855856     0.11058388     0.10461896
    5.6256256     0.10617510     0.08713560
    5.6656657     0.10358143     0.09022438
    5.7057057     0.11290994     0.10922981
    5.7457458     0.13721718     0.12832388
    5.7857858     0.16373098     0.13340683
    5.8258258     0.17009337     0.12565721
    5.8658659     0.14704690     0.11967167
    5.9059059     0.10882484     0.12786304
    5.9459459     0.07583727     0.14706479
    5.9859860     0.05545101     0.16025363
    6.0260260     0.04382823     0.15290827
    6.0660661     0.03680705     0.12695451
    6.1061061     0.03354951     0.09637526
    6.1461461     0.03516822     0.07257268
    6.1861862     0.04414725     0.05752028
    6.2262262     0.06325664     0.04871427
    6.2662663     0.09223979     0.04586921
    6.3063063     0.12525144     0.04989345
    6.3463464     0.15336346     0.05885570
    6.3863864     0.17093272     0.07019381
    6.4264264     0.17717720     0.08411428
    6.4664665     0.17065903     0.10056981
    6.5065065     0.14931065     0.11748534
    6.5465466     0.11974883     0.13418371
    6.5865866     0.09747765     0.14921308
    6.6266266     0.09095692     0.15676607
    6.6666667     0.09175465     0.15553205
    6.7067067     0.08626443     0.15420167
    6.7467467     0.07276825     0.15600394
    6.7867868     0.06180059     0.14847581
    6.8268268     0.06317482     0.12232810
    6.8668669     0.07740471     0.08885137
    6.9069069     0.09605428     0.06611319
    6.9469470     0.10723460     0.05980014
    6.9869870     0.10532925     0.06692197
    7.0270270     0.09608818     0.08532622
    7.0670671     0.08871610     0.10968481
    7.1071071     0.08691979     0.12765249
    7.1471472     0.09040884     0.12885666
    7.1871872     0.09846329     0.11311335
    7.2272272     0.11006604     0.08747057
    7.2672673     0.12421275     0.06118042
    7.3073073     0.13813753     0.04352877
    7.3473473     0.14835602     0.04019557
    7.3873874     0.15942742     0.05001360
    7.4274274     0.18022209     0.06681776
    7.4674675     0.20534909     0.08508990
    7.5075075     0.21865867     0.10414425
    7.5475475     0.21913105     0.12665665
    7.5875876     0.22332038     0.15391857
    7.6276276     0.23972425     0.18619368
    7.6676677     0.25528825     0.22789346
    7.7077077     0.24980911     0.28262162
    7.7477478     0.21858005     0.33799141
    7.7877878     0.17835833     0.36588443
    7.8278278     0.15091991     0.34511620
    7.8678679     0.14307516     0.28265072
    7.9079079     0.14240528     0.21237775
    7.9479479     0.13211780     0.16821832
    7.9879880     0.11088650     0.15595401
    8.0280280     0.09323032     0.15587883
    8.0680681     0.09106635     0.14912908
    8.1081081     0.10453614     0.13347471
    8.1481482     0.12952451     0.11624742
    8.1881882     0.16322896     0.10365872
    8.2282282     0.19921964     0.10251053
    8.2682683     0.22164730     0.12146307
    8.3083083     0.21267394     0.15948242
    8.3483484     0.17263155     0.19890943
    8.3883884     0.12616385     0.21913045
    8.4284284     0.09825144     0.21482506
    8.4684685     0.09165657     0.19596653
    8.5085085     0.09540541     0.17210489
    8.5485485     0.10277979     0.14434559
    8.5885886     0.11269941     0.11541564
    8.6286286     0.12430836     0.09638758
    8.6686687     0.13532607     0.09542259
    8.7087087     0.13958510     0.10803036
    8.7487488     0.13044038     0.12330220
    8.7887888     0.11240141     0.13478517
    8.8288288     0.10100426     0.14365167
    8.8688689     0.10782468     0.15298449
    8.9089089     0.13059847     0.16166162
    8.9489490     0.15453037     0.16554728
    8.9889890     0.16206328     0.15981547
    9.0290290     0.14994829     0.13922998
    9.0690691     0.13695728     0.10508648
    9.1091091     0.14539351     0.07092517
    9.1491491     0.17506829     0.05176758
    9.1891892     0.20470934     0.05128981
    9.2292292     0.21844431     0.06714530
    9.2692693     0.21927519     0.10051465
    9.3093093     0.21479281     0.14830425
    9.3493494     0.20188295     0.19363225
    9.3893894     0.17159242     0.22036736
    9.4294294     0.12426350     0.23290059
    9.4694695     0.07469973     0.24657537
    9.5095095     0.04069275     0.26148770
    9.5495496     0.02956811     0.25873616
    9.5895896     0.03870554     0.22331125
    9.6296296     0.06387568     0.16290532
    9.6696697     0.09938331     0.10236532
    9.7097097     0.13075400     0.06481326
    9.7497497     0.13918010     0.06029796
    9.7897898     0.12229203     0.08505079
    9.8298298     0.10160237     0.12192850
    9.8698699     0.09932862     0.14489480
    9.9099099     0.11416934     0.13632654
    9.9499500     0.12741140     0.10275520
    9.9899900     0.12979932     0.06677754
   10.0300300     0.13201418     0.04685017
   10.0700701     0.14461204     0.05253733
   10.1101101     0.16218294     0.09045477
   10.1501502     0.17701844     0.15740195
   10.1901902     0.19465693     0.22747300
   10.2302302     0.22473126     0.26327387
   10.2702703     0.26034631     0.24684241
   10.3103103     0.27570234     0.19330191
   10.3503504     0.25630254     0.13936275
   10.3903904     0.22532864     0.12384236
   10.4304304     0.21871562     0.16457416
   10.4704705     0.24230445     0.24054044
   10.5105105     0.27331863     0.30486579
   10.5505506     0.29193426     0.32733412
   10.5905906     0.29693073     0.31737606
   10.6306306     0.29965833     0.30382737
   10.6706707     0.31101014     0.30894963
   10.7107107     0.33102742     0.33991602
   10.7507508     0.34624585     0.38569591
   10.7907908     0.33980953     0.41888311
   10.8308308     0.31044246     0.41150125
   10.8708709     0.27473096     0.35821466
   10.9109109     0.24423089     0.28336450
   10.9509510     0.21147737     0.22056860
   10.9909910     0.16633606     0.18675804
   11.0310310     0.11579006     0.17482026
   11.0710711     0.07839165     0.16655652
   11.1111111     0.06608675     0.15194068
   11.1511512     0.07659572     0.13404249
   11.1911912     0.09551790     0.11681005
   11.2312312     0.10624995     0.09910502
   11.2712713     0.10769531     0.08309951
   11.3113113     0.11782509     0.07710169
   11.3513514     0.15031681     0.08657546
   11.3913914     0.19268266     0.10917908
   11.4314314     0.21676278     0.13971677
   11.4714715     0.21122043     0.17192397
   11.5115115     0.19608911     0.19264986
   11.5515516     0.19876290     0.18806363
   11.5915916     0.22157196     0.16424643
   11.6316316     0.24318296     0.14981650
   11.6716717     0.24634282     0.17063187
   11.7117117     0.23221095     0.22649306
   11.7517518     0.21280443     0.29215725
   11.7917918     0.20072565     0.33489783
   11.8318318     0.20080800     0.33530214
   11.8718719     0.20581689     0.30502658
   11.9119119     0.20589470     0.28125983
   11.9519520     0.20046475     0.29093745
   11.9919920     0.19982135     0.32358699
   12.0320320     0.22038828     0.34236980
   12.0720721     0.26872894     0.31764711
   12.1121121     0.32666199     0.25392941
   12.1521522     0.36631574     0.18981590
   12.1921922     0.37402721     0.16760475
   12.2322322     0.35091080     0.19687441
   12.2722723     0.31103090     0.24938509
   12.3123123     0.28498134     0.28988820
   12.3523524     0.30020152     0.30403522
   12.3923924     0.34955991     0.29544498
   12.4324324     0.38974357     0.27006769
   12.4724725     0.37571345     0.23986916
   12.5125125     0.29915702     0.23576794
   12.5525526     0.19535835     0.28460942
   12.5925926     0.11423250     0.36199324
   12.6326326     0.08640023     0.39897249
   12.6726727     0.11365403     0.35643327
   12.7127127     0.17951868     0.27311324
   12.7527528     0.25650783     0.22230286
   12.7927928     0.30965971     0.23561611
   12.8328328     0.31687149     0.28184821
   12.8728729     0.29080735     0.30966787
   12.9129129     0.26415610     0.29667000
   12.9529530     0.25499542     0.25472425
   12.9929930     0.25992394     0.20747305
   13.0330330     0.27640920     0.18214872
   13.0730731     0.31234944     0.20497938
   13.1131131     0.36290119     0.28058053
   13.1531532     0.39527938     0.38308210
   13.1931932     0.37758996     0.47223278
   13.2332332     0.31880294     0.50931845
   13.2732733     0.26801101     0.47066506
   13.3133133     0.27263973     0.36774158
   13.3533534     0.34079303     0.24970631
   13.3933934     0.43742149     0.17421778
   13.4334334     0.50793544     0.17467066
   13.4734735     0.51559640     0.25105208
   13.5135135     0.46448867     0.37362433
   13.5535536     0.38430569     0.48348485
   13.5935936     0.30433068     0.51408233
   13.6336336     0.24289508     0.44455511
   13.6736737     0.20279473     0.32420814
   13.7137137     0.17477371     0.22508255
   13.7537538     0.15242991     0.18191014
   13.7937938     0.13958608     0.18599874
   13.8338338     0.14631486     0.21139645
   13.8738739     0.18581628     0.23528744
   13.9139139     0.26313285     0.25264380
   13.9539540     0.35783635     0.27625730
   13.9939940     0.43637911     0.31705269
   14.0340340     0.48486506     0.36540497
   14.0740741     0.50663451     0.38992066
   14.1141141     0.49687877     0.36935132
   14.1541542     0.44777616     0.33641607
   14.1941942     0.36771519     0.35579878
   14.2342342     0.27982243     0.43709144
   14.2742743     0.21053796     0.50420680
   14.3143143     0.17874323     0.47719076
   14.3543544     0.18877345     0.36177353
   14.3943944     0.23713507     0.23609567
   14.4344344     0.31907347     0.16736172
   14.4744745     0.41243666     0.16776337
   14.5145145     0.46746668     0.22209189
   14.5545546     0.44607595     0.32047468
   14.5945946     0.36870812     0.44242191
   14.6346346     0.29305478     0.53106669
   14.6746747     0.25315282     0.52573532
   14.7147147     0.24145636     0.42960404
   14.7547548     0.23559675     0.31574964
   14.7947948     0.22277796     0.25261003
   14.8348348     0.20964259     0.24298387
   14.8748749     0.22098172     0.24385103
   14.9149149     0.28130298     0.22719118
   14.9549550     0.38872358     0.20559861
   14.9949950     0.50761504     0.20797079
   15.0350350     0.59257495     0.25695995
   15.0750751     0.62179088     0.36433187
   15.1151151     0.59984947     0.50563551
   15.1551552     0.53267301     0.60698991
   15.1951952     0.42487298     0.61342590
   15.2352352     0.30139247     0.55503930
   15.2752753     0.20071985     0.49094453
   15.3153153     0.14097400     0.42805784
   15.3553554     0.11122601     0.34685627
   15.3953954     0.09990738     0.25725951
   15.4354354     0.11972092     0.18816232
   15.4754755     0.19260211     0.15421984
   15.5155155     0.31119173     0.15169584
   15.5555556     0.43318988     0.17526441
   15.5955956     0.52294480     0.23375275
   15.6356356     0.57695271     0.33872859
   15.6756757     0.59797215     0.46579818
   15.7157157     0.57345189     0.55152330
   15.7557558     0.49596628     0.55729896
   15.7957958     0.38897475     0.50750990
   15.8358358     0.29751715     0.44076890
   15.8758759     0.25166634     0.36920873
   15.9159159     0.24609646     0.30119707
   15.9559560     0.25368063     0.25129443
   15.9959960     0.24894901     0.22145496
   16.0360360     0.22477137     0.20896907
   16.0760761     0.19610273     0.22358806
   16.1161161     0.18222094     0.27288625
   16.1561562     0.18425493     0.33900699
   16.1961962     0.18653580     0.38369265
   16.2362362     0.17697282     0.37682034
   16.2762763     0.16179849     0.31681644
   16.3163163     0.16690298     0.22777979
   16.3563564     0.22102588     0.14488768
   16.3963964     0.32159651     0.10098628
   16.4364364     0.42126170     0.11699431
   16.4764765     0.46256013     0.19561395
   16.5165165     0.42626002     0.31633712
   16.5565566     0.34925516     0.43297681
   16.5965966     0.30013743     0.48890798
   16.6366366     0.32734799     0.45680245
   16.6766767     0.42922597     0.37238652
   16.7167167     0.57457759     0.32149026
   16.7567568     0.72445897     0.37188596
   16.7967968     0.82724631     0.50177751
   16.8368368     0.83525138     0.61674615
   16.8768769     0.74524447     0.65557442
   16.9169169     0.60444777     0.64512413
   16.9569570     0.46911080     0.63516243
   16.9969970     0.36422321     0.62866040
   17.0370370     0.28946791     0.59826201
   17.0770771     0.24719046     0.53660486
   17.1171171     0.24038818     0.47093759
   17.1571572     0.25653587     0.43233221
   17.1971972     0.28199184     0.41375598
   17.2372372     0.32551857     0.37360118
   17.2772773     0.39980859     0.29198931
   17.3173173     0.48800483     0.20612574
   17.3573574     0.55903710     0.18084678
   17.3973974     0.59926138     0.25871491
   17.4374374     0.60526756     0.43333260
   17.4774775     0.57756884     0.64408415
   17.5175175     0.53130788     0.79489764
   17.5575576     0.48441728     0.81306936
   17.5975976     0.44807518     0.70918177
   17.6376376     0.43809411     0.55600300
   17.6776777     0.46631117     0.41123677
   17.7177177     0.52696922     0.30262746
   17.7577578     0.61175622     0.26858132
   17.7977978     0.70857106     0.34522679
   17.8378378     0.77059545     0.50825187
   17.8778779     0.73633204     0.67053868
   17.9179179     0.60635627     0.75206352
   17.9579580     0.46004596     0.73785241
   17.9979980     0.37249025     0.66484514
   18.0380380     0.34049008     0.57438070
   18.0780781     0.30955038     0.49224030
   18.1181181     0.25205467     0.42943232
   18.1581582     0.19169149     0.37616847
   18.1981982     0.16423514     0.31487914
   18.2382382     0.18513506     0.25487155
   18.2782783     0.25172543     0.23313135
   18.3183183     0.34910348     0.27301915
   18.3583584     0.45065876     0.35240641
   18.3983984     0.52611742     0.41430334
   18.4384384     0.54936495     0.41495602
   18.4784785     0.50967449     0.36411085
   18.5185185     0.42775270     0.30891313
   18.5585586     0.34240063     0.28389744
   18.5985986     0.27672647     0.28887465
   18.6386386     0.23605791     0.30832882
   18.6786787     0.22665345     0.33122297
   18.7187187     0.25120005     0.34346861
   18.7587588     0.29632065     0.32733968
   18.7987988     0.34761018     0.28837658
   18.8388388     0.41071637     0.25859193
   18.8788789     0.49544561     0.26121033
   18.9189189     0.58168061     0.29408973
   18.9589590     0.62602901     0.34502744
   18.9989990     0.60967560     0.40494571
   19.0390390     0.56620151     0.47717073
   19.0790791     0.55608722     0.57972581
   19.1191191     0.61024057     0.71353472
   19.1591592     0.69419921     0.82962467
   19.1991992     0.73627765     0.86440496
   19.2392392     0.69354077     0.81173127
   19.2792793     0.58756695     0.72842753
   19.3193193     0.48235717     0.66021148
   19.3593594     0.42944335     0.59847407
   19.3993994     0.43746823     0.52660974
   19.4394394     0.48851993     0.45841520
   19.4794795     0.55813689     0.40982311
   19.5195195     0.61725315     0.38353787
   19.5595596     0.64163895     0.39490989
   19.5995996     0.63034923     0.46975284
   19.6396396     0.60395063     0.59758093
   19.6796797     0.58826774     0.71266981
   19.7197197     0.61095209     0.74765151
   19.7597598     0.68226821     0.69501881
   19.7997998     0.75135811     0.60493096
   19.8398398     0.72879711     0.54369075
   19.8798799     0.58705834     0.54701388
   19.9199199     0.39683932     0.58724852
   19.9599600     0.24738732     0.60296948
   20.0000000     0.17440956     0.56380614
