#
#   partial DOS for atom species: Mn
#
#   Add data for atom_index =   5,  n,l,m,z=  3  2 -2  1
#   Add data for atom_index =   5,  n,l,m,z=  3  2 -1  1
#   Add data for atom_index =   5,  n,l,m,z=  3  2  0  1
#   Add data for atom_index =   5,  n,l,m,z=  3  2  1  1
#   Add data for atom_index =   5,  n,l,m,z=  3  2  2  1
#   Add data for atom_index =   5,  n,l,m,z=  3  2 -2  2
#   Add data for atom_index =   5,  n,l,m,z=  3  2 -1  2
#   Add data for atom_index =   5,  n,l,m,z=  3  2  0  2
#   Add data for atom_index =   5,  n,l,m,z=  3  2  1  2
#   Add data for atom_index =   5,  n,l,m,z=  3  2  2  2
#   Add data for atom_index =   5,  n,l,m,z=  3  2 -2  3
#   Add data for atom_index =   5,  n,l,m,z=  3  2 -1  3
#   Add data for atom_index =   5,  n,l,m,z=  3  2  0  3
#   Add data for atom_index =   5,  n,l,m,z=  3  2  1  3
#   Add data for atom_index =   5,  n,l,m,z=  3  2  2  3
#   Add data for atom_index =   6,  n,l,m,z=  3  2 -2  1
#   Add data for atom_index =   6,  n,l,m,z=  3  2 -1  1
#   Add data for atom_index =   6,  n,l,m,z=  3  2  0  1
#   Add data for atom_index =   6,  n,l,m,z=  3  2  1  1
#   Add data for atom_index =   6,  n,l,m,z=  3  2  2  1
#   Add data for atom_index =   6,  n,l,m,z=  3  2 -2  2
#   Add data for atom_index =   6,  n,l,m,z=  3  2 -1  2
#   Add data for atom_index =   6,  n,l,m,z=  3  2  0  2
#   Add data for atom_index =   6,  n,l,m,z=  3  2  1  2
#   Add data for atom_index =   6,  n,l,m,z=  3  2  2  2
#   Add data for atom_index =   6,  n,l,m,z=  3  2 -2  3
#   Add data for atom_index =   6,  n,l,m,z=  3  2 -1  3
#   Add data for atom_index =   6,  n,l,m,z=  3  2  0  3
#   Add data for atom_index =   6,  n,l,m,z=  3  2  1  3
#   Add data for atom_index =   6,  n,l,m,z=  3  2  2  3
#   Add data for atom_index =   7,  n,l,m,z=  3  2 -2  1
#   Add data for atom_index =   7,  n,l,m,z=  3  2 -1  1
#   Add data for atom_index =   7,  n,l,m,z=  3  2  0  1
#   Add data for atom_index =   7,  n,l,m,z=  3  2  1  1
#   Add data for atom_index =   7,  n,l,m,z=  3  2  2  1
#   Add data for atom_index =   7,  n,l,m,z=  3  2 -2  2
#   Add data for atom_index =   7,  n,l,m,z=  3  2 -1  2
#   Add data for atom_index =   7,  n,l,m,z=  3  2  0  2
#   Add data for atom_index =   7,  n,l,m,z=  3  2  1  2
#   Add data for atom_index =   7,  n,l,m,z=  3  2  2  2
#   Add data for atom_index =   7,  n,l,m,z=  3  2 -2  3
#   Add data for atom_index =   7,  n,l,m,z=  3  2 -1  3
#   Add data for atom_index =   7,  n,l,m,z=  3  2  0  3
#   Add data for atom_index =   7,  n,l,m,z=  3  2  1  3
#   Add data for atom_index =   7,  n,l,m,z=  3  2  2  3
#   Add data for atom_index =   8,  n,l,m,z=  3  2 -2  1
#   Add data for atom_index =   8,  n,l,m,z=  3  2 -1  1
#   Add data for atom_index =   8,  n,l,m,z=  3  2  0  1
#   Add data for atom_index =   8,  n,l,m,z=  3  2  1  1
#   Add data for atom_index =   8,  n,l,m,z=  3  2  2  1
#   Add data for atom_index =   8,  n,l,m,z=  3  2 -2  2
#   Add data for atom_index =   8,  n,l,m,z=  3  2 -1  2
#   Add data for atom_index =   8,  n,l,m,z=  3  2  0  2
#   Add data for atom_index =   8,  n,l,m,z=  3  2  1  2
#   Add data for atom_index =   8,  n,l,m,z=  3  2  2  2
#   Add data for atom_index =   8,  n,l,m,z=  3  2 -2  3
#   Add data for atom_index =   8,  n,l,m,z=  3  2 -1  3
#   Add data for atom_index =   8,  n,l,m,z=  3  2  0  3
#   Add data for atom_index =   8,  n,l,m,z=  3  2  1  3
#   Add data for atom_index =   8,  n,l,m,z=  3  2  2  3
#
#    Energy          spin 1        spin2
#
  -20.0000000     0.00000000     0.00000000
  -19.9599600     0.00000000     0.00000000
  -19.9199199     0.00000000     0.00000000
  -19.8798799     0.00000000     0.00000000
  -19.8398398     0.00000000     0.00000000
  -19.7997998     0.00000000     0.00000000
  -19.7597598     0.00000000     0.00000000
  -19.7197197     0.00000000     0.00000000
  -19.6796797     0.00000000     0.00000000
  -19.6396396     0.00000000     0.00000000
  -19.5995996     0.00000000     0.00000000
  -19.5595596     0.00000000     0.00000000
  -19.5195195     0.00000000     0.00000000
  -19.4794795     0.00000000     0.00000000
  -19.4394394     0.00000000     0.00000000
  -19.3993994     0.00000000     0.00000000
  -19.3593594     0.00000000     0.00000000
  -19.3193193     0.00000000     0.00000000
  -19.2792793     0.00000000     0.00000000
  -19.2392392     0.00000000     0.00000000
  -19.1991992     0.00000000     0.00000000
  -19.1591592     0.00000000     0.00000000
  -19.1191191     0.00000000     0.00000000
  -19.0790791     0.00000000     0.00000000
  -19.0390390     0.00000000     0.00000000
  -18.9989990     0.00000000     0.00000000
  -18.9589590     0.00000000     0.00000000
  -18.9189189     0.00000000     0.00000000
  -18.8788789     0.00000000     0.00000000
  -18.8388388     0.00000000     0.00000000
  -18.7987988     0.00000000     0.00000000
  -18.7587588     0.00000000     0.00000000
  -18.7187187     0.00000000     0.00000000
  -18.6786787     0.00000000     0.00000000
  -18.6386386     0.00000000     0.00000000
  -18.5985986     0.00000000     0.00000000
  -18.5585586     0.00000001     0.00000001
  -18.5185185     0.00000016     0.00000016
  -18.4784785     0.00000162     0.00000162
  -18.4384384     0.00001178     0.00001177
  -18.3983984     0.00006224     0.00006221
  -18.3583584     0.00023870     0.00023860
  -18.3183183     0.00066428     0.00066407
  -18.2782783     0.00134154     0.00134127
  -18.2382382     0.00196606     0.00196589
  -18.1981982     0.00209074     0.00209079
  -18.1581582     0.00161236     0.00161259
  -18.1181181     0.00089785     0.00089807
  -18.0780781     0.00034901     0.00034915
  -18.0380380     0.00006758     0.00006765
  -17.9979980    -0.00004257    -0.00004255
  -17.9579580    -0.00007339    -0.00007338
  -17.9179179    -0.00006499    -0.00006499
  -17.8778779    -0.00004006    -0.00004006
  -17.8378378    -0.00001550    -0.00001551
  -17.7977978     0.00001382     0.00001380
  -17.7577578     0.00010992     0.00010985
  -17.7177177     0.00045953     0.00045930
  -17.6776777     0.00138937     0.00138880
  -17.6376376     0.00307805     0.00307707
  -17.5975976     0.00501364     0.00501253
  -17.5575576     0.00604275     0.00604200
  -17.5175175     0.00551892     0.00551870
  -17.4774775     0.00423384     0.00423380
  -17.4374374     0.00369525     0.00369490
  -17.3973974     0.00457034     0.00456965
  -17.3573574     0.00604782     0.00604727
  -17.3173173     0.00664665     0.00664670
  -17.2772773     0.00563336     0.00563402
  -17.2372372     0.00361509     0.00361592
  -17.1971972     0.00174223     0.00174282
  -17.1571572     0.00063364     0.00063392
  -17.1171171     0.00022923     0.00022930
  -17.0770771     0.00037064     0.00037053
  -17.0370370     0.00131904     0.00131866
  -16.9969970     0.00370871     0.00370794
  -16.9569570     0.00759887     0.00759788
  -16.9169169     0.01134942     0.01134881
  -16.8768769     0.01256378     0.01256392
  -16.8368368     0.01110300     0.01110336
  -16.7967968     0.00990108     0.00990066
  -16.7567568     0.01153521     0.01153385
  -16.7167167     0.01491682     0.01491554
  -16.6766767     0.01657709     0.01657701
  -16.6366366     0.01472560     0.01472682
  -16.5965966     0.01079405     0.01079576
  -16.5565566     0.00745966     0.00746086
  -16.5165165     0.00644509     0.00644522
  -16.4764765     0.00762102     0.00762028
  -16.4364364     0.00932514     0.00932420
  -16.3963964     0.01000356     0.01000292
  -16.3563564     0.00944633     0.00944611
  -16.3163163     0.00803916     0.00803948
  -16.2762763     0.00593537     0.00593619
  -16.2362362     0.00353740     0.00353834
  -16.1961962     0.00161128     0.00161193
  -16.1561562     0.00055614     0.00055643
  -16.1161161     0.00022187     0.00022187
  -16.0760761     0.00046446     0.00046409
  -16.0360360     0.00162172     0.00162059
  -15.9959960     0.00439806     0.00439577
  -15.9559560     0.00905931     0.00905610
  -15.9159159     0.01489700     0.01489373
  -15.8758759     0.02113187     0.02112893
  -15.8358358     0.02756823     0.02756527
  -15.7957958     0.03334631     0.03334318
  -15.7557558     0.03693325     0.03693030
  -15.7157157     0.03783855     0.03783642
  -15.6756757     0.03581648     0.03581606
  -15.6356356     0.03014569     0.03014701
  -15.5955956     0.02222665     0.02222831
  -15.5555556     0.01562061     0.01562151
  -15.5155155     0.01212371     0.01212416
  -15.4754755     0.01052905     0.01052963
  -15.4354354     0.00943043     0.00943090
  -15.3953954     0.00948269     0.00948233
  -15.3553554     0.01207928     0.01207799
  -15.3153153     0.01609149     0.01609040
  -15.2752753     0.01768740     0.01768787
  -15.2352352     0.01459169     0.01459370
  -15.1951952     0.00882252     0.00882472
  -15.1551552     0.00400044     0.00400173
  -15.1151151     0.00199075     0.00199074
  -15.0750751     0.00337004     0.00336817
  -15.0350350     0.00930799     0.00930327
  -14.9949950     0.02078122     0.02077373
  -14.9549550     0.03537786     0.03537041
  -14.9149149     0.04668698     0.04668346
  -14.8748749     0.04939752     0.04939885
  -14.8348348     0.04520808     0.04521123
  -14.7947948     0.04165679     0.04165856
  -14.7547548     0.04322754     0.04322807
  -14.7147147     0.04527698     0.04527883
  -14.6746747     0.04038064     0.04038490
  -14.6346346     0.02837638     0.02838121
  -14.5945946     0.01555711     0.01556030
  -14.5545546     0.00685832     0.00685952
  -14.5145145     0.00287891     0.00287899
  -14.4744745     0.00215149     0.00215126
  -14.4344344     0.00323749     0.00323761
  -14.3943944     0.00540652     0.00540815
  -14.3543544     0.00930749     0.00931233
  -14.3143143     0.01692192     0.01693018
  -14.2742743     0.02885778     0.02886451
  -14.2342342     0.04141684     0.04141238
  -14.1941942     0.04843158     0.04841126
  -14.1541542     0.04658569     0.04655842
  -14.1141141     0.03856515     0.03854637
  -14.0740741     0.03161197     0.03160981
  -14.0340340     0.03201573     0.03202830
  -13.9939940     0.04056360     0.04058307
  -13.9539540     0.05542072     0.05543556
  -13.9139139     0.07680978     0.07681189
  -13.8738739     0.10304992     0.10304302
  -13.8338338     0.12547662     0.12547161
  -13.7937938     0.13404930     0.13405307
  -13.7537538     0.12543003     0.12544256
  -13.7137137     0.10453091     0.10454775
  -13.6736737     0.08331606     0.08332793
  -13.6336336     0.07588579     0.07587713
  -13.5935936     0.08630921     0.08626560
  -13.5535536     0.10095131     0.10087797
  -13.5135135     0.10165269     0.10157982
  -13.4734735     0.08633317     0.08629536
  -13.4334334     0.06674193     0.06675696
  -13.3933934     0.05143020     0.05148714
  -13.3533534     0.04348474     0.04354367
  -13.3133133     0.04631312     0.04633736
  -13.2732733     0.05778322     0.05777829
  -13.2332332     0.06501334     0.06501537
  -13.1931932     0.05663922     0.05666683
  -13.1531532     0.03645346     0.03649165
  -13.1131131     0.01739363     0.01742178
  -13.0730731     0.00743116     0.00744544
  -13.0330330     0.00738459     0.00739368
  -12.9929930     0.01737041     0.01738350
  -12.9529530     0.03903175     0.03904945
  -12.9129129     0.07069551     0.07070621
  -12.8728729     0.10225526     0.10224679
  -12.8328328     0.11808678     0.11806522
  -12.7927928     0.10843880     0.10842353
  -12.7527528     0.07920806     0.07920683
  -12.7127127     0.04933083     0.04933191
  -12.6726727     0.03772621     0.03771416
  -12.6326326     0.05114890     0.05112276
  -12.5925926     0.07850081     0.07848121
  -12.5525526     0.09626960     0.09628182
  -12.5125125     0.08975157     0.08979392
  -12.4724725     0.07017760     0.07022683
  -12.4324324     0.06227107     0.06233601
  -12.3923924     0.07814914     0.07829099
  -12.3523524     0.11010857     0.11036558
  -12.3123123     0.14247039     0.14276956
  -12.2722723     0.16300304     0.16319973
  -12.2322322     0.16681799     0.16683380
  -12.1921922     0.15822047     0.15811051
  -12.1521522     0.15414141     0.15404646
  -12.1121121     0.18228877     0.18233978
  -12.0720721     0.26019218     0.26038641
  -12.0320320     0.36579004     0.36591134
  -11.9919920     0.44818089     0.44793103
  -11.9519520     0.48110398     0.48041770
  -11.9119119     0.47568402     0.47489794
  -11.8718719     0.43642074     0.43602986
  -11.8318318     0.35362118     0.35380625
  -11.7917918     0.24229845     0.24277602
  -11.7517518     0.14470798     0.14508980
  -11.7117117     0.09131272     0.09146336
  -11.6716717     0.08177855     0.08179455
  -11.6316316     0.10106402     0.10107091
  -11.5915916     0.13728638     0.13731629
  -11.5515516     0.17893656     0.17894336
  -11.5115115     0.20664374     0.20659904
  -11.4714715     0.20321490     0.20317270
  -11.4314314     0.17188402     0.17192399
  -11.3913914     0.13490898     0.13502174
  -11.3513514     0.11111302     0.11119624
  -11.3113113     0.10190337     0.10188954
  -11.2712713     0.10287484     0.10282671
  -11.2312312     0.11838661     0.11844603
  -11.1911912     0.15804849     0.15828188
  -11.1511512     0.22248932     0.22276491
  -11.1111111     0.29170392     0.29176775
  -11.0710711     0.32998720     0.32973521
  -11.0310310     0.31185797     0.31146388
  -10.9909910     0.24839926     0.24808730
  -10.9509510     0.18772340     0.18752172
  -10.9109109     0.18018291     0.17998852
  -10.8708709     0.23330135     0.23308568
  -10.8308308     0.30854337     0.30840952
  -10.7907908     0.37549104     0.37558681
  -10.7507508     0.45630219     0.45671646
  -10.7107107     0.59032153     0.59094266
  -10.6706707     0.76188950     0.76233084
  -10.6306306     0.89011668     0.89002975
  -10.5905906     0.89909202     0.89858217
  -10.5505506     0.80331864     0.80275223
  -10.5105105     0.71675996     0.71627832
  -10.4704705     0.74510236     0.74468729
  -10.4304304     0.86923174     0.86901313
  -10.3903904     0.97808255     0.97814514
  -10.3503504     1.01087373     1.01095921
  -10.3103103     0.99480956     0.99463351
  -10.2702703     0.94620710     0.94593489
  -10.2302302     0.85517859     0.85520608
  -10.1901902     0.78724770     0.78761809
  -10.1501502     0.86283058     0.86328601
  -10.1101101     1.09836445     1.09886527
  -10.0700701     1.37899636     1.37964669
  -10.0300300     1.61181463     1.61243622
   -9.9899900     1.81187152     1.81234608
   -9.9499500     2.02476473     2.02541397
   -9.9099099     2.23527234     2.23607365
   -9.8698699     2.38005471     2.38026001
   -9.8298298     2.43786423     2.43724868
   -9.7897898     2.47466412     2.47410637
   -9.7497497     2.55687081     2.55701659
   -9.7097097     2.62929010     2.62953782
   -9.6696697     2.56517375     2.56436548
   -9.6296296     2.36550507     2.36319881
   -9.5895896     2.20092071     2.19788931
   -9.5495496     2.21659871     2.21422546
   -9.5095095     2.39558221     2.39482951
   -9.4694695     2.61739774     2.61827466
   -9.4294294     2.74361939     2.74537283
   -9.3893894     2.67635007     2.67800565
   -9.3493494     2.45915112     2.45997180
   -9.3093093     2.29911169     2.29876242
   -9.2692693     2.39214570     2.39082582
   -9.2292292     2.71313201     2.71169204
   -9.1891892     2.99338427     2.99274338
   -9.1491491     2.96601887     2.96616241
   -9.1091091     2.67940168     2.67934744
   -9.0690691     2.45765650     2.45642515
   -9.0290290     2.52081560     2.51811114
   -8.9889890     2.79460392     2.79084203
   -8.9489490     3.09142300     3.08768907
   -8.9089089     3.30635947     3.30417688
   -8.8688689     3.43590039     3.43615475
   -8.8288288     3.57365477     3.57552641
   -8.7887888     3.86723140     3.86901277
   -8.7487488     4.31999473     4.32118843
   -8.7087087     4.70326507     4.70507012
   -8.6686687     4.77760837     4.78099268
   -8.6286286     4.50791279     4.51181477
   -8.5885886     4.05581539     4.05793244
   -8.5485485     3.66150105     3.66087893
   -8.5085085     3.45693735     3.45506683
   -8.4684685     3.36649571     3.36538234
   -8.4284284     3.29771295     3.29769789
   -8.3883884     3.34522541     3.34552795
   -8.3483484     3.65996492     3.66043597
   -8.3083083     4.17079034     4.17201114
   -8.2682683     4.55767989     4.55984186
   -8.2282282     4.55004834     4.55253249
   -8.1881882     4.19099404     4.19287521
   -8.1481482     3.74450212     3.74523405
   -8.1081081     3.43409861     3.43386637
   -8.0680681     3.29541430     3.29475601
   -8.0280280     3.15904996     3.15821676
   -7.9879880     2.84326287     2.84240497
   -7.9479479     2.44959468     2.44929291
   -7.9079079     2.31019201     2.31099731
   -7.8678679     2.60266041     2.60432528
   -7.8278278     3.15396723     3.15572852
   -7.7877878     3.60378137     3.60503179
   -7.7477478     3.65680740     3.65720839
   -7.7077077     3.24038948     3.23988003
   -7.6676677     2.54978461     2.54879965
   -7.6276276     1.92639882     1.92574799
   -7.5875876     1.61274368     1.61297299
   -7.5475475     1.61439657     1.61534986
   -7.5075075     1.79470847     1.79580852
   -7.4674675     2.05332164     2.05407279
   -7.4274274     2.37523654     2.37530410
   -7.3873874     2.75725625     2.75645401
   -7.3473473     3.16613615     3.16470856
   -7.3073073     3.52914292     3.52774070
   -7.2672673     3.72006964     3.71920181
   -7.2272272     3.65416747     3.65369624
   -7.1871872     3.42616221     3.42529774
   -7.1471472     3.23589317     3.23407905
   -7.1071071     3.15852095     3.15630370
   -7.0670671     3.08357435     3.08189615
   -7.0270270     2.90389377     2.90280129
   -6.9869870     2.70059237     2.69930279
   -6.9469470     2.68012901     2.67811230
   -6.9069069     2.89934506     2.89719580
   -6.8668669     3.10534717     3.10451687
   -6.8268268     2.97140592     2.97250736
   -6.7867868     2.49643748     2.49822517
   -6.7467467     2.04169746     2.04255284
   -6.7067067     1.94647409     1.94628697
   -6.6666667     2.17995987     2.17981890
   -6.6266266     2.39323484     2.39378775
   -6.5865866     2.31174387     2.31255359
   -6.5465466     2.04089205     2.04126292
   -6.5065065     1.93059607     1.93060043
   -6.4664665     2.17977026     2.18025633
   -6.4264264     2.65391902     2.65531523
   -6.3863864     3.07551290     3.07702052
   -6.3463464     3.29214260     3.29270729
   -6.3063063     3.32922852     3.32878417
   -6.2662663     3.28120683     3.28053495
   -6.2262262     3.20134785     3.20117127
   -6.1861862     3.08522866     3.08555732
   -6.1461461     2.97055994     2.97085632
   -6.1061061     2.97003720     2.96990297
   -6.0660661     3.09394301     3.09322535
   -6.0260260     3.12062854     3.11911434
   -5.9859860     2.81594498     2.81367128
   -5.9459459     2.23460250     2.23235781
   -5.9059059     1.65183364     1.65069529
   -5.8658659     1.29965295     1.29976391
   -5.8258258     1.30770970     1.30797280
   -5.7857858     1.72024808     1.71970147
   -5.7457458     2.37467257     2.37350885
   -5.7057057     2.90752519     2.90625385
   -5.6656657     3.08717539     3.08599328
   -5.6256256     3.05394896     3.05351178
   -5.5855856     3.07637022     3.07758080
   -5.5455455     3.17362643     3.17614166
   -5.5055055     3.12796232     3.13039352
   -5.4654655     2.83165461     2.83320558
   -5.4254254     2.51682381     2.51748218
   -5.3853854     2.56326644     2.56276423
   -5.3453453     3.09230051     3.09001943
   -5.3053053     3.85149080     3.84777532
   -5.2652653     4.44372317     4.44080696
   -5.2252252     4.53074935     4.53114300
   -5.1851852     3.98376153     3.98740036
   -5.1451452     3.05733417     3.06147566
   -5.1051051     2.26931026     2.27136694
   -5.0650651     1.96747344     1.96697210
   -5.0250250     2.12086415     2.11893967
   -4.9849850     2.51445133     2.51247844
   -4.9449449     2.96271942     2.96156170
   -4.9049049     3.32851835     3.32843340
   -4.8648649     3.48495181     3.48561910
   -4.8248248     3.34246179     3.34312201
   -4.7847848     2.92868368     2.92869759
   -4.7447447     2.40879202     2.40827313
   -4.7047047     1.96587410     1.96544338
   -4.6646647     1.68603032     1.68586343
   -4.6246246     1.58793298     1.58761732
   -4.5845846     1.68991824     1.68924216
   -4.5445445     2.00908666     2.00829649
   -4.5045045     2.50688130     2.50630232
   -4.4644645     3.01227920     3.01235295
   -4.4244244     3.25386357     3.25521008
   -4.3843844     3.09800662     3.10071615
   -4.3443443     2.69710083     2.70034433
   -4.3043043     2.26191620     2.26474614
   -4.2642643     1.81732874     1.81944903
   -4.2242242     1.32709691     1.32859963
   -4.1841842     0.88568884     0.88648353
   -4.1441441     0.64551848     0.64538316
   -4.1041041     0.65654525     0.65560683
   -4.0640641     0.82373595     0.82260901
   -4.0240240     0.97309827     0.97246650
   -3.9839840     0.98171701     0.98185866
   -3.9439439     0.87413588     0.87485316
   -3.9039039     0.77111573     0.77203393
   -3.8638639     0.74224301     0.74310790
   -3.8238238     0.74487059     0.74551750
   -3.7837838     0.71774286     0.71791343
   -3.7437437     0.68543733     0.68487890
   -3.7037037     0.73192951     0.73071462
   -3.6636637     0.88728124     0.88591081
   -3.6236236     1.07813768     1.07723745
   -3.5835836     1.20481863     1.20471754
   -3.5435435     1.22795188     1.22857215
   -3.5035035     1.16089670     1.16190164
   -3.4634635     1.03384603     1.03479832
   -3.4234234     0.89044635     0.89100500
   -3.3833834     0.78091557     0.78098536
   -3.3433433     0.74044992     0.74013143
   -3.3033033     0.77887264     0.77835179
   -3.2632633     0.87993717     0.87946146
   -3.2232232     1.00011015     0.99993355
   -3.1831832     1.07511528     1.07530674
   -3.1431431     1.04621226     1.04657446
   -3.1031031     0.89792013     0.89823131
   -3.0630631     0.67441293     0.67464256
   -3.0230230     0.45709716     0.45728926
   -2.9829830     0.31917045     0.31930679
   -2.9429429     0.28945546     0.28955525
   -2.9029029     0.34913423     0.34934146
   -2.8628629     0.44888847     0.44930415
   -2.8228228     0.52573936     0.52621220
   -2.7827828     0.52602245     0.52625244
   -2.7427427     0.43857077     0.43843652
   -2.7027027     0.31027067     0.30993784
   -2.6626627     0.21393751     0.21361853
   -2.6226226     0.18832736     0.18807251
   -2.5825826     0.21070778     0.21049611
   -2.5425425     0.22844685     0.22833242
   -2.5025025     0.21125029     0.21129818
   -2.4624625     0.17059597     0.17076558
   -2.4224224     0.13754692     0.13773038
   -2.3823824     0.13745796     0.13758665
   -2.3423423     0.18756163     0.18764274
   -2.3023023     0.29155669     0.29163225
   -2.2622623     0.41325004     0.41333379
   -2.2222222     0.48219687     0.48224836
   -2.1821822     0.45817231     0.45812436
   -2.1421421     0.37094550     0.37076123
   -2.1021021     0.28397647     0.28369404
   -2.0620621     0.23904341     0.23876607
   -2.0220220     0.23038073     0.23022798
   -1.9819820     0.22145046     0.22150291
   -1.9419419     0.19430725     0.19454959
   -1.9019019     0.17130305     0.17159907
   -1.8618619     0.18292356     0.18308106
   -1.8218218     0.23781302     0.23774371
   -1.7817818     0.32030888     0.32012223
   -1.7417417     0.39142830     0.39129669
   -1.7017017     0.40883661     0.40881071
   -1.6616617     0.36639215     0.36641510
   -1.6216216     0.29371644     0.29373729
   -1.5815816     0.21970552     0.21970782
   -1.5415415     0.16008262     0.16004333
   -1.5015015     0.12366976     0.12353109
   -1.4614615     0.11339552     0.11310037
   -1.4214214     0.12746595     0.12706571
   -1.3813814     0.15616467     0.15586799
   -1.3413413     0.18214429     0.18214864
   -1.3013013     0.19705143     0.19733158
   -1.2612613     0.20769471     0.20805654
   -1.2212212     0.22088323     0.22118209
   -1.1811812     0.24075234     0.24097742
   -1.1411411     0.27680656     0.27699409
   -1.1011011     0.32754243     0.32767539
   -1.0610611     0.36262902     0.36265521
   -1.0210210     0.35313855     0.35306075
   -0.9809810     0.31238655     0.31226168
   -0.9409409     0.27752636     0.27738802
   -0.9009009     0.26629155     0.26613898
   -0.8608609     0.28001398     0.27984727
   -0.8208208     0.32557619     0.32540031
   -0.7807808     0.40110451     0.40093816
   -0.7407407     0.47371011     0.47361518
   -0.7007007     0.49574898     0.49581134
   -0.6606607     0.44436826     0.44460302
   -0.6206206     0.34394792     0.34424152
   -0.5805806     0.25290790     0.25311235
   -0.5405405     0.22817851     0.22824883
   -0.5005005     0.29301638     0.29300178
   -0.4604605     0.41798072     0.41791901
   -0.4204204     0.52687263     0.52676880
   -0.3803804     0.54611854     0.54601345
   -0.3403403     0.46251758     0.46248806
   -0.3003003     0.32461092     0.32466952
   -0.2602603     0.19705534     0.19712132
   -0.2202202     0.12408630     0.12408343
   -0.1801802     0.11831750     0.11825765
   -0.1401401     0.16400320     0.16398945
   -0.1001001     0.23423928     0.23439727
   -0.0600601     0.31495629     0.31529611
   -0.0200200     0.40303642     0.40338907
    0.0200200     0.47567814     0.47585444
    0.0600601     0.49065278     0.49064145
    0.1001001     0.43531960     0.43524752
    0.1401401     0.34752530     0.34746409
    0.1801802     0.27469559     0.27460648
    0.2202202     0.24007173     0.23992460
    0.2602603     0.24682738     0.24665181
    0.3003003     0.28253096     0.28231964
    0.3403403     0.32429827     0.32397598
    0.3803804     0.35550978     0.35507499
    0.4204204     0.36696279     0.36659664
    0.4604605     0.34720032     0.34711889
    0.5005005     0.29567664     0.29588532
    0.5405405     0.23839431     0.23870811
    0.5805806     0.21094192     0.21121979
    0.6206206     0.23236778     0.23261106
    0.6606607     0.29448123     0.29473666
    0.7007007     0.36317133     0.36341039
    0.7407407     0.40145083     0.40156557
    0.7807808     0.40288355     0.40281159
    0.8208208     0.39397272     0.39375309
    0.8608609     0.40180524     0.40148568
    0.9009009     0.42291229     0.42254239
    0.9409409     0.42336447     0.42307893
    0.9809810     0.37499553     0.37492244
    1.0210210     0.29378796     0.29388876
    1.0610611     0.23156096     0.23168078
    1.1011011     0.22413542     0.22416344
    1.1411411     0.25470809     0.25464643
    1.1811812     0.27105120     0.27098245
    1.2212212     0.23710498     0.23710199
    1.2612613     0.16804426     0.16810044
    1.3013013     0.11229508     0.11235489
    1.3413413     0.10284206     0.10287517
    1.3813814     0.13273702     0.13275404
    1.4214214     0.17027309     0.17028728
    1.4614615     0.18859649     0.18859222
    1.5015015     0.18517433     0.18511182
    1.5415415     0.18177586     0.18162520
    1.5815816     0.20642771     0.20620326
    1.6216216     0.26330183     0.26307709
    1.6616617     0.31503230     0.31491822
    1.7017017     0.31608396     0.31614593
    1.7417417     0.27182856     0.27201395
    1.7817818     0.23578401     0.23596517
    1.8218218     0.24290334     0.24297361
    1.8618619     0.27533684     0.27526601
    1.9019019     0.29670000     0.29655723
    1.9419419     0.29263558     0.29255454
    1.9819820     0.27063008     0.27069588
    2.0220220     0.24270097     0.24288091
    2.0620621     0.22213083     0.22233596
    2.1021021     0.22350994     0.22366971
    2.1421421     0.24943015     0.24949231
    2.1821822     0.28216620     0.28210710
    2.2222222     0.29649841     0.29636786
    2.2622623     0.27353278     0.27342992
    2.3023023     0.20990267     0.20988247
    2.3423423     0.12723413     0.12727007
    2.3823824     0.05895837     0.05899527
    2.4224224     0.02197893     0.02198138
    2.4624625     0.01302628     0.01296804
    2.5025025     0.02705189     0.02689977
    2.5425425     0.06496317     0.06471990
    2.5825826     0.12199410     0.12175223
    2.6226226     0.17948440     0.17936670
    2.6626627     0.22049970     0.22054376
    2.7027027     0.24846472     0.24865041
    2.7427427     0.27758459     0.27790577
    2.7827828     0.31091706     0.31127867
    2.8228228     0.33760767     0.33776044
    2.8628629     0.34853199     0.34832044
    2.9029029     0.34742531     0.34705738
    2.9429429     0.34085605     0.34072325
    2.9829830     0.32373895     0.32395326
    3.0230230     0.28530047     0.28559167
    3.0630631     0.22848288     0.22855902
    3.1031031     0.18044551     0.18025514
    3.1431431     0.17812470     0.17778709
    3.1831832     0.24025870     0.23995489
    3.2232232     0.35521900     0.35513361
    3.2632633     0.48212000     0.48230988
    3.3033033     0.55663796     0.55696134
    3.3433433     0.52577914     0.52604626
    3.3833834     0.40008600     0.40024937
    3.4234234     0.25477870     0.25492361
    3.4634635     0.16704445     0.16723252
    3.5035035     0.16149045     0.16166498
    3.5435435     0.20934156     0.20938233
    3.5835836     0.26083289     0.26067928
    3.6236236     0.28307661     0.28279090
    3.6636637     0.28210577     0.28181495
    3.7037037     0.28497341     0.28476554
    3.7437437     0.29672268     0.29662736
    3.7837838     0.29045040     0.29045139
    3.8238238     0.25068243     0.25067948
    3.8638639     0.20804393     0.20790948
    3.9039039     0.20788447     0.20764412
    3.9439439     0.25660468     0.25646632
    3.9839840     0.32402038     0.32415837
    4.0240240     0.39244031     0.39282374
    4.0640641     0.47193863     0.47239265
    4.1041041     0.55430182     0.55463209
    4.1441441     0.58664221     0.58671205
    4.1841842     0.52685673     0.52668386
    4.2242242     0.40275173     0.40250851
    4.2642643     0.28464618     0.28448127
    4.3043043     0.22114859     0.22106456
    4.3443443     0.22073231     0.22066614
    4.3843844     0.26360291     0.26356055
    4.4244244     0.31008668     0.31014999
    4.4644645     0.32694170     0.32713874
    4.5045045     0.31775523     0.31798438
    4.5445445     0.30621587     0.30635632
    4.5845846     0.30266257     0.30270047
    4.6246246     0.30637785     0.30636191
    4.6646647     0.31542726     0.31537548
    4.7047047     0.31943540     0.31935384
    4.7447447     0.30437469     0.30431041
    4.7847848     0.27494032     0.27495268
    4.8248248     0.25453727     0.25462816
    4.8648649     0.25370551     0.25381569
    4.9049049     0.25916052     0.25923948
    4.9449449     0.25939828     0.25943365
    4.9849850     0.25335998     0.25333813
    5.0250250     0.23930590     0.23922247
    5.0650651     0.22373193     0.22363522
    5.1051051     0.22186141     0.22179949
    5.1451452     0.23166429     0.23161009
    5.1851852     0.23770840     0.23759380
    5.2252252     0.24285865     0.24264813
    5.2652653     0.26200411     0.26172469
    5.3053053     0.29308503     0.29283381
    5.3453453     0.32125832     0.32114871
    5.3853854     0.34059865     0.34061116
    5.4254254     0.36210083     0.36201552
    5.4654655     0.40703604     0.40663408
    5.5055055     0.48041902     0.47978160
    5.5455455     0.54492026     0.54443116
    5.5855856     0.54734938     0.54734632
    5.6256256     0.48253958     0.48303548
    5.6656657     0.40762157     0.40837071
    5.7057057     0.38509969     0.38581882
    5.7457458     0.42649517     0.42701539
    5.7857858     0.49061348     0.49090176
    5.8258258     0.52538609     0.52546286
    5.8658659     0.51169509     0.51158431
    5.9059059     0.47011017     0.46988840
    5.9459459     0.42934042     0.42913968
    5.9859860     0.40140118     0.40130340
    6.0260260     0.38501104     0.38498834
    6.0660661     0.37464187     0.37460186
    6.1061061     0.37279742     0.37267581
    6.1461461     0.39503236     0.39489599
    6.1861862     0.43727264     0.43728840
    6.2262262     0.45360099     0.45381845
    6.2662663     0.40629167     0.40655036
    6.3063063     0.31896153     0.31909441
    6.3463464     0.24862871     0.24864404
    6.3863864     0.22863273     0.22863899
    6.4264264     0.25613326     0.25618165
    6.4664665     0.30287911     0.30292768
    6.5065065     0.32596758     0.32594764
    6.5465466     0.30608441     0.30594908
    6.5865866     0.28392616     0.28364999
    6.6266266     0.31946771     0.31906868
    6.6666667     0.41204535     0.41162124
    6.7067067     0.49755876     0.49725331
    6.7467467     0.51973246     0.51966947
    6.7867868     0.47066338     0.47089566
    6.8268268     0.37984514     0.38028225
    6.8668669     0.29641479     0.29683378
    6.9069069     0.25987134     0.26006874
    6.9469470     0.27122024     0.27111516
    6.9869870     0.30998169     0.30962870
    7.0270270     0.36422189     0.36386567
    7.0670671     0.42150007     0.42153426
    7.1071071     0.46453192     0.46521337
    7.1471472     0.50228266     0.50351100
    7.1871872     0.56760519     0.56897420
    7.2272272     0.65883083     0.65973868
    7.2672673     0.71251811     0.71243703
    7.3073073     0.66318029     0.66217759
    7.3473473     0.52488814     0.52370169
    7.3873874     0.38363659     0.38297134
    7.4274274     0.30728857     0.30722043
    7.4674675     0.29951977     0.29966184
    7.5075075     0.33141824     0.33143219
    7.5475475     0.36644460     0.36630526
    7.5875876     0.36305570     0.36292987
    7.6276276     0.30070744     0.30070147
    7.6676677     0.20671630     0.20679830
    7.7077077     0.13900976     0.13910740
    7.7477478     0.14229990     0.14237766
    7.7877878     0.21409224     0.21413757
    7.8278278     0.29965391     0.29965246
    7.8678679     0.33331604     0.33326295
    7.9079079     0.29867890     0.29858715
    7.9479479     0.23515544     0.23504934
    7.9879880     0.19089693     0.19081150
    8.0280280     0.19080235     0.19076446
    8.0680681     0.23345833     0.23345136
    8.1081081     0.28985367     0.28982778
    8.1481482     0.31430019     0.31423113
    8.1881882     0.28097037     0.28089278
    8.2282282     0.20749845     0.20747279
    8.2682683     0.13355592     0.13360518
    8.3083083     0.08716770     0.08725785
    8.3483484     0.07625325     0.07634334
    8.3883884     0.10061403     0.10069445
    8.4284284     0.16560433     0.16565933
    8.4684685     0.27716924     0.27714085
    8.5085085     0.41601207     0.41585626
    8.5485485     0.52914141     0.52891679
    8.5885886     0.56269634     0.56254636
    8.6286286     0.50564660     0.50566218
    8.6686687     0.40462493     0.40474938
    8.7087087     0.33325997     0.33336518
    8.7487488     0.33506637     0.33509052
    8.7887888     0.38982728     0.38980121
    8.8288288     0.43604930     0.43604683
    8.8688689     0.43383097     0.43391752
    8.9089089     0.40737999     0.40753850
    8.9489490     0.41302517     0.41314235
    8.9889890     0.46809897     0.46808526
    9.0290290     0.53528274     0.53517397
    9.0690691     0.57537029     0.57527586
    9.1091091     0.57673195     0.57671724
    9.1491491     0.52972587     0.52976509
    9.1891892     0.42834250     0.42836686
    9.2292292     0.31042405     0.31039458
    9.2692693     0.24624073     0.24616956
    9.3093093     0.26837002     0.26830368
    9.3493494     0.33406821     0.33407161
    9.3893894     0.37359432     0.37370752
    9.4294294     0.36596227     0.36614315
    9.4694695     0.33869254     0.33883498
    9.5095095     0.30824842     0.30827871
    9.5495496     0.26941324     0.26933949
    9.5895896     0.23138684     0.23124059
    9.6296296     0.21969974     0.21948230
    9.6696697     0.25044011     0.25017086
    9.7097097     0.32586263     0.32563774
    9.7497497     0.43859211     0.43853239
    9.7897898     0.55492513     0.55506425
    9.8298298     0.60735142     0.60760629
    9.8698699     0.54862295     0.54887651
    9.9099099     0.41962266     0.41980917
    9.9499500     0.32200774     0.32211077
    9.9899900     0.32509644     0.32509681
   10.0300300     0.41914447     0.41902326
   10.0700701     0.52867442     0.52846296
   10.1101101     0.56822098     0.56796656
   10.1501502     0.51851754     0.51823169
   10.1901902     0.43230084     0.43204395
   10.2302302     0.36001794     0.35991561
   10.2702703     0.31562333     0.31569497
   10.3103103     0.30540470     0.30553343
   10.3503504     0.33781908     0.33790910
   10.3903904     0.41240334     0.41239378
   10.4304304     0.52210253     0.52188706
   10.4704705     0.65451691     0.65406566
   10.5105105     0.78741770     0.78696814
   10.5505506     0.88744575     0.88734878
   10.5905906     0.91765460     0.91796357
   10.6306306     0.86643650     0.86684684
   10.6706707     0.77017083     0.77043381
   10.7107107     0.68577920     0.68598300
   10.7507508     0.64217139     0.64253061
   10.7907908     0.62183418     0.62235003
   10.8308308     0.58020530     0.58064939
   10.8708709     0.49828309     0.49846797
   10.9109109     0.41465114     0.41461357
   10.9509510     0.37724409     0.37711369
   10.9909910     0.38697573     0.38674827
   11.0310310     0.42526459     0.42483818
   11.0710711     0.50507267     0.50448457
   11.1111111     0.64240368     0.64191112
   11.1511512     0.78945081     0.78933795
   11.1911912     0.85851516     0.85886194
   11.2312312     0.82270842     0.82335462
   11.2712713     0.73431679     0.73493992
   11.3113113     0.64341893     0.64366378
   11.3513514     0.56709670     0.56684247
   11.3913914     0.52323942     0.52272851
   11.4314314     0.51723636     0.51681983
   11.4714715     0.51590007     0.51573929
   11.5115115     0.49517898     0.49519926
   11.5515516     0.48161847     0.48163264
   11.5915916     0.50505825     0.50494819
   11.6316316     0.55039230     0.55024763
   11.6716717     0.58668722     0.58675691
   11.7117117     0.60913123     0.60957131
   11.7517518     0.63117048     0.63183568
   11.7917918     0.65377296     0.65428280
   11.8318318     0.65434750     0.65432044
   11.8718719     0.61280150     0.61209692
   11.9119119     0.54908096     0.54799320
   11.9519520     0.50698970     0.50617508
   11.9919920     0.49803001     0.49799604
   12.0320320     0.49573923     0.49636093
   12.0720721     0.47312415     0.47384803
   12.1121121     0.42271323     0.42314774
   12.1521522     0.36832228     0.36842866
   12.1921922     0.35816538     0.35805552
   12.2322322     0.40847496     0.40827082
   12.2722723     0.46407674     0.46388385
   12.3123123     0.45965732     0.45951877
   12.3523524     0.41298515     0.41292395
   12.3923924     0.41120360     0.41136808
   12.4324324     0.50994786     0.51048132
   12.4724725     0.67610597     0.67669362
   12.5125125     0.81487069     0.81476024
   12.5525526     0.84375880     0.84263920
   12.5925926     0.75955878     0.75817466
   12.6326326     0.63147530     0.63091849
   12.6726727     0.52820972     0.52874261
   12.7127127     0.46187696     0.46283622
   12.7527528     0.39795468     0.39864145
   12.7927928     0.31937302     0.31960487
   12.8328328     0.27272923     0.27264068
   12.8728729     0.32669596     0.32645390
   12.9129129     0.48223726     0.48205418
   12.9529530     0.64917545     0.64933389
   12.9929930     0.73305964     0.73364269
   13.0330330     0.72681625     0.72738267
   13.0730731     0.69344139     0.69326434
   13.1131131     0.68728301     0.68619143
   13.1531532     0.70921852     0.70797214
   13.1931932     0.71717948     0.71666316
   13.2332332     0.68618296     0.68647718
   13.2732733     0.64990713     0.65045471
   13.3133133     0.64561020     0.64596736
   13.3533534     0.64876054     0.64884973
   13.3933934     0.62128823     0.62115523
   13.4334334     0.59001121     0.58972726
   13.4734735     0.60849739     0.60830082
   13.5135135     0.66739045     0.66755375
   13.5535536     0.70911143     0.70953261
   13.5935936     0.71346688     0.71372187
   13.6336336     0.71336824     0.71323794
   13.6736737     0.74453862     0.74413563
   13.7137137     0.82015432     0.81961312
   13.7537538     0.92213501     0.92161560
   13.7937938     0.98408610     0.98396965
   13.8338338     0.93431336     0.93494662
   13.8738739     0.79072307     0.79196655
   13.9139139     0.66020891     0.66145083
   13.9539540     0.61948349     0.62010456
   13.9939940     0.64497225     0.64481525
   14.0340340     0.67037067     0.66980244
   14.0740741     0.65826098     0.65775431
   14.1141141     0.60639617     0.60612811
   14.1541542     0.54475172     0.54462452
   14.1941942     0.53148832     0.53138952
   14.2342342     0.60168025     0.60164001
   14.2742743     0.72424574     0.72437538
   14.3143143     0.82054577     0.82087654
   14.3543544     0.81150447     0.81190286
   14.3943944     0.67906765     0.67930913
   14.4344344     0.50833009     0.50827623
   14.4744745     0.43407433     0.43377396
   14.5145145     0.51552135     0.51514003
   14.5545546     0.67050872     0.67019354
   14.5945946     0.75840210     0.75820131
   14.6346346     0.72672750     0.72663066
   14.6746747     0.63456901     0.63462472
   14.7147147     0.54857309     0.54885289
   14.7547548     0.48124991     0.48164673
   14.7947948     0.41411150     0.41433400
   14.8348348     0.33692040     0.33675303
   14.8748749     0.27535771     0.27483270
   14.9149149     0.27270246     0.27208205
   14.9549550     0.32823640     0.32792872
   14.9949950     0.39184983     0.39215422
   15.0350350     0.43813817     0.43893053
   15.0750751     0.48945080     0.49029041
   15.1151151     0.54337367     0.54394697
   15.1551552     0.55075440     0.55103411
   15.1951952     0.49542313     0.49544376
   15.2352352     0.43557440     0.43524291
   15.2752753     0.45496738     0.45414503
   15.3153153     0.59795595     0.59672794
   15.3553554     0.82005579     0.81886977
   15.3953954     0.99984978     0.99923362
   15.4354354     1.04800018     1.04817472
   15.4754755     0.98706883     0.98795831
   15.5155155     0.89809151     0.89946409
   15.5555556     0.83765316     0.83904162
   15.5955956     0.82166890     0.82245034
   15.6356356     0.83829093     0.83817304
   15.6756757     0.85963387     0.85898934
   15.7157157     0.86162948     0.86110554
   15.7557558     0.83202556     0.83189971
   15.7957958     0.76500958     0.76512507
   15.8358358     0.68069690     0.68084673
   15.8758759     0.63186173     0.63199302
   15.9159159     0.63658454     0.63669642
   15.9559560     0.63039156     0.63041894
   15.9959960     0.54915650     0.54903818
   16.0360360     0.42773714     0.42751631
   16.0760761     0.35492783     0.35469249
   16.1161161     0.36416249     0.36394594
   16.1561562     0.41298704     0.41277759
   16.1961962     0.43517988     0.43497804
   16.2362362     0.38924634     0.38907995
   16.2762763     0.28861247     0.28848806
   16.3163163     0.19616683     0.19599452
   16.3563564     0.17585433     0.17546797
   16.3963964     0.24952010     0.24884905
   16.4364364     0.38849709     0.38772103
   16.4764765     0.52932474     0.52879268
   16.5165165     0.61926599     0.61918531
   16.5565566     0.66907318     0.66934187
   16.5965966     0.72658811     0.72706964
   16.6366366     0.79059308     0.79136347
   16.6766767     0.81580428     0.81687105
   16.7167167     0.79240069     0.79339103
   16.7567568     0.74379210     0.74422120
   16.7967968     0.67392428     0.67372309
   16.8368368     0.57941167     0.57898290
   16.8768769     0.49421085     0.49396132
   16.9169169     0.48559566     0.48560759
   16.9569570     0.58465149     0.58478997
   16.9969970     0.72360185     0.72373844
   17.0370370     0.78422632     0.78435884
   17.0770771     0.71860620     0.71884343
   17.1171171     0.58720072     0.58758572
   17.1571572     0.48218120     0.48254981
   17.1971972     0.44825998     0.44835456
   17.2372372     0.46670461     0.46640853
   17.2772773     0.48428553     0.48372164
   17.3173173     0.47112348     0.47054527
   17.3573574     0.45793787     0.45756695
   17.3973974     0.48677468     0.48673830
   17.4374374     0.54485456     0.54514651
   17.4774775     0.59185263     0.59230249
   17.5175175     0.61750987     0.61789501
   17.5575576     0.63234860     0.63256014
   17.5975976     0.63735706     0.63741743
   17.6376376     0.62344005     0.62337757
   17.6776777     0.58412536     0.58385701
   17.7177177     0.53693865     0.53631584
   17.7577578     0.52989307     0.52896808
   17.7977978     0.59227963     0.59152571
   17.8378378     0.68009627     0.68009213
   17.8778779     0.71392530     0.71471146
   17.9179179     0.67955463     0.68057012
   17.9579580     0.66190565     0.66247362
   17.9979980     0.76187723     0.76151393
   18.0380380     0.97184041     0.97060175
   18.0780781     1.14538999     1.14420285
   18.1181181     1.13417050     1.13413395
   18.1581582     0.97052507     0.97176271
   18.1981982     0.85727805     0.85900965
   18.2382382     0.93268945     0.93412528
   18.2782783     1.09735300     1.09810422
   18.3183183     1.13516211     1.13518991
   18.3583584     0.96461017     0.96413566
   18.3983984     0.69083550     0.69020305
   18.4384384     0.44474017     0.44421970
   18.4784785     0.27338297     0.27305693
   18.5185185     0.17583707     0.17565988
   18.5585586     0.15148435     0.15140414
   18.5985986     0.19172477     0.19171907
   18.6386386     0.26614498     0.26615617
   18.6786787     0.33537058     0.33527200
   18.7187187     0.37392942     0.37363568
   18.7587588     0.38459038     0.38417228
   18.7987988     0.39878147     0.39839398
   18.8388388     0.45928381     0.45903524
   18.8788789     0.58206145     0.58197892
   18.9189189     0.73249646     0.73250698
   18.9589590     0.85454115     0.85452412
   18.9989990     0.90131376     0.90128583
   19.0390390     0.83137657     0.83149304
   19.0790791     0.63770005     0.63799234
   19.1191191     0.38902398     0.38933029
   19.1591592     0.18404912     0.18423456
   19.1991992     0.06941805     0.06948863
   19.2392392     0.03396059     0.03397338
   19.2792793     0.05954875     0.05952203
   19.3193193     0.14492446     0.14483789
   19.3593594     0.27510112     0.27496087
   19.3993994     0.38588609     0.38577289
   19.4394394     0.40091972     0.40091187
   19.4794795     0.32132945     0.32137150
   19.5195195     0.23985992     0.23978779
   19.5595596     0.24675371     0.24648024
   19.5995996     0.34703517     0.34667820
   19.6396396     0.47875389     0.47854599
   19.6796797     0.60003778     0.60010380
   19.7197197     0.73782400     0.73811059
   19.7597598     0.92909408     0.92953401
   19.7997998     1.13326037     1.13385916
   19.8398398     1.25022187     1.25085004
   19.8798799     1.23286318     1.23312597
   19.9199199     1.14713476     1.14675208
   19.9599600     1.09342301     1.09267216
   20.0000000     1.08478842     1.08426927
