#
#   partial DOS for atom species: Mn
#
#   Add data for atom_index =   3,  n,l,m,z=  3  2 -2  1
#   Add data for atom_index =   3,  n,l,m,z=  3  2 -1  1
#   Add data for atom_index =   3,  n,l,m,z=  3  2  0  1
#   Add data for atom_index =   3,  n,l,m,z=  3  2  1  1
#   Add data for atom_index =   3,  n,l,m,z=  3  2  2  1
#   Add data for atom_index =   3,  n,l,m,z=  3  2 -2  2
#   Add data for atom_index =   3,  n,l,m,z=  3  2 -1  2
#   Add data for atom_index =   3,  n,l,m,z=  3  2  0  2
#   Add data for atom_index =   3,  n,l,m,z=  3  2  1  2
#   Add data for atom_index =   3,  n,l,m,z=  3  2  2  2
#   Add data for atom_index =   3,  n,l,m,z=  3  2 -2  3
#   Add data for atom_index =   3,  n,l,m,z=  3  2 -1  3
#   Add data for atom_index =   3,  n,l,m,z=  3  2  0  3
#   Add data for atom_index =   3,  n,l,m,z=  3  2  1  3
#   Add data for atom_index =   3,  n,l,m,z=  3  2  2  3
#   Add data for atom_index =   4,  n,l,m,z=  3  2 -2  1
#   Add data for atom_index =   4,  n,l,m,z=  3  2 -1  1
#   Add data for atom_index =   4,  n,l,m,z=  3  2  0  1
#   Add data for atom_index =   4,  n,l,m,z=  3  2  1  1
#   Add data for atom_index =   4,  n,l,m,z=  3  2  2  1
#   Add data for atom_index =   4,  n,l,m,z=  3  2 -2  2
#   Add data for atom_index =   4,  n,l,m,z=  3  2 -1  2
#   Add data for atom_index =   4,  n,l,m,z=  3  2  0  2
#   Add data for atom_index =   4,  n,l,m,z=  3  2  1  2
#   Add data for atom_index =   4,  n,l,m,z=  3  2  2  2
#   Add data for atom_index =   4,  n,l,m,z=  3  2 -2  3
#   Add data for atom_index =   4,  n,l,m,z=  3  2 -1  3
#   Add data for atom_index =   4,  n,l,m,z=  3  2  0  3
#   Add data for atom_index =   4,  n,l,m,z=  3  2  1  3
#   Add data for atom_index =   4,  n,l,m,z=  3  2  2  3
#   Add data for atom_index =   5,  n,l,m,z=  3  2 -2  1
#   Add data for atom_index =   5,  n,l,m,z=  3  2 -1  1
#   Add data for atom_index =   5,  n,l,m,z=  3  2  0  1
#   Add data for atom_index =   5,  n,l,m,z=  3  2  1  1
#   Add data for atom_index =   5,  n,l,m,z=  3  2  2  1
#   Add data for atom_index =   5,  n,l,m,z=  3  2 -2  2
#   Add data for atom_index =   5,  n,l,m,z=  3  2 -1  2
#   Add data for atom_index =   5,  n,l,m,z=  3  2  0  2
#   Add data for atom_index =   5,  n,l,m,z=  3  2  1  2
#   Add data for atom_index =   5,  n,l,m,z=  3  2  2  2
#   Add data for atom_index =   5,  n,l,m,z=  3  2 -2  3
#   Add data for atom_index =   5,  n,l,m,z=  3  2 -1  3
#   Add data for atom_index =   5,  n,l,m,z=  3  2  0  3
#   Add data for atom_index =   5,  n,l,m,z=  3  2  1  3
#   Add data for atom_index =   5,  n,l,m,z=  3  2  2  3
#   Add data for atom_index =   6,  n,l,m,z=  3  2 -2  1
#   Add data for atom_index =   6,  n,l,m,z=  3  2 -1  1
#   Add data for atom_index =   6,  n,l,m,z=  3  2  0  1
#   Add data for atom_index =   6,  n,l,m,z=  3  2  1  1
#   Add data for atom_index =   6,  n,l,m,z=  3  2  2  1
#   Add data for atom_index =   6,  n,l,m,z=  3  2 -2  2
#   Add data for atom_index =   6,  n,l,m,z=  3  2 -1  2
#   Add data for atom_index =   6,  n,l,m,z=  3  2  0  2
#   Add data for atom_index =   6,  n,l,m,z=  3  2  1  2
#   Add data for atom_index =   6,  n,l,m,z=  3  2  2  2
#   Add data for atom_index =   6,  n,l,m,z=  3  2 -2  3
#   Add data for atom_index =   6,  n,l,m,z=  3  2 -1  3
#   Add data for atom_index =   6,  n,l,m,z=  3  2  0  3
#   Add data for atom_index =   6,  n,l,m,z=  3  2  1  3
#   Add data for atom_index =   6,  n,l,m,z=  3  2  2  3
#   Add data for atom_index =   7,  n,l,m,z=  3  2 -2  1
#   Add data for atom_index =   7,  n,l,m,z=  3  2 -1  1
#   Add data for atom_index =   7,  n,l,m,z=  3  2  0  1
#   Add data for atom_index =   7,  n,l,m,z=  3  2  1  1
#   Add data for atom_index =   7,  n,l,m,z=  3  2  2  1
#   Add data for atom_index =   7,  n,l,m,z=  3  2 -2  2
#   Add data for atom_index =   7,  n,l,m,z=  3  2 -1  2
#   Add data for atom_index =   7,  n,l,m,z=  3  2  0  2
#   Add data for atom_index =   7,  n,l,m,z=  3  2  1  2
#   Add data for atom_index =   7,  n,l,m,z=  3  2  2  2
#   Add data for atom_index =   7,  n,l,m,z=  3  2 -2  3
#   Add data for atom_index =   7,  n,l,m,z=  3  2 -1  3
#   Add data for atom_index =   7,  n,l,m,z=  3  2  0  3
#   Add data for atom_index =   7,  n,l,m,z=  3  2  1  3
#   Add data for atom_index =   7,  n,l,m,z=  3  2  2  3
#   Add data for atom_index =   8,  n,l,m,z=  3  2 -2  1
#   Add data for atom_index =   8,  n,l,m,z=  3  2 -1  1
#   Add data for atom_index =   8,  n,l,m,z=  3  2  0  1
#   Add data for atom_index =   8,  n,l,m,z=  3  2  1  1
#   Add data for atom_index =   8,  n,l,m,z=  3  2  2  1
#   Add data for atom_index =   8,  n,l,m,z=  3  2 -2  2
#   Add data for atom_index =   8,  n,l,m,z=  3  2 -1  2
#   Add data for atom_index =   8,  n,l,m,z=  3  2  0  2
#   Add data for atom_index =   8,  n,l,m,z=  3  2  1  2
#   Add data for atom_index =   8,  n,l,m,z=  3  2  2  2
#   Add data for atom_index =   8,  n,l,m,z=  3  2 -2  3
#   Add data for atom_index =   8,  n,l,m,z=  3  2 -1  3
#   Add data for atom_index =   8,  n,l,m,z=  3  2  0  3
#   Add data for atom_index =   8,  n,l,m,z=  3  2  1  3
#   Add data for atom_index =   8,  n,l,m,z=  3  2  2  3
#
#    Energy          spin 1        spin2
#
  -20.0000000     0.00000000     0.00000000
  -19.9599600     0.00000000     0.00000000
  -19.9199199     0.00000000     0.00000000
  -19.8798799     0.00000000     0.00000000
  -19.8398398     0.00000000     0.00000000
  -19.7997998     0.00000000     0.00000000
  -19.7597598     0.00000000     0.00000000
  -19.7197197     0.00000000     0.00000000
  -19.6796797     0.00000000     0.00000000
  -19.6396396     0.00000000     0.00000000
  -19.5995996     0.00000000     0.00000000
  -19.5595596     0.00000000     0.00000000
  -19.5195195     0.00000000     0.00000000
  -19.4794795     0.00000000     0.00000000
  -19.4394394     0.00000000     0.00000000
  -19.3993994     0.00000000     0.00000000
  -19.3593594     0.00000000     0.00000000
  -19.3193193     0.00000000     0.00000000
  -19.2792793     0.00000000     0.00000000
  -19.2392392     0.00000000     0.00000000
  -19.1991992     0.00000000     0.00000000
  -19.1591592     0.00000000     0.00000000
  -19.1191191     0.00000000     0.00000000
  -19.0790791     0.00000000     0.00000000
  -19.0390390     0.00000000     0.00000000
  -18.9989990     0.00000000     0.00000000
  -18.9589590     0.00000000     0.00000000
  -18.9189189     0.00000000     0.00000000
  -18.8788789     0.00000000     0.00000000
  -18.8388388     0.00000000     0.00000000
  -18.7987988     0.00000000     0.00000000
  -18.7587588     0.00000000     0.00000000
  -18.7187187     0.00000000     0.00000000
  -18.6786787     0.00000001     0.00000001
  -18.6386386     0.00000014     0.00000014
  -18.5985986     0.00000141     0.00000141
  -18.5585586     0.00001026     0.00001026
  -18.5185185     0.00005425     0.00005426
  -18.4784785     0.00020818     0.00020820
  -18.4384384     0.00057978     0.00057974
  -18.3983984     0.00117180     0.00117149
  -18.3583584     0.00171918     0.00171841
  -18.3183183     0.00183459     0.00183344
  -18.2782783     0.00144604     0.00144491
  -18.2382382     0.00093689     0.00093617
  -18.1981982     0.00077956     0.00077932
  -18.1581582     0.00114173     0.00114178
  -18.1181181     0.00175861     0.00175864
  -18.0780781     0.00210236     0.00210214
  -18.0380380     0.00186118     0.00186076
  -17.9979980     0.00127239     0.00127201
  -17.9579580     0.00082606     0.00082585
  -17.9179179     0.00075159     0.00075144
  -17.8778779     0.00098287     0.00098273
  -17.8378378     0.00164348     0.00164380
  -17.7977978     0.00345114     0.00345277
  -17.7577578     0.00712297     0.00712596
  -17.7177177     0.01175864     0.01176108
  -17.6776777     0.01447948     0.01447883
  -17.6376376     0.01319647     0.01319264
  -17.5975976     0.00940330     0.00939906
  -17.5575576     0.00677338     0.00677134
  -17.5175175     0.00733983     0.00734017
  -17.4774775     0.00975741     0.00975839
  -17.4374374     0.01100956     0.01100967
  -17.3973974     0.00984197     0.00984174
  -17.3573574     0.00824411     0.00824560
  -17.3173173     0.00892379     0.00892781
  -17.2772773     0.01186860     0.01187290
  -17.2372372     0.01459579     0.01459762
  -17.1971972     0.01604629     0.01604663
  -17.1571572     0.01833367     0.01833574
  -17.1171171     0.02263122     0.02263419
  -17.0770771     0.02544944     0.02544816
  -17.0370370     0.02253172     0.02252411
  -16.9969970     0.01482384     0.01481405
  -16.9569570     0.00712323     0.00711616
  -16.9169169     0.00248821     0.00248491
  -16.8768769     0.00063102     0.00062997
  -16.8368368     0.00011615     0.00011591
  -16.7967968     0.00001551     0.00001548
  -16.7567568     0.00000150     0.00000150
  -16.7167167     0.00000013     0.00000013
  -16.6766767     0.00000031     0.00000031
  -16.6366366     0.00000311     0.00000312
  -16.5965966     0.00002321     0.00002326
  -16.5565566     0.00012564     0.00012586
  -16.5165165     0.00049357     0.00049425
  -16.4764765     0.00140707     0.00140851
  -16.4364364     0.00291093     0.00291290
  -16.3963964     0.00437022     0.00437168
  -16.3563564     0.00476257     0.00476253
  -16.3163163     0.00377800     0.00377668
  -16.2762763     0.00224933     0.00224786
  -16.2362362     0.00131832     0.00131754
  -16.1961962     0.00169172     0.00169174
  -16.1561562     0.00355035     0.00355102
  -16.1161161     0.00623752     0.00623848
  -16.0760761     0.00807372     0.00807448
  -16.0360360     0.00765791     0.00765810
  -15.9959960     0.00560612     0.00560575
  -15.9559560     0.00423789     0.00423719
  -15.9159159     0.00564936     0.00564916
  -15.8758759     0.01036674     0.01036957
  -15.8358358     0.01744187     0.01745186
  -15.7957958     0.02579817     0.02581725
  -15.7557558     0.03466419     0.03468743
  -15.7157157     0.04188869     0.04190661
  -15.6756757     0.04514753     0.04515644
  -15.6356356     0.04682345     0.04682969
  -15.5955956     0.05234744     0.05235651
  -15.5555556     0.06179362     0.06180174
  -15.5155155     0.06922021     0.06922422
  -15.4754755     0.07123848     0.07124624
  -15.4354354     0.07094039     0.07096075
  -15.3953954     0.07287819     0.07290551
  -15.3553554     0.07877892     0.07880017
  -15.3153153     0.08976040     0.08977484
  -15.2752753     0.10486811     0.10488235
  -15.2352352     0.11317103     0.11317905
  -15.1951952     0.10069134     0.10068290
  -15.1551552     0.07088530     0.07086835
  -15.1151151     0.04429220     0.04428634
  -15.0750751     0.03531183     0.03532378
  -15.0350350     0.03913103     0.03914750
  -14.9949950     0.04107717     0.04108105
  -14.9549550     0.03316922     0.03315798
  -14.9149149     0.01964075     0.01962521
  -14.8748749     0.00845495     0.00844442
  -14.8348348     0.00264208     0.00263758
  -14.7947948     0.00059917     0.00059788
  -14.7547548     0.00009861     0.00009835
  -14.7147147     0.00001178     0.00001174
  -14.6746747     0.00000102     0.00000102
  -14.6346346     0.00000006     0.00000006
  -14.5945946     0.00000000     0.00000000
  -14.5545546     0.00000000     0.00000000
  -14.5145145     0.00000000     0.00000000
  -14.4744745     0.00000008     0.00000008
  -14.4344344     0.00000113     0.00000114
  -14.3943944     0.00001119     0.00001123
  -14.3543544     0.00008023     0.00008046
  -14.3143143     0.00041736     0.00041836
  -14.2742743     0.00157559     0.00157868
  -14.2342342     0.00431644     0.00432299
  -14.1941942     0.00858214     0.00859139
  -14.1541542     0.01239204     0.01239995
  -14.1141141     0.01306525     0.01306812
  -14.0740741     0.01049761     0.01049698
  -14.0340340     0.00839870     0.00840153
  -13.9939940     0.01219897     0.01221339
  -13.9539540     0.02620169     0.02623082
  -13.9139139     0.05125151     0.05128872
  -13.8738739     0.08433232     0.08436645
  -13.8338338     0.11966048     0.11968669
  -13.7937938     0.14696926     0.14698718
  -13.7537538     0.15496966     0.15497887
  -13.7137137     0.14963088     0.14964528
  -13.6736737     0.16014107     0.16019401
  -13.6336336     0.20457518     0.20467908
  -13.5935936     0.25462495     0.25473193
  -13.5535536     0.26018366     0.26022493
  -13.5135135     0.21006161     0.21003152
  -13.4734735     0.14410961     0.14407788
  -13.4334334     0.10538992     0.10542594
  -13.3933934     0.10322868     0.10333513
  -13.3533534     0.12094142     0.12106392
  -13.3133133     0.13940733     0.13949910
  -13.2732733     0.14927697     0.14933256
  -13.2332332     0.14959312     0.14961713
  -13.1931932     0.14449274     0.14449053
  -13.1531532     0.14340699     0.14341139
  -13.1131131     0.15276932     0.15280560
  -13.0730731     0.16215648     0.16218540
  -13.0330330     0.15151578     0.15147923
  -12.9929930     0.11805456     0.11797191
  -12.9529530     0.08461006     0.08457132
  -12.9129129     0.07560543     0.07565936
  -12.8728729     0.09147975     0.09156585
  -12.8328328     0.11038258     0.11039705
  -12.7927928     0.11312431     0.11303895
  -12.7527528     0.10416808     0.10405914
  -12.7127127     0.10488546     0.10485486
  -12.6726727     0.12799629     0.12809158
  -12.6326326     0.16678501     0.16698223
  -12.5925926     0.20923885     0.20947223
  -12.5525526     0.25224672     0.25245540
  -12.5125125     0.29536152     0.29549712
  -12.4724725     0.32261419     0.32260928
  -12.4324324     0.30618350     0.30600462
  -12.3923924     0.24351665     0.24327013
  -12.3523524     0.17514703     0.17502485
  -12.3123123     0.14700057     0.14709146
  -12.2722723     0.16885470     0.16906836
  -12.2322322     0.21894783     0.21912867
  -12.1921922     0.27067878     0.27074515
  -12.1521522     0.30787950     0.30784228
  -12.1121121     0.32927439     0.32917582
  -12.0720721     0.34008151     0.33995232
  -12.0320320     0.33629434     0.33615539
  -11.9919920     0.31075112     0.31063914
  -11.9519520     0.27660797     0.27661274
  -11.9119119     0.27337523     0.27366812
  -11.8718719     0.34546175     0.34618039
  -11.8318318     0.50961269     0.51061181
  -11.7917918     0.74384995     0.74471344
  -11.7517518     1.01085043     1.01129077
  -11.7117117     1.27355327     1.27365687
  -11.6716717     1.48065240     1.48068856
  -11.6316316     1.57619915     1.57640247
  -11.5915916     1.54724795     1.54771955
  -11.5515516     1.43286971     1.43346038
  -11.5115115     1.28588189     1.28635561
  -11.4714715     1.15988020     1.16030051
  -11.4314314     1.11301756     1.11369951
  -11.3913914     1.18669977     1.18785461
  -11.3513514     1.38964673     1.39130068
  -11.3113113     1.69429252     1.69621425
  -11.2712713     2.01640820     2.01783141
  -11.2312312     2.21728258     2.21711890
  -11.1911912     2.18498776     2.18284637
  -11.1511512     1.95462612     1.95157561
  -11.1111111     1.72815522     1.72609800
  -11.0710711     1.73355985     1.73379147
  -11.0310310     2.05372373     2.05598108
  -10.9909910     2.55743257     2.56004048
  -10.9509510     2.98043979     2.98163799
  -10.9109109     3.11460027     3.11394812
  -10.8708709     2.93973804     2.93816399
  -10.8308308     2.63757625     2.63649056
  -10.7907908     2.51080549     2.51116754
  -10.7507508     2.75154352     2.75317149
  -10.7107107     3.22927336     3.23117382
  -10.6706707     3.60900484     3.61060378
  -10.6306306     3.69590255     3.69727503
  -10.5905906     3.57441981     3.57516496
  -10.5505506     3.42740887     3.42662561
  -10.5105105     3.36857665     3.36644726
  -10.4704705     3.45249472     3.45076249
  -10.4304304     3.70405696     3.70455455
  -10.3903904     4.12080499     4.12390633
  -10.3503504     4.66527989     4.66955965
  -10.3103103     5.18039654     5.18355430
  -10.2702703     5.35371768     5.35419178
  -10.2302302     4.99569143     4.99390201
  -10.1901902     4.39894132     4.39711572
  -10.1501502     4.13971388     4.14015839
  -10.1101101     4.43501243     4.43819050
  -10.0700701     4.93517899     4.93929608
  -10.0300300     5.17189191     5.17437260
   -9.9899900     5.00883038     5.00845601
   -9.9499500     4.64863065     4.64626732
   -9.9099099     4.32571041     4.32319424
   -9.8698699     4.07190368     4.07070171
   -9.8298298     3.78807255     3.78835290
   -9.7897898     3.43983697     3.44035282
   -9.7497497     3.12735407     3.12676726
   -9.7097097     3.00267970     3.00059241
   -9.6696697     3.12020353     3.11679216
   -9.6296296     3.37264282     3.36822558
   -9.5895896     3.56902560     3.56416243
   -9.5495496     3.57146041     3.56750001
   -9.5095095     3.41924284     3.41843972
   -9.4694695     3.31233543     3.31593493
   -9.4294294     3.39142942     3.39741688
   -9.3893894     3.55536805     3.55963942
   -9.3493494     3.60300157     3.60311053
   -9.3093093     3.55560612     3.55250072
   -9.2692693     3.66792831     3.66455108
   -9.2292292     4.07243035     4.07204325
   -9.1891892     4.59986990     4.60467331
   -9.1491491     4.96872795     4.97752903
   -9.1091091     4.99111321     4.99897351
   -9.0690691     4.64889070     4.65146822
   -9.0290290     4.11560778     4.11347685
   -8.9889890     3.68760619     3.68515122
   -8.9489490     3.62435683     3.62541483
   -8.9089089     4.00172127     4.00684986
   -8.8688689     4.63496796     4.64135303
   -8.8288288     5.13746141     5.14093902
   -8.7887888     5.22063773     5.21920694
   -8.7487488     5.01767574     5.01307791
   -8.7087087     4.93990417     4.93535632
   -8.6686687     5.15528615     5.15279356
   -8.6286286     5.44042159     5.44034888
   -8.5885886     5.60725420     5.60910108
   -8.5485485     5.76012472     5.76297922
   -8.5085085     6.02717468     6.02989896
   -8.4684685     6.31376020     6.31520383
   -8.4284284     6.38083011     6.37969981
   -8.3883884     6.06690157     6.06256004
   -8.3483484     5.48049063     5.47466517
   -8.3083083     4.94277051     4.93864251
   -8.2682683     4.69828778     4.69726793
   -8.2282282     4.74264833     4.74349852
   -8.1881882     4.88114954     4.88222289
   -8.1481482     4.90225486     4.90329198
   -8.1081081     4.77578067     4.77712302
   -8.0680681     4.66284922     4.66392472
   -8.0280280     4.65833025     4.65792112
   -7.9879880     4.65904804     4.65656789
   -7.9479479     4.59123845     4.58718270
   -7.9079079     4.54976434     4.54520759
   -7.8678679     4.55157801     4.54757243
   -7.8278278     4.38583110     4.38328082
   -7.7877878     3.90312917     3.90274810
   -7.7477478     3.28657670     3.28864243
   -7.7077077     2.87769490     2.88176475
   -7.6676677     2.83905647     2.84382266
   -7.6276276     3.08938470     3.09330687
   -7.5875876     3.46613736     3.46852799
   -7.5475475     3.83898960     3.84014134
   -7.5075075     4.11146497     4.11193690
   -7.4674675     4.23093545     4.23111355
   -7.4274274     4.23600268     4.23594999
   -7.3873874     4.19238978     4.19163474
   -7.3473473     4.04765581     4.04558403
   -7.3073073     3.70808600     3.70525244
   -7.2672673     3.29562518     3.29401389
   -7.2272272     3.12472613     3.12530885
   -7.1871872     3.32999137     3.33065896
   -7.1471472     3.67799854     3.67620862
   -7.1071071     3.84256467     3.83939351
   -7.0670671     3.70765296     3.70609465
   -7.0270270     3.33976045     3.33983636
   -6.9869870     2.88081545     2.87998409
   -6.9469470     2.55835064     2.55605680
   -6.9069069     2.60896701     2.60736022
   -6.8668669     3.07565205     3.07623262
   -6.8268268     3.74448536     3.74637588
   -6.7867868     4.30542349     4.30631912
   -6.7467467     4.55021260     4.54833173
   -6.7067067     4.43387565     4.43018770
   -6.6666667     4.03688330     4.03489059
   -6.6266266     3.56085554     3.56290965
   -6.5865866     3.25466050     3.25939691
   -6.5465466     3.21104203     3.21507574
   -6.5065065     3.33578850     3.33710287
   -6.4664665     3.54997754     3.54914902
   -6.4264264     3.85569363     3.85421955
   -6.3863864     4.20786720     4.20667026
   -6.3463464     4.51790794     4.51801419
   -6.3063063     4.78959796     4.79239761
   -6.2662663     5.11539279     5.12108451
   -6.2262262     5.55880453     5.56549172
   -6.1861862     6.05409798     6.05843033
   -6.1461461     6.35025086     6.34919940
   -6.1061061     6.21749053     6.21122330
   -6.0660661     5.83710931     5.82963040
   -6.0260260     5.71727918     5.71266849
   -5.9859860     6.07926773     6.07849314
   -5.9459459     6.54877298     6.55070558
   -5.9059059     6.60977614     6.61294677
   -5.8658659     6.24617466     6.24891379
   -5.8258258     5.91721114     5.91826544
   -5.7857858     5.93397353     5.93376146
   -5.7457458     6.12972454     6.12959531
   -5.7057057     6.15435168     6.15421671
   -5.6656657     5.82626823     5.82459344
   -5.6256256     5.19540481     5.19218837
   -5.5855856     4.49137762     4.48898688
   -5.5455455     3.99696640     3.99696188
   -5.5055055     3.83510290     3.83634510
   -5.4654655     3.90242913     3.90328001
   -5.4254254     4.04391314     4.04448379
   -5.3853854     4.16921350     4.17039248
   -5.3453453     4.15195098     4.15341278
   -5.3053053     3.84328337     3.84362694
   -5.2652653     3.29090579     3.28915974
   -5.2252252     2.74541376     2.74171767
   -5.1851852     2.40233290     2.39806755
   -5.1451452     2.29191098     2.28956601
   -5.1051051     2.39731985     2.39878672
   -5.0650651     2.68260519     2.68683146
   -5.0250250     2.96206529     2.96541192
   -4.9849850     2.95244087     2.95215135
   -4.9449449     2.57304024     2.56968908
   -4.9049049     2.04724576     2.04328945
   -4.8648649     1.65218234     1.64922295
   -4.8248248     1.48761558     1.48579378
   -4.7847848     1.46322535     1.46208949
   -4.7447447     1.40371385     1.40268859
   -4.7047047     1.20720966     1.20587898
   -4.6646647     0.95020422     0.94873373
   -4.6246246     0.79717258     0.79617961
   -4.5845846     0.82511195     0.82506312
   -4.5445445     0.96672487     0.96749736
   -4.5045045     1.08029610     1.08125578
   -4.4644645     1.08374228     1.08444888
   -4.4244244     1.04922177     1.04985506
   -4.3843844     1.10303848     1.10372600
   -4.3443443     1.23503949     1.23532629
   -4.3043043     1.31232958     1.31181806
   -4.2642643     1.25609763     1.25497373
   -4.2242242     1.09113473     1.08978865
   -4.1841842     0.87157482     0.87029182
   -4.1441441     0.65874411     0.65776961
   -4.1041041     0.50943232     0.50889576
   -4.0640641     0.42541755     0.42526628
   -4.0240240     0.37600397     0.37621732
   -3.9839840     0.37802138     0.37873037
   -3.9439439     0.47597031     0.47714905
   -3.9039039     0.63694446     0.63807152
   -3.8638639     0.73865936     0.73897596
   -3.8238238     0.69179916     0.69101586
   -3.7837838     0.53122598     0.52980976
   -3.7437437     0.36242102     0.36111835
   -3.7037037     0.25811421     0.25738419
   -3.6636637     0.23094262     0.23087693
   -3.6236236     0.26618965     0.26668369
   -3.5835836     0.34100933     0.34182186
   -3.5435435     0.42522179     0.42598982
   -3.5035035     0.49874079     0.49917604
   -3.4634635     0.57134045     0.57146087
   -3.4234234     0.65420408     0.65417988
   -3.3833834     0.70864783     0.70843539
   -3.3433433     0.67484089     0.67426157
   -3.3033033     0.56711746     0.56628735
   -3.2632633     0.48366455     0.48306883
   -3.2232232     0.50566404     0.50578155
   -3.1831832     0.62121210     0.62208875
   -3.1431431     0.73704101     0.73809135
   -3.1031031     0.74750857     0.74789071
   -3.0630631     0.62403927     0.62350087
   -3.0230230     0.44796032     0.44711497
   -2.9829830     0.33184610     0.33143302
   -2.9429429     0.31372255     0.31383460
   -2.9029029     0.34081836     0.34096758
   -2.8628629     0.34377354     0.34356106
   -2.8228228     0.31026640     0.30980542
   -2.7827828     0.27379062     0.27339802
   -2.7427427     0.24591344     0.24563902
   -2.7027027     0.20347984     0.20318817
   -2.6626627     0.14053081     0.14024051
   -2.6226226     0.08808409     0.08797721
   -2.5825826     0.07947093     0.07965575
   -2.5425425     0.12218045     0.12255459
   -2.5025025     0.20127848     0.20160472
   -2.4624625     0.29494427     0.29505303
   -2.4224224     0.38174838     0.38164681
   -2.3823824     0.43701521     0.43681500
   -2.3423423     0.43880445     0.43861966
   -2.3023023     0.38795952     0.38784173
   -2.2622623     0.31152925     0.31143897
   -2.2222222     0.24095800     0.24083650
   -2.1821822     0.19166305     0.19151012
   -2.1421421     0.15737774     0.15721008
   -2.1021021     0.12130549     0.12112288
   -2.0620621     0.07874805     0.07857814
   -2.0220220     0.04374686     0.04364441
   -1.9819820     0.03369936     0.03369766
   -1.9419419     0.05892034     0.05901780
   -1.9019019     0.12330293     0.12347344
   -1.8618619     0.22316339     0.22338296
   -1.8218218     0.34770233     0.34800821
   -1.7817818     0.48634092     0.48683365
   -1.7417417     0.62752699     0.62820883
   -1.7017017     0.74074578     0.74134726
   -1.6616617     0.77678287     0.77691217
   -1.6216216     0.71233915     0.71188571
   -1.5815816     0.57793208     0.57717220
   -1.5415415     0.42035855     0.41963540
   -1.5015015     0.26971562     0.26918912
   -1.4614615     0.15208409     0.15176037
   -1.4214214     0.08991431     0.08974267
   -1.3813814     0.07988767     0.07982138
   -1.3413413     0.09420900     0.09423256
   -1.3013013     0.10744200     0.10754195
   -1.2612613     0.11204081     0.11216230
   -1.2212212     0.10891847     0.10898935
   -1.1811812     0.10075486     0.10075449
   -1.1411411     0.10035836     0.10031774
   -1.1011011     0.12558008     0.12550763
   -1.0610611     0.17597189     0.17583882
   -1.0210210     0.22686142     0.22667307
   -0.9809810     0.25500639     0.25483084
   -0.9409409     0.26208317     0.26200490
   -0.9009009     0.26162479     0.26170243
   -0.8608609     0.25414133     0.25437784
   -0.8208208     0.23379986     0.23411266
   -0.7807808     0.20433982     0.20458816
   -0.7407407     0.17214743     0.17223943
   -0.7007007     0.14280307     0.14276969
   -0.6606607     0.13151692     0.13144375
   -0.6206206     0.15855033     0.15846720
   -0.5805806     0.22770532     0.22760413
   -0.5405405     0.31769291     0.31764495
   -0.5005005     0.40741753     0.40758452
   -0.4604605     0.50279420     0.50325687
   -0.4204204     0.61228117     0.61290228
   -0.3803804     0.70384401     0.70432598
   -0.3403403     0.71578101     0.71584334
   -0.3003003     0.61425919     0.61385617
   -0.2602603     0.43489505     0.43429683
   -0.2202202     0.25912341     0.25868862
   -0.1801802     0.14838429     0.14826723
   -0.1401401     0.11427780     0.11438721
   -0.1001001     0.13771480     0.13786290
   -0.0600601     0.18652359     0.18655971
   -0.0200200     0.21970262     0.21956133
    0.0200200     0.20596614     0.20568002
    0.0600601     0.15122728     0.15090589
    0.1001001     0.09405215     0.09380085
    0.1401401     0.06867168     0.06854332
    0.1801802     0.08129472     0.08132028
    0.2202202     0.11690267     0.11708576
    0.2602603     0.15407734     0.15434190
    0.3003003     0.17600572     0.17625154
    0.3403403     0.18403040     0.18426158
    0.3803804     0.20001225     0.20028020
    0.4204204     0.23949884     0.23970009
    0.4604605     0.29061546     0.29053232
    0.5005005     0.33398814     0.33358408
    0.5405405     0.36171660     0.36124097
    0.5805806     0.36436319     0.36413982
    0.6206206     0.33516679     0.33537667
    0.6606607     0.30080529     0.30142726
    0.7007007     0.30661687     0.30737566
    0.7407407     0.35559757     0.35594496
    0.7807808     0.40051037     0.40000944
    0.8208208     0.41137012     0.41028726
    0.8608609     0.41290242     0.41206593
    0.9009009     0.43644024     0.43634093
    0.9409409     0.46700260     0.46738234
    0.9809810     0.46007742     0.46045558
    1.0210210     0.40025467     0.40047326
    1.0610611     0.32478397     0.32496802
    1.1011011     0.27555737     0.27582001
    1.1411411     0.24834065     0.24864365
    1.1811812     0.21706672     0.21727148
    1.2212212     0.18617226     0.18620889
    1.2612613     0.19694797     0.19701874
    1.3013013     0.29570864     0.29617789
    1.3413413     0.48582137     0.48665878
    1.3813814     0.68807713     0.68861330
    1.4214214     0.77709335     0.77671138
    1.4614615     0.69951363     0.69839646
    1.5015015     0.53678577     0.53561910
    1.5415415     0.41661086     0.41581328
    1.5815816     0.38646207     0.38603934
    1.6216216     0.39967536     0.39956349
    1.6616617     0.40364475     0.40383784
    1.7017017     0.41567214     0.41606887
    1.7417417     0.49426447     0.49462676
    1.7817818     0.63727704     0.63743165
    1.8218218     0.75328656     0.75329732
    1.8618619     0.75965468     0.75970350
    1.9019019     0.66689436     0.66702647
    1.9419419     0.53885869     0.53895870
    1.9819820     0.42239298     0.42241408
    2.0220220     0.34557387     0.34566335
    2.0620621     0.32486261     0.32518132
    2.1021021     0.34493430     0.34541283
    2.1421421     0.37082824     0.37117167
    2.1821822     0.38612138     0.38608742
    2.2222222     0.40063920     0.40032473
    2.2622623     0.43235870     0.43212807
    2.3023023     0.49255752     0.49264492
    2.3423423     0.57383378     0.57412425
    2.3823824     0.64105890     0.64130236
    2.4224224     0.65211092     0.65221970
    2.4624625     0.59741214     0.59741772
    2.5025025     0.50012142     0.49994496
    2.5425425     0.39050433     0.39005017
    2.5825826     0.30645567     0.30589341
    2.6226226     0.28464295     0.28427351
    2.6626627     0.31503390     0.31491587
    2.7027027     0.33730944     0.33726861
    2.7427427     0.31032773     0.31023206
    2.7827828     0.25432853     0.25415719
    2.8228228     0.21461635     0.21437982
    2.8628629     0.21904637     0.21880696
    2.9029029     0.26799398     0.26788934
    2.9429429     0.33615238     0.33629408
    2.9829830     0.39130438     0.39167044
    3.0230230     0.41810909     0.41854789
    3.0630631     0.41348428     0.41379628
    3.1031031     0.37499636     0.37503460
    3.1431431     0.31220746     0.31197670
    3.1831832     0.25610485     0.25578080
    3.2232232     0.23777672     0.23756129
    3.2632633     0.25813780     0.25809417
    3.3033033     0.29782811     0.29787925
    3.3433433     0.35358870     0.35358547
    3.3833834     0.43408688     0.43388735
    3.4234234     0.52671200     0.52636758
    3.4634635     0.59856595     0.59840788
    3.5035035     0.62438122     0.62473186
    3.5435435     0.60044868     0.60121736
    3.5835836     0.54006024     0.54074897
    3.6236236     0.47033135     0.47052651
    3.6636637     0.42764751     0.42736454
    3.7037037     0.42320236     0.42262158
    3.7437437     0.41724978     0.41642890
    3.7837838     0.37125846     0.37031599
    3.8238238     0.30934291     0.30859751
    3.8638639     0.28085874     0.28063336
    3.9039039     0.28708050     0.28745613
    3.9439439     0.29180272     0.29235278
    3.9839840     0.28898694     0.28881072
    4.0240240     0.31898957     0.31765950
    4.0640641     0.41319377     0.41182158
    4.1041041     0.54628092     0.54683691
    4.1441441     0.65825901     0.66127843
    4.1841842     0.70810387     0.71166876
    4.2242242     0.68770606     0.68936517
    4.2642643     0.60943655     0.60864251
    4.3043043     0.51032331     0.50838832
    4.3443443     0.44777594     0.44608629
    4.3843844     0.45502654     0.45409229
    4.4244244     0.50061564     0.50040739
    4.4644645     0.52367216     0.52407064
    4.5045045     0.51732750     0.51817380
    4.5445445     0.53380672     0.53477983
    4.5845846     0.58576028     0.58636780
    4.6246246     0.59930221     0.59918959
    4.6646647     0.51350518     0.51286256
    4.7047047     0.38711357     0.38660835
    4.7447447     0.35337477     0.35355863
    4.7847848     0.47755209     0.47833170
    4.8248248     0.67975618     0.68044740
    4.8648649     0.80946892     0.80947451
    4.9049049     0.80348651     0.80290103
    4.9449449     0.73008557     0.72942942
    4.9849850     0.66574314     0.66531471
    5.0250250     0.61349329     0.61332853
    5.0650651     0.56373565     0.56386263
    5.1051051     0.53652462     0.53685587
    5.1451452     0.53441487     0.53468641
    5.1851852     0.52715627     0.52721794
    5.2252252     0.49963123     0.49956623
    5.2652653     0.47038972     0.47032323
    5.3053053     0.46352545     0.46351632
    5.3453453     0.48327279     0.48331421
    5.3853854     0.50523482     0.50521041
    5.4254254     0.49414331     0.49392699
    5.4654655     0.45666413     0.45640016
    5.5055055     0.46064329     0.46072411
    5.5455455     0.56086065     0.56149241
    5.5855856     0.72601156     0.72703491
    5.6256256     0.87827406     0.87943243
    5.6656657     0.97587125     0.97679818
    5.7057057     1.01839488     1.01843433
    5.7457458     1.00806587     1.00686076
    5.7857858     0.94910823     0.94715667
    5.8258258     0.85621568     0.85416814
    5.8658659     0.74245808     0.74041844
    5.9059059     0.62674195     0.62485607
    5.9459459     0.54244005     0.54145037
    5.9859860     0.50618859     0.50665425
    6.0260260     0.49925423     0.50069158
    6.0660661     0.50501971     0.50643704
    6.1061061     0.54915015     0.55005717
    6.1461461     0.67285079     0.67338073
    6.1861862     0.85786470     0.85829083
    6.2262262     1.00687306     1.00727740
    6.2662663     1.01919167     1.01944200
    6.3063063     0.87922230     0.87917338
    6.3463464     0.67827889     0.67800205
    6.3863864     0.54930867     0.54902838
    6.4264264     0.55324130     0.55308118
    6.4664665     0.63259046     0.63256555
    6.5065065     0.69677453     0.69695704
    6.5465466     0.72223523     0.72267003
    6.5865866     0.72691822     0.72740316
    6.6266266     0.70067523     0.70091201
    6.6666667     0.63826429     0.63822653
    6.7067067     0.58168952     0.58153010
    6.7467467     0.55519491     0.55488204
    6.7867868     0.52383161     0.52326942
    6.8268268     0.45745175     0.45682134
    6.8668669     0.36921372     0.36882750
    6.9069069     0.28613056     0.28606502
    6.9469470     0.24030850     0.24039774
    6.9869870     0.27920338     0.27928963
    7.0270270     0.42799775     0.42808295
    7.0670671     0.62981106     0.63000402
    7.1071071     0.76874020     0.76906488
    7.1471472     0.77953278     0.77984307
    7.1871872     0.69912581     0.69928918
    7.2272272     0.59987139     0.59991614
    7.2672673     0.52245136     0.52245553
    7.3073073     0.48010454     0.48008527
    7.3473473     0.47379853     0.47372898
    7.3873874     0.48444579     0.48428159
    7.4274274     0.48024681     0.47998527
    7.4674675     0.44761716     0.44738789
    7.5075075     0.40966336     0.40967284
    7.5475475     0.41494237     0.41525016
    7.5875876     0.49688464     0.49728008
    7.6276276     0.62579512     0.62598615
    7.6676677     0.72071076     0.72065873
    7.7077077     0.73188044     0.73188707
    7.7477478     0.69015857     0.69056034
    7.7877878     0.66593828     0.66670223
    7.8278278     0.70268081     0.70333307
    7.8678679     0.78673063     0.78672889
    7.9079079     0.86901891     0.86822070
    7.9479479     0.92977189     0.92864028
    7.9879880     1.01191753     1.01130289
    8.0280280     1.15585526     1.15633568
    8.0680681     1.31985052     1.32113887
    8.1081081     1.40111276     1.40220385
    8.1481482     1.31382658     1.31385413
    8.1881882     1.05464489     1.05368476
    8.2282282     0.73950487     0.73846415
    8.2682683     0.54030923     0.53997715
    8.3083083     0.53764369     0.53798972
    8.3483484     0.66614176     0.66655964
    8.3883884     0.80539576     0.80544657
    8.4284284     0.87670063     0.87646795
    8.4684685     0.87541389     0.87526800
    8.5085085     0.87408735     0.87433053
    8.5485485     0.95339984     0.95397744
    8.5885886     1.07496587     1.07536019
    8.6286286     1.09476976     1.09445374
    8.6686687     0.93683129     0.93589231
    8.7087087     0.67232911     0.67135827
    8.7487488     0.42676037     0.42620760
    8.7887888     0.28693301     0.28685683
    8.8288288     0.28398814     0.28431013
    8.8688689     0.40065889     0.40135278
    8.9089089     0.59075853     0.59170675
    8.9489490     0.81728804     0.81812395
    8.9889890     1.06985365     1.07025163
    9.0290290     1.32389665     1.32398685
    9.0690691     1.48896888     1.48904469
    9.1091091     1.46453441     1.46447196
    9.1491491     1.27623027     1.27573207
    9.1891892     1.07017529     1.06935201
    9.2292292     0.94058846     0.93981182
    9.2692693     0.86232026     0.86181909
    9.3093093     0.80923831     0.80915595
    9.3493494     0.81284975     0.81327549
    9.3893894     0.86886676     0.86954100
    9.4294294     0.90422144     0.90461369
    9.4694695     0.88491736     0.88479325
    9.5095095     0.86347527     0.86305357
    9.5495496     0.87015428     0.86968291
    9.5895896     0.83477121     0.83429427
    9.6296296     0.68259340     0.68212123
    9.6696697     0.45688644     0.45651347
    9.7097097     0.28401912     0.28385559
    9.7497497     0.25815190     0.25829213
    9.7897898     0.40362750     0.40416671
    9.8298298     0.69473763     0.69567066
    9.8698699     1.04656352     1.04761507
    9.9099099     1.31433373     1.31501473
    9.9499500     1.38294761     1.38294862
    9.9899900     1.27335265     1.27284279
   10.0300300     1.10518828     1.10455631
   10.0700701     0.96026530     0.95967006
   10.1101101     0.85031829     0.84972526
   10.1501502     0.78269980     0.78222668
   10.1901902     0.77042014     0.77035154
   10.2302302     0.81148358     0.81191475
   10.2702703     0.89083062     0.89142990
   10.3103103     0.94907834     0.94932721
   10.3503504     0.89303105     0.89274689
   10.3903904     0.71802792     0.71752162
   10.4304304     0.55391301     0.55357059
   10.4704705     0.53211084     0.53202059
   10.5105105     0.66367406     0.66374637
   10.5505506     0.85188252     0.85208263
   10.5905906     0.97340674     0.97370549
   10.6306306     0.97451419     0.97480440
   10.6706707     0.91512275     0.91531877
   10.7107107     0.88383744     0.88393383
   10.7507508     0.88562841     0.88562862
   10.7907908     0.85344206     0.85332375
   10.8308308     0.75307678     0.75289383
   10.8708709     0.64393043     0.64387870
   10.9109109     0.61713331     0.61733025
   10.9509510     0.70042349     0.70066377
   10.9909910     0.85728946     0.85719724
   11.0310310     1.02661573     1.02602922
   11.0710711     1.13684917     1.13600354
   11.1111111     1.15680157     1.15618851
   11.1511512     1.13767639     1.13773708
   11.1911912     1.13926933     1.14006574
   11.2312312     1.16066552     1.16177385
   11.2712713     1.20312677     1.20397826
   11.3113113     1.30237287     1.30267126
   11.3513514     1.41870602     1.41845946
   11.3913914     1.40494666     1.40432493
   11.4314314     1.17418112     1.17344097
   11.4714715     0.81217171     0.81153528
   11.5115115     0.47396016     0.47352359
   11.5515516     0.25387670     0.25368082
   11.5915916     0.16961905     0.16968994
   11.6316316     0.18723787     0.18747953
   11.6716717     0.23457326     0.23474057
   11.7117117     0.24102015     0.24094032
   11.7517518     0.20107827     0.20086486
   11.7917918     0.19017107     0.19010936
   11.8318318     0.30942666     0.30965761
   11.8718719     0.60090507     0.60124747
   11.9119119     0.97518426     0.97526888
   11.9519520     1.23559680     1.23522255
   11.9919920     1.24437684     1.24371340
   12.0320320     1.05394127     1.05336336
   12.0720721     0.82649682     0.82630819
   12.1121121     0.68048179     0.68078112
   12.1521522     0.65171645     0.65237236
   12.1921922     0.71030923     0.71102422
   12.2322322     0.77127230     0.77176636
   12.2722723     0.76051785     0.76068057
   12.3123123     0.68575322     0.68562134
   12.3523524     0.61352986     0.61321412
   12.3923924     0.61504526     0.61470649
   12.4324324     0.73012401     0.72988992
   12.4724725     0.90818417     0.90803735
   12.5125125     1.00390361     1.00374741
   12.5525526     0.91266837     0.91249137
   12.5925926     0.68620870     0.68607884
   12.6326326     0.46441702     0.46436059
   12.6726727     0.35480614     0.35479537
   12.7127127     0.40881469     0.40886008
   12.7527528     0.60804782     0.60822982
   12.7927928     0.82184548     0.82220275
   12.8328328     0.88392556     0.88437857
   12.8728729     0.77360524     0.77408524
   12.9129129     0.63976491     0.64026519
   12.9529530     0.61338825     0.61378627
   12.9929930     0.68880356     0.68890854
   13.0330330     0.81337311     0.81321116
   13.0730731     0.98180777     0.98154861
   13.1131131     1.17628660     1.17594592
   13.1531532     1.30049053     1.30001188
   13.1931932     1.26585484     1.26535229
   13.2332332     1.10606342     1.10573051
   13.2732733     0.92813772     0.92802393
   13.3133133     0.77101722     0.77101724
   13.3533534     0.59273322     0.59273178
   13.3933934     0.38554166     0.38552532
   13.4334334     0.22201285     0.22208238
   13.4734735     0.19362607     0.19395930
   13.5135135     0.35903094     0.35978435
   13.5535536     0.71228378     0.71336643
   13.5935936     1.13837042     1.13934401
   13.6336336     1.45068987     1.45117065
   13.6736737     1.54280754     1.54291022
   13.7137137     1.46027415     1.46025585
   13.7537538     1.28988247     1.28955223
   13.7937938     1.07302781     1.07206014
   13.8338338     0.86232577     0.86088374
   13.8738739     0.72927698     0.72790792
   13.9139139     0.66405426     0.66329803
   13.9539540     0.58271967     0.58292197
   13.9939940     0.46565626     0.46670418
   14.0340340     0.39703630     0.39808519
   14.0740741     0.45116413     0.45102550
   14.1141141     0.61187688     0.61029275
   14.1541542     0.81513638     0.81340099
   14.1941942     1.00747739     1.00693939
   14.2342342     1.14199310     1.14251673
   14.2742743     1.17501086     1.17576696
   14.3143143     1.10349956     1.10422585
   14.3543544     0.96958348     0.97030682
   14.3943944     0.81627099     0.81683429
   14.4344344     0.69133819     0.69174686
   14.4744745     0.67538798     0.67590647
   14.5145145     0.79801394     0.79861232
   14.5545546     0.93339063     0.93360517
   14.5945946     0.90280120     0.90238716
   14.6346346     0.68507518     0.68438580
   14.6746747     0.42586495     0.42535615
   14.7147147     0.26116978     0.26088664
   14.7547548     0.22853564     0.22830145
   14.7947948     0.32423704     0.32407363
   14.8348348     0.54387738     0.54397571
   14.8748749     0.84346615     0.84383203
   14.9149149     1.11833746     1.11874218
   14.9549550     1.27108947     1.27146233
   14.9949950     1.29640730     1.29702020
   15.0350350     1.27226785     1.27331018
   15.0750751     1.27793697     1.27905102
   15.1151151     1.32611928     1.32656099
   15.1551552     1.35088950     1.35021754
   15.1951952     1.27133458     1.26988829
   15.2352352     1.08056063     1.07911127
   15.2752753     0.85751382     0.85654261
   15.3153153     0.68841804     0.68796212
   15.3553554     0.59143060     0.59144087
   15.3953954     0.53457911     0.53500484
   15.4354354     0.50577226     0.50630924
   15.4754755     0.51668779     0.51687298
   15.5155155     0.55402210     0.55373373
   15.5555556     0.58341004     0.58302378
   15.5955956     0.60316017     0.60310792
   15.6356356     0.65504116     0.65537032
   15.6756757     0.76388597     0.76431237
   15.7157157     0.89438596     0.89468046
   15.7557558     0.98788079     0.98808886
   15.7957958     1.01165806     1.01193503
   15.8358358     0.96573216     0.96614594
   15.8758759     0.89016685     0.89074989
   15.9159159     0.87360714     0.87430456
   15.9559560     0.97822100     0.97868533
   15.9959960     1.13076428     1.13068687
   16.0360360     1.18815283     1.18782504
   16.0760761     1.13484302     1.13473233
   16.1161161     1.09072838     1.09059797
   16.1561562     1.12130993     1.12051339
   16.1961962     1.18321625     1.18179208
   16.2362362     1.23686777     1.23570951
   16.2762763     1.28266517     1.28259392
   16.3163163     1.32827171     1.32927573
   16.3563564     1.39731817     1.39863483
   16.3963964     1.50952715     1.51031593
   16.4364364     1.63689693     1.63697986
   16.4764765     1.72309524     1.72300468
   16.5165165     1.71549366     1.71563067
   16.5565566     1.57436253     1.57443126
   16.5965966     1.30267644     1.30222403
   16.6366366     0.96628035     0.96540545
   16.6766767     0.65588556     0.65510694
   16.7167167     0.43676994     0.43647591
   16.7567568     0.34310762     0.34330267
   16.7967968     0.37537477     0.37571770
   16.8368368     0.46784850     0.46789501
   16.8768769     0.51281294     0.51245797
   16.9169169     0.46961728     0.46921680
   16.9569570     0.40471794     0.40460662
   16.9969970     0.38799312     0.38811608
   17.0370370     0.41466334     0.41481403
   17.0770771     0.46864018     0.46881527
   17.1171171     0.57781395     0.57814288
   17.1571572     0.73174557     0.73213584
   17.1971972     0.81428792     0.81438528
   17.2372372     0.72058037     0.72019524
   17.2772773     0.50713189     0.50649140
   17.3173173     0.34225585     0.34173624
   17.3573574     0.34018576     0.34000853
   17.3973974     0.48948785     0.48970067
   17.4374374     0.68938702     0.68990599
   17.4774775     0.82968039     0.83025797
   17.5175175     0.87683907     0.87712181
   17.5575576     0.87948945     0.87926314
   17.5975976     0.88114146     0.88055209
   17.6376376     0.87795946     0.87743388
   17.6776777     0.87440268     0.87432580
   17.7177177     0.90729408     0.90772487
   17.7577578     0.96926354     0.96984585
   17.7977978     0.97206674     0.97227150
   17.8378378     0.84606580     0.84569299
   17.8778779     0.63040305     0.62973443
   17.9179179     0.42891054     0.42831037
   17.9579580     0.31512218     0.31475840
   17.9979980     0.29566588     0.29564606
   18.0380380     0.34835515     0.34882889
   18.0780781     0.47463213     0.47564526
   18.1181181     0.67702574     0.67834367
   18.1581582     0.89700126     0.89812030
   18.1981982     1.04503461     1.04547707
   18.2382382     1.08928045     1.08894191
   18.2782783     1.06206779     1.06119461
   18.3183183     1.01409933     1.01300705
   18.3583584     1.00546808     1.00446049
   18.3983984     1.08477383     1.08425267
   18.4384384     1.24184980     1.24223216
   18.4784785     1.41448034     1.41578530
   18.5185185     1.52836571     1.52994246
   18.5585586     1.51526689     1.51622671
   18.5985986     1.34966616     1.34966236
   18.6386386     1.09078616     1.09027328
   18.6786787     0.84629829     0.84600762
   18.7187187     0.69217055     0.69229041
   18.7587588     0.64345103     0.64336619
   18.7987988     0.66971315     0.66879750
   18.8388388     0.71813375     0.71668573
   18.8788789     0.73935601     0.73823383
   18.9189189     0.71359062     0.71313110
   18.9589590     0.67078769     0.67073148
   18.9989990     0.67454237     0.67471708
   19.0390390     0.76284065     0.76324495
   19.0790791     0.89949809     0.89997155
   19.1191191     0.99535401     0.99573913
   19.1591592     1.00759789     1.00801869
   19.1991992     0.99486349     0.99539277
   19.2392392     1.01899401     1.01926700
   19.2792793     1.04585010     1.04546207
   19.3193193     1.00044219     0.99957708
   19.3593594     0.85868007     0.85789874
   19.3993994     0.66128056     0.66080592
   19.4394394     0.48827909     0.48790515
   19.4794795     0.40259331     0.40221699
   19.5195195     0.38412409     0.38399242
   19.5595596     0.36151348     0.36189287
   19.5995996     0.32329958     0.32417181
   19.6396396     0.33745247     0.33862276
   19.6796797     0.44546318     0.44672735
   19.7197197     0.59323389     0.59441135
   19.7597598     0.69010883     0.69106121
   19.7997998     0.69151969     0.69202887
   19.8398398     0.60483471     0.60459611
   19.8798799     0.46859379     0.46766765
   19.9199199     0.34368289     0.34261650
   19.9599600     0.27688681     0.27605992
   20.0000000     0.26636117     0.26560125
