#
#   partial DOS for atom species: Mn
#
#   Add data for atom_index =   8,  n,l,m,z=  3  2 -2  1
#   Add data for atom_index =   8,  n,l,m,z=  3  2 -1  1
#   Add data for atom_index =   8,  n,l,m,z=  3  2  0  1
#   Add data for atom_index =   8,  n,l,m,z=  3  2  1  1
#   Add data for atom_index =   8,  n,l,m,z=  3  2  2  1
#   Add data for atom_index =   8,  n,l,m,z=  3  2 -2  2
#   Add data for atom_index =   8,  n,l,m,z=  3  2 -1  2
#   Add data for atom_index =   8,  n,l,m,z=  3  2  0  2
#   Add data for atom_index =   8,  n,l,m,z=  3  2  1  2
#   Add data for atom_index =   8,  n,l,m,z=  3  2  2  2
#   Add data for atom_index =   8,  n,l,m,z=  3  2 -2  3
#   Add data for atom_index =   8,  n,l,m,z=  3  2 -1  3
#   Add data for atom_index =   8,  n,l,m,z=  3  2  0  3
#   Add data for atom_index =   8,  n,l,m,z=  3  2  1  3
#   Add data for atom_index =   8,  n,l,m,z=  3  2  2  3
#
#    Energy          spin 1        spin2
#
  -20.0000000     0.00000000     0.00000000
  -19.9599600     0.00000000     0.00000000
  -19.9199199     0.00000000     0.00000000
  -19.8798799     0.00000000     0.00000000
  -19.8398398     0.00000000     0.00000000
  -19.7997998     0.00000000     0.00000000
  -19.7597598     0.00000000     0.00000000
  -19.7197197     0.00000000     0.00000000
  -19.6796797     0.00000000     0.00000000
  -19.6396396     0.00000000     0.00000000
  -19.5995996     0.00000000     0.00000000
  -19.5595596     0.00000000     0.00000000
  -19.5195195     0.00000000     0.00000000
  -19.4794795     0.00000000     0.00000000
  -19.4394394     0.00000000     0.00000000
  -19.3993994     0.00000000     0.00000000
  -19.3593594     0.00000000     0.00000000
  -19.3193193     0.00000000     0.00000000
  -19.2792793     0.00000000     0.00000000
  -19.2392392     0.00000000     0.00000000
  -19.1991992     0.00000000     0.00000000
  -19.1591592     0.00000000     0.00000000
  -19.1191191     0.00000000     0.00000000
  -19.0790791     0.00000000     0.00000000
  -19.0390390     0.00000000     0.00000000
  -18.9989990     0.00000000     0.00000000
  -18.9589590     0.00000000     0.00000000
  -18.9189189     0.00000000     0.00000000
  -18.8788789     0.00000000     0.00000000
  -18.8388388     0.00000000     0.00000000
  -18.7987988     0.00000000     0.00000000
  -18.7587588     0.00000000     0.00000000
  -18.7187187     0.00000000     0.00000000
  -18.6786787     0.00000000     0.00000000
  -18.6386386     0.00000000     0.00000000
  -18.5985986     0.00000000     0.00000000
  -18.5585586     0.00000000     0.00000000
  -18.5185185     0.00000000     0.00000000
  -18.4784785     0.00000000     0.00000000
  -18.4384384     0.00000000     0.00000000
  -18.3983984     0.00000000     0.00000000
  -18.3583584     0.00000000     0.00000000
  -18.3183183     0.00000000     0.00000000
  -18.2782783     0.00000000     0.00000000
  -18.2382382     0.00000000     0.00000001
  -18.1981982     0.00000005     0.00000009
  -18.1581582     0.00000049     0.00000080
  -18.1181181     0.00000345     0.00000522
  -18.0780781     0.00001754     0.00002466
  -18.0380380     0.00006463     0.00008461
  -17.9979980     0.00017281     0.00021067
  -17.9579580     0.00033537     0.00038069
  -17.9179179     0.00047259     0.00049946
  -17.8778779     0.00048527     0.00047731
  -17.8378378     0.00037203     0.00034061
  -17.7977978     0.00024624     0.00021373
  -17.7577578     0.00022253     0.00019979
  -17.7177177     0.00031478     0.00030392
  -17.6776777     0.00042861     0.00043335
  -17.6376376     0.00044587     0.00046703
  -17.5975976     0.00034066     0.00036923
  -17.5575576     0.00019824     0.00022386
  -17.5175175     0.00012367     0.00014906
  -17.4774775     0.00017707     0.00022076
  -17.4374374     0.00036746     0.00045256
  -17.3973974     0.00063326     0.00077215
  -17.3573574     0.00086646     0.00105942
  -17.3173173     0.00105529     0.00130327
  -17.2772773     0.00135371     0.00165819
  -17.2372372     0.00188186     0.00223833
  -17.1971972     0.00248904     0.00289773
  -17.1571572     0.00284870     0.00330712
  -17.1171171     0.00282309     0.00329536
  -17.0770771     0.00259958     0.00303256
  -17.0370370     0.00235593     0.00272477
  -16.9969970     0.00199583     0.00229648
  -16.9569570     0.00141517     0.00163544
  -16.9169169     0.00078328     0.00092093
  -16.8768769     0.00035956     0.00045379
  -16.8368368     0.00023610     0.00036195
  -16.7967968     0.00034766     0.00057543
  -16.7567568     0.00056789     0.00090822
  -16.7167167     0.00079765     0.00118956
  -16.6766767     0.00111959     0.00151659
  -16.6366366     0.00181117     0.00228499
  -16.5965966     0.00295473     0.00365628
  -16.5565566     0.00403336     0.00500912
  -16.5165165     0.00424949     0.00532434
  -16.4764765     0.00337577     0.00427018
  -16.4364364     0.00200738     0.00256327
  -16.3963964     0.00088976     0.00114672
  -16.3563564     0.00029278     0.00038110
  -16.3163163     0.00007123     0.00009518
  -16.2762763     0.00001277     0.00002268
  -16.2362362     0.00000174     0.00001624
  -16.1961962     0.00000035     0.00002475
  -16.1561562     0.00000041     0.00003120
  -16.1161161     0.00000062     0.00002878
  -16.0760761     0.00000071     0.00001935
  -16.0360360     0.00000062     0.00001013
  -15.9959960     0.00000073     0.00000858
  -15.9559560     0.00000285     0.00002743
  -15.9159159     0.00001403     0.00009799
  -15.8758759     0.00005295     0.00026306
  -15.8358358     0.00014614     0.00051701
  -15.7957958     0.00029427     0.00074303
  -15.7557558     0.00043229     0.00078137
  -15.7157157     0.00046337     0.00060504
  -15.6756757     0.00036338     0.00036806
  -15.6356356     0.00021555     0.00027749
  -15.5955956     0.00013546     0.00050822
  -15.5555556     0.00022870     0.00120185
  -15.5155155     0.00062720     0.00237329
  -15.4754755     0.00144376     0.00374077
  -15.4354354     0.00256287     0.00473679
  -15.3953954     0.00352904     0.00489294
  -15.3553554     0.00386440     0.00438026
  -15.3153153     0.00356141     0.00396893
  -15.2752753     0.00306339     0.00422972
  -15.2352352     0.00278464     0.00508624
  -15.1951952     0.00293054     0.00623002
  -15.1551552     0.00355874     0.00734435
  -15.1151151     0.00432511     0.00779606
  -15.0750751     0.00446436     0.00690336
  -15.0350350     0.00358031     0.00487950
  -14.9949950     0.00221665     0.00302668
  -14.9549550     0.00135796     0.00289952
  -14.9149149     0.00176251     0.00548647
  -14.8748749     0.00378007     0.01038244
  -14.8348348     0.00702709     0.01519211
  -14.7947948     0.01014674     0.01727720
  -14.7547548     0.01184995     0.01687853
  -14.7147147     0.01222201     0.01645494
  -14.6746747     0.01197663     0.01656467
  -14.6346346     0.01093095     0.01513821
  -14.5945946     0.00855053     0.01112377
  -14.5545546     0.00535583     0.00621665
  -14.5145145     0.00259425     0.00258855
  -14.4744745     0.00095639     0.00079637
  -14.4344344     0.00026608     0.00018021
  -14.3943944     0.00005553     0.00002990
  -14.3543544     0.00000865     0.00000363
  -14.3143143     0.00000100     0.00000033
  -14.2742743     0.00000009     0.00000008
  -14.2342342     0.00000002     0.00000055
  -14.1941942     0.00000011     0.00000396
  -14.1541542     0.00000092     0.00002117
  -14.1141141     0.00000543     0.00008372
  -14.0740741     0.00002372     0.00024711
  -14.0340340     0.00007714     0.00055052
  -13.9939940     0.00018875     0.00093689
  -13.9539540     0.00035125     0.00123240
  -13.9139139     0.00050131     0.00127282
  -13.8738739     0.00054927     0.00107445
  -13.8338338     0.00045281     0.00082992
  -13.7937938     0.00024843     0.00072739
  -13.7537538     0.00000284     0.00090661
  -13.7137137    -0.00021145     0.00166534
  -13.6736737    -0.00023008     0.00343346
  -13.6336336     0.00024911     0.00617795
  -13.5935936     0.00143628     0.00910114
  -13.5535536     0.00307536     0.01164651
  -13.5135135     0.00452782     0.01454249
  -13.4734735     0.00555334     0.01853366
  -13.4334334     0.00676387     0.02198587
  -13.3933934     0.00865087     0.02182885
  -13.3533534     0.01030000     0.01796633
  -13.3133133     0.01014925     0.01491914
  -13.2732733     0.00825039     0.01832176
  -13.2332332     0.00674120     0.03054853
  -13.1931932     0.00801115     0.04781652
  -13.1531532     0.01297281     0.06061980
  -13.1131131     0.02023688     0.06083611
  -13.0730731     0.02636398     0.04964948
  -13.0330330     0.02804027     0.03538176
  -12.9929930     0.02460982     0.02489919
  -12.9529530     0.01825431     0.02047532
  -12.9129129     0.01211992     0.02150280
  -12.8728729     0.00841832     0.02502848
  -12.8328328     0.00754222     0.02722221
  -12.7927928     0.00838083     0.02691826
  -12.7527528     0.00945430     0.02565888
  -12.7127127     0.00984514     0.02388765
  -12.6726727     0.00924539     0.02012262
  -12.6326326     0.00770371     0.01412936
  -12.5925926     0.00563292     0.00833458
  -12.5525526     0.00363354     0.00598612
  -12.5125125     0.00215290     0.00952205
  -12.4724725     0.00152205     0.01976685
  -12.4324324     0.00215408     0.03426845
  -12.3923924     0.00439253     0.04691943
  -12.3523524     0.00802588     0.05172319
  -12.3123123     0.01200172     0.04753074
  -12.2722723     0.01480300     0.03864373
  -12.2322322     0.01533041     0.03070060
  -12.1921922     0.01370502     0.02617265
  -12.1521522     0.01118143     0.02527917
  -12.1121121     0.00903945     0.03024992
  -12.0720721     0.00779056     0.04362585
  -12.0320320     0.00764392     0.06136339
  -11.9919920     0.00912666     0.07298534
  -11.9519520     0.01249397     0.07212397
  -11.9119119     0.01672974     0.06537617
  -11.8718719     0.01968131     0.06781781
  -11.8318318     0.01936360     0.08812290
  -11.7917918     0.01583446     0.11874824
  -11.7517518     0.01207329     0.14222763
  -11.7117117     0.01186809     0.14645778
  -11.6716717     0.01637260     0.13394280
  -11.6316316     0.02362780     0.11921954
  -11.5915916     0.03173566     0.11798663
  -11.5515516     0.04063218     0.13683558
  -11.5115115     0.04907648     0.17165861
  -11.4714715     0.05299933     0.21276287
  -11.4314314     0.05036544     0.25198516
  -11.3913914     0.04443980     0.28946829
  -11.3513514     0.03943048     0.33183620
  -11.3113113     0.03686288     0.38009689
  -11.2712713     0.03783559     0.42405119
  -11.2312312     0.04430541     0.44948965
  -11.1911912     0.05596498     0.44772997
  -11.1511512     0.06898290     0.42556400
  -11.1111111     0.08027517     0.40537884
  -11.0710711     0.09085715     0.40503121
  -11.0310310     0.10185269     0.42232985
  -10.9909910     0.10881408     0.44228271
  -10.9509510     0.10493154     0.45588314
  -10.9109109     0.09110033     0.47668165
  -10.8708709     0.07784912     0.53110774
  -10.8308308     0.07353371     0.62617536
  -10.7907908     0.07510668     0.74459573
  -10.7507508     0.07460472     0.86655664
  -10.7107107     0.06891751     0.96419108
  -10.6706707     0.05938755     0.98878447
  -10.6306306     0.04913686     0.91446832
  -10.5905906     0.04499981     0.79344794
  -10.5505506     0.05709287     0.72165723
  -10.5105105     0.09377792     0.74225968
  -10.4704705     0.15596625     0.82088369
  -10.4304304     0.23034212     0.91892832
  -10.3903904     0.28851854     1.04093476
  -10.3503504     0.30394546     1.19094318
  -10.3103103     0.27342885     1.32416022
  -10.2702703     0.21919303     1.38165066
  -10.2302302     0.17335538     1.36242815
  -10.1901902     0.15895363     1.31743158
  -10.1501502     0.17679224     1.27156798
  -10.1101101     0.20780235     1.20372171
  -10.0700701     0.22796916     1.10643811
  -10.0300300     0.22331060     1.00773084
   -9.9899900     0.20295153     0.92482745
   -9.9499500     0.20041084     0.84398679
   -9.9099099     0.24711647     0.75735324
   -9.8698699     0.33762987     0.68524347
   -9.8298298     0.42835564     0.64935763
   -9.7897898     0.47662560     0.64658519
   -9.7497497     0.47653292     0.65779540
   -9.7097097     0.45073089     0.66530614
   -9.6696697     0.41844274     0.65963484
   -9.6296296     0.38699979     0.64402344
   -9.5895896     0.36540854     0.63120509
   -9.5495496     0.36327467     0.63162290
   -9.5095095     0.37434697     0.65258307
   -9.4694695     0.38153885     0.69510391
   -9.4294294     0.38255038     0.73652791
   -9.3893894     0.38872083     0.74408373
   -9.3493494     0.39917102     0.71899418
   -9.3093093     0.39994812     0.70149942
   -9.2692693     0.38227592     0.72608982
   -9.2292292     0.34612315     0.78289159
   -9.1891892     0.30055516     0.82881326
   -9.1491491     0.26401221     0.83417146
   -9.1091091     0.24600978     0.80587826
   -9.0690691     0.23533826     0.76973059
   -9.0290290     0.22017461     0.74675060
   -8.9889890     0.20702737     0.74457089
   -8.9489490     0.21035089     0.76662624
   -8.9089089     0.23498174     0.82684885
   -8.8688689     0.27670843     0.94412301
   -8.8288288     0.32976952     1.11769725
   -8.7887888     0.38115369     1.31179220
   -8.7487488     0.40702530     1.46459922
   -8.7087087     0.39385366     1.51349546
   -8.6686687     0.36015497     1.42719485
   -8.6286286     0.34047741     1.23415357
   -8.5885886     0.34673065     1.01721435
   -8.5485485     0.35964138     0.86620392
   -8.5085085     0.35961570     0.82914560
   -8.4684685     0.34954741     0.89225568
   -8.4284284     0.34328376     0.98604180
   -8.3883884     0.34842615     1.02221795
   -8.3483484     0.36742022     0.95642118
   -8.3083083     0.39803147     0.82153057
   -8.2682683     0.42422437     0.69053497
   -8.2282282     0.42630996     0.61455822
   -8.1881882     0.40716747     0.60040262
   -8.1481482     0.38780374     0.62513836
   -8.1081081     0.37551380     0.65524767
   -8.0680681     0.35797047     0.66636958
   -8.0280280     0.32710046     0.65839379
   -7.9879880     0.29272804     0.64198608
   -7.9479479     0.27435161     0.61798618
   -7.9079079     0.28267320     0.59269549
   -7.8678679     0.30495113     0.59434235
   -7.8278278     0.31147814     0.64410167
   -7.7877878     0.28404972     0.72393020
   -7.7477478     0.23900482     0.78963175
   -7.7077077     0.21627293     0.81070664
   -7.6676677     0.24088276     0.80053223
   -7.6276276     0.29694418     0.80997934
   -7.5875876     0.34447218     0.88025279
   -7.5475475     0.35886496     1.00391495
   -7.5075075     0.34598544     1.14062299
   -7.4674675     0.32306025     1.25361603
   -7.4274274     0.29854885     1.31949584
   -7.3873874     0.27455354     1.32804558
   -7.3473473     0.25499101     1.28791367
   -7.3073073     0.24009711     1.22408958
   -7.2672673     0.22340855     1.17332854
   -7.2272272     0.20239702     1.17903762
   -7.1871872     0.18350729     1.27007487
   -7.1471472     0.17497746     1.44329730
   -7.1071071     0.18336117     1.66612302
   -7.0670671     0.21434711     1.87575694
   -7.0270270     0.26433941     1.98971707
   -6.9869870     0.31283875     1.95679363
   -6.9469470     0.33725196     1.79567688
   -6.9069069     0.33561369     1.57058943
   -6.8668669     0.32295900     1.34580140
   -6.8268268     0.30904682     1.15146284
   -6.7867868     0.30098812     0.96388557
   -6.7467467     0.33160457     0.74351902
   -6.7067067     0.45144865     0.50703628
   -6.6666667     0.65747783     0.32278418
   -6.6266266     0.84499946     0.23253700
   -6.5865866     0.88592189     0.21520972
   -6.5465466     0.76690509     0.22614838
   -6.5065065     0.60552814     0.24687960
   -6.4664665     0.52386324     0.28741957
   -6.4264264     0.54567264     0.34672152
   -6.3863864     0.62123715     0.39517579
   -6.3463464     0.70976510     0.40926395
   -6.3063063     0.80152546     0.39929735
   -6.2662663     0.87270893     0.38784934
   -6.2262262     0.87050320     0.38026827
   -6.1861862     0.77703654     0.36496978
   -6.1461461     0.65990660     0.33384854
   -6.1061061     0.61273128     0.29965254
   -6.0660661     0.65836384     0.28626736
   -6.0260260     0.74580497     0.30044948
   -5.9859860     0.82969707     0.32419092
   -5.9459459     0.91064057     0.33320639
   -5.9059059     0.99050556     0.31565258
   -5.8658659     1.04886745     0.27505135
   -5.8258258     1.09460723     0.22168525
   -5.7857858     1.17399998     0.16894788
   -5.7457458     1.30198184     0.13451428
   -5.7057057     1.43964119     0.13060305
   -5.6656657     1.54790489     0.14939374
   -5.6256256     1.63465662     0.16596522
   -5.5855856     1.73347793     0.16068844
   -5.5455455     1.83483221     0.13705728
   -5.5055055     1.87417330     0.11692615
   -5.4654655     1.81161385     0.12146164
   -5.4254254     1.68897736     0.15346255
   -5.3853854     1.57333154     0.19249294
   -5.3453453     1.45361106     0.21238526
   -5.3053053     1.25471586     0.20843153
   -5.2652653     0.98732049     0.19860038
   -5.2252252     0.80168873     0.19554255
   -5.1851852     0.83472131     0.19033325
   -5.1451452     1.05623506     0.16748586
   -5.1051051     1.28591689     0.12711037
   -5.0650651     1.33467373     0.08708726
   -5.0250250     1.15319383     0.06574070
   -4.9849850     0.86934375     0.06565049
   -4.9449449     0.66381353     0.07347239
   -4.9049049     0.61616385     0.07392782
   -4.8648649     0.68959758     0.06318593
   -4.8248248     0.83546606     0.04932656
   -4.7847848     1.08459162     0.04314207
   -4.7447447     1.50978334     0.04806400
   -4.7047047     2.05146053     0.05649349
   -4.6646647     2.43252415     0.05831643
   -4.6246246     2.38879098     0.05279645
   -4.5845846     1.98163133     0.04784796
   -4.5445445     1.54499687     0.05062931
   -4.5045045     1.32893460     0.06255616
   -4.4644645     1.31294750     0.07873824
   -4.4244244     1.34154495     0.09013875
   -4.3843844     1.30549863     0.08978989
   -4.3443443     1.17703874     0.07784904
   -4.3043043     0.98869414     0.06060560
   -4.2642643     0.80914861     0.04521809
   -4.2242242     0.67188854     0.03499237
   -4.1841842     0.55167578     0.03006336
   -4.1441441     0.44439382     0.03071512
   -4.1041041     0.39886083     0.03593974
   -4.0640641     0.44358641     0.04128798
   -4.0240240     0.53356695     0.04375940
   -3.9839840     0.59064594     0.04641297
   -3.9439439     0.58574878     0.05352790
   -3.9039039     0.55609867     0.06382245
   -3.8638639     0.53450961     0.07221822
   -3.8238238     0.50621305     0.07642855
   -3.7837838     0.45042356     0.07777609
   -3.7437437     0.37776501     0.07633136
   -3.7037037     0.31199350     0.07111353
   -3.6636637     0.27032738     0.06527203
   -3.6236236     0.26629419     0.06367041
   -3.5835836     0.29833139     0.06469119
   -3.5435435     0.33728906     0.06102345
   -3.5035035     0.35606611     0.04893313
   -3.4634635     0.36024008     0.03298230
   -3.4234234     0.36249269     0.02183355
   -3.3833834     0.35320917     0.02080285
   -3.3433433     0.32879875     0.02736011
   -3.3033033     0.32033970     0.03299661
   -3.2632633     0.36040979     0.03129358
   -3.2232232     0.43601388     0.02450585
   -3.1831832     0.49091671     0.01995187
   -3.1431431     0.47515499     0.02096863
   -3.1031031     0.39124137     0.02461305
   -3.0630631     0.28278031     0.02733439
   -3.0230230     0.18690862     0.02951585
   -2.9829830     0.11880210     0.03415247
   -2.9429429     0.08617420     0.04279640
   -2.9029029     0.08941039     0.05229742
   -2.8628629     0.11164393     0.05549366
   -2.8228228     0.12672789     0.04800720
   -2.7827828     0.12001677     0.03403059
   -2.7427427     0.09881313     0.02175580
   -2.7027027     0.08535854     0.01501171
   -2.6626627     0.09753000     0.01337771
   -2.6226226     0.12970359     0.01735463
   -2.5825826     0.15525526     0.02853999
   -2.5425425     0.15449490     0.04547693
   -2.5025025     0.13670797     0.06239123
   -2.4624625     0.12763573     0.07300255
   -2.4224224     0.13730283     0.07512516
   -2.3823824     0.14805046     0.07110898
   -2.3423423     0.13825197     0.06419276
   -2.3023023     0.11047155     0.05628704
   -2.2622623     0.08551139     0.04883290
   -2.2222222     0.07512597     0.04225662
   -2.1821822     0.07323562     0.03544011
   -2.1421421     0.07086073     0.02884116
   -2.1021021     0.07088717     0.02559818
   -2.0620621     0.08525313     0.02689480
   -2.0220220     0.12002067     0.02909312
   -1.9819820     0.16800865     0.02759891
   -1.9419419     0.21397868     0.02210776
   -1.9019019     0.23963893     0.01755971
   -1.8618619     0.22848539     0.02092051
   -1.8218218     0.17919731     0.03614444
   -1.7817818     0.11257621     0.05936061
   -1.7417417     0.05589035     0.07861431
   -1.7017017     0.02272883     0.08250932
   -1.6616617     0.01089785     0.07068215
   -1.6216216     0.01268909     0.05259120
   -1.5815816     0.02138161     0.03690818
   -1.5415415     0.03093079     0.02630332
   -1.5015015     0.03570567     0.02106826
   -1.4614615     0.03419113     0.02233588
   -1.4214214     0.03308887     0.02986697
   -1.3813814     0.04508455     0.03938497
   -1.3413413     0.07849882     0.04510818
   -1.3013013     0.12550015     0.04554410
   -1.2612613     0.16110772     0.04571875
   -1.2212212     0.16116980     0.05230241
   -1.1811812     0.12575170     0.06605736
   -1.1411411     0.07936781     0.08069788
   -1.1011011     0.04721442     0.09033281
   -1.0610611     0.03804247     0.09425558
   -1.0210210     0.04588445     0.09225504
   -0.9809810     0.05784294     0.08207481
   -0.9409409     0.06452526     0.06542023
   -0.9009009     0.07104729     0.04987603
   -0.8608609     0.09228520     0.04110890
   -0.8208208     0.13286201     0.03740217
   -0.7807808     0.17915701     0.03418435
   -0.7407407     0.21206298     0.03046802
   -0.7007007     0.21866619     0.02838086
   -0.6606607     0.19533382     0.02895415
   -0.6206206     0.15203920     0.03084096
   -0.5805806     0.10980462     0.03242650
   -0.5405405     0.08398271     0.03359415
   -0.5005005     0.07319461     0.03533006
   -0.4604605     0.06779943     0.03995320
   -0.4204204     0.06202168     0.05128533
   -0.3803804     0.05489324     0.06888195
   -0.3403403     0.04749770     0.08231684
   -0.3003003     0.04314606     0.07953494
   -0.2602603     0.04468421     0.06140608
   -0.2202202     0.05047442     0.04105970
   -0.1801802     0.05715835     0.03059838
   -0.1401401     0.06414295     0.03316832
   -0.1001001     0.07113267     0.04375516
   -0.0600601     0.07430627     0.05372545
   -0.0200200     0.06900049     0.05692244
    0.0200200     0.05572512     0.05350878
    0.0600601     0.04127973     0.04958313
    0.1001001     0.03199739     0.05383428
    0.1401401     0.02786648     0.06965209
    0.1801802     0.02628652     0.08806874
    0.2202202     0.02810789     0.09539810
    0.2602603     0.03678181     0.08852257
    0.3003003     0.05559866     0.07441370
    0.3403403     0.08690709     0.05858024
    0.3803804     0.12746198     0.04391526
    0.4204204     0.16191933     0.03659763
    0.4604605     0.16944861     0.04424696
    0.5005005     0.14500004     0.06664340
    0.5405405     0.10758935     0.09100674
    0.5805806     0.07966258     0.10154474
    0.6206206     0.06604441     0.09586868
    0.6606607     0.05919558     0.08710090
    0.7007007     0.05764589     0.08674837
    0.7407407     0.07098769     0.09115327
    0.7807808     0.10333842     0.08901008
    0.8208208     0.13716658     0.07639762
    0.8608609     0.14746256     0.05928338
    0.9009009     0.13346969     0.04672002
    0.9409409     0.11870302     0.04704078
    0.9809810     0.11573457     0.06478826
    1.0210210     0.11111513     0.09311378
    1.0610611     0.09084734     0.11362676
    1.1011011     0.06154485     0.11317193
    1.1411411     0.03951854     0.09612137
    1.1811812     0.03313798     0.07373563
    1.2212212     0.04024746     0.05168440
    1.2612613     0.05364568     0.03372055
    1.3013013     0.06597168     0.02664255
    1.3413413     0.07451136     0.03577167
    1.3813814     0.08564185     0.05933875
    1.4214214     0.10918864     0.08941514
    1.4614615     0.14048137     0.11717596
    1.5015015     0.15638428     0.13566752
    1.5415415     0.14071423     0.14060446
    1.5815816     0.10456960     0.13205343
    1.6216216     0.07244043     0.11294665
    1.6616617     0.05958812     0.08777894
    1.7017017     0.07002439     0.06512066
    1.7417417     0.10287648     0.05469563
    1.7817818     0.14700149     0.05941071
    1.8218218     0.17630109     0.07328408
    1.8618619     0.16981170     0.08622200
    1.9019019     0.13841998     0.09022592
    1.9419419     0.11401305     0.08389052
    1.9819820     0.11102969     0.07350388
    2.0220220     0.11499406     0.06790894
    2.0620621     0.10799368     0.06899128
    2.1021021     0.09025701     0.07062574
    2.1421421     0.07427511     0.07000593
    2.1821822     0.06814171     0.07198554
    2.2222222     0.07039499     0.07727084
    2.2622623     0.07634288     0.07718764
    2.3023023     0.08349098     0.06677898
    2.3423423     0.09194160     0.05255810
    2.3823824     0.10150299     0.04239305
    2.4224224     0.10727206     0.03650041
    2.4624625     0.10191061     0.03102838
    2.5025025     0.08554363     0.02578698
    2.5425425     0.06691691     0.02685959
    2.5825826     0.05305860     0.04067795
    2.6226226     0.04402169     0.06402373
    2.6626627     0.03669400     0.08353388
    2.7027027     0.02997215     0.09169691
    2.7427427     0.02733854     0.09957224
    2.7827828     0.03420571     0.12216501
    2.8228228     0.05063476     0.15333815
    2.8628629     0.06785946     0.16879232
    2.9029029     0.07711433     0.15453910
    2.9429429     0.08198613     0.11982873
    2.9829830     0.09399449     0.08152902
    3.0230230     0.11550213     0.04970944
    3.0630631     0.13543071     0.02990207
    3.1031031     0.14127773     0.02710378
    3.1431431     0.12955796     0.04282533
    3.1831832     0.10692318     0.07004041
    3.2232232     0.08447917     0.09369759
    3.2632633     0.06873430     0.10278145
    3.3033033     0.05717676     0.10178919
    3.3433433     0.04442479     0.10083004
    3.3833834     0.03172214     0.09748253
    3.4234234     0.02777787     0.08213879
    3.4634635     0.04017742     0.05750301
    3.5035035     0.06597408     0.03976614
    3.5435435     0.09055162     0.04557904
    3.5835836     0.09964503     0.08663473
    3.6236236     0.09336257     0.16355808
    3.6636637     0.08289737     0.24860625
    3.7037037     0.07559166     0.28986675
    3.7437437     0.07123545     0.25869035
    3.7837838     0.07155423     0.18297421
    3.8238238     0.08749068     0.11415545
    3.8638639     0.13429345     0.07751904
    3.9039039     0.21331907     0.06930597
    3.9439439     0.29413536     0.08000134
    3.9839840     0.32665982     0.10084954
    4.0240240     0.28729918     0.12016764
    4.0640641     0.20538858     0.12893787
    4.1041041     0.13180131     0.12644021
    4.1441441     0.09425978     0.11514607
    4.1841842     0.09045154     0.09610379
    4.2242242     0.10470638     0.07401235
    4.2642643     0.11939536     0.05938605
    4.3043043     0.12281026     0.05765994
    4.3443443     0.11659040     0.06094884
    4.3843844     0.11189932     0.05782931
    4.4244244     0.11449349     0.04809472
    4.4644645     0.11647109     0.04170705
    4.5045045     0.10773581     0.04455381
    4.5445445     0.09225921     0.05112432
    4.5845846     0.08276893     0.05315751
    4.6246246     0.08137930     0.05101222
    4.6646647     0.07695863     0.05282834
    4.7047047     0.06151226     0.06457192
    4.7447447     0.04040918     0.08233954
    4.7847848     0.02510587     0.09530244
    4.8248248     0.02174356     0.09962657
    4.8648649     0.02933533     0.10676248
    4.9049049     0.04573540     0.13259459
    4.9449449     0.07074415     0.18092900
    4.9849850     0.10064231     0.23764678
    5.0250250     0.12395284     0.27651878
    5.0650651     0.13185424     0.27596176
    5.1051051     0.13331082     0.23624858
    5.1451452     0.15015734     0.17729272
    5.1851852     0.19322935     0.12256360
    5.2252252     0.24755335     0.08989341
    5.2652653     0.28083998     0.08672712
    5.3053053     0.26733611     0.10318793
    5.3453453     0.21089953     0.11684551
    5.3853854     0.14267337     0.11379774
    5.4254254     0.09150004     0.10016921
    5.4654655     0.06498714     0.08878855
    5.5055055     0.05764015     0.08648573
    5.5455455     0.06247568     0.09894408
    5.5855856     0.07573944     0.13030322
    5.6256256     0.09882714     0.17061364
    5.6656657     0.13158195     0.19974723
    5.7057057     0.16353209     0.20804816
    5.7457458     0.18186138     0.20002661
    5.7857858     0.18647673     0.18032063
    5.8258258     0.18713702     0.14992255
    5.8658659     0.18745870     0.11336033
    5.9059059     0.18051036     0.07987126
    5.9459459     0.16136833     0.05854655
    5.9859860     0.13672628     0.05467732
    6.0260260     0.11794311     0.06878504
    6.0660661     0.10875178     0.09542140
    6.1061061     0.10458301     0.12038168
    6.1461461     0.10153927     0.12716415
    6.1861862     0.09944913     0.11408440
    6.2262262     0.09805372     0.09628823
    6.2662663     0.09704038     0.08617943
    6.3063063     0.09759213     0.08301457
    6.3463464     0.09963889     0.08251723
    6.3863864     0.09981010     0.08496140
    6.4264264     0.09524445     0.09422472
    6.4664665     0.09144109     0.11507885
    6.5065065     0.10240755     0.14735121
    6.5465466     0.13336866     0.17966301
    6.5865866     0.16719057     0.19369605
    6.6266266     0.18262423     0.18044502
    6.6666667     0.18062626     0.15233886
    6.7067067     0.17638318     0.13127796
    6.7467467     0.17393386     0.12289145
    6.7867868     0.16353616     0.11393562
    6.8268268     0.13794837     0.09720840
    6.8668669     0.10516320     0.08373206
    6.9069069     0.08563609     0.08360242
    6.9469470     0.09325929     0.08799801
    6.9869870     0.11864663     0.08045992
    7.0270270     0.13528470     0.05840322
    7.0670671     0.12508339     0.03455058
    7.1071071     0.09640780     0.02323863
    7.1471472     0.07192736     0.03393786
    7.1871872     0.06149418     0.07414469
    7.2272272     0.05614105     0.14816770
    7.2672673     0.04758521     0.24484413
    7.3073073     0.04309255     0.32634634
    7.3473473     0.05739991     0.34557934
    7.3873874     0.09510505     0.28995907
    7.4274274     0.14544533     0.19727944
    7.4674675     0.19402849     0.11767262
    7.5075075     0.23193415     0.07227436
    7.5475475     0.24947618     0.05378187
    7.5875876     0.23631406     0.04971554
    7.6276276     0.19743862     0.05247934
    7.6676677     0.15559693     0.05741656
    7.7077077     0.13024693     0.06762111
    7.7477478     0.12031455     0.09651440
    7.7877878     0.11000812     0.14905797
    7.8278278     0.08880167     0.20116603
    7.8678679     0.06316943     0.21714641
    7.9079079     0.05026628     0.19280891
    7.9479479     0.06390013     0.16094973
    7.9879880     0.10490080     0.14841952
    8.0280280     0.16137914     0.14981498
    8.0680681     0.21664674     0.14774914
    8.1081081     0.25358501     0.13711782
    8.1481482     0.25742579     0.12414553
    8.1881882     0.22762914     0.11734172
    8.2282282     0.18172477     0.12281179
    8.2682683     0.13756358     0.14068688
    8.3083083     0.10115523     0.16541046
    8.3483484     0.07574227     0.18883956
    8.3883884     0.06911056     0.20205649
    8.4284284     0.08669176     0.19897017
    8.4684685     0.12428115     0.18069364
    8.5085085     0.16831093     0.15689907
    8.5485485     0.20023742     0.14281914
    8.5885886     0.20582171     0.14823427
    8.6286286     0.18731778     0.16559639
    8.6686687     0.16429064     0.17445956
    8.7087087     0.15580751     0.15968985
    8.7487488     0.16220974     0.12416531
    8.7887888     0.17017561     0.08594999
    8.8288288     0.17317500     0.06339262
    8.8688689     0.17404221     0.06087901
    8.9089089     0.16889003     0.06876083
    8.9489490     0.14797292     0.07582552
    8.9889890     0.11404734     0.07878133
    9.0290290     0.08398857     0.08275391
    9.0690691     0.07043862     0.09948976
    9.1091091     0.06972614     0.13942671
    9.1491491     0.06924766     0.19402106
    9.1891892     0.06469830     0.23442464
    9.2292292     0.06863856     0.24222415
    9.2692693     0.09840736     0.22941628
    9.3093093     0.15088892     0.21517332
    9.3493494     0.19613709     0.19951582
    9.3893894     0.21039172     0.17179794
    9.4294294     0.20621887     0.13299599
    9.4694695     0.20957668     0.09869467
    9.5095095     0.22050352     0.08331596
    9.5495496     0.21718001     0.09045676
    9.5895896     0.18736898     0.11486275
    9.6296296     0.14284665     0.14078340
    9.6696697     0.10746857     0.14644398
    9.7097097     0.09575784     0.12746997
    9.7497497     0.10421940     0.10743111
    9.7897898     0.12045190     0.11268958
    9.8298298     0.13480661     0.14708369
    9.8698699     0.14541805     0.19716129
    9.9099099     0.15623822     0.24563933
    9.9499500     0.16783497     0.27188481
    9.9899900     0.17159464     0.25982663
   10.0300300     0.15858117     0.21728888
   10.0700701     0.13334190     0.17149719
   10.1101101     0.11540233     0.14221566
   10.1501502     0.12746298     0.13171435
   10.1901902     0.17696708     0.13367478
   10.2302302     0.23979168     0.13848917
   10.2702703     0.27251264     0.13671893
   10.3103103     0.25639126     0.12790370
   10.3503504     0.21462928     0.12146435
   10.3903904     0.17705526     0.12336946
   10.4304304     0.15290205     0.12915972
   10.4704705     0.14218167     0.13617288
   10.5105105     0.14605664     0.15093078
   10.5505506     0.16257161     0.17208827
   10.5905906     0.18624290     0.18095800
   10.6306306     0.20697365     0.16833737
   10.6706707     0.20830236     0.15452170
   10.7107107     0.18179256     0.15995226
   10.7507508     0.14211706     0.17210145
   10.7907908     0.11552223     0.16479858
   10.8308308     0.11650847     0.13724260
   10.8708709     0.13988693     0.11351560
   10.9109109     0.16729014     0.11373881
   10.9509510     0.17935971     0.13830108
   10.9909910     0.16930372     0.17190815
   11.0310310     0.14775308     0.19816633
   11.0710711     0.13407146     0.21061436
   11.1111111     0.14278870     0.20703473
   11.1511512     0.17325473     0.18381257
   11.1911912     0.20790969     0.14565151
   11.2312312     0.22625112     0.10934324
   11.2712713     0.22285994     0.09016782
   11.3113113     0.20519269     0.09127387
   11.3513514     0.18000246     0.10593391
   11.3913914     0.15178986     0.12294055
   11.4314314     0.12652028     0.13107915
   11.4714715     0.11044614     0.12518813
   11.5115115     0.10821523     0.10924884
   11.5515516     0.12073639     0.08991689
   11.5915916     0.14219341     0.06877490
   11.6316316     0.15863843     0.04572173
   11.6716717     0.15402715     0.02531260
   11.7117117     0.12404564     0.01385165
   11.7517518     0.08118553     0.01419998
   11.7917918     0.04310334     0.02659333
   11.8318318     0.01967420     0.05031318
   11.8718719     0.01096654     0.08086211
   11.9119119     0.01219600     0.10871035
   11.9519520     0.01827025     0.12802443
   11.9919920     0.02652333     0.14609840
   12.0320320     0.03880226     0.17421508
   12.0720721     0.06031452     0.20791008
   12.1121121     0.09307241     0.22805253
   12.1521522     0.13205309     0.22300942
   12.1921922     0.17225277     0.19911487
   12.2322322     0.21367785     0.17262038
   12.2722723     0.25058014     0.15972156
   12.3123123     0.26446301     0.16724203
   12.3523524     0.24180036     0.18849831
   12.3923924     0.19487822     0.21049842
   12.4324324     0.15392857     0.22142697
   12.4724725     0.13955834     0.21500931
   12.5125125     0.14887477     0.19574101
   12.5525526     0.16674741     0.17255042
   12.5925926     0.18484777     0.14523304
   12.6326326     0.20371730     0.10927629
   12.6726727     0.21711221     0.07008368
   12.7127127     0.20843576     0.04080423
   12.7527528     0.16964662     0.03124570
   12.7927928     0.11419361     0.04335823
   12.8328328     0.06620064     0.07039952
   12.8728729     0.04130311     0.09829447
   12.9129129     0.03966741     0.11490103
   12.9529530     0.05272030     0.11998988
   12.9929930     0.07069201     0.12000030
   13.0330330     0.08657718     0.11403882
   13.0730731     0.10104841     0.09537767
   13.1131131     0.11942600     0.06739824
   13.1531532     0.13632216     0.04777126
   13.1931932     0.13467032     0.05468731
   13.2332332     0.10872263     0.09184990
   13.2732733     0.07481886     0.14398188
   13.3133133     0.05437899     0.18890050
   13.3533534     0.05689280     0.21829782
   13.3933934     0.07873664     0.23868441
   13.4334334     0.11031239     0.25073885
   13.4734735     0.14430334     0.24487564
   13.5135135     0.17656551     0.21949529
   13.5535536     0.19973949     0.18650704
   13.5935936     0.20645069     0.15656346
   13.6336336     0.19956336     0.13048959
   13.6736737     0.18906794     0.10642451
   13.7137137     0.18250427     0.08681644
   13.7537538     0.18277114     0.07594207
   13.7937938     0.18552717     0.07684805
   13.8338338     0.17922646     0.09188378
   13.8738739     0.15803479     0.11751049
   13.9139139     0.13106154     0.13819712
   13.9539540     0.11293580     0.13874065
   13.9939940     0.10980769     0.12385354
   14.0340340     0.11537363     0.11331356
   14.0740741     0.11883846     0.11910632
   14.1141141     0.11863568     0.13618977
   14.1541542     0.12374925     0.15324728
   14.1941942     0.13724841     0.16540970
   14.2342342     0.14866562     0.17429866
   14.2742743     0.14952556     0.18121977
   14.3143143     0.14370105     0.18652421
   14.3543544     0.13739331     0.19095313
   14.3943944     0.13491624     0.19009740
   14.4344344     0.14661279     0.17291948
   14.4744745     0.18093932     0.13636217
   14.5145145     0.22258298     0.09570152
   14.5545546     0.23607705     0.06991059
   14.5945946     0.20254991     0.06443605
   14.6346346     0.14160515     0.07274793
   14.6746747     0.08876144     0.08292939
   14.7147147     0.06418601     0.08308145
   14.7547548     0.06606563     0.07106184
   14.7947948     0.07805813     0.05519798
   14.8348348     0.08178423     0.04234413
   14.8748749     0.07190613     0.03510403
   14.9149149     0.05659394     0.04072817
   14.9549550     0.04381256     0.06982106
   14.9949950     0.03775174     0.11974443
   15.0350350     0.04630735     0.16630024
   15.0750751     0.07809793     0.18467310
   15.1151151     0.12709349     0.17735859
   15.1551552     0.16796057     0.16915077
   15.1951952     0.17732453     0.17873152
   15.2352352     0.15864177     0.20511350
   15.2752753     0.13707805     0.23606540
   15.3153153     0.13351370     0.26127909
   15.3553554     0.15202128     0.27528206
   15.3953954     0.18645092     0.27159794
   15.4354354     0.22638008     0.24577350
   15.4754755     0.25434837     0.20596974
   15.5155155     0.25289700     0.16777263
   15.5555556     0.22647253     0.13930960
   15.5955956     0.20069539     0.12056211
   15.6356356     0.19099132     0.10920166
   15.6756757     0.19021379     0.10034741
   15.7157157     0.18688868     0.08968620
   15.7557558     0.17573398     0.08032081
   15.7957958     0.15386847     0.07929370
   15.8358358     0.12289977     0.08708682
   15.8758759     0.09402981     0.09732716
   15.9159159     0.08138974     0.10625414
   15.9559560     0.08799709     0.11823230
   15.9959960     0.10237569     0.14285677
   16.0360360     0.11104382     0.18372879
   16.0760761     0.11076096     0.22621343
   16.1161161     0.10764072     0.24506776
   16.1561562     0.11032765     0.22947756
   16.1961962     0.12605385     0.19215692
   16.2362362     0.15910687     0.15499679
   16.2762763     0.20669582     0.13400305
   16.3163163     0.25205764     0.13237524
   16.3563564     0.27060268     0.14222360
   16.3963964     0.25415542     0.15503846
   16.4364364     0.22167564     0.16497992
   16.4764765     0.19605562     0.16144039
   16.5165165     0.18173201     0.13471407
   16.5565566     0.17272843     0.09342163
   16.5965966     0.16339175     0.06130476
   16.6366366     0.14494288     0.05369938
   16.6766767     0.11311236     0.06686323
   16.7167167     0.08093372     0.08926375
   16.7567568     0.06649330     0.11436419
   16.7967968     0.07072793     0.13917070
   16.8368368     0.07830873     0.15531074
   16.8768769     0.07783979     0.15036253
   16.9169169     0.07574141     0.12153953
   16.9569570     0.08932781     0.08344835
   16.9969970     0.12443194     0.05723545
   17.0370370     0.16051513     0.05362187
   17.0770771     0.16686862     0.07045748
   17.1171171     0.13686826     0.10299990
   17.1571572     0.09659741     0.14709650
   17.1971972     0.07812239     0.19131601
   17.2372372     0.09271726     0.21683233
   17.2772773     0.12961221     0.21171975
   17.3173173     0.17227912     0.18095361
   17.3573574     0.20717327     0.14128133
   17.3973974     0.21842135     0.10980590
   17.4374374     0.19374106     0.09473965
   17.4774775     0.14399408     0.09428125
   17.5175175     0.09956259     0.10521380
   17.5575576     0.08062559     0.12938636
   17.5975976     0.08389403     0.16810546
   17.6376376     0.10002376     0.21101410
   17.6776777     0.12885790     0.23520615
   17.7177177     0.17090405     0.22471419
   17.7577578     0.21534401     0.19052046
   17.7977978     0.24381662     0.15719283
   17.8378378     0.24176149     0.13532219
   17.8778779     0.21121271     0.12477654
   17.9179179     0.17561501     0.12957321
   17.9579580     0.15875963     0.14587449
   17.9979980     0.16003261     0.15076969
   18.0380380     0.16350055     0.12676252
   18.0780781     0.16263939     0.08625153
   18.1181181     0.16134113     0.05529121
   18.1581582     0.15767417     0.04450633
   18.1981982     0.14309154     0.04744921
   18.2382382     0.11775087     0.05888706
   18.2782783     0.09325735     0.08290501
   18.3183183     0.08017524     0.12103079
   18.3583584     0.08150622     0.16070834
   18.3983984     0.09338545     0.18350612
   18.4384384     0.10808740     0.18296039
   18.4784785     0.12254551     0.17017835
   18.5185185     0.14050461     0.15992673
   18.5585586     0.16033493     0.15188971
   18.5985986     0.17063932     0.13344089
   18.6386386     0.16559651     0.10132226
   18.6786787     0.15341015     0.06745326
   18.7187187     0.14137277     0.04331018
   18.7587588     0.12449415     0.03110254
   18.7987988     0.09709906     0.02926469
   18.8388388     0.06512499     0.03677277
   18.8788789     0.04064178     0.05148186
   18.9189189     0.03076769     0.07141050
   18.9589590     0.03464942     0.09868966
   18.9989990     0.04623070     0.13400679
   19.0390390     0.05739720     0.16633039
   19.0790791     0.06347046     0.17995811
   19.1191191     0.07056908     0.17422987
   19.1591592     0.09268608     0.16387039
   19.1991992     0.13386427     0.15826223
   19.2392392     0.17677987     0.15490753
   19.2792793     0.19777661     0.15461467
   19.3193193     0.19091964     0.16329602
   19.3593594     0.17045348     0.17415780
   19.3993994     0.15496729     0.17014005
   19.4394394     0.15348163     0.14872958
   19.4794795     0.15952657     0.12428172
   19.5195195     0.15993295     0.10561856
   19.5595596     0.15319809     0.08820798
   19.5995996     0.14793731     0.06764110
   19.6396396     0.14326524     0.04947782
   19.6796797     0.12808069     0.04355533
   19.7197197     0.09974388     0.05321705
   19.7597598     0.07003093     0.07187013
   19.7997998     0.05272867     0.08712348
   19.8398398     0.05253871     0.08885589
   19.8798799     0.06516275     0.07868457
   19.9199199     0.08154939     0.07050168
   19.9599600     0.09077687     0.07574561
   20.0000000     0.08568815     0.09056118
