#
#   partial DOS for atom species: Mn
#
#   Add data for atom_index =   3,  n,l,m,z=  3  2 -2  1
#   Add data for atom_index =   3,  n,l,m,z=  3  2 -1  1
#   Add data for atom_index =   3,  n,l,m,z=  3  2  0  1
#   Add data for atom_index =   3,  n,l,m,z=  3  2  1  1
#   Add data for atom_index =   3,  n,l,m,z=  3  2  2  1
#   Add data for atom_index =   3,  n,l,m,z=  3  2 -2  2
#   Add data for atom_index =   3,  n,l,m,z=  3  2 -1  2
#   Add data for atom_index =   3,  n,l,m,z=  3  2  0  2
#   Add data for atom_index =   3,  n,l,m,z=  3  2  1  2
#   Add data for atom_index =   3,  n,l,m,z=  3  2  2  2
#   Add data for atom_index =   3,  n,l,m,z=  3  2 -2  3
#   Add data for atom_index =   3,  n,l,m,z=  3  2 -1  3
#   Add data for atom_index =   3,  n,l,m,z=  3  2  0  3
#   Add data for atom_index =   3,  n,l,m,z=  3  2  1  3
#   Add data for atom_index =   3,  n,l,m,z=  3  2  2  3
#   Add data for atom_index =   4,  n,l,m,z=  3  2 -2  1
#   Add data for atom_index =   4,  n,l,m,z=  3  2 -1  1
#   Add data for atom_index =   4,  n,l,m,z=  3  2  0  1
#   Add data for atom_index =   4,  n,l,m,z=  3  2  1  1
#   Add data for atom_index =   4,  n,l,m,z=  3  2  2  1
#   Add data for atom_index =   4,  n,l,m,z=  3  2 -2  2
#   Add data for atom_index =   4,  n,l,m,z=  3  2 -1  2
#   Add data for atom_index =   4,  n,l,m,z=  3  2  0  2
#   Add data for atom_index =   4,  n,l,m,z=  3  2  1  2
#   Add data for atom_index =   4,  n,l,m,z=  3  2  2  2
#   Add data for atom_index =   4,  n,l,m,z=  3  2 -2  3
#   Add data for atom_index =   4,  n,l,m,z=  3  2 -1  3
#   Add data for atom_index =   4,  n,l,m,z=  3  2  0  3
#   Add data for atom_index =   4,  n,l,m,z=  3  2  1  3
#   Add data for atom_index =   4,  n,l,m,z=  3  2  2  3
#   Add data for atom_index =   5,  n,l,m,z=  3  2 -2  1
#   Add data for atom_index =   5,  n,l,m,z=  3  2 -1  1
#   Add data for atom_index =   5,  n,l,m,z=  3  2  0  1
#   Add data for atom_index =   5,  n,l,m,z=  3  2  1  1
#   Add data for atom_index =   5,  n,l,m,z=  3  2  2  1
#   Add data for atom_index =   5,  n,l,m,z=  3  2 -2  2
#   Add data for atom_index =   5,  n,l,m,z=  3  2 -1  2
#   Add data for atom_index =   5,  n,l,m,z=  3  2  0  2
#   Add data for atom_index =   5,  n,l,m,z=  3  2  1  2
#   Add data for atom_index =   5,  n,l,m,z=  3  2  2  2
#   Add data for atom_index =   5,  n,l,m,z=  3  2 -2  3
#   Add data for atom_index =   5,  n,l,m,z=  3  2 -1  3
#   Add data for atom_index =   5,  n,l,m,z=  3  2  0  3
#   Add data for atom_index =   5,  n,l,m,z=  3  2  1  3
#   Add data for atom_index =   5,  n,l,m,z=  3  2  2  3
#   Add data for atom_index =   6,  n,l,m,z=  3  2 -2  1
#   Add data for atom_index =   6,  n,l,m,z=  3  2 -1  1
#   Add data for atom_index =   6,  n,l,m,z=  3  2  0  1
#   Add data for atom_index =   6,  n,l,m,z=  3  2  1  1
#   Add data for atom_index =   6,  n,l,m,z=  3  2  2  1
#   Add data for atom_index =   6,  n,l,m,z=  3  2 -2  2
#   Add data for atom_index =   6,  n,l,m,z=  3  2 -1  2
#   Add data for atom_index =   6,  n,l,m,z=  3  2  0  2
#   Add data for atom_index =   6,  n,l,m,z=  3  2  1  2
#   Add data for atom_index =   6,  n,l,m,z=  3  2  2  2
#   Add data for atom_index =   6,  n,l,m,z=  3  2 -2  3
#   Add data for atom_index =   6,  n,l,m,z=  3  2 -1  3
#   Add data for atom_index =   6,  n,l,m,z=  3  2  0  3
#   Add data for atom_index =   6,  n,l,m,z=  3  2  1  3
#   Add data for atom_index =   6,  n,l,m,z=  3  2  2  3
#   Add data for atom_index =   7,  n,l,m,z=  3  2 -2  1
#   Add data for atom_index =   7,  n,l,m,z=  3  2 -1  1
#   Add data for atom_index =   7,  n,l,m,z=  3  2  0  1
#   Add data for atom_index =   7,  n,l,m,z=  3  2  1  1
#   Add data for atom_index =   7,  n,l,m,z=  3  2  2  1
#   Add data for atom_index =   7,  n,l,m,z=  3  2 -2  2
#   Add data for atom_index =   7,  n,l,m,z=  3  2 -1  2
#   Add data for atom_index =   7,  n,l,m,z=  3  2  0  2
#   Add data for atom_index =   7,  n,l,m,z=  3  2  1  2
#   Add data for atom_index =   7,  n,l,m,z=  3  2  2  2
#   Add data for atom_index =   7,  n,l,m,z=  3  2 -2  3
#   Add data for atom_index =   7,  n,l,m,z=  3  2 -1  3
#   Add data for atom_index =   7,  n,l,m,z=  3  2  0  3
#   Add data for atom_index =   7,  n,l,m,z=  3  2  1  3
#   Add data for atom_index =   7,  n,l,m,z=  3  2  2  3
#   Add data for atom_index =   8,  n,l,m,z=  3  2 -2  1
#   Add data for atom_index =   8,  n,l,m,z=  3  2 -1  1
#   Add data for atom_index =   8,  n,l,m,z=  3  2  0  1
#   Add data for atom_index =   8,  n,l,m,z=  3  2  1  1
#   Add data for atom_index =   8,  n,l,m,z=  3  2  2  1
#   Add data for atom_index =   8,  n,l,m,z=  3  2 -2  2
#   Add data for atom_index =   8,  n,l,m,z=  3  2 -1  2
#   Add data for atom_index =   8,  n,l,m,z=  3  2  0  2
#   Add data for atom_index =   8,  n,l,m,z=  3  2  1  2
#   Add data for atom_index =   8,  n,l,m,z=  3  2  2  2
#   Add data for atom_index =   8,  n,l,m,z=  3  2 -2  3
#   Add data for atom_index =   8,  n,l,m,z=  3  2 -1  3
#   Add data for atom_index =   8,  n,l,m,z=  3  2  0  3
#   Add data for atom_index =   8,  n,l,m,z=  3  2  1  3
#   Add data for atom_index =   8,  n,l,m,z=  3  2  2  3
#
#    Energy          spin 1        spin2
#
  -20.0000000     0.00000000     0.00000000
  -19.9599600     0.00000000     0.00000000
  -19.9199199     0.00000000     0.00000000
  -19.8798799     0.00000000     0.00000000
  -19.8398398     0.00000000     0.00000000
  -19.7997998     0.00000000     0.00000000
  -19.7597598     0.00000000     0.00000000
  -19.7197197     0.00000000     0.00000000
  -19.6796797     0.00000000     0.00000000
  -19.6396396     0.00000000     0.00000000
  -19.5995996     0.00000000     0.00000000
  -19.5595596     0.00000000     0.00000000
  -19.5195195     0.00000000     0.00000000
  -19.4794795     0.00000000     0.00000000
  -19.4394394     0.00000000     0.00000000
  -19.3993994     0.00000000     0.00000000
  -19.3593594     0.00000000     0.00000000
  -19.3193193     0.00000000     0.00000000
  -19.2792793     0.00000000     0.00000000
  -19.2392392     0.00000000     0.00000000
  -19.1991992     0.00000000     0.00000000
  -19.1591592     0.00000000     0.00000000
  -19.1191191     0.00000000     0.00000000
  -19.0790791     0.00000000     0.00000000
  -19.0390390     0.00000000     0.00000000
  -18.9989990     0.00000000     0.00000000
  -18.9589590     0.00000000     0.00000000
  -18.9189189     0.00000000     0.00000000
  -18.8788789     0.00000000     0.00000000
  -18.8388388     0.00000000     0.00000000
  -18.7987988     0.00000000     0.00000000
  -18.7587588     0.00000000     0.00000000
  -18.7187187     0.00000000     0.00000000
  -18.6786787     0.00000006     0.00000000
  -18.6386386     0.00000074     0.00000001
  -18.5985986     0.00000612     0.00000013
  -18.5585586     0.00003695     0.00000138
  -18.5185185     0.00016179     0.00001035
  -18.4784785     0.00051414     0.00005629
  -18.4384384     0.00118563     0.00022220
  -18.3983984     0.00198411     0.00063651
  -18.3583584     0.00240953     0.00132317
  -18.3183183     0.00212346     0.00199605
  -18.2782783     0.00135802     0.00218511
  -18.2382382     0.00063025     0.00173590
  -18.1981982     0.00021226     0.00100074
  -18.1581582     0.00005188     0.00041867
  -18.1181181     0.00000920     0.00012710
  -18.0780781     0.00000123     0.00002800
  -18.0380380     0.00000079     0.00000448
  -17.9979980     0.00000728     0.00000059
  -17.9579580     0.00005619     0.00000105
  -17.9179179     0.00031506     0.00000998
  -17.8778779     0.00128200     0.00007212
  -17.8378378     0.00378557     0.00037832
  -17.7977978     0.00811187     0.00144023
  -17.7577578     0.01261416     0.00397874
  -17.7177177     0.01423453     0.00797642
  -17.6776777     0.01165669     0.01160426
  -17.6376376     0.00692715     0.01225108
  -17.5975976     0.00298732     0.00938596
  -17.5575576     0.00093488     0.00521832
  -17.5175175     0.00021231     0.00210538
  -17.4774775     0.00003499     0.00061642
  -17.4374374     0.00000427     0.00013097
  -17.3973974     0.00000156     0.00002020
  -17.3573574     0.00001204     0.00000235
  -17.3173173     0.00008774     0.00000146
  -17.2772773     0.00046484     0.00001249
  -17.2372372     0.00178704     0.00008832
  -17.1971972     0.00498560     0.00045359
  -17.1571572     0.01009361     0.00169050
  -17.1171171     0.01482938     0.00457210
  -17.0770771     0.01581056     0.00897356
  -17.0370370     0.01223260     0.01278088
  -16.9969970     0.00686812     0.01321005
  -16.9569570     0.00279836     0.00990821
  -16.9169169     0.00082740     0.00539304
  -16.8768769     0.00017753     0.00213019
  -16.8368368     0.00002764     0.00061059
  -16.7967968     0.00000312     0.00012701
  -16.7567568     0.00000026     0.00001917
  -16.7167167     0.00000002     0.00000210
  -16.6766767     0.00000000     0.00000017
  -16.6366366     0.00000000     0.00000001
  -16.5965966     0.00000000     0.00000000
  -16.5565566     0.00000000     0.00000000
  -16.5165165     0.00000000     0.00000000
  -16.4764765     0.00000000     0.00000000
  -16.4364364     0.00000000     0.00000000
  -16.3963964     0.00000000     0.00000000
  -16.3563564     0.00000000     0.00000000
  -16.3163163     0.00000000     0.00000000
  -16.2762763     0.00000000     0.00000000
  -16.2362362     0.00000000     0.00000000
  -16.1961962     0.00000000     0.00000000
  -16.1561562     0.00000010     0.00000000
  -16.1161161     0.00000158     0.00000000
  -16.0760761     0.00001748     0.00000002
  -16.0360360     0.00014066     0.00000032
  -15.9959960     0.00082144     0.00000416
  -15.9559560     0.00348113     0.00003986
  -15.9159159     0.01070565     0.00027693
  -15.8758759     0.02389204     0.00139619
  -15.8358358     0.03869376     0.00510826
  -15.7957958     0.04547535     0.01356277
  -15.7557558     0.03878453     0.02613189
  -15.7157157     0.02400426     0.03653766
  -15.6756757     0.01078117     0.03707302
  -15.6356356     0.00351394     0.02729748
  -15.5955956     0.00083140     0.01458595
  -15.5555556     0.00014482     0.00565582
  -15.5155155     0.00003271     0.00159167
  -15.4754755     0.00010098     0.00032648
  -15.4354354     0.00060184     0.00005679
  -15.3953954     0.00297870     0.00004415
  -15.3553554     0.01122893     0.00015596
  -15.3153153     0.03125686     0.00063455
  -15.2752753     0.06351860     0.00260186
  -15.2352352     0.09386187     0.00920888
  -15.1951952     0.10072529     0.02520982
  -15.1551552     0.07847346     0.05109078
  -15.1151151     0.04441856     0.07558358
  -15.0750751     0.01835494     0.08128453
  -15.0350350     0.00568130     0.06346853
  -14.9949950     0.00148363     0.03597074
  -14.9549550     0.00045231     0.01479960
  -14.9149149     0.00019068     0.00442574
  -14.8748749     0.00010018     0.00096759
  -14.8348348     0.00016105     0.00015912
  -14.7947948     0.00058776     0.00002505
  -14.7547548     0.00180381     0.00002809
  -14.7147147     0.00405324     0.00013685
  -14.6746747     0.00661270     0.00054185
  -14.6346346     0.00782916     0.00156319
  -14.5945946     0.00672684     0.00327319
  -14.5545546     0.00419646     0.00497371
  -14.5145145     0.00191927     0.00548460
  -14.4744745     0.00076221     0.00439005
  -14.4344344     0.00079736     0.00256149
  -14.3943944     0.00222168     0.00116783
  -14.3543544     0.00539637     0.00082263
  -14.3143143     0.00961197     0.00196117
  -14.2742743     0.01243154     0.00524754
  -14.2342342     0.01167401     0.01053663
  -14.1941942     0.00799926     0.01538362
  -14.1541542     0.00420985     0.01630139
  -14.1141141     0.00249538     0.01253995
  -14.0740741     0.00339979     0.00703343
  -14.0340340     0.00621265     0.00304164
  -13.9939940     0.00904303     0.00165128
  -13.9539540     0.00968090     0.00250416
  -13.9139139     0.00783024     0.00482451
  -13.8738739     0.00623832     0.00718039
  -13.8338338     0.00985040     0.00779334
  -13.7937938     0.02424419     0.00614391
  -13.7537538     0.05187638     0.00355062
  -13.7137137     0.08803641     0.00176219
  -13.6736737     0.12554205     0.00214082
  -13.6336336     0.16183725     0.00698818
  -13.5935936     0.18929075     0.02032191
  -13.5535536     0.18707136     0.04375213
  -13.5135135     0.14505002     0.07006882
  -13.4734735     0.08514586     0.08768043
  -13.4334334     0.04076978     0.09640978
  -13.3933934     0.03023678     0.10747052
  -13.3533534     0.05848704     0.12029556
  -13.3133133     0.12041055     0.11670887
  -13.2732733     0.18731022     0.08811855
  -13.2332332     0.21267738     0.05051522
  -13.1931932     0.17590565     0.02510688
  -13.1531532     0.10622372     0.02026582
  -13.1131131     0.04773564     0.03625132
  -13.0730731     0.01928407     0.07203989
  -13.0330330     0.01673875     0.11691567
  -12.9929930     0.03263513     0.14436518
  -12.9529530     0.05959561     0.13321445
  -12.9129129     0.08335064     0.09345755
  -12.8728729     0.08905177     0.05487995
  -12.8328328     0.07928338     0.03624678
  -12.7927928     0.07403842     0.03826015
  -12.7527528     0.08802091     0.05392694
  -12.7127127     0.11750053     0.07320793
  -12.6726727     0.15088563     0.08835402
  -12.6326326     0.18471075     0.10223846
  -12.5925926     0.22536662     0.12230783
  -12.5525526     0.27236214     0.14873318
  -12.5125125     0.30912709     0.17820891
  -12.4724725     0.32241529     0.20573150
  -12.4324324     0.31351460     0.21617132
  -12.3923924     0.28833826     0.19936090
  -12.3523524     0.26830294     0.17634732
  -12.3123123     0.29164401     0.18287522
  -12.2722723     0.36119111     0.22437538
  -12.2322322     0.42555432     0.26377156
  -12.1921922     0.45690858     0.25669506
  -12.1521522     0.50575212     0.19714598
  -12.1121121     0.63533871     0.12607743
  -12.0720721     0.83215250     0.09440183
  -12.0320320     1.00175597     0.12631552
  -11.9919920     1.03764144     0.21478906
  -11.9519520     0.90628716     0.33375540
  -11.9119119     0.68933074     0.45593535
  -11.8718719     0.53872697     0.58011823
  -11.8318318     0.57156318     0.73600963
  -11.7917918     0.79321393     0.92972210
  -11.7517518     1.11000355     1.09250764
  -11.7117117     1.39775309     1.14079350
  -11.6716717     1.56777810     1.10315648
  -11.6316316     1.63292076     1.11779841
  -11.5915916     1.72650897     1.25753471
  -11.5515516     1.98226746     1.42374965
  -11.5115115     2.35167987     1.47842174
  -11.4714715     2.58033763     1.42228194
  -11.4314314     2.45273451     1.35697223
  -11.3913914     2.05882282     1.32614558
  -11.3513514     1.70259058     1.29860541
  -11.3113113     1.58392492     1.25843891
  -11.2712713     1.72017011     1.21306272
  -11.2312312     2.06851010     1.17963763
  -11.1911912     2.50253418     1.25443614
  -11.1511512     2.77487066     1.58306922
  -11.1111111     2.73240660     2.16107248
  -11.0710711     2.50473305     2.79144614
  -11.0310310     2.37741452     3.28450052
  -10.9909910     2.57017177     3.53009019
  -10.9509510     3.10186851     3.41639487
  -10.9109109     3.75605474     2.93790023
  -10.8708709     4.25769438     2.36464754
  -10.8308308     4.52572598     2.06456437
  -10.7907908     4.65502473     2.13014842
  -10.7507508     4.68050299     2.33868226
  -10.7107107     4.50859564     2.49855318
  -10.6706707     4.09756089     2.65760600
  -10.6306306     3.59348398     2.88421242
  -10.5905906     3.25784485     3.05416666
  -10.5505506     3.25886237     3.08170745
  -10.5105105     3.47733112     3.20161760
  -10.4704705     3.58112611     3.69234020
  -10.4304304     3.37179537     4.35893383
  -10.3903904     3.00132628     4.63983598
  -10.3503504     2.82683082     4.29692860
  -10.3103103     3.08256660     3.70177605
  -10.2702703     3.71936556     3.35615549
  -10.2302302     4.52573013     3.38210402
  -10.1901902     5.24735946     3.54829221
  -10.1501502     5.62002528     3.57886792
  -10.1101101     5.52811233     3.34691759
  -10.0700701     5.13111121     2.90510223
  -10.0300300     4.71768019     2.42623861
   -9.9899900     4.49077923     2.09876844
   -9.9499500     4.47089697     2.04310754
   -9.9099099     4.48969146     2.25975728
   -9.8698699     4.30054088     2.59854145
   -9.8298298     3.79582361     2.84417921
   -9.7897898     3.14681741     2.92367294
   -9.7497497     2.69316867     2.96485051
   -9.7097097     2.66841385     3.08900468
   -9.6696697     3.01373489     3.24730918
   -9.6296296     3.48537775     3.30857264
   -9.5895896     3.96820538     3.21536850
   -9.5495496     4.53412030     3.03143165
   -9.5095095     5.11964267     2.89861488
   -9.4694695     5.41506560     2.96262779
   -9.4294294     5.29044607     3.26875771
   -9.3893894     5.06747852     3.64383437
   -9.3493494     5.07690924     3.75784323
   -9.3093093     5.24688808     3.43915973
   -9.2692693     5.36895636     2.88299700
   -9.2292292     5.38542424     2.49010623
   -9.1891892     5.25444199     2.53049953
   -9.1491491     4.89120635     2.91860223
   -9.1091091     4.37186318     3.29717812
   -9.0690691     3.98642494     3.41647132
   -9.0290290     3.97562955     3.38460701
   -8.9889890     4.25569178     3.45179741
   -8.9489490     4.45585734     3.67568732
   -8.9089089     4.28227968     3.92946431
   -8.8688689     3.85783355     4.08523896
   -8.8288288     3.61128336     4.06994790
   -8.7887888     3.77181995     3.92982604
   -8.7487488     4.08051006     3.93521870
   -8.7087087     4.14254639     4.37005918
   -8.6686687     3.98326507     5.09216862
   -8.6286286     4.00787145     5.54783791
   -8.5885886     4.43605660     5.38835403
   -8.5485485     5.04931143     4.87104256
   -8.5085085     5.49237204     4.46675391
   -8.4684685     5.61024847     4.27041475
   -8.4284284     5.50688303     4.02416726
   -8.3883884     5.44040334     3.54945763
   -8.3483484     5.66983079     2.92194553
   -8.3083083     6.25640786     2.34763881
   -8.2682683     6.93856901     2.04878189
   -8.2282282     7.26194605     2.12440086
   -8.1881882     6.88832022     2.37383505
   -8.1481482     5.88023965     2.43821992
   -8.1081081     4.76876977     2.23366017
   -8.0680681     4.18595475     2.06199705
   -8.0280280     4.29954828     2.22852040
   -7.9879880     4.68749419     2.72255632
   -7.9479479     4.82123912     3.32260476
   -7.9079079     4.62409651     3.88785469
   -7.8678679     4.43653772     4.42957337
   -7.8278278     4.47639139     4.89907281
   -7.7877878     4.63616183     5.10164423
   -7.7477478     4.83880502     4.91570245
   -7.7077077     5.23677541     4.40632061
   -7.6676677     5.94756748     3.71826409
   -7.6276276     6.78317856     3.05320455
   -7.5875876     7.32055183     2.67195110
   -7.5475475     7.23255925     2.75572776
   -7.5075075     6.56239973     3.26249361
   -7.4674675     5.63452751     3.89064222
   -7.4274274     4.72580302     4.26003580
   -7.3873874     3.94219723     4.29132061
   -7.3473473     3.36132974     4.24293869
   -7.3073073     3.08129043     4.26037763
   -7.2672673     3.08936038     4.21322137
   -7.2272272     3.23519566     4.02344576
   -7.1871872     3.36590710     3.76662050
   -7.1471472     3.38122817     3.44941394
   -7.1071071     3.21513194     3.01679231
   -7.0670671     2.90759276     2.59014332
   -7.0270270     2.62777778     2.52308157
   -6.9869870     2.55446283     3.08083773
   -6.9469470     2.82591545     3.98490797
   -6.9069069     3.51609913     4.53416765
   -6.8668669     4.40687255     4.40583042
   -6.8268268     4.91277198     3.96781226
   -6.7867868     4.56839325     3.62221867
   -6.7467467     3.54595240     3.38785349
   -6.7067067     2.50366749     3.26709293
   -6.6666667     1.98588132     3.39856752
   -6.6266266     2.04739050     3.65925644
   -6.5865866     2.35288245     3.62998649
   -6.5465466     2.53851902     3.14327165
   -6.5065065     2.50675797     2.49961712
   -6.4664665     2.42586003     2.05159800
   -6.4264264     2.47459801     1.90008717
   -6.3863864     2.63170799     2.05598796
   -6.3463464     2.72511312     2.60860958
   -6.3063063     2.63371418     3.59071173
   -6.2662663     2.39843005     4.77349569
   -6.2262262     2.18950934     5.71381304
   -6.1861862     2.21681737     6.07453242
   -6.1461461     2.56106397     5.91588983
   -6.1061061     3.01171803     5.63509314
   -6.0660661     3.22404294     5.58816490
   -6.0260260     3.16209640     5.77610421
   -5.9859860     3.22173302     5.94654444
   -5.9459459     3.73058879     6.03363371
   -5.9059059     4.50207670     6.33240880
   -5.8658659     5.11525924     7.02159794
   -5.8258258     5.45449690     7.74146387
   -5.7857858     5.72695373     7.98669973
   -5.7457458     6.04364449     7.61613019
   -5.7057057     6.19425469     6.71129584
   -5.6656657     5.95697550     5.43355659
   -5.6256256     5.50817650     4.19321424
   -5.5855856     5.18768416     3.46792258
   -5.5455455     4.90717039     3.42694938
   -5.5055055     4.28516534     3.98205687
   -5.4654655     3.37533404     5.01669307
   -5.4254254     2.72835601     6.33979834
   -5.3853854     2.69428802     7.52664700
   -5.3453453     3.06124801     8.05594073
   -5.3053053     3.44478245     7.71583925
   -5.2652653     3.78910936     6.82315183
   -5.2252252     4.27445395     5.99314551
   -5.1851852     4.81484559     5.67490737
   -5.1451452     4.96164509     5.87555942
   -5.1051051     4.42341665     6.26690596
   -5.0650651     3.51292829     6.50893112
   -5.0250250     2.86456401     6.50256779
   -4.9849850     2.73433909     6.35183779
   -4.9449449     2.79844042     6.11953516
   -4.9049049     2.64137563     5.76987589
   -4.8648649     2.22748147     5.33137112
   -4.8248248     1.82592260     4.86011917
   -4.7847848     1.61546255     4.25767573
   -4.7447447     1.52203671     3.42027920
   -4.7047047     1.39910744     2.54050383
   -4.6646647     1.19259137     1.96928545
   -4.6246246     0.94325946     1.78963057
   -4.5845846     0.75317670     1.75607903
   -4.5445445     0.71036129     1.63842482
   -4.5045045     0.76641400     1.41376301
   -4.4644645     0.75527342     1.13874107
   -4.4244244     0.59387597     0.86991417
   -4.3843844     0.39007983     0.71903023
   -4.3443443     0.31624361     0.78997720
   -4.3043043     0.44000513     1.06660885
   -4.2642643     0.66950949     1.48410087
   -4.2242242     0.82179239     1.99989739
   -4.1841842     0.78617377     2.43377556
   -4.1441441     0.62347873     2.44393203
   -4.1041041     0.46123381     1.91733588
   -4.0640641     0.35414860     1.19305066
   -4.0240240     0.30444868     0.70918916
   -3.9839840     0.32512127     0.60684638
   -3.9439439     0.41043901     0.74947229
   -3.9039039     0.51157531     0.94768260
   -3.8638639     0.58959103     1.07907467
   -3.8238238     0.64376511     1.07459728
   -3.7837838     0.67506946     0.91310061
   -3.7437437     0.66896013     0.66194496
   -3.7037037     0.61111347     0.45715574
   -3.6636637     0.49807870     0.40932023
   -3.6236236     0.35401700     0.53969849
   -3.5835836     0.24155168     0.79010385
   -3.5435435     0.22664893     1.05571308
   -3.5035035     0.31645488     1.21971757
   -3.4634635     0.43430686     1.22033636
   -3.4234234     0.47793629     1.09623256
   -3.3833834     0.42576424     0.94080388
   -3.3433433     0.37061524     0.84346386
   -3.3033033     0.42585485     0.88464247
   -3.2632633     0.60503201     1.10225878
   -3.2232232     0.80142607     1.39833536
   -3.1831832     0.88517666     1.54232842
   -3.1431431     0.81729928     1.37670939
   -3.1031031     0.66390066     1.00573050
   -3.0630631     0.52457531     0.68148988
   -3.0230230     0.46642927     0.52728911
   -2.9829830     0.48224256     0.47519906
   -2.9429429     0.49171696     0.43530020
   -2.9029029     0.42471748     0.39846387
   -2.8628629     0.30026367     0.38356042
   -2.8228228     0.19503850     0.39774339
   -2.7827828     0.15659793     0.44912952
   -2.7427427     0.16638511     0.52228034
   -2.7027027     0.17089135     0.56403792
   -2.6626627     0.13981134     0.54977849
   -2.6226226     0.09324987     0.52638302
   -2.5825826     0.07689511     0.53882888
   -2.5425425     0.12440659     0.55290073
   -2.5025025     0.23226935     0.50591073
   -2.4624625     0.34853081     0.40872057
   -2.4224224     0.40551229     0.34310464
   -2.3823824     0.38226888     0.35604951
   -2.3423423     0.31122619     0.39616063
   -2.3023023     0.23119249     0.38184342
   -2.2622623     0.16804025     0.30748782
   -2.2222222     0.13857532     0.23656812
   -2.1821822     0.14233441     0.20541537
   -2.1421421     0.16531529     0.19134751
   -2.1021021     0.20225023     0.17652359
   -2.0620621     0.25639590     0.19078544
   -2.0220220     0.30693865     0.26961614
   -1.9819820     0.30579518     0.38966946
   -1.9419419     0.23406055     0.46628245
   -1.9019019     0.13292922     0.43221897
   -1.8618619     0.05585860     0.31696263
   -1.8218218     0.02062034     0.21833678
   -1.7817818     0.01980030     0.19845782
   -1.7417417     0.04912579     0.24105259
   -1.7017017     0.10811309     0.30312635
   -1.6616617     0.17870335     0.36043189
   -1.6216216     0.22064092     0.38700053
   -1.5815816     0.20540919     0.34623976
   -1.5415415     0.14954948     0.24054229
   -1.5015015     0.09793020     0.12479282
   -1.4614615     0.08082617     0.04752334
   -1.4214214     0.10272614     0.01325270
   -1.3813814     0.16128750     0.00314893
   -1.3413413     0.24978358     0.00302986
   -1.3013013     0.33967653     0.01039823
   -1.2612613     0.39018129     0.02955503
   -1.2212212     0.39194957     0.06171438
   -1.1811812     0.38349586     0.09642556
   -1.1411411     0.40008891     0.12119035
   -1.1011011     0.41882077     0.14594994
   -1.0610611     0.39028573     0.20121514
   -1.0210210     0.30986692     0.29737019
   -0.9809810     0.21741486     0.40098822
   -0.9409409     0.15125734     0.46331324
   -0.9009009     0.13401746     0.45717046
   -0.8608609     0.16834199     0.38593021
   -0.8208208     0.21906278     0.28425195
   -0.7807808     0.22965278     0.21246581
   -0.7407407     0.17928626     0.22026941
   -0.7007007     0.10233648     0.30295512
   -0.6606607     0.04258879     0.40601786
   -0.6206206     0.01332585     0.48065549
   -0.5805806     0.00547531     0.52332040
   -0.5405405     0.01135773     0.55075457
   -0.5005005     0.03292757     0.55066670
   -0.4604605     0.07377374     0.48656878
   -0.4204204     0.12892553     0.35899983
   -0.3803804     0.19333112     0.22992782
   -0.3403403     0.27976078     0.16492842
   -0.3003003     0.39608591     0.16859887
   -0.2602603     0.49662139     0.19027163
   -0.2202202     0.50709267     0.18748854
   -0.1801802     0.41626369     0.16879548
   -0.1401401     0.29905536     0.16209093
   -0.1001001     0.23871487     0.16235029
   -0.0600601     0.25057485     0.14167065
   -0.0200200     0.28250791     0.09664067
    0.0200200     0.28043501     0.05602972
    0.0600601     0.24609163     0.05493273
    0.1001001     0.22159476     0.12455903
    0.1401401     0.22721973     0.28215895
    0.1801802     0.23708839     0.48838386
    0.2202202     0.21606975     0.63338791
    0.2602603     0.16160130     0.62862733
    0.3003003     0.10173797     0.50565704
    0.3403403     0.06110690     0.36639388
    0.3803804     0.04066868     0.26808770
    0.4204204     0.02988810     0.21884913
    0.4604605     0.02454048     0.23263347
    0.5005005     0.02643262     0.30919689
    0.5405405     0.03575540     0.38596439
    0.5805806     0.05348354     0.38043605
    0.6206206     0.08605350     0.28393595
    0.6606607     0.13421552     0.16696194
    0.7007007     0.18092708     0.09322581
    0.7407407     0.21084576     0.06798926
    0.7807808     0.23711455     0.06388711
    0.8208208     0.28317729     0.05998666
    0.8608609     0.34470989     0.05077882
    0.9009009     0.38657448     0.03940181
    0.9409409     0.36993558     0.03227108
    0.9809810     0.28842925     0.03249696
    1.0210210     0.18457424     0.03484989
    1.0610611     0.11236235     0.03144180
    1.1011011     0.08615169     0.02145478
    1.1411411     0.08097006     0.01081220
    1.1811812     0.07019767     0.00465580
    1.2212212     0.04927956     0.00587615
    1.2612613     0.03137360     0.02298139
    1.3013013     0.03518249     0.07855457
    1.3413413     0.07977007     0.19966422
    1.3813814     0.17406908     0.37926116
    1.4214214     0.29376311     0.55033970
    1.4614615     0.38423675     0.63040052
    1.5015015     0.41541714     0.58993249
    1.5415415     0.41990215     0.45826419
    1.5815816     0.45204270     0.29192849
    1.6216216     0.53412352     0.15170565
    1.6616617     0.66068289     0.07686365
    1.7017017     0.81436495     0.06998732
    1.7417417     0.94532521     0.10904259
    1.7817818     0.96582631     0.16854456
    1.8218218     0.81697615     0.23525569
    1.8618619     0.54716950     0.30591422
    1.9019019     0.28432969     0.37408125
    1.9419419     0.12657576     0.43888638
    1.9819820     0.09797062     0.50901034
    2.0220220     0.19309742     0.56991718
    2.0620621     0.39744899     0.59170232
    2.1021021     0.64452301     0.59528907
    2.1421421     0.80973628     0.64811363
    2.1821822     0.80938651     0.77388267
    2.2222222     0.69149863     0.91317319
    2.2622623     0.58677167     0.97077703
    2.3023023     0.57958656     0.88466577
    2.3423423     0.63236764     0.68935492
    2.3823824     0.62773384     0.52518479
    2.4224224     0.50865717     0.53151046
    2.4624625     0.36381586     0.70249827
    2.5025025     0.34076588     0.87394703
    2.5425425     0.49658927     0.88603125
    2.5825826     0.74139494     0.75898296
    2.6226226     0.91464618     0.66918718
    2.6626627     0.92391768     0.73408050
    2.7027027     0.79917752     0.86246577
    2.7427427     0.64026723     0.87422166
    2.7827828     0.57061424     0.74343859
    2.8228228     0.68511427     0.62173382
    2.8628629     0.94899421     0.61534634
    2.9029029     1.17468163     0.65684022
    2.9429429     1.16922485     0.64806199
    2.9829830     0.91229582     0.64012970
    3.0230230     0.56280628     0.76533237
    3.0630631     0.29970819     1.00166347
    3.1031031     0.18797439     1.12530171
    3.1431431     0.18107283     0.96597489
    3.1831832     0.20063436     0.61363670
    3.2232232     0.20012302     0.29013025
    3.2632633     0.17950988     0.11900783
    3.3033033     0.17021767     0.09588012
    3.3433433     0.20937965     0.18466006
    3.3833834     0.30316788     0.35406420
    3.4234234     0.40329431     0.54803341
    3.4634635     0.43588478     0.68354608
    3.5035035     0.36794977     0.70393360
    3.5435435     0.23974399     0.61800700
    3.5835836     0.12336445     0.47394229
    3.6236236     0.05967336     0.31930290
    3.6636637     0.04243909     0.19773022
    3.7037037     0.04607952     0.14767351
    3.7437437     0.05430155     0.17836056
    3.7837838     0.06579312     0.25875333
    3.8238238     0.08003240     0.34005789
    3.8638639     0.09050076     0.38332740
    3.9039039     0.10352003     0.36931715
    3.9439439     0.15095471     0.30628713
    3.9839840     0.25502744     0.23088539
    4.0240240     0.37538485     0.17742312
    4.0640641     0.42971976     0.15089935
    4.1041041     0.39550588     0.14095594
    4.1441441     0.35280385     0.13893563
    4.1841842     0.39520188     0.13796997
    4.2242242     0.53366455     0.14809699
    4.2642643     0.69890245     0.20839462
    4.3043043     0.80563671     0.34418074
    4.3443443     0.81844417     0.50410471
    4.3843844     0.77254384     0.58409442
    4.4244244     0.71846075     0.54393187
    4.4644645     0.65531337     0.45986901
    4.5045045     0.55126147     0.43137976
    4.5445445     0.41321184     0.48256260
    4.5845846     0.29676068     0.57503871
    4.6246246     0.25822410     0.66326899
    4.6646647     0.32085597     0.71593599
    4.7047047     0.48277781     0.72360726
    4.7447447     0.73227469     0.70307885
    4.7847848     1.01563024     0.66513128
    4.8248248     1.19665811     0.58893604
    4.8648649     1.13671900     0.47576228
    4.9049049     0.85046765     0.38530136
    4.9449449     0.50944773     0.35783050
    4.9849850     0.28499283     0.36154203
    5.0250250     0.24983378     0.37348038
    5.0650651     0.39996523     0.44021801
    5.1051051     0.68259094     0.58768009
    5.1451452     0.98539289     0.73263881
    5.1851852     1.17192743     0.77255716
    5.2252252     1.19535397     0.71719313
    5.2652653     1.13043688     0.64768395
    5.3053053     1.04318048     0.61175216
    5.3453453     0.90790520     0.64619793
    5.3853854     0.69690254     0.82309047
    5.4254254     0.47451783     1.15547611
    5.4654655     0.36806349     1.48122503
    5.5055055     0.48197472     1.56250150
    5.5455455     0.81793579     1.33321897
    5.5855856     1.21380612     0.96717605
    5.6256256     1.40573839     0.69660319
    5.6656657     1.25314086     0.62262487
    5.7057057     0.87252769     0.68103070
    5.7457458     0.49539595     0.74751821
    5.7857858     0.25724848     0.76157279
    5.8258258     0.14958803     0.75064142
    5.8658659     0.10459517     0.77538277
    5.9059059     0.08388210     0.85858415
    5.9459459     0.10522549     0.92431794
    5.9859860     0.21428420     0.84783729
    6.0260260     0.43222927     0.62012129
    6.0660661     0.71379519     0.39165277
    6.1061061     0.96012476     0.31370284
    6.1461461     1.07823898     0.39257488
    6.1861862     1.02315060     0.50130840
    6.2262262     0.81255581     0.51559437
    6.2662663     0.53347532     0.45559103
    6.3063063     0.31478589     0.47884054
    6.3463464     0.27085978     0.71108004
    6.3863864     0.46205703     1.08823287
    6.4264264     0.85963640     1.37890448
    6.4664665     1.31843309     1.39599519
    6.5065065     1.65124349     1.18298294
    6.5465466     1.77951285     0.93501218
    6.5865866     1.76762512     0.75849932
    6.6266266     1.70670187     0.61246052
    6.6666667     1.61825221     0.46966482
    6.7067067     1.47906806     0.39361886
    6.7467467     1.30732264     0.43188828
    6.7867868     1.16866948     0.54510658
    6.8268268     1.07773399     0.67946662
    6.8668669     0.95617509     0.83406753
    6.9069069     0.73589327     1.01827520
    6.9469470     0.46840577     1.20534438
    6.9869870     0.28660354     1.37628713
    7.0270270     0.27881751     1.54853233
    7.0670671     0.41430667     1.69867141
    7.1071071     0.55781283     1.72573585
    7.1471472     0.57837910     1.56108062
    7.1871872     0.48468236     1.25431390
    7.2272272     0.41256865     0.90883391
    7.2672673     0.45940620     0.59127934
    7.3073073     0.58203774     0.33158515
    7.3473473     0.67358898     0.15222403
    7.3873874     0.70961625     0.06076676
    7.4274274     0.78037277     0.05099012
    7.4674675     0.95132107     0.14037566
    7.5075075     1.14143013     0.38467515
    7.5475475     1.21809731     0.80131956
    7.5875876     1.16396832     1.24756190
    7.6276276     1.06062712     1.45200716
    7.6676677     0.95195744     1.27111256
    7.7077077     0.80693336     0.86912298
    7.7477478     0.60117090     0.56164586
    7.7877878     0.37197225     0.53139586
    7.8278278     0.18310219     0.72592760
    7.8678679     0.06802593     0.95333735
    7.9079079     0.01746152     1.04299706
    7.9479479     0.00530046     0.95055131
    7.9879880     0.01735450     0.74266480
    8.0280280     0.06389590     0.51335007
    8.0680681     0.17107214     0.32787747
    8.1081081     0.35031798     0.20920357
    8.1481482     0.57159120     0.14101018
    8.1881882     0.78203494     0.09326777
    8.2282282     0.95380263     0.05451363
    8.2682683     1.08823837     0.03351502
    8.3083083     1.16034845     0.04232078
    8.3483484     1.10256070     0.09088675
    8.3883884     0.89022826     0.18997949
    8.4284284     0.59995426     0.35119871
    8.4684685     0.34138661     0.58110583
    8.5085085     0.17642244     0.85675363
    8.5485485     0.11443896     1.09991847
    8.5885886     0.13561136     1.21534194
    8.6286286     0.20883916     1.16362086
    8.6686687     0.31284260     0.96517648
    8.7087087     0.43588508     0.67991788
    8.7487488     0.54099604     0.41913467
    8.7887888     0.58465998     0.31045122
    8.8288288     0.62187354     0.42578535
    8.8688689     0.81338006     0.75370089
    8.9089089     1.21923982     1.18620706
    8.9489490     1.62853930     1.50719891
    8.9889890     1.73455183     1.49990637
    9.0290290     1.48634941     1.16495791
    9.0690691     1.14503029     0.76204748
    9.1091091     0.99489436     0.56271607
    9.1491491     1.07844605     0.63160839
    9.1891892     1.19390982     0.86192022
    9.2292292     1.13062300     1.10799798
    9.2692693     0.90057774     1.25112863
    9.3093093     0.68781870     1.24890079
    9.3493494     0.59762539     1.16548921
    9.3893894     0.55940101     1.07723533
    9.4294294     0.46880550     0.97782609
    9.4694695     0.32346641     0.85079775
    9.5095095     0.20545375     0.73563526
    9.5495496     0.20283970     0.65104155
    9.5895896     0.36133185     0.56022373
    9.6296296     0.65274018     0.45105043
    9.6696697     0.97642223     0.36466542
    9.7097097     1.22689060     0.32454386
    9.7497497     1.33726229     0.29663048
    9.7897898     1.26952405     0.25218235
    9.8298298     1.08811549     0.24555039
    9.8698699     1.02454244     0.39960970
    9.9099099     1.28717736     0.79633368
    9.9499500     1.79018861     1.34657030
    9.9899900     2.21576892     1.78245611
   10.0300300     2.34967578     1.86540125
   10.0700701     2.21616962     1.62377821
   10.1101101     1.94008161     1.33023653
   10.1501502     1.65520677     1.23457632
   10.1901902     1.45658483     1.36741007
   10.2302302     1.31037483     1.59694015
   10.2702703     1.12004314     1.75867299
   10.3103103     0.91784458     1.71012309
   10.3503504     0.84946710     1.43048842
   10.3903904     0.96077836     1.10733268
   10.4304304     1.13277971     0.96861174
   10.4704705     1.22575736     1.01763005
   10.5105105     1.19345726     1.05910493
   10.5505506     1.09150104     0.97842601
   10.5905906     1.02695837     0.89820154
   10.6306306     1.04479095     1.03893604
   10.6706707     1.06865689     1.44774327
   10.7107107     0.99502571     1.88583339
   10.7507508     0.80672111     2.03381384
   10.7907908     0.59566199     1.81381000
   10.8308308     0.49931510     1.42614572
   10.8708709     0.56812431     1.07497185
   10.9109109     0.69025195     0.79699258
   10.9509510     0.72241272     0.56953948
   10.9909910     0.70621438     0.43955268
   11.0310310     0.85866560     0.48626975
   11.0710711     1.29010026     0.70594422
   11.1111111     1.78902085     0.97168979
   11.1511512     1.97888889     1.13261251
   11.1911912     1.69628382     1.16048237
   11.2312312     1.13192506     1.15388962
   11.2712713     0.59727645     1.18431717
   11.3113113     0.25715242     1.20396226
   11.3513514     0.10156438     1.14258661
   11.3913914     0.06639915     1.03247591
   11.4314314     0.11411258     0.95296518
   11.4714715     0.22425882     0.89481314
   11.5115115     0.34939016     0.78193090
   11.5515516     0.41512350     0.59285394
   11.5915916     0.38895183     0.38356428
   11.6316316     0.32855354     0.21740761
   11.6716717     0.31740325     0.12133342
   11.7117117     0.35830664     0.10190145
   11.7517518     0.37969662     0.16566992
   11.7917918     0.35761590     0.29704869
   11.8318318     0.37963681     0.43021440
   11.8718719     0.55327896     0.49647934
   11.9119119     0.87590263     0.51188113
   11.9519520     1.21540103     0.55416942
   11.9919920     1.40565212     0.64487065
   12.0320320     1.36751474     0.73764683
   12.0720721     1.17263600     0.82881819
   12.1121121     0.99776762     0.98233147
   12.1521522     1.00336350     1.20624374
   12.1921922     1.22012927     1.37872757
   12.2322322     1.48444597     1.37777586
   12.2722723     1.52758842     1.22843299
   12.3123123     1.25300239     1.03949902
   12.3523524     0.86734021     0.89481726
   12.3923924     0.63198760     0.86058307
   12.4324324     0.58505331     0.94441078
   12.4724725     0.59029165     1.02058814
   12.5125125     0.55997640     0.95177975
   12.5525526     0.53378809     0.76553103
   12.5925926     0.56149193     0.58135465
   12.6326326     0.59838089     0.44397032
   12.6726727     0.56985280     0.33828036
   12.7127127     0.48126231     0.26951199
   12.7527528     0.39231334     0.24821830
   12.7927928     0.32377871     0.27335041
   12.8328328     0.25560724     0.37293197
   12.8728729     0.19541758     0.58944348
   12.9129129     0.19390946     0.87455122
   12.9529530     0.28265902     1.06372462
   12.9929930     0.41863159     1.02904782
   13.0330330     0.51971642     0.81239487
   13.0730731     0.57188095     0.56607667
   13.1131131     0.65912697     0.42151312
   13.1531532     0.84298090     0.41548759
   13.1931932     1.06006355     0.47149422
   13.2332332     1.18023672     0.46637250
   13.2732733     1.11428916     0.36048216
   13.3133133     0.86506822     0.23983643
   13.3533534     0.54002110     0.22816804
   13.3933934     0.29585523     0.38508323
   13.4334334     0.23492731     0.64642301
   13.4734735     0.35471064     0.84023149
   13.5135135     0.55700961     0.84315409
   13.5535536     0.70747041     0.72648937
   13.5935936     0.74795961     0.64783860
   13.6336336     0.73131406     0.63402868
   13.6736737     0.72323131     0.59219149
   13.7137137     0.74899694     0.49861544
   13.7537538     0.83193305     0.45535368
   13.7937938     0.97137190     0.54876616
   13.8338338     1.08949855     0.71704613
   13.8738739     1.10930142     0.79560524
   13.9139139     1.07947995     0.70190413
   13.9539540     1.10837963     0.55381559
   13.9939940     1.18503095     0.57267180
   14.0340340     1.18351900     0.86270060
   14.0740741     1.02914710     1.27931824
   14.1141141     0.76966584     1.53281439
   14.1541542     0.50909723     1.45223930
   14.1941942     0.34127346     1.11197666
   14.2342342     0.32114019     0.71382005
   14.2742743     0.43352703     0.43793559
   14.3143143     0.59615477     0.39194617
   14.3543544     0.73980749     0.59800597
   14.3943944     0.87213907     0.95739535
   14.4344344     1.02905230     1.24316523
   14.4744745     1.19727607     1.24252355
   14.5145145     1.31822825     0.96217538
   14.5545546     1.34366842     0.62423575
   14.5945946     1.27765221     0.45989294
   14.6346346     1.18659443     0.56395562
   14.6746747     1.15187248     0.89667603
   14.7147147     1.17151940     1.32417369
   14.7547548     1.14560781     1.64187891
   14.7947948     1.01750927     1.66308892
   14.8348348     0.85742155     1.39673044
   14.8748749     0.73182687     1.09963814
   14.9149149     0.60454128     1.05076773
   14.9549550     0.45400056     1.26186032
   14.9949950     0.37441807     1.45312570
   15.0350350     0.47634998     1.34616371
   15.0750751     0.72614236     0.94988633
   15.1151151     0.92467185     0.50360901
   15.1551552     0.88470074     0.20415068
   15.1951952     0.62709446     0.08510831
   15.2352352     0.34242771     0.10655252
   15.2752753     0.18923858     0.24433102
   15.3153153     0.19412825     0.46320808
   15.3553554     0.28741430     0.65678778
   15.3953954     0.37317426     0.69620270
   15.4354354     0.42114661     0.56974664
   15.4754755     0.52276217     0.42333098
   15.5155155     0.78252639     0.43201645
   15.5555556     1.11885493     0.65364085
   15.5955956     1.27136122     0.99988966
   15.6356356     1.08498872     1.31443333
   15.6756757     0.69559065     1.46197124
   15.7157157     0.36183392     1.37520895
   15.7557558     0.21683787     1.09430797
   15.7957958     0.23146172     0.76878752
   15.8358358     0.32086450     0.55572270
   15.8758759     0.43934920     0.50080760
   15.9159159     0.59949265     0.52878289
   15.9559560     0.80883267     0.53444998
   15.9959960     1.01175123     0.48263999
   16.0360360     1.14007305     0.42579391
   16.0760761     1.20587862     0.43006438
   16.1161161     1.26506391     0.50077748
   16.1561562     1.28344700     0.57262286
   16.1961962     1.15645504     0.56873800
   16.2362362     0.89459310     0.48524052
   16.2762763     0.65772317     0.40417677
   16.3163163     0.56047923     0.41792209
   16.3563564     0.56285519     0.55787803
   16.3963964     0.59888693     0.77334740
   16.4364364     0.69773089     0.95151910
   16.4764765     0.90187836     0.98291332
   16.5165165     1.15353266     0.84304646
   16.5565566     1.35076044     0.61941377
   16.5965966     1.46758674     0.46394106
   16.6366366     1.55373376     0.51338105
   16.6766767     1.64913065     0.80484833
   16.7167167     1.73258772     1.21716011
   16.7567568     1.72749908     1.51917996
   16.7967968     1.56205532     1.54555234
   16.8368368     1.24965951     1.36559612
   16.8768769     0.89279988     1.25967218
   16.9169169     0.61017538     1.45156041
   16.9569570     0.46813573     1.82641562
   16.9969970     0.43781435     1.99598264
   17.0370370     0.41461444     1.71410301
   17.0770771     0.32408902     1.14833754
   17.1171171     0.19204440     0.66692205
   17.1571572     0.08904339     0.45525789
   17.1971972     0.05788797     0.42288702
   17.2372372     0.12521266     0.40385120
   17.2772773     0.33400490     0.35126629
   17.3173173     0.70115220     0.32942663
   17.3573574     1.13798123     0.38299165
   17.3973974     1.47947377     0.49095429
   17.4374374     1.62079346     0.62838134
   17.4774775     1.56796497     0.78312611
   17.5175175     1.36895793     0.92089819
   17.5575576     1.07297287     1.01937877
   17.5975976     0.74359789     1.11057643
   17.6376376     0.46165846     1.21705925
   17.6776777     0.29375659     1.29088094
   17.7177177     0.25085812     1.28113651
   17.7577578     0.29036552     1.20719484
   17.7977978     0.36110311     1.09351004
   17.8378378     0.43619384     0.91434227
   17.8778779     0.50577107     0.68311914
   17.9179179     0.55724197     0.49497412
   17.9579580     0.58597772     0.41298285
   17.9979980     0.60965215     0.39258268
   18.0380380     0.64323766     0.35967054
   18.0780781     0.69195060     0.31585799
   18.1181181     0.78241347     0.32738514
   18.1581582     0.93895112     0.41872623
   18.1981982     1.11654844     0.51351394
   18.2382382     1.20487947     0.50967319
   18.2782783     1.12254368     0.40830574
   18.3183183     0.91117303     0.33782919
   18.3583584     0.69927764     0.43839673
   18.3983984     0.56356583     0.71334058
   18.4384384     0.49526932     0.98170213
   18.4784785     0.47602411     1.03686804
   18.5185185     0.49129211     0.89176424
   18.5585586     0.51852680     0.77202370
   18.5985986     0.57905047     0.83297022
   18.6386386     0.72962678     0.98979018
   18.6786787     0.94227402     1.06097221
   18.7187187     1.07907055     0.99673513
   18.7587588     1.06305600     0.89578033
   18.7987988     0.99064584     0.83520637
   18.8388388     0.98579222     0.80602345
   18.8788789     1.03191880     0.81314761
   18.9189189     1.01824651     0.88751847
   18.9589590     0.86957398     0.99369672
   18.9989990     0.60754487     1.05647019
   19.0390390     0.33280908     1.05889907
   19.0790791     0.14068706     1.02084345
   19.1191191     0.05563740     0.92382545
   19.1591592     0.05597136     0.73493765
   19.1991992     0.12342124     0.48795997
   19.2392392     0.24349265     0.28803787
   19.2792793     0.38714319     0.23333669
   19.3193193     0.52580750     0.34673702
   19.3593594     0.64035566     0.55353625
   19.3993994     0.68692844     0.71701308
   19.4394394     0.61051394     0.73984823
   19.4794795     0.43292086     0.62972138
   19.5195195     0.26971793     0.45496458
   19.5595596     0.23706726     0.28190397
   19.5995996     0.37202807     0.15353558
   19.6396396     0.61815258     0.07977685
   19.6796797     0.86189782     0.04889516
   19.7197197     1.01696628     0.06409673
   19.7597598     1.08130028     0.15983329
   19.7997998     1.07978315     0.36221817
   19.8398398     0.98338992     0.61499311
   19.8798799     0.76574022     0.78222198
   19.9199199     0.51727000     0.79373702
   19.9599600     0.41077901     0.74279203
   20.0000000     0.54820355     0.74517140
