              -1609.8649853918
          0.000049979       0.000000000       0.000000000
          0.000000000      -0.000017528      -0.000000000
          0.000000000      -0.000000000       0.000029349
           8
  1    31      -0.001196646      -0.000000230      -0.000000001  Ga
  1    31      -0.001198357       0.000000059      -0.000000015  Ga
  2    25       0.000822261      -0.000000338      -0.000000005  Mn
  2    25       0.000823686       0.000000225      -0.000000005  Mn
  2    25       0.000153361       0.000639232       0.000000014  Mn
  2    25       0.000153083      -0.000638424      -0.000000010  Mn
  2    25       0.000153346      -0.000638935       0.000000027  Mn
  2    25       0.000153183       0.000638578      -0.000000004  Mn
