              -1162.7085449236
         -0.000046759       0.000000000      -0.000000000
          0.000000000       0.000044084       0.000000000
         -0.000000000       0.000000000       0.000036410
           6
  1    31       0.001300078      -0.000000018      -0.000000053  Ga
  1    31      -0.001299055      -0.000000010      -0.000000037  Ga
  1    31      -0.001283361      -0.000000021       0.000000045  Ga
  1    31       0.001282943       0.000000006      -0.000000038  Ga
  2    28      -0.000000487       0.000000150      -0.000000155  Ni
  3    25      -0.000000663      -0.000000041       0.000000186  Mn
