              -1304.8727427568
          0.000033848       0.000000000       0.000000000
          0.000000000       0.000033848      -0.000000000
          0.000000000      -0.000000000      -0.000043044
           6
  1    25      -0.000000000       0.000000000      -0.000008316  Mn
  1    25      -0.000000000      -0.000000000       0.000002817  Mn
  1    25       0.000000000       0.000000000       0.000008417  Mn
  1    25      -0.000000000      -0.000000000       0.000005044  Mn
  1    25       0.000000000      -0.000000000      -0.000000014  Mn
  1    25       0.000000000       0.000000000      -0.000007831  Mn
