              -1910.2733168374
         -0.000002909       0.000016135       0.000000000
          0.000015950       0.000009599       0.000000000
          0.000000000       0.000000000       0.000005795
           8
  1    31       0.000291510      -0.000942771      -0.000000020  Ga
  2    28       0.000518165      -0.000087633       0.000000004  Ni
  2    28      -0.001607303       0.000281280      -0.000000007  Ni
  3    25       0.000437758       0.000363801      -0.000000087  Mn
  3    25       0.000028010       0.000404779      -0.000000015  Mn
  3    25      -0.000151274      -0.000369577       0.000000035  Mn
  3    25       0.000186517      -0.000357720       0.000000030  Mn
  3    25       0.000356393       0.000748450       0.000000015  Mn
