              -1975.2001199067
         -0.000011298       0.000000000      -0.000000000
          0.000000000       0.000001348       0.000000000
         -0.000000000       0.000000000       0.000022379
           8
  1    28       0.000836665      -0.000000044      -0.000000080  Ni
  1    28      -0.001559284       0.000000008      -0.000000055  Ni
  2    25       0.001641706       0.000000018       0.000000022  Mn
  2    25       0.000318410       0.000000018       0.000000009  Mn
  2    25      -0.001505182       0.000000002      -0.000000032  Mn
  2    25       0.000787379      -0.000000005      -0.000000038  Mn
  2    25      -0.000121443       0.000000048      -0.000000020  Mn
  2    25      -0.000508900      -0.000000004      -0.000000014  Mn
