#
#   partial DOS for atom species: Mn
#
#   Add data for atom_index =   1,  n,l,m,z=  3  2 -2  1
#   Add data for atom_index =   1,  n,l,m,z=  3  2 -1  1
#   Add data for atom_index =   1,  n,l,m,z=  3  2  0  1
#   Add data for atom_index =   1,  n,l,m,z=  3  2  1  1
#   Add data for atom_index =   1,  n,l,m,z=  3  2  2  1
#   Add data for atom_index =   1,  n,l,m,z=  3  2 -2  2
#   Add data for atom_index =   1,  n,l,m,z=  3  2 -1  2
#   Add data for atom_index =   1,  n,l,m,z=  3  2  0  2
#   Add data for atom_index =   1,  n,l,m,z=  3  2  1  2
#   Add data for atom_index =   1,  n,l,m,z=  3  2  2  2
#   Add data for atom_index =   1,  n,l,m,z=  3  2 -2  3
#   Add data for atom_index =   1,  n,l,m,z=  3  2 -1  3
#   Add data for atom_index =   1,  n,l,m,z=  3  2  0  3
#   Add data for atom_index =   1,  n,l,m,z=  3  2  1  3
#   Add data for atom_index =   1,  n,l,m,z=  3  2  2  3
#   Add data for atom_index =   2,  n,l,m,z=  3  2 -2  1
#   Add data for atom_index =   2,  n,l,m,z=  3  2 -1  1
#   Add data for atom_index =   2,  n,l,m,z=  3  2  0  1
#   Add data for atom_index =   2,  n,l,m,z=  3  2  1  1
#   Add data for atom_index =   2,  n,l,m,z=  3  2  2  1
#   Add data for atom_index =   2,  n,l,m,z=  3  2 -2  2
#   Add data for atom_index =   2,  n,l,m,z=  3  2 -1  2
#   Add data for atom_index =   2,  n,l,m,z=  3  2  0  2
#   Add data for atom_index =   2,  n,l,m,z=  3  2  1  2
#   Add data for atom_index =   2,  n,l,m,z=  3  2  2  2
#   Add data for atom_index =   2,  n,l,m,z=  3  2 -2  3
#   Add data for atom_index =   2,  n,l,m,z=  3  2 -1  3
#   Add data for atom_index =   2,  n,l,m,z=  3  2  0  3
#   Add data for atom_index =   2,  n,l,m,z=  3  2  1  3
#   Add data for atom_index =   2,  n,l,m,z=  3  2  2  3
#   Add data for atom_index =   3,  n,l,m,z=  3  2 -2  1
#   Add data for atom_index =   3,  n,l,m,z=  3  2 -1  1
#   Add data for atom_index =   3,  n,l,m,z=  3  2  0  1
#   Add data for atom_index =   3,  n,l,m,z=  3  2  1  1
#   Add data for atom_index =   3,  n,l,m,z=  3  2  2  1
#   Add data for atom_index =   3,  n,l,m,z=  3  2 -2  2
#   Add data for atom_index =   3,  n,l,m,z=  3  2 -1  2
#   Add data for atom_index =   3,  n,l,m,z=  3  2  0  2
#   Add data for atom_index =   3,  n,l,m,z=  3  2  1  2
#   Add data for atom_index =   3,  n,l,m,z=  3  2  2  2
#   Add data for atom_index =   3,  n,l,m,z=  3  2 -2  3
#   Add data for atom_index =   3,  n,l,m,z=  3  2 -1  3
#   Add data for atom_index =   3,  n,l,m,z=  3  2  0  3
#   Add data for atom_index =   3,  n,l,m,z=  3  2  1  3
#   Add data for atom_index =   3,  n,l,m,z=  3  2  2  3
#   Add data for atom_index =   4,  n,l,m,z=  3  2 -2  1
#   Add data for atom_index =   4,  n,l,m,z=  3  2 -1  1
#   Add data for atom_index =   4,  n,l,m,z=  3  2  0  1
#   Add data for atom_index =   4,  n,l,m,z=  3  2  1  1
#   Add data for atom_index =   4,  n,l,m,z=  3  2  2  1
#   Add data for atom_index =   4,  n,l,m,z=  3  2 -2  2
#   Add data for atom_index =   4,  n,l,m,z=  3  2 -1  2
#   Add data for atom_index =   4,  n,l,m,z=  3  2  0  2
#   Add data for atom_index =   4,  n,l,m,z=  3  2  1  2
#   Add data for atom_index =   4,  n,l,m,z=  3  2  2  2
#   Add data for atom_index =   4,  n,l,m,z=  3  2 -2  3
#   Add data for atom_index =   4,  n,l,m,z=  3  2 -1  3
#   Add data for atom_index =   4,  n,l,m,z=  3  2  0  3
#   Add data for atom_index =   4,  n,l,m,z=  3  2  1  3
#   Add data for atom_index =   4,  n,l,m,z=  3  2  2  3
#   Add data for atom_index =   5,  n,l,m,z=  3  2 -2  1
#   Add data for atom_index =   5,  n,l,m,z=  3  2 -1  1
#   Add data for atom_index =   5,  n,l,m,z=  3  2  0  1
#   Add data for atom_index =   5,  n,l,m,z=  3  2  1  1
#   Add data for atom_index =   5,  n,l,m,z=  3  2  2  1
#   Add data for atom_index =   5,  n,l,m,z=  3  2 -2  2
#   Add data for atom_index =   5,  n,l,m,z=  3  2 -1  2
#   Add data for atom_index =   5,  n,l,m,z=  3  2  0  2
#   Add data for atom_index =   5,  n,l,m,z=  3  2  1  2
#   Add data for atom_index =   5,  n,l,m,z=  3  2  2  2
#   Add data for atom_index =   5,  n,l,m,z=  3  2 -2  3
#   Add data for atom_index =   5,  n,l,m,z=  3  2 -1  3
#   Add data for atom_index =   5,  n,l,m,z=  3  2  0  3
#   Add data for atom_index =   5,  n,l,m,z=  3  2  1  3
#   Add data for atom_index =   5,  n,l,m,z=  3  2  2  3
#   Add data for atom_index =   6,  n,l,m,z=  3  2 -2  1
#   Add data for atom_index =   6,  n,l,m,z=  3  2 -1  1
#   Add data for atom_index =   6,  n,l,m,z=  3  2  0  1
#   Add data for atom_index =   6,  n,l,m,z=  3  2  1  1
#   Add data for atom_index =   6,  n,l,m,z=  3  2  2  1
#   Add data for atom_index =   6,  n,l,m,z=  3  2 -2  2
#   Add data for atom_index =   6,  n,l,m,z=  3  2 -1  2
#   Add data for atom_index =   6,  n,l,m,z=  3  2  0  2
#   Add data for atom_index =   6,  n,l,m,z=  3  2  1  2
#   Add data for atom_index =   6,  n,l,m,z=  3  2  2  2
#   Add data for atom_index =   6,  n,l,m,z=  3  2 -2  3
#   Add data for atom_index =   6,  n,l,m,z=  3  2 -1  3
#   Add data for atom_index =   6,  n,l,m,z=  3  2  0  3
#   Add data for atom_index =   6,  n,l,m,z=  3  2  1  3
#   Add data for atom_index =   6,  n,l,m,z=  3  2  2  3
#
#    Energy          spin 1        spin2
#
  -20.0000000     0.00000000     0.00000000
  -19.9599600     0.00000000     0.00000000
  -19.9199199     0.00000000     0.00000000
  -19.8798799     0.00000000     0.00000000
  -19.8398398     0.00000000     0.00000000
  -19.7997998     0.00000000     0.00000000
  -19.7597598     0.00000000     0.00000000
  -19.7197197     0.00000000     0.00000000
  -19.6796797     0.00000000     0.00000000
  -19.6396396     0.00000000     0.00000000
  -19.5995996     0.00000000     0.00000000
  -19.5595596     0.00000000     0.00000000
  -19.5195195     0.00000000     0.00000000
  -19.4794795     0.00000000     0.00000000
  -19.4394394     0.00000000     0.00000000
  -19.3993994     0.00000000     0.00000000
  -19.3593594     0.00000000     0.00000000
  -19.3193193     0.00000000     0.00000000
  -19.2792793     0.00000000     0.00000000
  -19.2392392     0.00000000     0.00000000
  -19.1991992     0.00000000     0.00000000
  -19.1591592     0.00000000     0.00000000
  -19.1191191     0.00000000     0.00000000
  -19.0790791     0.00000000     0.00000000
  -19.0390390     0.00000000     0.00000000
  -18.9989990     0.00000000     0.00000000
  -18.9589590     0.00000000     0.00000000
  -18.9189189     0.00000000     0.00000000
  -18.8788789     0.00000000     0.00000000
  -18.8388388     0.00000000     0.00000000
  -18.7987988     0.00000000     0.00000000
  -18.7587588     0.00000000     0.00000000
  -18.7187187     0.00000000     0.00000000
  -18.6786787     0.00000000     0.00000000
  -18.6386386     0.00000000     0.00000000
  -18.5985986     0.00000000     0.00000000
  -18.5585586     0.00000000     0.00000000
  -18.5185185     0.00000000     0.00000000
  -18.4784785     0.00000000     0.00000000
  -18.4384384     0.00000000     0.00000000
  -18.3983984     0.00000000     0.00000000
  -18.3583584     0.00000000     0.00000000
  -18.3183183     0.00000000     0.00000000
  -18.2782783     0.00000000     0.00000000
  -18.2382382     0.00000000     0.00000000
  -18.1981982     0.00000000     0.00000000
  -18.1581582     0.00000000     0.00000000
  -18.1181181     0.00000000     0.00000000
  -18.0780781     0.00000000     0.00000000
  -18.0380380     0.00000000     0.00000000
  -17.9979980     0.00000000     0.00000000
  -17.9579580     0.00000000     0.00000000
  -17.9179179     0.00000000     0.00000000
  -17.8778779     0.00000000     0.00000000
  -17.8378378     0.00000000     0.00000000
  -17.7977978     0.00000000     0.00000000
  -17.7577578     0.00000000     0.00000000
  -17.7177177     0.00000000     0.00000000
  -17.6776777     0.00000000     0.00000000
  -17.6376376     0.00000000     0.00000000
  -17.5975976     0.00000000     0.00000000
  -17.5575576     0.00000000     0.00000000
  -17.5175175     0.00000000     0.00000000
  -17.4774775     0.00000000     0.00000000
  -17.4374374     0.00000000     0.00000000
  -17.3973974     0.00000000     0.00000000
  -17.3573574     0.00000000     0.00000000
  -17.3173173     0.00000000     0.00000000
  -17.2772773     0.00000000     0.00000000
  -17.2372372     0.00000000     0.00000000
  -17.1971972     0.00000000     0.00000000
  -17.1571572     0.00000000     0.00000000
  -17.1171171     0.00000000     0.00000000
  -17.0770771     0.00000000     0.00000000
  -17.0370370     0.00000000     0.00000000
  -16.9969970     0.00000000     0.00000000
  -16.9569570     0.00000000     0.00000000
  -16.9169169     0.00000000     0.00000000
  -16.8768769     0.00000000     0.00000000
  -16.8368368     0.00000000     0.00000000
  -16.7967968     0.00000000     0.00000000
  -16.7567568     0.00000000     0.00000000
  -16.7167167     0.00000000     0.00000000
  -16.6766767     0.00000000     0.00000000
  -16.6366366     0.00000000     0.00000000
  -16.5965966     0.00000000     0.00000000
  -16.5565566     0.00000000     0.00000000
  -16.5165165     0.00000000     0.00000000
  -16.4764765     0.00000000     0.00000000
  -16.4364364     0.00000000     0.00000000
  -16.3963964     0.00000001     0.00000001
  -16.3563564     0.00000001     0.00000001
  -16.3163163     0.00000000     0.00000000
  -16.2762763    -0.00000006    -0.00000006
  -16.2362362    -0.00000062    -0.00000062
  -16.1961962    -0.00000445    -0.00000445
  -16.1561562    -0.00002340    -0.00002339
  -16.1161161    -0.00008995    -0.00008993
  -16.0760761    -0.00025284    -0.00025279
  -16.0360360    -0.00051986    -0.00051979
  -15.9959960    -0.00078202    -0.00078196
  -15.9559560    -0.00086079    -0.00086078
  -15.9159159    -0.00069338    -0.00069341
  -15.8758759    -0.00040953    -0.00040958
  -15.8358358    -0.00018404    -0.00018407
  -15.7957958    -0.00010056    -0.00010056
  -15.7557558    -0.00019740    -0.00019735
  -15.7157157    -0.00055066    -0.00055055
  -15.6756757    -0.00118286    -0.00118269
  -15.6356356    -0.00185028    -0.00185013
  -15.5955956    -0.00210073    -0.00210069
  -15.5555556    -0.00173044    -0.00173052
  -15.5155155    -0.00103028    -0.00103039
  -15.4754755    -0.00041254    -0.00041263
  -15.4354354     0.00006834     0.00006823
  -15.3953954     0.00084727     0.00084704
  -15.3553554     0.00268842     0.00268790
  -15.3153153     0.00602550     0.00602472
  -15.2752753     0.00984905     0.00984840
  -15.2352352     0.01176213     0.01176210
  -15.1951952     0.01026383     0.01026445
  -15.1551552     0.00654176     0.00654258
  -15.1151151     0.00303002     0.00303060
  -15.0750751     0.00094479     0.00094508
  -15.0350350    -0.00008111    -0.00008095
  -14.9949950    -0.00086254    -0.00086236
  -14.9549550    -0.00178258    -0.00178237
  -14.9149149    -0.00258487    -0.00258474
  -14.8748749    -0.00275303    -0.00275308
  -14.8348348    -0.00216402    -0.00216420
  -14.7947948    -0.00124466    -0.00124486
  -14.7547548    -0.00044058    -0.00044074
  -14.7147147     0.00028020     0.00028003
  -14.6746747     0.00139388     0.00139357
  -14.6346346     0.00329444     0.00329399
  -14.5945946     0.00554288     0.00554250
  -14.5545546     0.00679712     0.00679712
  -14.5145145     0.00609370     0.00609412
  -14.4744745     0.00406107     0.00406158
  -14.4344344     0.00242102     0.00242123
  -14.3943944     0.00300410     0.00300359
  -14.3543544     0.00777321     0.00777156
  -14.3143143     0.01794194     0.01793920
  -14.2742743     0.03061387     0.03061132
  -14.2342342     0.03796238     0.03796189
  -14.1941942     0.03416542     0.03416737
  -14.1541542     0.02231369     0.02231653
  -14.1141141     0.01057557     0.01057766
  -14.0740741     0.00363734     0.00363831
  -14.0340340     0.00090785     0.00090815
  -13.9939940     0.00016449     0.00016456
  -13.9539540     0.00002254     0.00002255
  -13.9139139     0.00001293     0.00001292
  -13.8738739     0.00009408     0.00009404
  -13.8338338     0.00059758     0.00059735
  -13.7937938     0.00280271     0.00280184
  -13.7537538     0.00971392     0.00971156
  -13.7137137     0.02498655     0.02498211
  -13.6736737     0.04825840     0.04825277
  -13.6336336     0.07237864     0.07237370
  -13.5935936     0.09157373     0.09156939
  -13.5535536     0.11105319     0.11104715
  -13.5135135     0.13581620     0.13580926
  -13.4734735     0.15179867     0.15179661
  -13.4334334     0.13802333     0.13802974
  -13.3933934     0.09718213     0.09719283
  -13.3533534     0.05602671     0.05603392
  -13.3133133     0.03892944     0.03892823
  -13.2732733     0.05238687     0.05237738
  -13.2332332     0.08646616     0.08645295
  -13.1931932     0.12657465     0.12656141
  -13.1531532     0.17601627     0.17599827
  -13.1131131     0.26074402     0.26071227
  -13.0730731     0.38968282     0.38963951
  -13.0330330     0.51969827     0.51966084
  -12.9929930     0.58331421     0.58330028
  -12.9529530     0.54696484     0.54697360
  -12.9129129     0.43992952     0.43993602
  -12.8728729     0.33439428     0.33436972
  -12.8328328     0.28668447     0.28663039
  -12.7927928     0.29623480     0.29618109
  -12.7527528     0.33651119     0.33647065
  -12.7127127     0.40596938     0.40592391
  -12.6726727     0.51921198     0.51914894
  -12.6326326     0.68002816     0.67994818
  -12.5925926     0.89655686     0.89645355
  -12.5525526     1.18052677     1.18040282
  -12.5125125     1.50243826     1.50231225
  -12.4724725     1.79613000     1.79599036
  -12.4324324     2.02359178     2.02340765
  -12.3923924     2.16546895     2.16529102
  -12.3523524     2.14689034     2.14684654
  -12.3123123     1.91272939     1.91283398
  -12.2722723     1.61470395     1.61475616
  -12.2322322     1.54576362     1.54557047
  -12.1921922     1.78370516     1.78338122
  -12.1521522     2.03246925     2.03236369
  -12.1121121     1.96167521     1.96195155
  -12.0720721     1.64096680     1.64138271
  -12.0320320     1.49932006     1.49948530
  -11.9919920     1.89301283     1.89275701
  -11.9519520     2.78739564     2.78687720
  -11.9119119     3.74536170     3.74493156
  -11.8718719     4.19832961     4.19825198
  -11.8318318     3.92403222     3.92425766
  -11.7917918     3.26132958     3.26159206
  -11.7517518     2.72264857     2.72274672
  -11.7117117     2.54985028     2.54972282
  -11.6716717     2.74172268     2.74137905
  -11.6316316     3.20332343     3.20288594
  -11.5915916     3.68585044     3.68558599
  -11.5515516     3.81730037     3.81744378
  -11.5115115     3.44107037     3.44156446
  -11.4714715     2.90156917     2.90204559
  -11.4314314     2.78165858     2.78177526
  -11.3913914     3.25110389     3.25088157
  -11.3513514     3.83181886     3.83157030
  -11.3113113     3.92460447     3.92458537
  -11.2712713     3.42308168     3.42328958
  -11.2312312     2.72369416     2.72393049
  -11.1911912     2.32063110     2.32066089
  -11.1511512     2.48063820     2.48034275
  -11.1111111     3.13803630     3.13748863
  -11.0710711     3.99511685     3.99453435
  -11.0310310     4.71863691     4.71828532
  -10.9909910     5.02961669     5.02969445
  -10.9509510     4.75888494     4.75937782
  -10.9109109     4.01720714     4.01785286
  -10.8708709     3.24201548     3.24248020
  -10.8308308     2.89469241     2.89480863
  -10.7907908     3.09151443     3.09135994
  -10.7507508     3.55065703     3.55046101
  -10.7107107     3.81602407     3.81602107
  -10.6706707     3.55848467     3.55875275
  -10.6306306     2.84603307     2.84638989
  -10.5905906     2.15235750     2.15247804
  -10.5505506     1.96738802     1.96709405
  -10.5105105     2.36516108     2.36458575
  -10.4704705     3.01230751     3.01175189
  -10.4304304     3.57593644     3.57561069
  -10.3903904     3.96696713     3.96693910
  -10.3503504     4.13121976     4.13151298
  -10.3103103     3.86737863     3.86795187
  -10.2702703     3.08268205     3.08334621
  -10.2302302     2.08490874     2.08537762
  -10.1901902     1.41843417     1.41848178
  -10.1501502     1.43666028     1.43625563
  -10.1101101     2.07124225     2.07059411
  -10.0700701     2.92624892     2.92570645
  -10.0300300     3.56686487     3.56668011
   -9.9899900     3.79227145     3.79242586
   -9.9499500     3.66554908     3.66583606
   -9.9099099     3.37073156     3.37092076
   -9.8698699     3.19906240     3.19894107
   -9.8298298     3.49822145     3.49770193
   -9.7897898     4.31302893     4.31231732
   -9.7497497     5.21487092     5.21434527
   -9.7097097     5.66810157     5.66801660
   -9.6696697     5.40508105     5.40547353
   -9.6296296     4.48676626     4.48750632
   -9.5895896     3.25938013     3.26019930
   -9.5495496     2.28370408     2.28423442
   -9.5095095     2.14950395     2.14941976
   -9.4694695     3.12030390     3.11956320
   -9.4294294     4.76637958     4.76536528
   -9.3893894     6.08884188     6.08814732
   -9.3493494     6.31474356     6.31469792
   -9.3093093     5.56126937     5.56168744
   -9.2692693     4.56669337     4.56714241
   -9.2292292     3.89260702     3.89287320
   -9.1891892     3.56228002     3.56246084
   -9.1491491     3.36886652     3.36906710
   -9.1091091     3.25264125     3.25278737
   -9.0690691     3.33420653     3.33410561
   -9.0290290     3.79491851     3.79439338
   -8.9889890     4.68172918     4.68084705
   -8.9489490     5.68931849     5.68845379
   -8.9089089     6.37081682     6.37026123
   -8.8688689     6.63728371     6.63699629
   -8.8288288     6.69307671     6.69302168
   -8.7887888     6.58071567     6.58101644
   -8.7487488     6.24875330     6.24932940
   -8.7087087     5.82027780     5.82082488
   -8.6686687     5.38955401     5.38993960
   -8.6286286     4.88941320     4.88966934
   -8.5885886     4.39174441     4.39175440
   -8.5485485     4.20969283     4.20921544
   -8.5085085     4.57183074     4.57086087
   -8.4684685     5.30422170     5.30325151
   -8.4284284     5.87834348     5.87808616
   -8.3883884     5.83487475     5.83562475
   -8.3483484     5.10957595     5.11100107
   -8.3083083     3.93817117     3.93968308
   -8.2682683     2.67568785     2.67680591
   -8.2282282     1.76537572     1.76579651
   -8.1881882     1.66440829     1.66396244
   -8.1481482     2.57669328     2.57547352
   -8.1081081     4.10728489     4.10586842
   -8.0680681     5.30736639     5.30656040
   -8.0280280     5.43685323     5.43692156
   -7.9879880     4.68498882     4.68540586
   -7.9479479     3.84217547     3.84235965
   -7.9079079     3.39901951     3.39895289
   -7.8678679     3.27019138     3.27013958
   -7.8278278     3.21668938     3.21671306
   -7.7877878     3.17367935     3.17368365
   -7.7477478     3.19152742     3.19149881
   -7.7077077     3.33617124     3.33611299
   -7.6676677     3.66350279     3.66338441
   -7.6276276     4.08161729     4.08155034
   -7.5875876     4.32289649     4.32301005
   -7.5475475     4.29965861     4.29968850
   -7.5075075     4.32044382     4.31991509
   -7.4674675     4.66559070     4.66456085
   -7.4274274     5.12842033     5.12758631
   -7.3873874     5.28774964     5.28758634
   -7.3473473     5.10470502     5.10490718
   -7.3073073     4.89528888     4.89539126
   -7.2672673     4.76871897     4.76884346
   -7.2272272     4.48257235     4.48312807
   -7.1871872     3.87472449     3.87572673
   -7.1471472     3.09608191     3.09718867
   -7.1071071     2.38475288     2.38567552
   -7.0670671     1.89030848     1.89085001
   -7.0270270     1.72705753     1.72700847
   -6.9869870     1.99072712     1.98998551
   -6.9469470     2.69717684     2.69588967
   -6.9069069     3.76686601     3.76538067
   -6.8668669     5.07179570     5.07047680
   -6.8268268     6.49219236     6.49128894
   -6.7867868     7.87337610     7.87304753
   -6.7467467     8.86323795     8.86362258
   -6.7067067     8.93370168     8.93481957
   -6.6666667     7.84393144     7.84546548
   -6.6266266     6.02942150     6.03082149
   -6.5865866     4.24911052     4.25006694
   -6.5465466     2.94622298     2.94680933
   -6.5065065     2.18798666     2.18825525
   -6.4664665     2.03550634     2.03522292
   -6.4264264     2.63246111     2.63137179
   -6.3863864     3.90520545     3.90349657
   -6.3463464     5.33595706     5.33440915
   -6.3063063     6.16900888     6.16852920
   -6.2662663     5.96250432     5.96332659
   -6.2262262     4.97960805     4.98105173
   -6.1861862     3.95649722     3.95763784
   -6.1461461     3.44813782     3.44857891
   -6.1061061     3.50626774     3.50614924
   -6.0660661     3.98727210     3.98677479
   -6.0260260     4.88620455     4.88536238
   -5.9859860     6.21206731     6.21096704
   -5.9459459     7.71331548     7.71226802
   -5.9059059     8.80208418     8.80162462
   -5.8658659     8.80597939     8.80652758
   -5.8258258     7.59016725     7.59151343
   -5.7857858     5.80850327     5.80998207
   -5.7457458     4.18869120     4.18992222
   -5.7057057     2.92892604     2.92990929
   -5.6656657     2.05269129     2.05333284
   -5.6256256     1.76148997     1.76159007
   -5.5855856     2.10557192     2.10520097
   -5.5455455     2.67987039     2.67943067
   -5.5055055     2.91112046     2.91102737
   -5.4654655     2.55642630     2.55678739
   -5.4254254     1.83790323     1.83847685
   -5.3853854     1.16088410     1.16133754
   -5.3453453     0.76663653     0.76684305
   -5.3053053     0.61866903     0.61874081
   -5.2652653     0.55736725     0.55743858
   -5.2252252     0.51142071     0.51149027
   -5.1851852     0.51787570     0.51788974
   -5.1451452     0.57388363     0.57387489
   -5.1051051     0.58320404     0.58325351
   -5.0650651     0.48508836     0.48519727
   -5.0250250     0.34395133     0.34404305
   -4.9849850     0.25601910     0.25605178
   -4.9449449     0.22937465     0.22938442
   -4.9049049     0.20371853     0.20375270
   -4.8648649     0.14582040     0.14587790
   -4.8248248     0.07781662     0.07786710
   -4.7847848     0.03032981     0.03035741
   -4.7447447     0.00859169     0.00860177
   -4.7047047     0.00176917     0.00177170
   -4.6646647     0.00029466     0.00029505
   -4.6246246     0.00032261     0.00032214
   -4.5845846     0.00207359     0.00207043
   -4.5445445     0.01091436     0.01090018
   -4.5045045     0.04340171     0.04335513
   -4.4644645     0.13150228     0.13139020
   -4.4244244     0.30622286     0.30602910
   -4.3843844     0.55135965     0.55113297
   -4.3443443     0.76944217     0.76930011
   -4.3043043     0.83308794     0.83312478
   -4.2642643     0.70794044     0.70811996
   -4.2242242     0.50552043     0.50569917
   -4.1841842     0.38369497     0.38375690
   -4.1441441     0.41767493     0.41760578
   -4.1041041     0.58542781     0.58527267
   -4.0640641     0.82694723     0.82675879
   -4.0240240     1.07066943     1.07050879
   -3.9839840     1.23327714     1.23321289
   -3.9439439     1.24929747     1.24936467
   -3.9039039     1.12168625     1.12184432
   -3.8638639     0.93870684     0.93885503
   -3.8238238     0.82243143     0.82248180
   -3.7837838     0.84182664     0.84177018
   -3.7437437     0.95288559     0.95280778
   -3.7037037     1.01022482     1.01024955
   -3.6636637     0.88587860     0.88605000
   -3.6236236     0.60855661     0.60878775
   -3.5835836     0.33419044     0.33436326
   -3.5435435     0.17720344     0.17728118
   -3.5035035     0.12750958     0.12753106
   -3.4634635     0.11324864     0.11326015
   -3.4234234     0.08754980     0.08756749
   -3.3833834     0.05110503     0.05112276
   -3.3433433     0.02204881     0.02205949
   -3.3033033     0.00844060     0.00844352
   -3.2632633     0.00944881     0.00944412
   -3.2232232     0.02776409     0.02774822
   -3.1831832     0.07108832     0.07105788
   -3.1431431     0.13826472     0.13822591
   -3.1031031     0.20738540     0.20735450
   -3.0630631     0.25002376     0.25001226
   -3.0230230     0.25833453     0.25833936
   -2.9829830     0.24379931     0.24381337
   -2.9429429     0.21364036     0.21366248
   -2.9029029     0.16905201     0.16907937
   -2.8628629     0.12455486     0.12457451
   -2.8228228     0.10912955     0.10912602
   -2.7827828     0.14144880     0.14141757
   -2.7427427     0.21354558     0.21349232
   -2.7027027     0.30524825     0.30517953
   -2.6626627     0.39861759     0.39854988
   -2.6226226     0.46211873     0.46209010
   -2.5825826     0.45532705     0.45536182
   -2.5425425     0.38504561     0.38511187
   -2.5025025     0.31386152     0.31390752
   -2.4624625     0.28050658     0.28052639
   -2.4224224     0.25755368     0.25757935
   -2.3823824     0.20620347     0.20625064
   -2.3423423     0.13069920     0.13075159
   -2.3023023     0.06316730     0.06320446
   -2.2622623     0.02291965     0.02293757
   -2.2222222     0.00618846     0.00619452
   -2.1821822     0.00123565     0.00123710
   -2.1421421     0.00018340     0.00018365
   -2.1021021     0.00004199     0.00004199
   -2.0620621     0.00019601     0.00019579
   -2.0220220     0.00123035     0.00122920
   -1.9819820     0.00570466     0.00570030
   -1.9419419     0.01951503     0.01950341
   -1.9019019     0.04973944     0.04971786
   -1.8618619     0.09576163     0.09573471
   -1.8218218     0.14169982     0.14168006
   -1.7817818     0.16475652     0.16475419
   -1.7417417     0.15708947     0.15710066
   -1.7017017     0.13847076     0.13847788
   -1.6616617     0.14024831     0.14023809
   -1.6216216     0.16979511     0.16977685
   -1.5815816     0.19827363     0.19827037
   -1.5415415     0.19402271     0.19404321
   -1.5015015     0.15671656     0.15674750
   -1.4614615     0.11094351     0.11096608
   -1.4214214     0.08433293     0.08433459
   -1.3813814     0.09690268     0.09687908
   -1.3413413     0.15061783     0.15057784
   -1.3013013     0.21719044     0.21715924
   -1.2612613     0.24786754     0.24787126
   -1.2212212     0.21428893     0.21432860
   -1.1811812     0.13804150     0.13809142
   -1.1411411     0.06563997     0.06567557
   -1.1011011     0.02289858     0.02291521
   -1.0610611     0.00583692     0.00584225
   -1.0210210     0.00108437     0.00108556
   -0.9809810     0.00014658     0.00014677
   -0.9409409     0.00001440     0.00001443
   -0.9009009     0.00000103     0.00000103
   -0.8608609     0.00000007     0.00000007
   -0.8208208     0.00000026     0.00000026
   -0.7807808     0.00000379     0.00000378
   -0.7407407     0.00004130     0.00004124
   -0.7007007     0.00033226     0.00033188
   -0.6606607     0.00196547     0.00196358
   -0.6206206     0.00853363     0.00852698
   -0.5805806     0.02721792     0.02720167
   -0.5405405     0.06418426     0.06415752
   -0.5005005     0.11411467     0.11408591
   -0.4604605     0.16047578     0.16045522
   -0.4204204     0.19537574     0.19536182
   -0.3803804     0.22686741     0.22685398
   -0.3403403     0.25343330     0.25342836
   -0.3003003     0.25160926     0.25162836
   -0.2602603     0.20726050     0.20730212
   -0.2202202     0.14247193     0.14251481
   -0.1801802     0.09512861     0.09515419
   -0.1401401     0.08072396     0.08073183
   -0.1001001     0.08569111     0.08569165
   -0.0600601     0.09115480     0.09115574
   -0.0200200     0.08892185     0.08892556
    0.0200200     0.07771664     0.07772321
    0.0600601     0.06083263     0.06083960
    0.1001001     0.04885015     0.04885307
    0.1401401     0.05151727     0.05151475
    0.1801802     0.06413362     0.06413006
    0.2202202     0.07077765     0.07077766
    0.2602603     0.06564367     0.06564423
    0.3003003     0.06442910     0.06442105
    0.3403403     0.08615895     0.08613923
    0.3803804     0.12457305     0.12455387
    0.4204204     0.14686607     0.14686529
    0.4604605     0.12875839     0.12877886
    0.5005005     0.08230348     0.08233033
    0.5405405     0.03821164     0.03823051
    0.5805806     0.01287837     0.01288689
    0.6206206     0.00317322     0.00317581
    0.6606607     0.00076667     0.00076709
    0.7007007     0.00136987     0.00136921
    0.7407407     0.00596032     0.00595754
    0.7807808     0.02011851     0.02011123
    0.8208208     0.05021845     0.05020554
    0.8608609     0.09283486     0.09282062
    0.9009009     0.12734697     0.12734060
    0.9409409     0.12977149     0.12977838
    0.9809810     0.09824443     0.09825980
    1.0210210     0.05519966     0.05521403
    1.0610611     0.02297415     0.02298253
    1.1011011     0.00706537     0.00706869
    1.1411411     0.00160113     0.00160206
    1.1811812     0.00026665     0.00026683
    1.2212212     0.00003255     0.00003258
    1.2612613     0.00000291     0.00000291
    1.3013013     0.00000019     0.00000019
    1.3413413     0.00000001     0.00000001
    1.3813814     0.00000005     0.00000005
    1.4214214     0.00000095     0.00000095
    1.4614615     0.00001487     0.00001485
    1.5015015     0.00017018     0.00017000
    1.5415415     0.00143331     0.00143196
    1.5815816     0.00890691     0.00889984
    1.6216216     0.04096557     0.04093896
    1.6616617     0.13994888     0.13987781
    1.7017017     0.35667783     0.35654624
    1.7417417     0.68226958     0.68210986
    1.7817818     0.98975072     0.98964508
    1.8218218     1.11479209     1.11479586
    1.8618619     1.03521009     1.03528435
    1.9019019     0.89821913     0.89828188
    1.9419419     0.82279936     0.82283026
    1.9819820     0.76022642     0.76027070
    2.0220220     0.61559129     0.61567032
    2.0620621     0.41409596     0.41417435
    2.1021021     0.25887015     0.25891109
    2.1421421     0.20192040     0.20192072
    2.1821822     0.23111799     0.23108854
    2.2222222     0.32246545     0.32241631
    2.2622623     0.44790691     0.44785296
    2.3023023     0.57183637     0.57178952
    2.3423423     0.68049763     0.68045469
    2.3823824     0.77812258     0.77808510
    2.4224224     0.83698288     0.83697236
    2.4624625     0.81892336     0.81894768
    2.5025025     0.75706759     0.75709385
    2.5425425     0.76148131     0.76145500
    2.5825826     0.94218319     0.94207105
    2.6226226     1.28523983     1.28508912
    2.6626627     1.56497333     1.56491189
    2.7027027     1.51171841     1.51182189
    2.7427427     1.13979886     1.13998311
    2.7827828     0.76522510     0.76533698
    2.8228228     0.65761008     0.65759234
    2.8628629     0.78635899     0.78628597
    2.9029029     0.92011229     0.92008622
    2.9429429     0.90371733     0.90376117
    2.9829830     0.77799125     0.77805991
    3.0230230     0.64059266     0.64065553
    3.0630631     0.50710899     0.50717166
    3.1031031     0.35408026     0.35414560
    3.1431431     0.20087715     0.20093040
    3.1831832     0.09347099     0.09349862
    3.2232232     0.05522987     0.05522956
    3.2632633     0.08279770     0.08277365
    3.3033033     0.15553816     0.15550323
    3.3433433     0.22740145     0.22737994
    3.3833834     0.24280075     0.24281078
    3.4234234     0.18823271     0.18826617
    3.4634635     0.10590310     0.10593638
    3.5035035     0.04323859     0.04325808
    3.5435435     0.01281097     0.01281849
    3.5835836     0.00275448     0.00275647
    3.6236236     0.00042978     0.00043015
    3.6636637     0.00004866     0.00004871
    3.7037037     0.00000404     0.00000405
    3.7437437     0.00000114     0.00000114
    3.7837838     0.00001386     0.00001384
    3.8238238     0.00015531     0.00015516
    3.8638639     0.00127746     0.00127643
    3.9039039     0.00773395     0.00772868
    3.9439439     0.03462278     0.03460343
    3.9839840     0.11526242     0.11521199
    4.0240240     0.28727950     0.28718775
    4.0640641     0.54028121     0.54017065
    4.1041041     0.77370327     0.77363064
    4.1441441     0.85258909     0.85259953
    4.1841842     0.73212993     0.73221229
    4.2242242     0.50050162     0.50060092
    4.2642643     0.29838501     0.29844607
    4.3043043     0.23680800     0.23679424
    4.3443443     0.38595146     0.38584094
    4.3843844     0.77035769     0.77015531
    4.4244244     1.30841150     1.30817957
    4.4644645     1.77073225     1.77058421
    4.5045045     1.89344580     1.89346970
    4.5445445     1.59741556     1.59759667
    4.5845846     1.06342936     1.06366449
    4.6246246     0.56679545     0.56697888
    4.6646647     0.27764046     0.27772472
    4.7047047     0.22033314     0.22032302
    4.7447447     0.34550946     0.34542760
    4.7847848     0.58666845     0.58653374
    4.8248248     0.87329085     0.87311919
    4.8648649     1.12756370     1.12739073
    4.9049049     1.26161285     1.26150974
    4.9449449     1.20717143     1.20720148
    4.9849850     0.98278632     0.98292856
    5.0250250     0.71334169     0.71349483
    5.0650651     0.53426741     0.53435345
    5.1051051     0.47299579     0.47302828
    5.1451452     0.45218167     0.45221735
    5.1851852     0.40100262     0.40106256
    5.2252252     0.33141281     0.33147065
    5.2652653     0.30441730     0.30444131
    5.3053053     0.34783242     0.34782166
    5.3453453     0.42119243     0.42117581
    5.3853854     0.45635264     0.45635876
    5.4254254     0.42185629     0.42188811
    5.4654655     0.34148636     0.34152366
    5.5055055     0.26658026     0.26659357
    5.5455455     0.25713814     0.25709586
    5.5855856     0.36667902     0.36656859
    5.6256256     0.58521252     0.58507621
    5.6656657     0.80070949     0.80062913
    5.7057057     0.88515282     0.88516566
    5.7457458     0.82984491     0.82990185
    5.7857858     0.73725913     0.73729511
    5.8258258     0.68245894     0.68247030
    5.8658659     0.65478065     0.65479959
    5.9059059     0.63842424     0.63844950
    5.9459459     0.66562097     0.66561883
    5.9859860     0.76592926     0.76588273
    6.0260260     0.92042593     0.92035337
    6.0660661     1.05523309     1.05518519
    6.1061061     1.05352968     1.05356577
    6.1461461     0.85016219     0.85028848
    6.1861862     0.53026811     0.53041851
    6.2262262     0.25834725     0.25844923
    6.2662663     0.13933738     0.13936139
    6.3063063     0.20825067     0.20819143
    6.3463464     0.47689594     0.47676149
    6.3863864     0.87859229     0.87843678
    6.4264264     1.20699894     1.20691232
    6.4664665     1.26543684     1.26545262
    6.5065065     1.08617123     1.08623010
    6.5465466     0.86291296     0.86295665
    6.5865866     0.69830211     0.69834347
    6.6266266     0.55350997     0.55358071
    6.6666667     0.39633933     0.39642140
    6.7067067     0.28290948     0.28294326
    6.7467467     0.30191737     0.30185633
    6.7867868     0.48184077     0.48169858
    6.8268268     0.74143481     0.74129353
    6.8668669     0.93159651     0.93154755
    6.9069069     0.95463527     0.95469768
    6.9469470     0.82868359     0.82880283
    6.9869870     0.63837018     0.63848003
    7.0270270     0.48539165     0.48544230
    7.0670671     0.46559676     0.46556340
    7.1071071     0.59253033     0.59244545
    7.1471472     0.74830657     0.74825033
    7.1871872     0.81205460     0.81206287
    7.2272272     0.83425059     0.83426685
    7.2672673     0.95890322     0.95886971
    7.3073073     1.17051682     1.17046677
    7.3473473     1.27192824     1.27193411
    7.3873874     1.13695269     1.13702871
    7.4274274     0.84527353     0.84537530
    7.4674675     0.55901122     0.55908732
    7.5075075     0.39501564     0.39502504
    7.5475475     0.40843220     0.40835692
    7.5875876     0.57488663     0.57476501
    7.6276276     0.77263821     0.77255245
    7.6676677     0.86816028     0.86815608
    7.7077077     0.84283595     0.84287612
    7.7477478     0.79464356     0.79466081
    7.7877878     0.81398580     0.81396157
    7.8278278     0.88850548     0.88847683
    7.8678679     0.94680947     0.94680262
    7.9079079     0.97218761     0.97217675
    7.9479479     1.03436334     1.03429874
    7.9879880     1.24487782     1.24471272
    8.0280280     1.69974997     1.69946887
    8.0680681     2.33806702     2.33776846
    8.1081081     2.82380373     2.82369463
    8.1481482     2.78165670     2.78184502
    8.1881882     2.22586767     2.22621482
    8.2282282     1.56815488     1.56842769
    8.2682683     1.16524585     1.16535811
    8.3083083     1.02358857     1.02362107
    8.3483484     0.97005760     0.97009284
    8.3883884     0.93383777     0.93387070
    8.4284284     0.94875889     0.94876553
    8.4684685     0.99705425     0.99705495
    8.5085085     0.99436922     0.99439896
    8.5485485     0.88565137     0.88572024
    8.5885886     0.68688617     0.68697759
    8.6286286     0.46801873     0.46810060
    8.6686687     0.32127785     0.32131582
    8.7087087     0.32966881     0.32963794
    8.7487488     0.54099884     0.54089444
    8.7887888     0.92206583     0.92192020
    8.8288288     1.32398665     1.32386378
    8.8688689     1.55940355     1.55935348
    8.9089089     1.54354952     1.54357704
    8.9489490     1.32838762     1.32847025
    8.9889890     1.03131487     1.03142167
    9.0290290     0.77404442     0.77413743
    9.0690691     0.63090978     0.63096504
    9.1091091     0.57596443     0.57599527
    9.1491491     0.51342229     0.51345830
    9.1891892     0.38733455     0.38738312
    9.2292292     0.23363878     0.23368184
    9.2692693     0.12685964     0.12687575
    9.3093093     0.12091420     0.12088769
    9.3493494     0.24866097     0.24857769
    9.3893894     0.53005166     0.52990610
    9.4294294     0.93657839     0.93639726
    9.4694695     1.33929583     1.33915411
    9.5095095     1.53088045     1.53086448
    9.5495496     1.38901177     1.38912899
    9.5895896     1.03771868     1.03786920
    9.6296296     0.74587332     0.74595369
    9.6696697     0.65257225     0.65257437
    9.7097097     0.69053318     0.69050928
    9.7497497     0.75673665     0.75671331
    9.7897898     0.83495916     0.83492858
    9.8298298     0.93334742     0.93331610
    9.8698699     0.99933278     0.99933276
    9.9099099     0.95834631     0.95839565
    9.9499500     0.80946762     0.80954193
    9.9899900     0.64291275     0.64296466
   10.0300300     0.56074620     0.56074733
   10.0700701     0.59067411     0.59063755
   10.1101101     0.66543674     0.66540668
   10.1501502     0.68007912     0.68009282
   10.1901902     0.58905625     0.58911057
   10.2302302     0.43957792     0.43964218
   10.2702703     0.30389443     0.30394549
   10.3103103     0.21493935     0.21497153
   10.3503504     0.16984659     0.16986037
   10.3903904     0.16873247     0.16871950
   10.4304304     0.24525482     0.24519498
   10.4704705     0.43868977     0.43857991
   10.5105105     0.71002680     0.70991301
   10.5505506     0.92072437     0.92067603
   10.5905906     0.94757770     0.94761935
   10.6306306     0.80229480     0.80238475
   10.6706707     0.61806655     0.61813413
   10.7107107     0.57242239     0.57239857
   10.7507508     0.83307935     0.83291663
   10.7907908     1.45612707     1.45585023
   10.8308308     2.23551755     2.23525662
   10.8708709     2.75098070     2.75088476
   10.9109109     2.72540437     2.72549782
   10.9509510     2.29285428     2.29302928
   10.9909910     1.82308142     1.82322048
   11.0310310     1.59725640     1.59730434
   11.0710711     1.67696458     1.67693583
   11.1111111     1.87802694     1.87800754
   11.1511512     1.87271013     1.87279126
   11.1911912     1.49984053     1.50001694
   11.2312312     0.93484925     0.93502928
   11.2712713     0.48057515     0.48067857
   11.3113113     0.30095470     0.30096186
   11.3513514     0.37970072     0.37963865
   11.3913914     0.59067542     0.59059886
   11.4314314     0.76573840     0.76570265
   11.4714715     0.79820761     0.79822669
   11.5115115     0.72485116     0.72488985
   11.5515516     0.66630753     0.66632548
   11.5915916     0.68317529     0.68316707
   11.6316316     0.73716351     0.73714392
   11.6716717     0.79562563     0.79559595
   11.7117117     0.87595595     0.87591850
   11.7517518     0.94525653     0.94524375
   11.7917918     0.89797794     0.89802246
   11.8318318     0.69426554     0.69435348
   11.8718719     0.42838471     0.42846791
   11.9119119     0.23425906     0.23429674
   11.9519520     0.19598035     0.19595116
   11.9919920     0.34840023     0.34829775
   12.0320320     0.67824576     0.67809231
   12.0720721     1.07948853     1.07934881
   12.1121121     1.35465915     1.35461161
   12.1521522     1.33569766     1.33577404
   12.1921922     1.02908785     1.02924319
   12.2322322     0.61603288     0.61618353
   12.2722723     0.29831477     0.29840216
   12.3123123     0.17150538     0.17151624
   12.3523524     0.23319928     0.23314621
   12.3923924     0.42627761     0.42619097
   12.4324324     0.64690100     0.64682216
   12.4724725     0.80583317     0.80577639
   12.5125125     0.93118493     0.93111952
   12.5525526     1.13278151     1.13268317
   12.5925926     1.43254469     1.43244678
   12.6326326     1.67864661     1.67862156
   12.6726727     1.66233105     1.66241722
   12.7127127     1.35993408     1.36007380
   12.7527528     1.02610652     1.02618278
   12.7927928     0.94767391     0.94762865
   12.8328328     1.13714850     1.13703803
   12.8728729     1.35464592     1.35457267
   12.9129129     1.37724867     1.37727253
   12.9529530     1.16038808     1.16050442
   12.9929930     0.80152238     0.80167995
   13.0330330     0.45224996     0.45238212
   13.0730731     0.24213216     0.24219652
   13.1131131     0.23459610     0.23458692
   13.1531532     0.43441932     0.43435100
   13.1931932     0.79029852     0.79019701
   13.2332332     1.17480577     1.17471026
   13.2732733     1.41256336     1.41251764
   13.3133133     1.37905090     1.37908008
   13.3533534     1.09569568     1.09578435
   13.3933934     0.72131591     0.72141542
   13.4334334     0.42971131     0.42977552
   13.4734735     0.30103781     0.30104757
   13.5135135     0.32186625     0.32182839
   13.5535536     0.42875818     0.42870185
   13.5935936     0.52839865     0.52836666
   13.6336336     0.53866734     0.53868364
   13.6736737     0.45765018     0.45769442
   13.7137137     0.36273569     0.36276884
   13.7537538     0.31440973     0.31442215
   13.7937938     0.28992568     0.28994064
   13.8338338     0.23590885     0.23594184
   13.8738739     0.14988212     0.14992064
   13.9139139     0.07549445     0.07551794
   13.9539540     0.05408360     0.05407766
   13.9939940     0.12557243     0.12551771
   14.0340340     0.35366475     0.35353641
   14.0740741     0.78074437     0.78054988
   14.1141141     1.31961794     1.31942880
   14.1541542     1.75162759     1.75153116
   14.1941942     1.91515818     1.91516891
   14.2342342     1.86094357     1.86099662
   14.2742743     1.77184077     1.77187028
   14.3143143     1.77694377     1.77694208
   14.3543544     1.83709834     1.83711419
   14.3943944     1.76618375     1.76627140
   14.4344344     1.43246372     1.43261690
   14.4744745     0.95689836     0.95704595
   14.5145145     0.61173720     0.61181607
   14.5545546     0.53806742     0.53807670
   14.5945946     0.64632415     0.64630502
   14.6346346     0.75697691     0.75696490
   14.6746747     0.76454963     0.76455600
   14.7147147     0.66557716     0.66560048
   14.7547548     0.49791434     0.49794937
   14.7947948     0.31068100     0.31071697
   14.8348348     0.16063590     0.16066084
   14.8748749     0.09157618     0.09158409
   14.9149149     0.12671913     0.12670748
   14.9549550     0.27670607     0.27667047
   14.9949950     0.52106161     0.52099770
   15.0350350     0.79719849     0.79710537
   15.0750751     1.05718722     1.05706809
   15.1151151     1.30898542     1.30885657
   15.1551552     1.54281946     1.54272183
   15.1951952     1.66530435     1.66528638
   15.2352352     1.58095315     1.58102927
   15.2752753     1.31304246     1.31317555
   15.3153153     0.99550922     0.99564029
   15.3553554     0.74447517     0.74456900
   15.3953954     0.56371526     0.56377439
   15.4354354     0.39650253     0.39654272
   15.4754755     0.23251410     0.23254097
   15.5155155     0.11476858     0.11477870
   15.5555556     0.07713751     0.07712698
   15.5955956     0.11976118     0.11973071
   15.6356356     0.21383316     0.21379403
   15.6756757     0.30893865     0.30890625
   15.7157157     0.37890719     0.37887633
   15.7557558     0.47064559     0.47058865
   15.7957958     0.64793602     0.64784551
   15.8358358     0.87945309     0.87936533
   15.8758759     1.04805492     1.04801362
   15.9159159     1.06568694     1.06570934
   15.9559560     0.92234113     0.92242305
   15.9959960     0.66490697     0.66502363
   16.0360360     0.38521599     0.38532300
   16.0760761     0.18021557     0.18027828
   16.1161161     0.09139102     0.09140490
   16.1561562     0.10013792     0.10011868
   16.1961962     0.15780061     0.15777324
   16.2362362     0.20349480     0.20348557
   16.2762763     0.19308439     0.19310282
   16.3163163     0.13355823     0.13358972
   16.3563564     0.06918048     0.06920496
   16.3963964     0.03494433     0.03495399
   16.4364364     0.03976349     0.03976058
   16.4764765     0.07793726     0.07792647
   16.5165165     0.13468967     0.13467535
   16.5565566     0.19703659     0.19701786
   16.5965966     0.28196137     0.28192877
   16.6366366     0.42855619     0.42850454
   16.6766767     0.63280494     0.63274850
   16.7167167     0.82972709     0.82968599
   16.7567568     0.96950472     0.96948157
   16.7967968     1.05040109     1.05039043
   16.8368368     1.05722517     1.05723442
   16.8768769     0.94981729     0.94985670
   16.9169169     0.74111486     0.74117348
   16.9569570     0.52758901     0.52763766
   16.9969970     0.40916646     0.40918543
   17.0370370     0.40689195     0.40688354
   17.0770771     0.48223200     0.48220648
   17.1171171     0.59584108     0.59580614
   17.1571572     0.72301075     0.72297048
   17.1971972     0.87764042     0.87758744
   17.2372372     1.13536920     1.13528807
   17.2772773     1.54466470     1.54455886
   17.3173173     2.00336976     2.00327618
   17.3573574     2.28988882     2.28985817
   17.3973974     2.22364081     2.22370170
   17.4374374     1.79887446     1.79900472
   17.4774775     1.20994981     1.21008223
   17.5175175     0.72814638     0.72821956
   17.5575576     0.50671790     0.50671903
   17.5975976     0.52007452     0.52002672
   17.6376376     0.66234992     0.66228206
   17.6776777     0.83131134     0.83125274
   17.7177177     0.95169768     0.95167208
   17.7577578     1.00806754     1.00807107
   17.7977978     1.04989668     1.04989810
   17.8378378     1.11973155     1.11971005
   17.8778779     1.18762224     1.18759754
   17.9179179     1.19187752     1.19188008
   17.9579580     1.15887510     1.15888941
   17.9979980     1.21119601     1.21118226
   18.0380380     1.37465901     1.37463104
   18.0780781     1.47299639     1.47301337
   18.1181181     1.32702256     1.32710522
   18.1581582     0.96873308     0.96884317
   18.1981982     0.57701889     0.57711281
   18.2382382     0.28685516     0.28691816
   18.2782783     0.12112688     0.12116323
   18.3183183     0.04320989     0.04322774
   18.3583584     0.01265276     0.01265972
   18.3983984     0.00308882     0.00309070
   18.4384384     0.00172947     0.00172889
   18.4784785     0.00623829     0.00623407
   18.5185185     0.02317053     0.02315770
   18.5585586     0.06488288     0.06485584
   18.5985986     0.13742470     0.13738553
   18.6386386     0.22633876     0.22630125
   18.6786787     0.30920868     0.30918445
   18.7187187     0.39747793     0.39745648
   18.7587588     0.54641289     0.54636746
   18.7987988     0.78829976     0.78822151
   18.8388388     1.06031339     1.06023005
   18.8788789     1.24535252     1.24529933
   18.9189189     1.29908806     1.29907013
   18.9589590     1.27819952     1.27820462
   18.9989990     1.22332822     1.22335907
   19.0390390     1.10098075     1.10104389
   19.0790791     0.89053024     0.89061078
   19.1191191     0.64647427     0.64654691
   19.1591592     0.44781248     0.44786430
   19.1991992     0.34337854     0.34340502
   19.2392392     0.35930509     0.35929879
   19.2792793     0.49462810     0.49459188
   19.3193193     0.67591043     0.67587316
   19.3593594     0.76950657     0.76950433
   19.3993994     0.69281172     0.69285107
   19.4394394     0.50028561     0.50033672
   19.4794795     0.32720659     0.32723563
   19.5195195     0.25953505     0.25953464
   19.5595596     0.28323002     0.28321530
   19.5995996     0.34436927     0.34435351
   19.6396396     0.41263768     0.41262413
   19.6796797     0.46440384     0.46439959
   19.7197197     0.45169496     0.45171209
   19.7597598     0.34925239     0.34928866
   19.7997998     0.20425731     0.20429395
   19.8398398     0.08913431     0.08915667
   19.8798799     0.03375486     0.03376158
   19.9199199     0.03141104     0.03140405
   19.9599600     0.07957597     0.07955188
   20.0000000     0.18974336     0.18969538
