#
#   partial DOS for atom species: Mn
#
#   Add data for atom_index =   1,  n,l,m,z=  4  0  0  1
#   Add data for atom_index =   1,  n,l,m,z=  4  0  0  2
#   Add data for atom_index =   1,  n,l,m,z=  4  0  0  3
#   Add data for atom_index =   2,  n,l,m,z=  4  0  0  1
#   Add data for atom_index =   2,  n,l,m,z=  4  0  0  2
#   Add data for atom_index =   2,  n,l,m,z=  4  0  0  3
#   Add data for atom_index =   3,  n,l,m,z=  4  0  0  1
#   Add data for atom_index =   3,  n,l,m,z=  4  0  0  2
#   Add data for atom_index =   3,  n,l,m,z=  4  0  0  3
#   Add data for atom_index =   4,  n,l,m,z=  4  0  0  1
#   Add data for atom_index =   4,  n,l,m,z=  4  0  0  2
#   Add data for atom_index =   4,  n,l,m,z=  4  0  0  3
#   Add data for atom_index =   5,  n,l,m,z=  4  0  0  1
#   Add data for atom_index =   5,  n,l,m,z=  4  0  0  2
#   Add data for atom_index =   5,  n,l,m,z=  4  0  0  3
#   Add data for atom_index =   6,  n,l,m,z=  4  0  0  1
#   Add data for atom_index =   6,  n,l,m,z=  4  0  0  2
#   Add data for atom_index =   6,  n,l,m,z=  4  0  0  3
#
#    Energy          spin 1        spin2
#
  -20.0000000     0.00000000     0.00000000
  -19.9599600     0.00000000     0.00000000
  -19.9199199     0.00000000     0.00000000
  -19.8798799     0.00000000     0.00000000
  -19.8398398     0.00000000     0.00000000
  -19.7997998     0.00000000     0.00000000
  -19.7597598     0.00000000     0.00000000
  -19.7197197     0.00000000     0.00000000
  -19.6796797     0.00000000     0.00000000
  -19.6396396     0.00000000     0.00000000
  -19.5995996     0.00000000     0.00000000
  -19.5595596     0.00000000     0.00000000
  -19.5195195     0.00000000     0.00000000
  -19.4794795     0.00000000     0.00000000
  -19.4394394     0.00000000     0.00000000
  -19.3993994     0.00000000     0.00000000
  -19.3593594     0.00000000     0.00000000
  -19.3193193     0.00000000     0.00000000
  -19.2792793     0.00000000     0.00000000
  -19.2392392     0.00000000     0.00000000
  -19.1991992     0.00000000     0.00000000
  -19.1591592     0.00000000     0.00000000
  -19.1191191     0.00000000     0.00000000
  -19.0790791     0.00000000     0.00000000
  -19.0390390     0.00000000     0.00000000
  -18.9989990     0.00000000     0.00000000
  -18.9589590     0.00000000     0.00000000
  -18.9189189     0.00000000     0.00000000
  -18.8788789     0.00000000     0.00000000
  -18.8388388     0.00000000     0.00000000
  -18.7987988     0.00000000     0.00000000
  -18.7587588     0.00000000     0.00000000
  -18.7187187     0.00000000     0.00000000
  -18.6786787     0.00000000     0.00000000
  -18.6386386     0.00000000     0.00000000
  -18.5985986     0.00000000     0.00000000
  -18.5585586     0.00000000     0.00000000
  -18.5185185     0.00000000     0.00000000
  -18.4784785     0.00000000     0.00000000
  -18.4384384     0.00000000     0.00000000
  -18.3983984     0.00000000     0.00000000
  -18.3583584     0.00000000     0.00000000
  -18.3183183     0.00000000     0.00000000
  -18.2782783     0.00000000     0.00000000
  -18.2382382     0.00000000     0.00000000
  -18.1981982     0.00000000     0.00000000
  -18.1581582     0.00000000     0.00000000
  -18.1181181     0.00000000     0.00000000
  -18.0780781     0.00000000     0.00000000
  -18.0380380     0.00000000     0.00000000
  -17.9979980     0.00000000     0.00000000
  -17.9579580     0.00000000     0.00000000
  -17.9179179     0.00000000     0.00000000
  -17.8778779     0.00000000     0.00000000
  -17.8378378     0.00000000     0.00000000
  -17.7977978     0.00000000     0.00000000
  -17.7577578     0.00000000     0.00000000
  -17.7177177     0.00000000     0.00000000
  -17.6776777     0.00000000     0.00000000
  -17.6376376     0.00000000     0.00000000
  -17.5975976     0.00000000     0.00000000
  -17.5575576     0.00000000     0.00000000
  -17.5175175     0.00000000     0.00000000
  -17.4774775     0.00000000     0.00000000
  -17.4374374     0.00000000     0.00000000
  -17.3973974     0.00000000     0.00000000
  -17.3573574     0.00000000     0.00000000
  -17.3173173     0.00000000     0.00000000
  -17.2772773     0.00000000     0.00000000
  -17.2372372     0.00000000     0.00000000
  -17.1971972     0.00000000     0.00000000
  -17.1571572     0.00000000     0.00000000
  -17.1171171     0.00000000     0.00000000
  -17.0770771     0.00000000     0.00000000
  -17.0370370     0.00000000     0.00000000
  -16.9969970     0.00000000     0.00000000
  -16.9569570     0.00000000     0.00000000
  -16.9169169     0.00000000     0.00000000
  -16.8768769     0.00000000     0.00000000
  -16.8368368     0.00000000     0.00000000
  -16.7967968     0.00000000     0.00000000
  -16.7567568     0.00000002     0.00000002
  -16.7167167     0.00000033     0.00000033
  -16.6766767     0.00000474     0.00000473
  -16.6366366     0.00004887     0.00004885
  -16.5965966     0.00036598     0.00036585
  -16.5565566     0.00198900     0.00198840
  -16.5165165     0.00784434     0.00784247
  -16.4764765     0.02245046     0.02244652
  -16.4364364     0.04662744     0.04662220
  -16.3963964     0.07027572     0.07027226
  -16.3563564     0.07686288     0.07686395
  -16.3163163     0.06100704     0.06101173
  -16.2762763     0.03514769     0.03515261
  -16.2362362     0.01477929     0.01478224
  -16.1961962     0.00511711     0.00511805
  -16.1561562     0.00445234     0.00445161
  -16.1161161     0.01345554     0.01345240
  -16.0760761     0.03725953     0.03725291
  -16.0360360     0.07627171     0.07626290
  -15.9959960     0.11427068     0.11426461
  -15.9559560     0.12526947     0.12527064
  -15.9159159     0.10049544     0.10050264
  -15.8758759     0.05908904     0.05909691
  -15.8358358     0.02620535     0.02620999
  -15.7957958     0.01294771     0.01294816
  -15.7557558     0.02228972     0.02228504
  -15.7157157     0.06110907     0.06109747
  -15.6756757     0.13112914     0.13111237
  -15.6356356     0.20510584     0.20509282
  -15.5955956     0.23287127     0.23287153
  -15.5555556     0.19188158     0.19189419
  -15.5155155     0.11485856     0.11487345
  -15.4754755     0.05085950     0.05086878
  -15.4354354     0.02188104     0.02188306
  -15.3953954     0.02956122     0.02955549
  -15.3553554     0.07998251     0.07996673
  -15.3153153     0.17725752     0.17723308
  -15.2752753     0.28891004     0.28888851
  -15.2352352     0.34418987     0.34418609
  -15.1951952     0.29965205     0.29966780
  -15.1551552     0.19081837     0.19084041
  -15.1151151     0.09015700     0.09017230
  -15.0750751     0.03810488     0.03810956
  -15.0350350     0.03727762     0.03727213
  -14.9949950     0.08250167     0.08248649
  -14.9549550     0.16255486     0.16253445
  -14.9149149     0.23960158     0.23958725
  -14.8748749     0.26141780     0.26141932
  -14.8348348     0.21152887     0.21154382
  -14.7947948     0.12775215     0.12776905
  -14.7547548     0.06111398     0.06112372
  -14.7147147     0.03778686     0.03778624
  -14.6746747     0.06417287     0.06416092
  -14.6346346     0.13719813     0.13717698
  -14.5945946     0.22806978     0.22804961
  -14.5545546     0.27826464     0.27825910
  -14.5145145     0.24804409     0.24805618
  -14.4744745     0.16179900     0.16181780
  -14.4344344     0.07921767     0.07923101
  -14.3943944     0.03795167     0.03795498
  -14.3543544     0.04359100     0.04358448
  -14.3143143     0.08804886     0.08803494
  -14.2742743     0.14851882     0.14850467
  -14.2342342     0.18400119     0.18399648
  -14.1941942     0.16558558     0.16559296
  -14.1541542     0.10814456     0.10815697
  -14.1141141     0.05125508     0.05126456
  -14.0740741     0.01762855     0.01763305
  -14.0340340     0.00439992     0.00440135
  -13.9939940     0.00079707     0.00079739
  -13.9539540     0.00010705     0.00010710
  -13.9139139     0.00003702     0.00003701
  -13.8738739     0.00023358     0.00023348
  -13.8338338     0.00147588     0.00147529
  -13.7937938     0.00688998     0.00688769
  -13.7537538     0.02372588     0.02371960
  -13.7137137     0.06031149     0.06029959
  -13.6736737     0.11321510     0.11320039
  -13.6336336     0.15701474     0.15700482
  -13.5935936     0.16145160     0.16145161
  -13.5535536     0.12552437     0.12553055
  -13.5135135     0.08018658     0.08019105
  -13.4734735     0.05267738     0.05267743
  -13.4334334     0.04291112     0.04291018
  -13.3933934     0.03744091     0.03744160
  -13.3533534     0.03327013     0.03326971
  -13.3133133     0.04235284     0.04234570
  -13.2732733     0.07590974     0.07589435
  -13.2332332     0.12287869     0.12286332
  -13.1931932     0.14602525     0.14602342
  -13.1531532     0.11449034     0.11450578
  -13.1131131     0.04612976     0.04614761
  -13.0730731     0.00581427     0.00581205
  -13.0330330     0.04804769     0.04801816
  -12.9929930     0.15353858     0.15350126
  -12.9529530     0.23760629     0.23758868
  -12.9129129     0.23826152     0.23826971
  -12.8728729     0.17407646     0.17409416
  -12.8328328     0.10312289     0.10313560
  -12.7927928     0.05799132     0.05799879
  -12.7527528     0.03630400     0.03631055
  -12.7127127     0.02750133     0.02750604
  -12.6726727     0.02668559     0.02668589
  -12.6326326     0.02866659     0.02866462
  -12.5925926     0.02263674     0.02263831
  -12.5525526    -0.00166430    -0.00165526
  -12.5125125    -0.03977004    -0.03975719
  -12.4724725    -0.06622704    -0.06622182
  -12.4324324    -0.05482586    -0.05483683
  -12.3923924    -0.00923583    -0.00925767
  -12.3523524     0.03791520     0.03789749
  -12.3123123     0.05844169     0.05843809
  -12.2722723     0.05198416     0.05199143
  -12.2322322     0.03728481     0.03729274
  -12.1921922     0.02961296     0.02961596
  -12.1521522     0.02989084     0.02989124
  -12.1121121     0.03151404     0.03151567
  -12.0720721     0.03150886     0.03151157
  -12.0320320     0.03040691     0.03040937
  -11.9919920     0.02401890     0.02402281
  -11.9519520     0.00560778     0.00561496
  -11.9119119    -0.02111559    -0.02110768
  -11.8718719    -0.04120889    -0.04120454
  -11.8318318    -0.04476547    -0.04476553
  -11.7917918    -0.03578809    -0.03579066
  -11.7517518    -0.02321878    -0.02322293
  -11.7117117    -0.01112320    -0.01112940
  -11.6716717     0.00073037     0.00072263
  -11.6316316     0.01175952     0.01175299
  -11.5915916     0.01864877     0.01864673
  -11.5515516     0.01852757     0.01853059
  -11.5115115     0.01275694     0.01276221
  -11.4714715     0.00597480     0.00597889
  -11.4314314     0.00265646     0.00265734
  -11.3913914     0.00531531     0.00531277
  -11.3513514     0.01269422     0.01269036
  -11.3113113     0.01911797     0.01911590
  -11.2712713     0.01965363     0.01965420
  -11.2312312     0.01552687     0.01552821
  -11.1911912     0.01130537     0.01130595
  -11.1511512     0.00897804     0.00897837
  -11.1111111     0.00729992     0.00730113
  -11.0710711     0.00475320     0.00475551
  -11.0310310     0.00117546     0.00117812
  -10.9909910    -0.00275182    -0.00274957
  -10.9509510    -0.00616806    -0.00616670
  -10.9109109    -0.00790250    -0.00790259
  -10.8708709    -0.00674049    -0.00674241
  -10.8308308    -0.00268183    -0.00268515
  -10.7907908     0.00248090     0.00247738
  -10.7507508     0.00636240     0.00635992
  -10.7107107     0.00759407     0.00759327
  -10.6706707     0.00654995     0.00655037
  -10.6306306     0.00510428     0.00510450
  -10.5905906     0.00539978     0.00539860
  -10.5505506     0.00809102     0.00808887
  -10.5105105     0.01158083     0.01157961
  -10.4704705     0.01383692     0.01383766
  -10.4304304     0.01532631     0.01532757
  -10.3903904     0.01821960     0.01821964
  -10.3503504     0.02187639     0.02187611
  -10.3103103     0.02226539     0.02226691
  -10.2702703     0.01749850     0.01750168
  -10.2302302     0.01089779     0.01090007
  -10.1901902     0.00726289     0.00726196
  -10.1501502     0.00856915     0.00856479
  -10.1101101     0.01366499     0.01365901
  -10.0700701     0.02030956     0.02030458
  -10.0300300     0.02730396     0.02730146
   -9.9899900     0.03457394     0.03457391
   -9.9499500     0.04052232     0.04052476
   -9.9099099     0.04197897     0.04198361
   -9.8698699     0.04003881     0.04004279
   -9.8298298     0.04180201     0.04180194
   -9.7897898     0.05043455     0.05043208
   -9.7497497     0.05736832     0.05736984
   -9.7097097     0.05143881     0.05144762
   -9.6696697     0.03316617     0.03317832
   -9.6296296     0.01357100     0.01358023
   -9.5895896     0.00141070     0.00141466
   -9.5495496    -0.00302541    -0.00302479
   -9.5095095    -0.00389338    -0.00389332
   -9.4694695    -0.00412246    -0.00412180
   -9.4294294    -0.00356143    -0.00356070
   -9.3893894    -0.00051784    -0.00051795
   -9.3493494     0.00620636     0.00620506
   -9.3093093     0.01609579     0.01609385
   -9.2692693     0.02567564     0.02567474
   -9.2292292     0.02957017     0.02957181
   -9.1891892     0.02566609     0.02566972
   -9.1491491     0.01747379     0.01747770
   -9.1091091     0.00906526     0.00906915
   -9.0690691     0.00022918     0.00023458
   -9.0290290    -0.01121039    -0.01120287
   -8.9889890    -0.02367889    -0.02367202
   -8.9489490    -0.03063909    -0.03063762
   -8.9089089    -0.02649115    -0.02649693
   -8.8688689    -0.01325623    -0.01326523
   -8.8288288     0.00045210     0.00044625
   -8.7887888     0.00748748     0.00748722
   -8.7487488     0.00774030     0.00774291
   -8.7087087     0.00545265     0.00545484
   -8.6686687     0.00341125     0.00341259
   -8.6286286     0.00143556     0.00143716
   -8.5885886    -0.00109982    -0.00109784
   -8.5485485    -0.00343402    -0.00343273
   -8.5085085    -0.00429153    -0.00429155
   -8.4684685    -0.00371976    -0.00372016
   -8.4284284    -0.00337767    -0.00337683
   -8.3883884    -0.00486828    -0.00486597
   -8.3483484    -0.00796429    -0.00796219
   -8.3083083    -0.01065127    -0.01065111
   -8.2682683    -0.01095300    -0.01095471
   -8.2282282    -0.00862697    -0.00862922
   -8.1881882    -0.00514748    -0.00514924
   -8.1481482    -0.00225825    -0.00225925
   -8.1081081    -0.00074670    -0.00074699
   -8.0680681    -0.00049101    -0.00049057
   -8.0280280    -0.00110522    -0.00110399
   -7.9879880    -0.00226199    -0.00226012
   -7.9479479    -0.00364439    -0.00364246
   -7.9079079    -0.00473080    -0.00472988
   -7.8678679    -0.00472297    -0.00472415
   -7.8278278    -0.00314018    -0.00314342
   -7.7877878    -0.00090927    -0.00091239
   -7.7477478    -0.00070546    -0.00070503
   -7.7077077    -0.00557677    -0.00557077
   -7.6676677    -0.01623405    -0.01622416
   -7.6276276    -0.02884441    -0.02883583
   -7.5875876    -0.03644080    -0.03643880
   -7.5475475    -0.03440392    -0.03440964
   -7.5075075    -0.02436867    -0.02437882
   -7.4674675    -0.01209740    -0.01210732
   -7.4274274    -0.00280543    -0.00281137
   -7.3873874     0.00089037     0.00089104
   -7.3473473    -0.00157730    -0.00156906
   -7.3073073    -0.00896706    -0.00895376
   -7.2672673    -0.01763659    -0.01762491
   -7.2272272    -0.02255923    -0.02255621
   -7.1871872    -0.02079278    -0.02079988
   -7.1471472    -0.01394211    -0.01395403
   -7.1071071    -0.00635259    -0.00636272
   -7.0670671    -0.00108339    -0.00108926
   -7.0270270     0.00174721     0.00174420
   -6.9869870     0.00341342     0.00341145
   -6.9469470     0.00478489     0.00478345
   -6.9069069     0.00607648     0.00607578
   -6.8668669     0.00727051     0.00727081
   -6.8268268     0.00825411     0.00825539
   -6.7867868     0.00911566     0.00911690
   -6.7467467     0.01041903     0.01041837
   -6.7067067     0.01207227     0.01206960
   -6.6666667     0.01238673     0.01238457
   -6.6266266     0.01005588     0.01005604
   -6.5865866     0.00622714     0.00622865
   -6.5465466     0.00323259     0.00323343
   -6.5065065     0.00245487     0.00245381
   -6.4664665     0.00400325     0.00400018
   -6.4264264     0.00707123     0.00706718
   -6.3863864     0.01029215     0.01028844
   -6.3463464     0.01297985     0.01297629
   -6.3063063     0.01591662     0.01591192
   -6.2662663     0.01949853     0.01949358
   -6.2262262     0.02167176     0.02167027
   -6.1861862     0.01977914     0.01978327
   -6.1461461     0.01417598     0.01418330
   -6.1061061     0.00806696     0.00807327
   -6.0660661     0.00410686     0.00411021
   -6.0260260     0.00272993     0.00273079
   -5.9859860     0.00326437     0.00326357
   -5.9459459     0.00530408     0.00530188
   -5.9059059     0.00869553     0.00869231
   -5.8658659     0.01240625     0.01240360
   -5.8258258     0.01422015     0.01422011
   -5.7857858     0.01259369     0.01259661
   -5.7457458     0.00848378     0.00848777
   -5.7057057     0.00445545     0.00445821
   -5.6656657     0.00260507     0.00260502
   -5.6256256     0.00433026     0.00432577
   -5.5855856     0.01104263     0.01103233
   -5.5455455     0.02240561     0.02239198
   -5.5055055     0.03325357     0.03324456
   -5.4654655     0.03617966     0.03618144
   -5.4254254     0.02995941     0.02996823
   -5.3853854     0.02167349     0.02168007
   -5.3453453     0.01803038     0.01803106
   -5.3053053     0.01839607     0.01839494
   -5.2652653     0.01826902     0.01827037
   -5.2252252     0.01632151     0.01632449
   -5.1851852     0.01508756     0.01508916
   -5.1451452     0.01581831     0.01581850
   -5.1051051     0.01607351     0.01607472
   -5.0650651     0.01341433     0.01341738
   -5.0250250     0.00887906     0.00888228
   -4.9849850     0.00518415     0.00518605
   -4.9449449     0.00333804     0.00333886
   -4.9049049     0.00245823     0.00245885
   -4.8648649     0.00165587     0.00165657
   -4.8248248     0.00086977     0.00087035
   -4.7847848     0.00033769     0.00033800
   -4.7447447     0.00009558     0.00009569
   -4.7047047     0.00001984     0.00001987
   -4.6646647     0.00000538     0.00000538
   -4.6246246     0.00002357     0.00002353
   -4.5845846     0.00016363     0.00016338
   -4.5445445     0.00086074     0.00085962
   -4.5045045     0.00341574     0.00341205
   -4.4644645     0.01032311     0.01031427
   -4.4244244     0.02397204     0.02395674
   -4.3843844     0.04304562     0.04302767
   -4.3443443     0.05994328     0.05993179
   -4.3043043     0.06485720     0.06485947
   -4.2642643     0.05529005     0.05530326
   -4.2242242     0.03993785     0.03995103
   -4.1841842     0.03051632     0.03052122
   -4.1441441     0.03126647     0.03126362
   -4.1041041     0.03807325     0.03806798
   -4.0640641     0.04477328     0.04476983
   -4.0240240     0.04759260     0.04759249
   -3.9839840     0.04570893     0.04571181
   -3.9439439     0.04053283     0.04053727
   -3.9039039     0.03459211     0.03459637
   -3.8638639     0.03009359     0.03009662
   -3.8238238     0.02777198     0.02777376
   -3.7837838     0.02708920     0.02709007
   -3.7437437     0.02717707     0.02717764
   -3.7037037     0.02644619     0.02644800
   -3.6636637     0.02264270     0.02264708
   -3.6236236     0.01549818     0.01550409
   -3.5835836     0.00774756     0.00775257
   -3.5435435     0.00214658     0.00214949
   -3.5035035    -0.00074427    -0.00074306
   -3.4634635    -0.00167548    -0.00167525
   -3.4234234    -0.00148756    -0.00148777
   -3.3833834    -0.00088919    -0.00088947
   -3.3433433    -0.00037374    -0.00037393
   -3.3033033    -0.00006921    -0.00006933
   -3.2632633     0.00020427     0.00020408
   -3.2232232     0.00079781     0.00079735
   -3.1831832     0.00207362     0.00207278
   -3.1431431     0.00404034     0.00403929
   -3.1031031     0.00606422     0.00606345
   -3.0630631     0.00730778     0.00730761
   -3.0230230     0.00753719     0.00753749
   -2.9829830     0.00709802     0.00709857
   -2.9429429     0.00621900     0.00621974
   -2.9029029     0.00494947     0.00495032
   -2.8628629     0.00372214     0.00372274
   -2.8228228     0.00328307     0.00328318
   -2.7827828     0.00351993     0.00352028
   -2.7427427     0.00226144     0.00226409
   -2.7027027    -0.00389301    -0.00388626
   -2.6626627    -0.01567565    -0.01566632
   -2.6226226    -0.02791917    -0.02791245
   -2.5825826    -0.03352550    -0.03352477
   -2.5425425    -0.03193196    -0.03193433
   -2.5025025    -0.02939204    -0.02939275
   -2.4624625    -0.02963484    -0.02963409
   -2.4224224    -0.02935709    -0.02935877
   -2.3823824    -0.02438084    -0.02438636
   -2.3423423    -0.01571922    -0.01572593
   -2.3023023    -0.00765641    -0.00766131
   -2.2622623    -0.00278560    -0.00278799
   -2.2222222    -0.00075176    -0.00075258
   -2.1821822    -0.00014969    -0.00014988
   -2.1421421    -0.00002204    -0.00002207
   -2.1021021    -0.00000408    -0.00000408
   -2.0620621    -0.00001523    -0.00001521
   -2.0220220    -0.00009512    -0.00009503
   -1.9819820    -0.00044052    -0.00044018
   -1.9419419    -0.00150421    -0.00150331
   -1.9019019    -0.00382265    -0.00382098
   -1.8618619    -0.00732496    -0.00732287
   -1.8218218    -0.01074569    -0.01074419
   -1.7817818    -0.01221866    -0.01221867
   -1.7417417    -0.01075595    -0.01075756
   -1.7017017    -0.00703295    -0.00703537
   -1.6616617    -0.00275340    -0.00275563
   -1.6216216     0.00055043     0.00054906
   -1.5815816     0.00216768     0.00216731
   -1.5415415     0.00224707     0.00224740
   -1.5015015     0.00158265     0.00158310
   -1.4614615     0.00116117     0.00116120
   -1.4214214     0.00176547     0.00176471
   -1.3813814     0.00386106     0.00385939
   -1.3413413     0.00729528     0.00729312
   -1.3013013     0.01076185     0.01076034
   -1.2612613     0.01216205     0.01216231
   -1.2212212     0.01039775     0.01039972
   -1.1811812     0.00664675     0.00664918
   -1.1411411     0.00314661     0.00314832
   -1.1011011     0.00109540     0.00109620
   -1.0610611     0.00027907     0.00027932
   -1.0210210     0.00005187     0.00005192
   -0.9809810     0.00000702     0.00000703
   -0.9409409     0.00000069     0.00000069
   -0.9009009     0.00000005     0.00000005
   -0.8608609     0.00000008     0.00000008
   -0.8208208     0.00000125     0.00000124
   -0.7807808     0.00001372     0.00001370
   -0.7407407     0.00010956     0.00010943
   -0.7007007     0.00063509     0.00063448
   -0.6606607     0.00267133     0.00266927
   -0.6206206     0.00815296     0.00814824
   -0.5805806     0.01805404     0.01804713
   -0.5405405     0.02900467     0.02899926
   -0.5005005     0.03380108     0.03380141
   -0.4604605     0.02856774     0.02857363
   -0.4204204     0.01753261     0.01753961
   -0.3803804     0.00803183     0.00803622
   -0.3403403     0.00380664     0.00380761
   -0.3003003     0.00499274     0.00499079
   -0.2602603     0.01064347     0.01063949
   -0.2202202     0.01818020     0.01817644
   -0.1801802     0.02267096     0.02267030
   -0.1401401     0.02051750     0.02052057
   -0.1001001     0.01347758     0.01348200
   -0.0600601     0.00643224     0.00643549
   -0.0200200     0.00223826     0.00223978
    0.0200200     0.00057544     0.00057593
    0.0600601     0.00011453     0.00011463
    0.1001001     0.00002018     0.00002020
    0.1401401     0.00000459     0.00000459
    0.1801802     0.00000755     0.00000754
    0.2202202     0.00004112     0.00004108
    0.2602603     0.00017959     0.00017946
    0.3003003     0.00057096     0.00057066
    0.3403403     0.00131745     0.00131697
    0.3803804     0.00220603     0.00220559
    0.4204204     0.00268062     0.00268053
    0.4604605     0.00236377     0.00236409
    0.5005005     0.00151260     0.00151306
    0.5405405     0.00070241     0.00070274
    0.5805806     0.00023670     0.00023685
    0.6206206     0.00005788     0.00005793
    0.6606607     0.00001027     0.00001028
    0.7007007     0.00000132     0.00000132
    0.7407407     0.00000012     0.00000012
    0.7807808     0.00000001     0.00000001
    0.8208208     0.00000000     0.00000000
    0.8608609     0.00000000     0.00000000
    0.9009009     0.00000000     0.00000000
    0.9409409     0.00000000     0.00000000
    0.9809810     0.00000000     0.00000000
    1.0210210     0.00000000     0.00000000
    1.0610611     0.00000000     0.00000000
    1.1011011     0.00000000     0.00000000
    1.1411411     0.00000000     0.00000000
    1.1811812     0.00000000     0.00000000
    1.2212212     0.00000000     0.00000000
    1.2612613     0.00000000     0.00000000
    1.3013013     0.00000000     0.00000000
    1.3413413     0.00000000     0.00000000
    1.3813814     0.00000000     0.00000000
    1.4214214     0.00000007     0.00000007
    1.4614615     0.00000107     0.00000107
    1.5015015     0.00001305     0.00001304
    1.5415415     0.00011849     0.00011837
    1.5815816     0.00080855     0.00080789
    1.6216216     0.00417890     0.00417600
    1.6616617     0.01649040     0.01648106
    1.7017017     0.05006278     0.05004063
    1.7417417     0.11768736     0.11764922
    1.7817818     0.21580792     0.21576205
    1.8218218     0.31380529     0.31376926
    1.8618619     0.37723955     0.37722256
    1.9019019     0.40411353     0.40410833
    1.9419419     0.41011387     0.41011659
    1.9819820     0.38366913     0.38369015
    2.0220220     0.30466758     0.30470842
    2.0620621     0.19722392     0.19726540
    2.1021021     0.11186184     0.11188686
    2.1421421     0.06946172     0.06947118
    2.1821822     0.05550352     0.05550668
    2.2222222     0.05056495     0.05056755
    2.2622623     0.04744081     0.04744258
    2.3023023     0.05042810     0.05042515
    2.3423423     0.06659913     0.06658944
    2.3823824     0.09221727     0.09220638
    2.4224224     0.10836379     0.10836160
    2.4624625     0.09947458     0.09948357
    2.5025025     0.07434800     0.07435884
    2.5425425     0.06005823     0.06005837
    2.5825826     0.07822934     0.07821352
    2.6226226     0.12593218     0.12590851
    2.6626627     0.17095199     0.17093859
    2.7027027     0.17729197     0.17729867
    2.7427427     0.14885503     0.14886848
    2.7827828     0.13416029     0.13415596
    2.8228228     0.17558974     0.17555907
    2.8628629     0.26058337     0.26054460
    2.9029029     0.33191397     0.33189343
    2.9429429     0.34566678     0.34567382
    2.9829830     0.30260551     0.30263261
    3.0230230     0.22571712     0.22575363
    3.0630631     0.13952112     0.13955631
    3.1031031     0.06825434     0.06827895
    3.1431431     0.02616338     0.02617499
    3.1831832     0.01164244     0.01164373
    3.2232232     0.01943718     0.01942909
    3.2632633     0.05061604     0.05059755
    3.3033033     0.10228898     0.10226507
    3.3433433     0.15056122     0.15054654
    3.3833834     0.16085302     0.16085928
    3.4234234     0.12470882     0.12473069
    3.4634635     0.07016374     0.07018563
    3.5035035     0.02864677     0.02865962
    3.5435435     0.00848762     0.00849259
    3.5835836     0.00182492     0.00182624
    3.6236236     0.00028474     0.00028498
    3.6636637     0.00003224     0.00003227
    3.7037037     0.00000265     0.00000265
    3.7437437     0.00000015     0.00000015
    3.7837838    -0.00000014    -0.00000014
    3.8238238    -0.00000162    -0.00000162
    3.8638639    -0.00001263    -0.00001262
    3.9039039    -0.00007128    -0.00007123
    3.9439439    -0.00029095    -0.00029080
    3.9839840    -0.00085731    -0.00085697
    4.0240240    -0.00181126    -0.00181081
    4.0640641    -0.00268461    -0.00268436
    4.1041041    -0.00259132    -0.00259161
    4.1441441    -0.00110495    -0.00110575
    4.1841842     0.00108582     0.00108497
    4.2242242     0.00307767     0.00307689
    4.2642643     0.00576967     0.00576801
    4.3043043     0.01268108     0.01267675
    4.3443443     0.02754665     0.02753867
    4.3843844     0.04968537     0.04967525
    4.4244244     0.07189620     0.07188761
    4.4644645     0.08435927     0.08435561
    4.5045045     0.08135333     0.08135576
    4.5445445     0.06488387     0.06489105
    4.5845846     0.04283033     0.04283925
    4.6246246     0.02381483     0.02382212
    4.6646647     0.01321905     0.01322242
    4.7047047     0.01240708     0.01240602
    4.7447447     0.01971526     0.01971051
    4.7847848     0.03187878     0.03187097
    4.8248248     0.04585996     0.04584919
    4.8648649     0.05939884     0.05938639
    4.9049049     0.06953270     0.06952221
    4.9449449     0.07410186     0.07409460
    4.9849850     0.07801458     0.07800340
    5.0250250     0.09335243     0.09332763
    5.0650651     0.12510916     0.12507448
    5.1051051     0.15852552     0.15850093
    5.1451452     0.17048606     0.17048818
    5.1851852     0.15369339     0.15371941
    5.2252252     0.12236656     0.12240017
    5.2652653     0.09668594     0.09671214
    5.3053053     0.08606557     0.08607965
    5.3453453     0.08420395     0.08421125
    5.3853854     0.07791297     0.07792087
    5.4254254     0.06108034     0.06109037
    5.4654655     0.04106978     0.04107606
    5.5055055     0.03520278     0.03519416
    5.5455455     0.06429892     0.06426298
    5.5855856     0.14110962     0.14104568
    5.6256256     0.24685055     0.24678605
    5.6656657     0.32455465     0.32453135
    5.7057057     0.32689170     0.32692029
    5.7457458     0.27053989     0.27058616
    5.7857858     0.21380847     0.21383608
    5.8258258     0.18849027     0.18849603
    5.8658659     0.18468882     0.18468565
    5.9059059     0.19539419     0.19537998
    5.9459459     0.24031807     0.24027903
    5.9859860     0.33581058     0.33574540
    6.0260260     0.46354852     0.46347539
    6.0660661     0.57201026     0.57196181
    6.1061061     0.59676305     0.59677480
    6.1461461     0.50366420     0.50374267
    6.1861862     0.33172206     0.33182740
    6.2262262     0.16649327     0.16657557
    6.2662663     0.06429365     0.06433526
    6.3063063     0.02465284     0.02466499
    6.3463464     0.02230488     0.02230316
    6.3863864     0.03506690     0.03506155
    6.4264264     0.04639777     0.04639512
    6.4664665     0.04601380     0.04601588
    6.5065065     0.03529888     0.03530306
    6.5465466     0.02352866     0.02353168
    6.5865866     0.01669146     0.01669271
    6.6266266     0.01492336     0.01492284
    6.6666667     0.02031353     0.02030760
    6.7067067     0.04297528     0.04295635
    6.7467467     0.09496643     0.09493017
    6.7867868     0.17121881     0.17117561
    6.8268268     0.23651750     0.23649261
    6.8668669     0.24684334     0.24685540
    6.9069069     0.19326229     0.19330267
    6.9469470     0.11248376     0.11252607
    6.9869870     0.04830853     0.04833478
    7.0270270     0.01675137     0.01676112
    7.0670671     0.00969892     0.00969950
    7.1071071     0.01439196     0.01438903
    7.1471472     0.02417897     0.02417352
    7.1871872     0.04204205     0.04203053
    7.2272272     0.07778380     0.07776230
    7.2672673     0.13403001     0.13400136
    7.3073073     0.19703279     0.19700511
    7.3473473     0.25160509     0.25158227
    7.3873874     0.29342933     0.29341296
    7.4274274     0.31247632     0.31247428
    7.4674675     0.29265844     0.29267233
    7.5075075     0.25146554     0.25147309
    7.5475475     0.24422965     0.24420463
    7.5875876     0.29689418     0.29684610
    7.6276276     0.36170893     0.36167958
    7.6676677     0.37210488     0.37211854
    7.7077077     0.32114363     0.32118211
    7.7477478     0.25580207     0.25583444
    7.7877878     0.21411572     0.21413165
    7.8278278     0.19605336     0.19606089
    7.8678679     0.18679320     0.18679726
    7.9079079     0.18491338     0.18490959
    7.9479479     0.19570096     0.19568971
    7.9879880     0.21279264     0.21278250
    8.0280280     0.22776412     0.22775842
    8.0680681     0.24061620     0.24061421
    8.1081081     0.24197335     0.24198232
    8.1481482     0.21190212     0.21192810
    8.1881882     0.15255929     0.15259194
    8.2282282     0.09585154     0.09587312
    8.2682683     0.07000756     0.07001117
    8.3083083     0.07641338     0.07640453
    8.3483484     0.10239890     0.10238332
    8.3883884     0.14321793     0.14319509
    8.4284284     0.19989570     0.19986659
    8.4684685     0.26002176     0.25999639
    8.5085085     0.29757827     0.29756905
    8.5485485     0.29438979     0.29440127
    8.5885886     0.25297048     0.25299739
    8.6286286     0.19244185     0.19247269
    8.6686687     0.13699131     0.13701495
    8.7087087     0.10296249     0.10297411
    8.7487488     0.09432104     0.09432170
    8.7887888     0.10688453     0.10687745
    8.8288288     0.13217245     0.13216058
    8.8688689     0.16189933     0.16188407
    8.9089089     0.19034681     0.19033115
    8.9489490     0.20632312     0.20631652
    8.9889890     0.19166641     0.19167829
    9.0290290     0.14230860     0.14233506
    9.0690691     0.08072399     0.08075029
    9.1091091     0.03414074     0.03415690
    9.1491491     0.01063876     0.01064539
    9.1891892     0.00248899     0.00249082
    9.2292292     0.00084178     0.00084185
    9.2692693     0.00221964     0.00221843
    9.3093093     0.00825556     0.00825162
    9.3493494     0.02458428     0.02457482
    9.3893894     0.05814413     0.05812696
    9.4294294     0.10926268     0.10924036
    9.4694695     0.16141737     0.16140001
    9.5095095     0.18457425     0.18457352
    9.5495496     0.16166374     0.16168024
    9.5895896     0.11044792     0.11046875
    9.6296296     0.06798221     0.06799330
    9.6696697     0.05925926     0.05925462
    9.7097097     0.08971698     0.08969615
    9.7497497     0.15451972     0.15448531
    9.7897898     0.23841637     0.23837784
    9.8298298     0.31097346     0.31094753
    9.8698699     0.33754977     0.33755043
    9.9099099     0.30383334     0.30385988
    9.9499500     0.23171914     0.23175395
    9.9899900     0.16830418     0.16832474
   10.0300300     0.15168132     0.15167733
   10.0700701     0.18176971     0.18175096
   10.1101101     0.21958949     0.21957856
   10.1501502     0.21852022     0.21853267
   10.1901902     0.16737675     0.16740646
   10.2302302     0.09743511     0.09746399
   10.2702703     0.04377426     0.04379194
   10.3103103     0.01583092     0.01583867
   10.3503504     0.00516751     0.00516997
   10.3903904     0.00286522     0.00286507
   10.4304304     0.00524751     0.00524545
   10.4704705     0.01136432     0.01136088
   10.5105105     0.01916590     0.01916272
   10.5505506     0.02452266     0.02452173
   10.5905906     0.02454200     0.02454358
   10.6306306     0.02072606     0.02072837
   10.6706707     0.01790864     0.01790917
   10.7107107     0.02283557     0.02283126
   10.7507508     0.04485176     0.04483894
   10.7907908     0.09072127     0.09069973
   10.8308308     0.15018491     0.15016314
   10.8708709     0.19228530     0.19227624
   10.9109109     0.19162667     0.19163417
   10.9509510     0.15655592     0.15657070
   10.9909910     0.11793986     0.11795085
   11.0310310     0.09719710     0.09720064
   11.0710711     0.09387550     0.09387528
   11.1111111     0.09250297     0.09250590
   11.1511512     0.07805130     0.07806062
   11.1911912     0.05123759     0.05124938
   11.2312312     0.02577171     0.02578010
   11.2712713     0.01251281     0.01251545
   11.3113113     0.01353053     0.01352797
   11.3513514     0.02626134     0.02625525
   11.3913914     0.04445999     0.04445355
   11.4314314     0.05777971     0.05777683
   11.4714715     0.05786502     0.05786728
   11.5115115     0.04531856     0.04532408
   11.5515516     0.02819042     0.02819591
   11.5915916     0.01509424     0.01509728
   11.6316316     0.01105414     0.01105373
   11.6716717     0.01721531     0.01721175
   11.7117117     0.03012197     0.03011738
   11.7517518     0.04086251     0.04086039
   11.7917918     0.04057134     0.04057352
   11.8318318     0.02954395     0.02954838
   11.8718719     0.01730409     0.01730673
   11.9119119     0.01455267     0.01454976
   11.9519520     0.02905255     0.02904122
   11.9919920     0.06311642     0.06309779
   12.0320320     0.10503656     0.10501978
   12.0720721     0.12874458     0.12874166
   12.1121121     0.11646860     0.11648148
   12.1521522     0.07855612     0.07857468
   12.1921922     0.04020064     0.04021469
   12.2322322     0.01603974     0.01604683
   12.2722723     0.00528852     0.00529107
   12.3123123     0.00208878     0.00208916
   12.3523524     0.00287670     0.00287563
   12.3923924     0.00798699     0.00798332
   12.4324324     0.02228464     0.02227506
   12.4724725     0.05425663     0.05423752
   12.5125125     0.10701593     0.10698956
   12.5525526     0.16482897     0.16480733
   12.5925926     0.19716583     0.19716215
   12.6326326     0.18527429     0.18529004
   12.6726727     0.13894478     0.13896935
   12.7127127     0.08447701     0.08449813
   12.7527528     0.04497889     0.04498932
   12.7927928     0.03393123     0.03392733
   12.8328328     0.05849571     0.05847571
   12.8728729     0.11586282     0.11583211
   12.9129129     0.17977513     0.17975129
   12.9529530     0.20643812     0.20643941
   12.9929930     0.17421177     0.17423722
   13.0330330     0.10796702     0.10799784
   13.0730731     0.04958906     0.04960964
   13.1131131     0.01866100     0.01866921
   13.1531532     0.01098678     0.01098680
   13.1931932     0.01820249     0.01819687
   13.2332332     0.03682374     0.03681331
   13.2732733     0.06277194     0.06275988
   13.3133133     0.08453245     0.08452541
   13.3533534     0.08801519     0.08801805
   13.3933934     0.07034511     0.07035550
   13.4334334     0.04448826     0.04449833
   13.4734735     0.02842313     0.02842594
   13.5135135     0.03282435     0.03281770
   13.5535536     0.05612995     0.05611737
   13.5935936     0.08398692     0.08397683
   13.6336336     0.09620681     0.09620698
   13.6736737     0.08304739     0.08305776
   13.7137137     0.05404595     0.05405927
   13.7537538     0.02671504     0.02672472
   13.7937938     0.01031714     0.01032186
   13.8338338     0.00337871     0.00338040
   13.8738739     0.00117808     0.00117850
   13.9139139     0.00119949     0.00119901
   13.9539540     0.00460293     0.00460020
   13.9939940     0.01723465     0.01722631
   14.0340340     0.04817933     0.04816224
   14.0740741     0.09925670     0.09923413
   14.1141141     0.15208085     0.15206451
   14.1541542     0.17739194     0.17739130
   14.1941942     0.16625291     0.16626374
   14.2342342     0.13929347     0.13930395
   14.2742743     0.11888213     0.11888717
   14.3143143     0.10684906     0.10685270
   14.3543544     0.09261090     0.09261800
   14.3943944     0.07040942     0.07041976
   14.4344344     0.04446319     0.04447307
   14.4744745     0.02263592     0.02264255
   14.5145145     0.00909666     0.00909992
   14.5545546     0.00283316     0.00283436
   14.5945946     0.00067264     0.00067297
   14.6346346     0.00012006     0.00012012
   14.6746747     0.00001594     0.00001595
   14.7147147     0.00000156     0.00000156
   14.7547548     0.00000012     0.00000012
   14.7947948     0.00000009     0.00000009
   14.8348348     0.00000119     0.00000119
   14.8748749     0.00001305     0.00001304
   14.9149149     0.00010385     0.00010379
   14.9549550     0.00060166     0.00060136
   14.9949950     0.00254113     0.00254009
   15.0350350     0.00784026     0.00783783
   15.0750751     0.01775177     0.01774798
   15.1151151     0.02983708     0.02983345
   15.1551552     0.03835453     0.03835286
   15.1951952     0.04036889     0.04036912
   15.2352352     0.03870888     0.03870971
   15.2752753     0.03591447     0.03591580
   15.3153153     0.03021904     0.03022162
   15.3553554     0.02069715     0.02070053
   15.3953954     0.01078053     0.01078328
   15.4354354     0.00415599     0.00415745
   15.4754755     0.00123696     0.00123744
   15.5155155     0.00059376     0.00059371
   15.5555556     0.00129732     0.00129683
   15.5955956     0.00326615     0.00326520
   15.6356356     0.00624633     0.00624516
   15.6756757     0.00940713     0.00940600
   15.7157157     0.01327305     0.01327119
   15.7557558     0.02181219     0.02180774
   15.7957958     0.03872809     0.03872082
   15.8358358     0.05883547     0.05882929
   15.8758759     0.06801897     0.06801895
   15.9159159     0.05790289     0.05790923
   15.9559560     0.03610177     0.03610971
   15.9959960     0.01660570     0.01661108
   16.0360360     0.00609608     0.00609817
   16.0760761     0.00370611     0.00370548
   16.1161161     0.00804324     0.00803973
   16.1561562     0.01930132     0.01929495
   16.1961962     0.03470195     0.03469536
   16.2362362     0.04539151     0.04538933
   16.2762763     0.04311854     0.04312261
   16.3163163     0.02975199     0.02975903
   16.3563564     0.01497126     0.01497689
   16.3963964     0.00574855     0.00575129
   16.4364364     0.00246613     0.00246686
   16.4764765     0.00264408     0.00264395
   16.5165165     0.00413192     0.00413155
   16.5565566     0.00578846     0.00578802
   16.5965966     0.00781997     0.00781923
   16.6366366     0.01131066     0.01130947
   16.6766767     0.01618746     0.01618620
   16.7167167     0.02067905     0.02067828
   16.7567568     0.02387116     0.02387079
   16.7967968     0.02646651     0.02646626
   16.8368368     0.02767445     0.02767472
   16.8768769     0.02484138     0.02484271
   16.9169169     0.01769829     0.01770032
   16.9569570     0.00965054     0.00965232
   16.9969970     0.00407863     0.00407957
   17.0370370     0.00206482     0.00206469
   17.0770771     0.00462308     0.00462086
   17.1171171     0.01658031     0.01657341
   17.1571572     0.04740467     0.04739020
   17.1971972     0.10528494     0.10526325
   17.2372372     0.18997810     0.18995314
   17.2772773     0.29638179     0.29635567
   17.3173173     0.41861911     0.41859193
   17.3573574     0.53062584     0.53060611
   17.3973974     0.57169795     0.57170281
   17.4374374     0.49422079     0.49425538
   17.4774775     0.32970850     0.32975476
   17.5175175     0.16694746     0.16698249
   17.5575576     0.06747253     0.06748813
   17.5975976     0.03373378     0.03373427
   17.6376376     0.04049593     0.04048869
   17.6776777     0.06252988     0.06252205
   17.7177177     0.08250761     0.08250335
   17.7577578     0.09887246     0.09886847
   17.7977978     0.12604332     0.12603171
   17.8378378     0.17347555     0.17345521
   17.8778779     0.22366155     0.22364453
   17.9179179     0.24183018     0.24183071
   17.9579580     0.21649192     0.21650849
   17.9979980     0.17743929     0.17745678
   18.0380380     0.15540821     0.15541838
   18.0780781     0.14230593     0.14231390
   18.1181181     0.11393041     0.11394141
   18.1581582     0.07059244     0.07060393
   18.1981982     0.03234757     0.03235527
   18.2382382     0.01081358     0.01081700
   18.2782783     0.00262711     0.00262815
   18.3183183     0.00046335     0.00046357
   18.3583584     0.00005931     0.00005934
   18.3983984     0.00000551     0.00000552
   18.4384384     0.00000048     0.00000048
   18.4784785     0.00000191     0.00000191
   18.5185185     0.00002356     0.00002354
   18.5585586     0.00021430     0.00021417
   18.5985986     0.00142862     0.00142792
   18.6386386     0.00701319     0.00701039
   18.6786787     0.02554294     0.02553494
   18.7187187     0.06980695     0.06979072
   18.7587588     0.14548342     0.14546028
   18.7987988     0.23626183     0.23623934
   18.8388388     0.30789872     0.30788506
   18.8788789     0.33838783     0.33838266
   18.9189189     0.34520142     0.34519423
   18.9589590     0.36859330     0.36857632
   18.9989990     0.41470851     0.41469169
   19.0390390     0.43301595     0.43301972
   19.0790791     0.37415431     0.37418498
   19.1191191     0.25323348     0.25327513
   19.1591592     0.13264559     0.13267786
   19.1991992     0.05884102     0.05885620
   19.2392392     0.03611742     0.03611947
   19.2792793     0.04529691     0.04529292
   19.3193193     0.06410317     0.06409916
   19.3593594     0.07508390     0.07508325
   19.3993994     0.07283274     0.07283421
   19.4394394     0.06950508     0.06950297
   19.4794795     0.08594494     0.08593441
   19.5195195     0.12848826     0.12847248
   19.5595596     0.17417316     0.17416315
   19.5995996     0.18848947     0.18849341
   19.6396396     0.16090710     0.16092177
   19.6796797     0.11241471     0.11243070
   19.7197197     0.06814392     0.06815565
   19.7597598     0.03713825     0.03714552
   19.7997998     0.01769576     0.01769989
   19.8398398     0.00690259     0.00690459
   19.8798799     0.00212017     0.00212090
   19.9199199     0.00065456     0.00065469
   19.9599600     0.00065099     0.00065086
   20.0000000     0.00132171     0.00132145
