#
#   partial DOS for atom species: Ni
#
#   Add data for atom_index =   2,  n,l,m,z=  3  2 -2  1
#   Add data for atom_index =   2,  n,l,m,z=  3  2 -1  1
#   Add data for atom_index =   2,  n,l,m,z=  3  2  0  1
#   Add data for atom_index =   2,  n,l,m,z=  3  2  1  1
#   Add data for atom_index =   2,  n,l,m,z=  3  2  2  1
#   Add data for atom_index =   2,  n,l,m,z=  3  2 -2  2
#   Add data for atom_index =   2,  n,l,m,z=  3  2 -1  2
#   Add data for atom_index =   2,  n,l,m,z=  3  2  0  2
#   Add data for atom_index =   2,  n,l,m,z=  3  2  1  2
#   Add data for atom_index =   2,  n,l,m,z=  3  2  2  2
#   Add data for atom_index =   2,  n,l,m,z=  3  2 -2  3
#   Add data for atom_index =   2,  n,l,m,z=  3  2 -1  3
#   Add data for atom_index =   2,  n,l,m,z=  3  2  0  3
#   Add data for atom_index =   2,  n,l,m,z=  3  2  1  3
#   Add data for atom_index =   2,  n,l,m,z=  3  2  2  3
#
#    Energy          spin 1        spin2
#
  -20.0000000     0.00000000     0.00000000
  -19.9599600     0.00000000     0.00000000
  -19.9199199     0.00000000     0.00000000
  -19.8798799     0.00000000     0.00000000
  -19.8398398     0.00000000     0.00000000
  -19.7997998     0.00000000     0.00000000
  -19.7597598     0.00000000     0.00000000
  -19.7197197     0.00000000     0.00000000
  -19.6796797     0.00000000     0.00000000
  -19.6396396     0.00000000     0.00000000
  -19.5995996     0.00000000     0.00000000
  -19.5595596     0.00000000     0.00000000
  -19.5195195     0.00000000     0.00000000
  -19.4794795     0.00000000     0.00000000
  -19.4394394     0.00000000     0.00000000
  -19.3993994     0.00000000     0.00000000
  -19.3593594     0.00000000     0.00000000
  -19.3193193     0.00000000     0.00000000
  -19.2792793     0.00000000     0.00000000
  -19.2392392     0.00000000     0.00000000
  -19.1991992     0.00000000     0.00000000
  -19.1591592     0.00000000     0.00000000
  -19.1191191     0.00000000     0.00000000
  -19.0790791     0.00000000     0.00000000
  -19.0390390     0.00000000     0.00000000
  -18.9989990     0.00000000     0.00000000
  -18.9589590     0.00000000     0.00000000
  -18.9189189     0.00000000     0.00000000
  -18.8788789     0.00000000     0.00000000
  -18.8388388     0.00000000     0.00000000
  -18.7987988     0.00000000     0.00000000
  -18.7587588     0.00000000     0.00000000
  -18.7187187     0.00000000     0.00000000
  -18.6786787     0.00000000     0.00000000
  -18.6386386     0.00000000     0.00000000
  -18.5985986     0.00000000     0.00000000
  -18.5585586     0.00000000     0.00000000
  -18.5185185     0.00000000     0.00000000
  -18.4784785     0.00000000     0.00000000
  -18.4384384     0.00000000     0.00000000
  -18.3983984     0.00000000     0.00000000
  -18.3583584     0.00000000     0.00000000
  -18.3183183     0.00000000     0.00000000
  -18.2782783     0.00000000     0.00000000
  -18.2382382     0.00000001     0.00000000
  -18.1981982     0.00000005     0.00000000
  -18.1581582     0.00000027     0.00000001
  -18.1181181     0.00000108     0.00000004
  -18.0780781     0.00000315     0.00000022
  -18.0380380     0.00000666     0.00000090
  -17.9979980     0.00001022     0.00000265
  -17.9579580     0.00001139     0.00000564
  -17.9179179     0.00000920     0.00000871
  -17.8778779     0.00000540     0.00000977
  -17.8378378     0.00000230     0.00000795
  -17.7977978     0.00000071     0.00000469
  -17.7577578     0.00000016     0.00000201
  -17.7177177     0.00000003     0.00000063
  -17.6776777     0.00000000     0.00000014
  -17.6376376     0.00000000     0.00000002
  -17.5975976     0.00000003     0.00000000
  -17.5575576     0.00000020     0.00000000
  -17.5175175     0.00000116     0.00000002
  -17.4774775     0.00000498     0.00000016
  -17.4374374     0.00001583     0.00000096
  -17.3973974     0.00003742     0.00000430
  -17.3573574     0.00006605     0.00001418
  -17.3173173     0.00008733     0.00003468
  -17.2772773     0.00008661     0.00006301
  -17.2372372     0.00006438     0.00008508
  -17.1971972     0.00003577     0.00008534
  -17.1571572     0.00001479     0.00006349
  -17.1171171     0.00000453     0.00003496
  -17.0770771     0.00000103     0.00001420
  -17.0370370     0.00000017     0.00000425
  -16.9969970     0.00000003     0.00000093
  -16.9569570     0.00000005     0.00000015
  -16.9169169     0.00000042     0.00000002
  -16.8768769     0.00000247     0.00000005
  -16.8368368     0.00001050     0.00000041
  -16.7967968     0.00003234     0.00000239
  -16.7567568     0.00007232     0.00001023
  -16.7167167     0.00011736     0.00003176
  -16.6766767     0.00013822     0.00007156
  -16.6366366     0.00011813     0.00011702
  -16.5965966     0.00007327     0.00013888
  -16.5565566     0.00003298     0.00011962
  -16.5165165     0.00001077     0.00007477
  -16.4764765     0.00000255     0.00003392
  -16.4364364     0.00000044     0.00001117
  -16.3963964     0.00000005     0.00000267
  -16.3563564     0.00000000     0.00000046
  -16.3163163     0.00000000     0.00000006
  -16.2762763     0.00000000     0.00000001
  -16.2362362     0.00000002     0.00000000
  -16.1961962     0.00000011     0.00000002
  -16.1561562     0.00000055     0.00000013
  -16.1161161     0.00000197     0.00000074
  -16.0760761     0.00000517     0.00000299
  -16.0360360     0.00000981     0.00000871
  -15.9959960     0.00001353     0.00001841
  -15.9559560     0.00001350     0.00002824
  -15.9159159     0.00000954     0.00003144
  -15.8758759     0.00000359     0.00002541
  -15.8358358    -0.00000434     0.00001491
  -15.7957958    -0.00001772     0.00000642
  -15.7557558    -0.00003832     0.00000226
  -15.7157157    -0.00005927     0.00000130
  -15.6756757    -0.00006894     0.00000188
  -15.6356356    -0.00006523     0.00000318
  -15.5955956    -0.00005667     0.00000586
  -15.5555556    -0.00004288     0.00001310
  -15.5155155    -0.00000857     0.00002965
  -15.4754755     0.00004855     0.00005771
  -15.4354354     0.00009816     0.00009482
  -15.3953954     0.00010673     0.00013529
  -15.3553554     0.00007691     0.00016663
  -15.3153153     0.00003879     0.00016865
  -15.2752753     0.00001397     0.00013286
  -15.2352352     0.00000359     0.00007859
  -15.1951952     0.00000040     0.00003425
  -15.1551552    -0.00000147     0.00001091
  -15.1151151    -0.00000602     0.00000254
  -15.0750751    -0.00001481     0.00000059
  -15.0350350    -0.00001806     0.00000135
  -14.9949950     0.00001240     0.00000769
  -14.9549550     0.00009625     0.00003384
  -14.9149149     0.00019712     0.00010962
  -14.8748749     0.00024537     0.00026023
  -14.8348348     0.00023337     0.00045451
  -14.7947948     0.00022349     0.00059458
  -14.7547548     0.00023854     0.00061291
  -14.7147147     0.00022915     0.00055243
  -14.6746747     0.00016706     0.00048506
  -14.6346346     0.00008785     0.00040805
  -14.5945946     0.00003310     0.00029221
  -14.5545546     0.00000903     0.00016227
  -14.5145145     0.00000242     0.00006699
  -14.4744745     0.00000497     0.00002044
  -14.4344344     0.00002531     0.00000620
  -14.3943944     0.00010432     0.00001139
  -14.3543544     0.00033724     0.00004935
  -14.3143143     0.00086464     0.00017636
  -14.2742743     0.00177012     0.00050023
  -14.2342342     0.00291921     0.00114077
  -14.1941942     0.00395901     0.00210005
  -14.1541542     0.00455282     0.00311938
  -14.1141141     0.00451808     0.00377890
  -14.0740741     0.00379848     0.00388440
  -14.0340340     0.00258982     0.00361120
  -13.9939940     0.00137443     0.00313698
  -13.9539540     0.00055406     0.00243602
  -13.9139139     0.00017072     0.00156608
  -13.8738739     0.00006020     0.00079086
  -13.8338338     0.00012232     0.00031085
  -13.7937938     0.00044309     0.00012017
  -13.7537538     0.00122984     0.00016249
  -13.7137137     0.00248883     0.00050655
  -13.6736737     0.00367039     0.00130265
  -13.6336336     0.00397901     0.00246466
  -13.5935936     0.00332265     0.00343860
  -13.5535536     0.00260481     0.00364941
  -13.5135135     0.00282263     0.00326085
  -13.4734735     0.00415185     0.00302618
  -13.4334334     0.00594499     0.00333910
  -13.3933934     0.00725919     0.00398685
  -13.3533534     0.00732427     0.00475085
  -13.3133133     0.00597100     0.00547204
  -13.2732733     0.00391719     0.00561296
  -13.2332332     0.00242980     0.00467897
  -13.1931932     0.00268452     0.00308097
  -13.1531532     0.00547471     0.00199166
  -13.1131131     0.01082671     0.00263838
  -13.0730731     0.01738201     0.00596605
  -13.0330330     0.02288719     0.01201381
  -12.9929930     0.02576122     0.01894933
  -12.9529530     0.02551016     0.02360090
  -12.9129129     0.02215770     0.02374347
  -12.8728729     0.01705110     0.01966330
  -12.8328328     0.01389872     0.01368083
  -12.7927928     0.01713450     0.00858126
  -12.7527528     0.02839307     0.00632147
  -12.7127127     0.04422732     0.00778415
  -12.6726727     0.05741070     0.01307891
  -12.6326326     0.06193253     0.02169135
  -12.5925926     0.05806966     0.03256479
  -12.5525526     0.05223439     0.04398716
  -12.5125125     0.05031860     0.05339924
  -12.4724725     0.05145498     0.05818366
  -12.4324324     0.05068563     0.05749337
  -12.3923924     0.04626287     0.05282207
  -12.3523524     0.04088433     0.04600609
  -12.3123123     0.03885961     0.03783879
  -12.2722723     0.04577253     0.02909450
  -12.2322322     0.06662741     0.02106790
  -12.1921922     0.10045619     0.01502823
  -12.1521522     0.14029357     0.01200213
  -12.1121121     0.18016921     0.01289115
  -12.0720721     0.21721169     0.01921559
  -12.0320320     0.24784584     0.03334274
  -11.9919920     0.27229017     0.05629381
  -11.9519520     0.30152860     0.08595413
  -11.9119119     0.34304020     0.11971575
  -11.8718719     0.37832735     0.15710898
  -11.8318318     0.37695021     0.19612389
  -11.7917918     0.34269341     0.23004693
  -11.7517518     0.32490025     0.25269781
  -11.7117117     0.36758432     0.26339802
  -11.6716717     0.46024549     0.26515893
  -11.6316316     0.55439261     0.26405454
  -11.5915916     0.62236575     0.26969099
  -11.5515516     0.68173189     0.28917345
  -11.5115115     0.75677597     0.32187703
  -11.4714715     0.83446461     0.36508041
  -11.4314314     0.87645901     0.42320212
  -11.3913914     0.86618317     0.50539834
  -11.3513514     0.82520944     0.60596170
  -11.3113113     0.78887416     0.68739760
  -11.2712713     0.78035780     0.69954120
  -11.2312312     0.80634232     0.62781490
  -11.1911912     0.86972059     0.51317235
  -11.1511512     0.97206013     0.41492773
  -11.1111111     1.09743530     0.36373608
  -11.0710711     1.20342309     0.35777798
  -11.0310310     1.23284359     0.38844228
  -10.9909910     1.15665826     0.44699262
  -10.9509510     1.02327620     0.50831240
  -10.9109109     0.93252682     0.54243682
  -10.8708709     0.93842902     0.56171631
  -10.8308308     0.99638388     0.62555451
  -10.7907908     1.01578405     0.77303468
  -10.7507508     0.95781607     0.97458168
  -10.7107107     0.86927294     1.16549342
  -10.6706707     0.81250915     1.30262432
  -10.6306306     0.78887145     1.37651468
  -10.5905906     0.76202351     1.39039514
  -10.5505506     0.72996861     1.34836190
  -10.5105105     0.74030979     1.26530094
  -10.4704705     0.84733651     1.17764522
  -10.4304304     1.05053075     1.13121781
  -10.3903904     1.25515030     1.14097452
  -10.3503504     1.32604117     1.16222505
  -10.3103103     1.22171160     1.13944404
  -10.2702703     1.04921000     1.08323431
  -10.2302302     0.94717907     1.05088698
  -10.1901902     0.94629602     1.06970520
  -10.1501502     0.98741611     1.12593944
  -10.1101101     1.02703398     1.20017916
  -10.0700701     1.05418718     1.26926187
  -10.0300300     1.04492815     1.28944552
   -9.9899900     0.97958220     1.23087987
   -9.9499500     0.89494673     1.13987386
   -9.9099099     0.87700274     1.11028699
   -9.8698699     0.98072160     1.17972380
   -9.8298298     1.14387676     1.29911587
   -9.7897898     1.21426253     1.38838453
   -9.7497497     1.10374103     1.38900478
   -9.7097097     0.88415661     1.29215656
   -9.6696697     0.70665911     1.13900963
   -9.6296296     0.67644499     0.98530201
   -9.5895896     0.82747584     0.86908361
   -9.5495496     1.15478117     0.81476854
   -9.5095095     1.60354801     0.84709910
   -9.4694695     2.04067711     0.97370389
   -9.4294294     2.31403450     1.15256424
   -9.3893894     2.36666896     1.30686821
   -9.3493494     2.26394907     1.38215791
   -9.3093093     2.11495698     1.38361318
   -9.2692693     1.98159436     1.36910388
   -9.2292292     1.84798662     1.38821153
   -9.1891892     1.66939819     1.41543630
   -9.1491491     1.44653135     1.38396963
   -9.1091091     1.23233911     1.29657892
   -9.0690691     1.06377202     1.26290294
   -9.0290290     0.92626101     1.39640589
   -8.9889890     0.80113275     1.67651213
   -8.9489490     0.70596949     1.94423307
   -8.9089089     0.66719682     2.04411524
   -8.8688689     0.68149029     1.94127327
   -8.8288288     0.71709875     1.72719379
   -8.7887888     0.73087907     1.56882138
   -8.7487488     0.68549325     1.59556102
   -8.7087087     0.58640541     1.75977807
   -8.6686687     0.50462093     1.85431173
   -8.6286286     0.52725300     1.71999111
   -8.5885886     0.67546469     1.40141997
   -8.5485485     0.88660097     1.07143111
   -8.5085085     1.07211073     0.85256503
   -8.4684685     1.16810856     0.75744910
   -8.4284284     1.14106775     0.74778999
   -8.3883884     1.00384518     0.77778457
   -8.3483484     0.83754199     0.80179247
   -8.3083083     0.74012290     0.78762797
   -8.2682683     0.74220797     0.72498714
   -8.2282282     0.80232759     0.62658373
   -8.1881882     0.86458242     0.52675784
   -8.1481482     0.89734708     0.45942509
   -8.1081081     0.90059362     0.43403601
   -8.0680681     0.89581727     0.43945499
   -8.0280280     0.89975079     0.45549602
   -7.9879880     0.90274936     0.45768661
   -7.9479479     0.88018755     0.43380077
   -7.9079079     0.83106902     0.40206437
   -7.8678679     0.79778923     0.39804070
   -7.8278278     0.82909198     0.43731436
   -7.7877878     0.91769043     0.49596767
   -7.7477478     0.98958901     0.53022120
   -7.7077077     0.96956904     0.51867249
   -7.6676677     0.85046112     0.48664715
   -7.6276276     0.68957183     0.47565059
   -7.5875876     0.55045313     0.48803173
   -7.5475475     0.45810112     0.48633417
   -7.5075075     0.40483883     0.44488596
   -7.4674675     0.38708332     0.37627506
   -7.4274274     0.41709941     0.31492852
   -7.3873874     0.49382215     0.29425107
   -7.3473473     0.58010617     0.33166327
   -7.3073073     0.62336393     0.41771312
   -7.2672673     0.59962923     0.51246101
   -7.2272272     0.53388717     0.56830610
   -7.1871872     0.47421267     0.57191656
   -7.1471472     0.44520232     0.54499529
   -7.1071071     0.42918709     0.50420816
   -7.0670671     0.39379754     0.45682725
   -7.0270270     0.33264165     0.42208193
   -6.9869870     0.27295665     0.41457694
   -6.9469470     0.24207182     0.42075057
   -6.9069069     0.23521942     0.41893820
   -6.8668669     0.22808931     0.40528830
   -6.8268268     0.21106300     0.38418516
   -6.7867868     0.19262115     0.35466336
   -6.7467467     0.17874204     0.31792289
   -6.7067067     0.16780660     0.28429377
   -6.6666667     0.16006773     0.26879338
   -6.6266266     0.15834006     0.28161789
   -6.5865866     0.16064732     0.31797372
   -6.5465466     0.16049736     0.35736036
   -6.5065065     0.15510461     0.38025445
   -6.4664665     0.14829315     0.38696602
   -6.4264264     0.14431188     0.39273111
   -6.3863864     0.14230391     0.40441318
   -6.3463464     0.13834440     0.41131162
   -6.3063063     0.13114625     0.39712530
   -6.2662663     0.12525154     0.35363949
   -6.2262262     0.12816555     0.28943908
   -6.1861862     0.14276439     0.22954877
   -6.1461461     0.16435059     0.19740239
   -6.1061061     0.18558130     0.19506497
   -6.0660661     0.20125257     0.20592567
   -6.0260260     0.20906295     0.21366672
   -5.9859860     0.20792441     0.21412233
   -5.9459459     0.19682648     0.21187067
   -5.9059059     0.17686301     0.21020835
   -5.8658659     0.15256494     0.20731158
   -5.8258258     0.12881808     0.20312271
   -5.7857858     0.10791134     0.20378391
   -5.7457458     0.09049247     0.21233460
   -5.7057057     0.07724064     0.22093784
   -5.6656657     0.06902476     0.21989340
   -5.6256256     0.06671045     0.20914178
   -5.5855856     0.07047190     0.19763505
   -5.5455455     0.07893691     0.19634384
   -5.5055055     0.08892771     0.21139853
   -5.4654655     0.09536904     0.23894670
   -5.4254254     0.09313086     0.26496021
   -5.3853854     0.08130660     0.27328975
   -5.3453453     0.06448989     0.25900009
   -5.3053053     0.04860937     0.23508750
   -5.2652653     0.03710287     0.22180143
   -5.2252252     0.03091675     0.22538823
   -5.1851852     0.02943941     0.23121232
   -5.1451452     0.03062285     0.22111037
   -5.1051051     0.03190362     0.19140272
   -5.0650651     0.03200199     0.15238760
   -5.0250250     0.03088685     0.11771002
   -4.9849850     0.02859334     0.09495291
   -4.9449449     0.02612007     0.08205533
   -4.9049049     0.02582487     0.07245517
   -4.8648649     0.02830930     0.06253236
   -4.8248248     0.03074366     0.05254150
   -4.7847848     0.03037667     0.04339279
   -4.7447447     0.02786066     0.03551265
   -4.7047047     0.02552824     0.03021779
   -4.6646647     0.02432483     0.02928764
   -4.6246246     0.02416913     0.03140918
   -4.5845846     0.02582936     0.03198664
   -4.5445445     0.03052439     0.02868774
   -4.5045045     0.03800690     0.02405194
   -4.4644645     0.04581767     0.02182932
   -4.4244244     0.05030098     0.02423839
   -4.3843844     0.04901195     0.03214086
   -4.3443443     0.04275557     0.04389446
   -4.3043043     0.03443771     0.05422386
   -4.2642643     0.02662482     0.05773924
   -4.2242242     0.02137626     0.05412880
   -4.1841842     0.02020634     0.04767063
   -4.1441441     0.02238043     0.04245927
   -4.1041041     0.02476098     0.03977421
   -4.0640641     0.02446089     0.03820936
   -4.0240240     0.02115072     0.03532373
   -3.9839840     0.01678295     0.02995753
   -3.9439439     0.01369480     0.02286615
   -3.9039039     0.01296646     0.01596783
   -3.8638639     0.01413530     0.01191130
   -3.8238238     0.01611174     0.01309875
   -3.7837838     0.01802190     0.01953772
   -3.7437437     0.01938503     0.02744118
   -3.7037037     0.02024933     0.03116293
   -3.6636637     0.02105300     0.02805873
   -3.6236236     0.02196309     0.02135315
   -3.5835836     0.02284215     0.01719548
   -3.5435435     0.02366437     0.01865326
   -3.5035035     0.02446464     0.02285061
   -3.4634635     0.02516680     0.02448093
   -3.4234234     0.02526586     0.02198971
   -3.3833834     0.02417479     0.01891803
   -3.3433433     0.02256406     0.01927230
   -3.3033033     0.02192778     0.02342230
   -3.2632633     0.02249225     0.02850686
   -3.2232232     0.02316589     0.03159423
   -3.1831832     0.02350789     0.03189820
   -3.1431431     0.02452816     0.02990862
   -3.1031031     0.02737408     0.02616487
   -3.0630631     0.03195812     0.02224907
   -3.0230230     0.03682710     0.02109545
   -2.9829830     0.03957357     0.02500702
   -2.9429429     0.03808079     0.03343309
   -2.9029029     0.03255449     0.04197371
   -2.8628629     0.02551078     0.04493985
   -2.8228228     0.01927990     0.04097969
   -2.7827828     0.01470468     0.03463688
   -2.7427427     0.01189600     0.03085284
   -2.7027027     0.01084189     0.02948944
   -2.6626627     0.01167496     0.02666565
   -2.6226226     0.01469204     0.02032166
   -2.5825826     0.01900598     0.01251461
   -2.5425425     0.02160506     0.00671286
   -2.5025025     0.02003835     0.00478537
   -2.4624625     0.01566750     0.00655443
   -2.4224224     0.01191338     0.01061712
   -2.3823824     0.01039727     0.01533490
   -2.3423423     0.01104397     0.01978628
   -2.3023023     0.01417254     0.02351949
   -2.2622623     0.01978822     0.02549884
   -2.2222222     0.02570363     0.02466121
   -2.1821822     0.02856057     0.02165839
   -2.1421421     0.02685023     0.01896586
   -2.1021021     0.02214746     0.01876968
   -2.0620621     0.01744300     0.02087897
   -2.0220220     0.01450838     0.02318352
   -1.9819820     0.01300831     0.02409332
   -1.9419419     0.01189631     0.02408625
   -1.9019019     0.01077916     0.02516592
   -1.8618619     0.01012196     0.02850508
   -1.8218218     0.01091470     0.03214037
   -1.7817818     0.01353449     0.03235436
   -1.7417417     0.01648100     0.02768479
   -1.7017017     0.01763942     0.02000003
   -1.6616617     0.01749324     0.01218425
   -1.6216216     0.01893179     0.00632070
   -1.5815816     0.02279168     0.00332184
   -1.5415415     0.02616039     0.00306137
   -1.5015015     0.02624433     0.00484124
   -1.4614615     0.02321707     0.00802370
   -1.4214214     0.01855633     0.01245834
   -1.3813814     0.01351336     0.01816510
   -1.3413413     0.00946253     0.02419198
   -1.3013013     0.00730471     0.02842386
   -1.2612613     0.00672043     0.02969079
   -1.2212212     0.00707723     0.02914402
   -1.1811812     0.00801441     0.02784068
   -1.1411411     0.00880164     0.02474041
   -1.1011011     0.00866420     0.01933636
   -1.0610611     0.00797923     0.01371218
   -1.0210210     0.00781253     0.00989687
   -0.9809810     0.00829966     0.00783054
   -0.9409409     0.00856263     0.00708109
   -0.9009009     0.00807209     0.00804466
   -0.8608609     0.00731356     0.01056716
   -0.8208208     0.00713208     0.01305763
   -0.7807808     0.00798419     0.01387927
   -0.7407407     0.01003753     0.01296519
   -0.7007007     0.01316315     0.01133709
   -0.6606607     0.01613011     0.00949744
   -0.6206206     0.01686571     0.00739265
   -0.5805806     0.01464478     0.00564884
   -0.5405405     0.01117227     0.00551774
   -0.5005005     0.00863585     0.00749773
   -0.4604605     0.00777811     0.01071816
   -0.4204204     0.00829917     0.01376473
   -0.3803804     0.00948688     0.01566122
   -0.3403403     0.01020795     0.01598380
   -0.3003003     0.00988148     0.01476822
   -0.2602603     0.00924354     0.01276033
   -0.2202202     0.00905524     0.01125227
   -0.1801802     0.00895172     0.01118574
   -0.1401401     0.00837214     0.01233883
   -0.1001001     0.00762895     0.01339448
   -0.0600601     0.00752063     0.01320442
   -0.0200200     0.00845559     0.01213151
    0.0200200     0.01002696     0.01128698
    0.0600601     0.01150696     0.01059480
    0.1001001     0.01339815     0.00911589
    0.1401401     0.01788178     0.00714347
    0.1801802     0.02597928     0.00630564
    0.2202202     0.03478274     0.00733956
    0.2602603     0.03987323     0.00889510
    0.3003003     0.04002956     0.00906816
    0.3403403     0.03793454     0.00765084
    0.3803804     0.03737320     0.00646180
    0.4204204     0.03989483     0.00773250
    0.4604605     0.04298331     0.01195008
    0.5005005     0.04231868     0.01656471
    0.5405405     0.03624122     0.01770440
    0.5805806     0.02703485     0.01435595
    0.6206206     0.01824452     0.00980452
    0.6606607     0.01186726     0.00846317
    0.7007007     0.00789347     0.01283153
    0.7407407     0.00550974     0.02301987
    0.7807808     0.00408884     0.03668504
    0.8208208     0.00323532     0.04958141
    0.8608609     0.00268618     0.05806657
    0.9009009     0.00233906     0.06099441
    0.9409409     0.00208523     0.05929747
    0.9809810     0.00185584     0.05457808
    1.0210210     0.00195451     0.04739545
    1.0610611     0.00284124     0.03724010
    1.1011011     0.00442210     0.02504299
    1.1411411     0.00615528     0.01397392
    1.1811812     0.00811517     0.00669009
    1.2212212     0.01100045     0.00339869
    1.2612613     0.01437690     0.00293209
    1.3013013     0.01615471     0.00406082
    1.3413413     0.01522307     0.00563906
    1.3813814     0.01339750     0.00708446
    1.4214214     0.01299942     0.00918375
    1.4614615     0.01365906     0.01304879
    1.5015015     0.01320414     0.01770313
    1.5415415     0.01069725     0.02034044
    1.5815816     0.00716451     0.01976826
    1.6216216     0.00409794     0.01758017
    1.6616617     0.00247634     0.01522763
    1.7017017     0.00300399     0.01240888
    1.7417417     0.00625787     0.00891475
    1.7817818     0.01177624     0.00576843
    1.8218218     0.01724595     0.00394353
    1.8618619     0.01998980     0.00326801
    1.9019019     0.01965421     0.00306727
    1.9419419     0.01847592     0.00336458
    1.9819820     0.01892358     0.00489917
    2.0220220     0.02151693     0.00780057
    2.0620621     0.02513832     0.01075901
    2.1021021     0.02973997     0.01238232
    2.1421421     0.03689307     0.01329826
    2.1821822     0.04586085     0.01584249
    2.2222222     0.05185399     0.02134212
    2.2622623     0.05101013     0.02810278
    2.3023023     0.04521623     0.03253522
    2.3423423     0.03992647     0.03298910
    2.3823824     0.03852346     0.03202879
    2.4224224     0.04021705     0.03389293
    2.4624625     0.04210356     0.04049462
    2.5025025     0.04126892     0.05006106
    2.5425425     0.03593831     0.05795872
    2.5825826     0.02736706     0.05964013
    2.6226226     0.02091012     0.05486878
    2.6626627     0.02371766     0.04826872
    2.7027027     0.03972334     0.04495696
    2.7427427     0.06434969     0.04622356
    2.7827828     0.08466038     0.04909025
    2.8228228     0.08992650     0.04926519
    2.8628629     0.08232284     0.04457973
    2.9029029     0.07244141     0.03638898
    2.9429429     0.06644274     0.02847997
    2.9829830     0.06268034     0.02506405
    3.0230230     0.05781135     0.02945606
    3.0630631     0.05096606     0.04271007
    3.1031031     0.04325275     0.06109436
    3.1431431     0.03629339     0.07535077
    3.1831832     0.03152465     0.07670256
    3.2232232     0.03012858     0.06550269
    3.2632633     0.03247519     0.05129917
    3.3033033     0.03717959     0.04455501
    3.3433433     0.04119013     0.04951280
    3.3833834     0.04117852     0.06236502
    3.4234234     0.03576687     0.07468897
    3.4634635     0.02703851     0.07907644
    3.5035035     0.01911031     0.07264109
    3.5435435     0.01506262     0.05807535
    3.5835836     0.01612223     0.04172749
    3.6236236     0.02335933     0.02858390
    3.6636637     0.03761320     0.01965759
    3.7037037     0.05509717     0.01473023
    3.7437437     0.06552161     0.01517788
    3.7837838     0.06100733     0.02269762
    3.8238238     0.04557065     0.03626844
    3.8638639     0.02968971     0.05135959
    3.9039039     0.01887524     0.06247397
    3.9439439     0.01245399     0.06659857
    3.9839840     0.00876674     0.06447308
    4.0240240     0.00709051     0.05838000
    4.0640641     0.00686798     0.04910278
    4.1041041     0.00752315     0.03673533
    4.1441441     0.00872468     0.02340036
    4.1841842     0.01043116     0.01245956
    4.2242242     0.01266301     0.00574324
    4.2642643     0.01543833     0.00288684
    4.3043043     0.01916109     0.00260316
    4.3443443     0.02391092     0.00413054
    4.3843844     0.02795759     0.00784831
    4.4244244     0.02943883     0.01426457
    4.4644645     0.03004988     0.02185539
    4.5045045     0.03459979     0.02658825
    4.5445445     0.04670508     0.02531712
    4.5845846     0.06569975     0.01993581
    4.6246246     0.08600092     0.01647176
    4.6646647     0.09823179     0.01945235
    4.7047047     0.09416955     0.02836922
    4.7447447     0.07486365     0.04038836
    4.7847848     0.05183780     0.05556782
    4.8248248     0.03640303     0.07645753
    4.8648649     0.03021849     0.10019432
    4.9049049     0.02839690     0.11454784
    4.9449449     0.02778488     0.10878701
    4.9849850     0.02892932     0.08740136
    5.0250250     0.03227534     0.06562718
    5.0650651     0.03594965     0.05328472
    5.1051051     0.03739197     0.04948498
    5.1451452     0.03586365     0.04931656
    5.1851852     0.03320559     0.04971421
    5.2252252     0.03233288     0.04979163
    5.2652653     0.03535595     0.04817242
    5.3053053     0.04287843     0.04275817
    5.3453453     0.05306360     0.03418615
    5.3853854     0.06169797     0.02618856
    5.4254254     0.06623207     0.02120462
    5.4654655     0.06800298     0.01928915
    5.5055055     0.06766694     0.02176452
    5.5455455     0.06316932     0.03116783
    5.5855856     0.05474787     0.04624817
    5.6256256     0.04611498     0.06103067
    5.6656657     0.03918024     0.07007068
    5.7057057     0.03254023     0.07175313
    5.7457458     0.02605042     0.06745005
    5.7857858     0.02354123     0.06039656
    5.8258258     0.02919524     0.05351724
    5.8658659     0.04185155     0.04712082
    5.9059059     0.05516507     0.04042000
    5.9459459     0.06489799     0.03525715
    5.9859860     0.07364719     0.03687680
    6.0260260     0.08649763     0.04880363
    6.0660661     0.10437057     0.06652213
    6.1061061     0.12135899     0.08049793
    6.1461461     0.12639239     0.08727522
    6.1861862     0.11160081     0.09129179
    6.2262262     0.08231759     0.09323717
    6.2662663     0.05469441     0.08700449
    6.3063063     0.04190310     0.07344262
    6.3463464     0.04514274     0.06546761
    6.3863864     0.05729542     0.07192847
    6.4264264     0.07291132     0.08432653
    6.4664665     0.09072401     0.08689294
    6.5065065     0.10489190     0.07603119
    6.5465466     0.10365356     0.06291082
    6.5865866     0.08372134     0.05867708
    6.6266266     0.05693356     0.06429955
    6.6666667     0.03734580     0.07481449
    6.7067067     0.02919432     0.08614594
    6.7467467     0.02898107     0.09556701
    6.7867868     0.03249868     0.10022470
    6.8268268     0.03828260     0.09738217
    6.8668669     0.04666863     0.08671896
    6.9069069     0.05583149     0.07268499
    6.9469470     0.06154247     0.06146342
    6.9869870     0.06341217     0.05593766
    7.0270270     0.06574707     0.05624202
    7.0670671     0.06924720     0.06191644
    7.1071071     0.06929508     0.07001072
    7.1471472     0.06416698     0.07450888
    7.1871872     0.05695488     0.07231479
    7.2272272     0.04936874     0.06834022
    7.2672673     0.04167945     0.07089308
    7.3073073     0.03786020     0.08288584
    7.3473473     0.04281099     0.09861200
    7.3873874     0.05394249     0.10687059
    7.4274274     0.06118964     0.09916730
    7.4674675     0.05753663     0.07821821
    7.5075075     0.04659995     0.05549305
    7.5475475     0.03809583     0.04000007
    7.5875876     0.03867980     0.03338124
    7.6276276     0.04799989     0.03310293
    7.6676677     0.06018105     0.03545646
    7.7077077     0.06891427     0.03760693
    7.7477478     0.07267639     0.03984274
    7.7877878     0.07295293     0.04430566
    7.8278278     0.06900337     0.05027180
    7.8678679     0.06027919     0.05299831
    7.9079079     0.05118700     0.04897261
    7.9479479     0.04606095     0.04061312
    7.9879880     0.04239814     0.03403100
    8.0280280     0.03557857     0.03302656
    8.0680681     0.02703862     0.03617767
    8.1081081     0.02210515     0.03948606
    8.1481482     0.02217386     0.04210101
    8.1881882     0.02372693     0.04764339
    8.2282282     0.02441152     0.05693613
    8.2682683     0.02709616     0.06286784
    8.3083083     0.03678876     0.05809247
    8.3483484     0.05385867     0.04530084
    8.3883884     0.07205557     0.03489312
    8.4284284     0.08452802     0.03466537
    8.4684685     0.08960220     0.04437268
    8.5085085     0.08998597     0.05686068
    8.5485485     0.08932772     0.06332875
    8.5885886     0.08888268     0.06113960
    8.6286286     0.08569429     0.05580980
    8.6686687     0.07678951     0.05312331
    8.7087087     0.06528737     0.05343736
    8.7487488     0.05762303     0.05623895
    8.7887888     0.05488716     0.06454213
    8.8288288     0.05290420     0.08044125
    8.8688689     0.05104619     0.09914088
    8.9089089     0.05402931     0.11088597
    8.9489490     0.06368769     0.10955409
    8.9889890     0.07475361     0.09912461
    9.0290290     0.08078658     0.08915866
    9.0690691     0.08104485     0.08316066
    9.1091091     0.07973314     0.07702844
    9.1491491     0.08075917     0.06897160
    9.1891892     0.08544299     0.06255819
    9.2292292     0.09243168     0.06051409
    9.2692693     0.09729171     0.06249204
    9.3093093     0.09669328     0.06631301
    9.3493494     0.09421767     0.06793204
    9.3893894     0.09502612     0.06515923
    9.4294294     0.09555629     0.06224936
    9.4694695     0.08813900     0.06545253
    9.5095095     0.07417001     0.07429434
    9.5495496     0.06209468     0.08294172
    9.5895896     0.05485219     0.09013613
    9.6296296     0.04848993     0.09963046
    9.6696697     0.04049511     0.10935667
    9.7097097     0.03378837     0.11003591
    9.7497497     0.03336735     0.09741362
    9.7897898     0.04062572     0.07780074
    9.8298298     0.05212633     0.06042632
    9.8698699     0.06405980     0.05110140
    9.9099099     0.07457096     0.05241744
    9.9499500     0.08189283     0.06270690
    9.9899900     0.08582689     0.07352639
   10.0300300     0.09096629     0.07464982
   10.0700701     0.10148191     0.06517981
   10.1101101     0.11140395     0.05496102
   10.1501502     0.10729131     0.05284412
   10.1901902     0.08411490     0.05870338
   10.2302302     0.05284485     0.06736465
   10.2702703     0.02939427     0.07454463
   10.3103103     0.02204954     0.07875863
   10.3503504     0.03133390     0.08169523
   10.3903904     0.05453132     0.08575254
   10.4304304     0.08549337     0.08848589
   10.4704705     0.11213891     0.08289991
   10.5105105     0.12012523     0.06722011
   10.5505506     0.10471614     0.05093829
   10.5905906     0.07742099     0.04735444
   10.6306306     0.05679842     0.06201123
   10.6706707     0.05368342     0.08822693
   10.7107107     0.06465280     0.11133378
   10.7507508     0.07662569     0.11920269
   10.7907908     0.07871419     0.11127551
   10.8308308     0.07155231     0.09630241
   10.8708709     0.06568232     0.08232907
   10.9109109     0.07288949     0.07280724
   10.9509510     0.09817566     0.06993583
   10.9909910     0.13316154     0.07445808
   11.0310310     0.15686388     0.08214971
   11.0710711     0.15224185     0.08716734
   11.1111111     0.12251049     0.08980958
   11.1511512     0.08623884     0.09597113
   11.1911912     0.06100923     0.10910549
   11.2312312     0.05365256     0.12443450
   11.2712713     0.06032877     0.13048125
   11.3113113     0.07244156     0.12035902
   11.3513514     0.08165930     0.10129301
   11.3913914     0.08257357     0.08659788
   11.4314314     0.07559941     0.08111101
   11.4714715     0.06600590     0.08050459
   11.5115115     0.05806455     0.08098661
   11.5515516     0.05247725     0.08286927
   11.5915916     0.04879332     0.08590675
   11.6316316     0.04684507     0.08747993
   11.6716717     0.04601595     0.08581623
   11.7117117     0.04505809     0.08054782
   11.7517518     0.04310020     0.07115024
   11.7917918     0.04033930     0.05849554
   11.8318318     0.03767377     0.04564499
   11.8718719     0.03632771     0.03493581
   11.9119119     0.03777467     0.02727916
   11.9519520     0.04287083     0.02457620
   11.9919920     0.05035582     0.02955827
   12.0320320     0.05689744     0.04276015
   12.0720721     0.05927041     0.05993419
   12.1121121     0.05702917     0.07291885
   12.1521522     0.05375434     0.07580534
   12.1921922     0.05433354     0.07027836
   12.2322322     0.05908614     0.06317052
   12.2722723     0.06178776     0.06012502
   12.3123123     0.05666066     0.06208818
   12.3523524     0.04748892     0.06747304
   12.3923924     0.04655499     0.07653944
   12.4324324     0.06185360     0.08913867
   12.4724725     0.08502570     0.09876901
   12.5125125     0.09615293     0.09566992
   12.5525526     0.08474870     0.07695224
   12.5925926     0.06071874     0.05036203
   12.6326326     0.04053702     0.02749488
   12.6726727     0.03040995     0.01451010
   12.7127127     0.02666301     0.00989315
   12.7527528     0.02591836     0.00943757
   12.7927928     0.02961847     0.01127334
   12.8328328     0.03867206     0.01636095
   12.8728729     0.04808412     0.02518146
   12.9129129     0.05152010     0.03474960
   12.9529530     0.04891766     0.04036720
   12.9929930     0.04489486     0.04085665
   13.0330330     0.04248121     0.03968514
   13.0730731     0.04276449     0.03956867
   13.1131131     0.04741750     0.03940753
   13.1531532     0.05701096     0.03828422
   13.1931932     0.06774576     0.03818042
   13.2332332     0.07383202     0.04058995
   13.2732733     0.07444756     0.04419448
   13.3133133     0.07400561     0.04831679
   13.3533534     0.07371953     0.05541097
   13.3933934     0.06907636     0.06625667
   13.4334334     0.05797187     0.07534792
   13.4734735     0.04604267     0.07682476
   13.5135135     0.04215378     0.07428579
   13.5535536     0.04991882     0.07883951
   13.5935936     0.06326404     0.09601553
   13.6336336     0.07183043     0.11855835
   13.6736737     0.07193588     0.13345478
   13.7137137     0.06979390     0.13348622
   13.7537538     0.07371314     0.12040386
   13.7937938     0.08509626     0.09934806
   13.8338338     0.09660889     0.07621457
   13.8738739     0.09959534     0.05980878
   13.9139139     0.09329760     0.05703179
   13.9539540     0.08351245     0.06387736
   13.9939940     0.07386371     0.06832480
   14.0340340     0.06388261     0.06413195
   14.0740741     0.05391530     0.05621437
   14.1141141     0.04681120     0.05085723
   14.1541542     0.04491089     0.04837787
   14.1941942     0.04695189     0.04831267
   14.2342342     0.04824287     0.05303201
   14.2742743     0.04544301     0.06166593
   14.3143143     0.04040363     0.06672426
   14.3543544     0.03664273     0.06189673
   14.3943944     0.03426592     0.05035535
   14.4344344     0.03108381     0.04101896
   14.4744745     0.02691712     0.03854847
   14.5145145     0.02524912     0.04083830
   14.5545546     0.02985599     0.04377747
   14.5945946     0.03897991     0.04373027
   14.6346346     0.04544280     0.03801007
   14.6746747     0.04491971     0.02803443
   14.7147147     0.04101149     0.02009301
   14.7547548     0.04011029     0.02004019
   14.7947948     0.04460107     0.02812526
   14.8348348     0.05228447     0.03908848
   14.8748749     0.05979813     0.04652291
   14.9149149     0.06604899     0.04747108
   14.9549550     0.07243514     0.04405879
   14.9949950     0.07850832     0.04172113
   15.0350350     0.07953027     0.04469554
   15.0750751     0.07130726     0.05326225
   15.1151151     0.05600267     0.06670422
   15.1551552     0.04133766     0.08431727
   15.1951952     0.03470849     0.09974235
   15.2352352     0.03911410     0.10244114
   15.2752753     0.05367378     0.09096870
   15.3153153     0.07412716     0.07688827
   15.3553554     0.09248525     0.07022231
   15.3953954     0.10175821     0.06812218
   15.4354354     0.10247381     0.06292606
   15.4754755     0.09942531     0.05581155
   15.5155155     0.09270168     0.05484613
   15.5555556     0.07998858     0.06110687
   15.5955956     0.06613175     0.06577178
   15.6356356     0.06000993     0.06310516
   15.6756757     0.06302450     0.05838673
   15.7157157     0.06936128     0.05993046
   15.7557558     0.07566473     0.06959294
   15.7957958     0.08305633     0.08369316
   15.8358358     0.09096478     0.09747098
   15.8758759     0.09504307     0.10452471
   15.9159159     0.09311005     0.09816176
   15.9559560     0.08930328     0.08069212
   15.9959960     0.08724173     0.06548004
   16.0360360     0.08348804     0.06341513
   16.0760761     0.07508878     0.07253782
   16.1161161     0.06843474     0.08289100
   16.1561562     0.07321939     0.08647130
   16.1961962     0.09011012     0.08167691
   16.2362362     0.10781423     0.07209247
   16.2762763     0.11136639     0.06423950
   16.3163163     0.09475930     0.06483790
   16.3563564     0.06733532     0.07528619
   16.3963964     0.04534566     0.08846117
   16.4364364     0.03727616     0.09392962
   16.4764765     0.03998710     0.08640720
   16.5165165     0.04637788     0.06919244
   16.5565566     0.05205672     0.05108666
   16.5965966     0.05499326     0.04031568
   16.6366366     0.05349181     0.04056324
   16.6766767     0.04846633     0.05064274
   16.7167167     0.04625117     0.06501527
   16.7567568     0.05352738     0.07543525
   16.7967968     0.06750001     0.07661794
   16.8368368     0.07639687     0.07088618
   16.8768769     0.07363057     0.06398771
   16.9169169     0.06600586     0.05854921
   16.9569570     0.06315722     0.05449608
   16.9969970     0.06560168     0.05133688
   17.0370370     0.06889857     0.04831108
   17.0770771     0.07326360     0.04657446
   17.1171171     0.08177788     0.05007262
   17.1571572     0.09095070     0.06044426
   17.1971972     0.09073284     0.07387653
   17.2372372     0.07755734     0.08523149
   17.2772773     0.06098947     0.09119337
   17.3173173     0.05218562     0.08883939
   17.3573574     0.05223205     0.07649719
   17.3973974     0.05628689     0.05787127
   17.4374374     0.06219342     0.04280823
   17.4774775     0.07096683     0.04103907
   17.5175175     0.08333885     0.05268853
   17.5575576     0.09873017     0.06589421
   17.5975976     0.11587461     0.06837835
   17.6376376     0.13172387     0.06147285
   17.6776777     0.14120231     0.05794195
   17.7177177     0.14237046     0.06741720
   17.7577578     0.13940986     0.08904044
   17.7977978     0.13665916     0.11696953
   17.8378378     0.13409479     0.14846303
   17.8778779     0.13053824     0.18199553
   17.9179179     0.12696345     0.20638488
   17.9579580     0.12648143     0.20393712
   17.9979980     0.13064580     0.17359661
   18.0380380     0.13418486     0.13761570
   18.0780781     0.12959183     0.11799471
   18.1181181     0.11815126     0.11875283
   18.1581582     0.10688066     0.13026469
   18.1981982     0.09714969     0.14047615
   18.2382382     0.08769300     0.14561273
   18.2782783     0.08329739     0.15024891
   18.3183183     0.08951473     0.15274445
   18.3583584     0.10539221     0.14270094
   18.3983984     0.12825010     0.11881346
   18.4384384     0.15475736     0.09452138
   18.4784785     0.17323234     0.08254218
   18.5185185     0.16963064     0.08522280
   18.5585586     0.14448937     0.09866203
   18.5985986     0.11220990     0.11663622
   18.6386386     0.08518793     0.13153917
   18.6786787     0.06810300     0.13820968
   18.7187187     0.06238815     0.13800814
   18.7587588     0.06591421     0.13573601
   18.7987988     0.07154363     0.13230023
   18.8388388     0.07327405     0.12484582
   18.8788789     0.07183437     0.11369586
   18.9189189     0.07114199     0.10272498
   18.9589590     0.07243251     0.09270884
   18.9989990     0.07526219     0.08061082
   19.0390390     0.08204859     0.06607387
   19.0790791     0.09686103     0.05460228
   19.1191191     0.11880248     0.05344394
   19.1591592     0.14007726     0.06392446
   19.1991992     0.15371037     0.07783195
   19.2392392     0.16169505     0.08475841
   19.2792793     0.17043271     0.08337242
   19.3193193     0.17680396     0.08075624
   19.3593594     0.16739105     0.08169740
   19.3993994     0.13785681     0.08537079
   19.4394394     0.10292896     0.09119243
   19.4794795     0.08003968     0.10200527
   19.5195195     0.07406788     0.12179960
   19.5595596     0.08206320     0.14978444
   19.5995996     0.09938684     0.17549029
   19.6396396     0.11554911     0.18560725
   19.6796797     0.11577899     0.17629686
   19.7197197     0.09566181     0.15259453
   19.7597598     0.06900033     0.12169310
   19.7997998     0.05630581     0.09437728
   19.8398398     0.06804765     0.08318125
   19.8798799     0.09718604     0.09002009
   19.9199199     0.12368494     0.10216108
   19.9599600     0.12977686     0.10674787
   20.0000000     0.11408741     0.10323373
