#
#   partial DOS for atom species: Ga
#
#   Add data for atom_index =   1,  n,l,m,z=  4  1 -1  1
#   Add data for atom_index =   1,  n,l,m,z=  4  1  0  1
#   Add data for atom_index =   1,  n,l,m,z=  4  1  1  1
#   Add data for atom_index =   1,  n,l,m,z=  4  1 -1  2
#   Add data for atom_index =   1,  n,l,m,z=  4  1  0  2
#   Add data for atom_index =   1,  n,l,m,z=  4  1  1  2
#   Add data for atom_index =   1,  n,l,m,z=  4  1 -1  3
#   Add data for atom_index =   1,  n,l,m,z=  4  1  0  3
#   Add data for atom_index =   1,  n,l,m,z=  4  1  1  3
#
#    Energy          spin 1        spin2
#
  -20.0000000     0.00000000     0.00000000
  -19.9599600     0.00000000     0.00000000
  -19.9199199     0.00000000     0.00000000
  -19.8798799     0.00000000     0.00000000
  -19.8398398     0.00000000     0.00000000
  -19.7997998     0.00000000     0.00000000
  -19.7597598     0.00000000     0.00000000
  -19.7197197     0.00000000     0.00000000
  -19.6796797     0.00000000     0.00000000
  -19.6396396     0.00000000     0.00000000
  -19.5995996     0.00000000     0.00000000
  -19.5595596     0.00000000     0.00000000
  -19.5195195     0.00000000     0.00000000
  -19.4794795     0.00000000     0.00000000
  -19.4394394     0.00000000     0.00000000
  -19.3993994     0.00000000     0.00000000
  -19.3593594     0.00000000     0.00000000
  -19.3193193     0.00000000     0.00000000
  -19.2792793     0.00000000     0.00000000
  -19.2392392     0.00000000     0.00000000
  -19.1991992     0.00000000     0.00000000
  -19.1591592     0.00000000     0.00000000
  -19.1191191     0.00000000     0.00000000
  -19.0790791     0.00000000     0.00000000
  -19.0390390     0.00000000     0.00000000
  -18.9989990     0.00000000     0.00000000
  -18.9589590     0.00000000     0.00000000
  -18.9189189     0.00000000     0.00000000
  -18.8788789     0.00000000     0.00000000
  -18.8388388     0.00000000     0.00000000
  -18.7987988     0.00000000     0.00000000
  -18.7587588     0.00000000     0.00000000
  -18.7187187     0.00000000     0.00000000
  -18.6786787     0.00000000     0.00000000
  -18.6386386     0.00000000     0.00000000
  -18.5985986     0.00000000     0.00000000
  -18.5585586     0.00000000     0.00000000
  -18.5185185     0.00000000     0.00000000
  -18.4784785     0.00000000     0.00000000
  -18.4384384     0.00000000     0.00000000
  -18.3983984     0.00000000     0.00000000
  -18.3583584     0.00000000     0.00000000
  -18.3183183     0.00000000     0.00000000
  -18.2782783     0.00000000     0.00000000
  -18.2382382    -0.00000000     0.00000000
  -18.1981982    -0.00000000    -0.00000000
  -18.1581582    -0.00000000    -0.00000000
  -18.1181181    -0.00000002    -0.00000001
  -18.0780781    -0.00000020    -0.00000014
  -18.0380380    -0.00000151    -0.00000115
  -17.9979980    -0.00000840    -0.00000709
  -17.9579580    -0.00003377    -0.00003161
  -17.9179179    -0.00009731    -0.00010181
  -17.8778779    -0.00019746    -0.00023538
  -17.8378378    -0.00026843    -0.00038453
  -17.7977978    -0.00020296    -0.00042537
  -17.7577578     0.00002331    -0.00027481
  -17.7177177     0.00027569    -0.00001550
  -17.6776777     0.00038189     0.00017315
  -17.6376376     0.00031136     0.00020367
  -17.5975976     0.00017230     0.00013433
  -17.5575576     0.00006744     0.00005943
  -17.5175175     0.00001902     0.00001854
  -17.4774775     0.00000487     0.00000461
  -17.4374374     0.00001223     0.00000676
  -17.3973974     0.00009502     0.00005644
  -17.3573574     0.00053762     0.00036954
  -17.3173173     0.00201718     0.00167876
  -17.2772773     0.00429331     0.00499867
  -17.2372372     0.00058452     0.00802004
  -17.1971972    -0.02874160    -0.00251699
  -17.1571572    -0.10569096    -0.04998853
  -17.1171171    -0.22320010    -0.14371758
  -17.0770771    -0.33322321    -0.25401925
  -17.0370370    -0.38153562    -0.32770596
  -16.9969970    -0.34730866    -0.32900843
  -16.9569570    -0.25157333    -0.26127205
  -16.9169169    -0.14202298    -0.16201456
  -16.8768769    -0.06094069    -0.07667136
  -16.8368368    -0.01949257    -0.02713994
  -16.7967968    -0.00459698    -0.00709162
  -16.7567568    -0.00086530    -0.00138247
  -16.7167167    -0.00076203    -0.00045739
  -16.6766767    -0.00429724    -0.00200300
  -16.6366366    -0.02027662    -0.01070746
  -16.5965966    -0.07049814    -0.04237206
  -16.5565566    -0.18217557    -0.12401609
  -16.5165165    -0.35592628    -0.27211150
  -16.4764765    -0.53834600    -0.45653747
  -16.4364364    -0.64624517    -0.59950935
  -16.3963964    -0.62478392    -0.62774413
  -16.3563564    -0.48415290    -0.52609330
  -16.3163163    -0.29446009    -0.34815747
  -16.2762763    -0.13703067    -0.17785866
  -16.2362362    -0.04778602    -0.06862246
  -16.1961962    -0.01231493    -0.01967540
  -16.1561562    -0.00232602    -0.00414920
  -16.1161161    -0.00032051    -0.00063968
  -16.0760761    -0.00003214    -0.00007185
  -16.0360360    -0.00000234    -0.00000587
  -15.9959960    -0.00000012    -0.00000035
  -15.9559560    -0.00000001    -0.00000002
  -15.9159159    -0.00000006    -0.00000001
  -15.8758759    -0.00000052    -0.00000013
  -15.8358358    -0.00000356    -0.00000113
  -15.7957958    -0.00001812    -0.00000744
  -15.7557558    -0.00006881    -0.00003645
  -15.7157157    -0.00019599    -0.00013281
  -15.6756757    -0.00042020    -0.00035972
  -15.6356356    -0.00067882    -0.00072385
  -15.5955956    -0.00082490    -0.00108018
  -15.5555556    -0.00075122    -0.00119246
  -15.5155155    -0.00051189    -0.00097141
  -15.4754755    -0.00027992    -0.00058651
  -15.4354354    -0.00028069    -0.00030153
  -15.3953954    -0.00110296    -0.00040150
  -15.3553554    -0.00464242    -0.00167498
  -15.3153153    -0.01496939    -0.00648882
  -15.2752753    -0.03667089    -0.01943487
  -15.2352352    -0.06893248    -0.04493595
  -15.1951952    -0.09988829    -0.08011985
  -15.1551552    -0.11084669    -0.10869521
  -15.1151151    -0.09221896    -0.10912991
  -15.0750751    -0.05520371    -0.07722517
  -15.0350350    -0.02182320    -0.03459070
  -14.9949950    -0.00421349    -0.00601587
  -14.9549550     0.00073748     0.00335130
  -14.9149149     0.00080442     0.00297268
  -14.8748749     0.00023345     0.00114193
  -14.8348348    -0.00028452     0.00014101
  -14.7947948    -0.00163916    -0.00081001
  -14.7547548    -0.00562484    -0.00371558
  -14.7147147    -0.01354557    -0.01158722
  -14.6746747    -0.02227673    -0.02561096
  -14.6346346    -0.02292334    -0.03929934
  -14.5945946    -0.00991151    -0.03982178
  -14.5545546     0.00743250    -0.02357361
  -14.5145145     0.00882151    -0.00806262
  -14.4744745    -0.02208574    -0.02053146
  -14.4344344    -0.08847876    -0.07620403
  -14.3943944    -0.17398413    -0.16541747
  -14.3543544    -0.24220768    -0.25422084
  -14.3143143    -0.25931274    -0.30276453
  -14.2742743    -0.22110638    -0.29017404
  -14.2342342    -0.15182049    -0.22470569
  -14.1941942    -0.08305164    -0.13809352
  -14.1541542    -0.03540903    -0.06665688
  -14.1141141    -0.01189223    -0.02840209
  -14.0740741    -0.00501741    -0.01870493
  -14.0340340    -0.00830720    -0.02301770
  -13.9939940    -0.01961528    -0.02756888
  -13.9539540    -0.03545257    -0.02481547
  -13.9139139    -0.04635035    -0.01547863
  -13.8738739    -0.04235492    -0.00384596
  -13.8338338    -0.02171308     0.00850790
  -13.7937938     0.01056078     0.02077755
  -13.7537538     0.04823356     0.02648070
  -13.7137137     0.08250830     0.01727768
  -13.6736737     0.10290904    -0.00204681
  -13.6336336     0.10608236    -0.00975439
  -13.5935936     0.09725134     0.01158150
  -13.5535536     0.08071181     0.05054362
  -13.5135135     0.05752188     0.07400626
  -13.4734735     0.03211212     0.06256253
  -13.4334334     0.01079252     0.02840487
  -13.3933934    -0.00578984    -0.00330615
  -13.3533534    -0.02101214    -0.01816877
  -13.3133133    -0.03366683    -0.01749603
  -13.2732733    -0.03648142    -0.01009773
  -13.2332332    -0.02387300    -0.00237476
  -13.1931932     0.00371892     0.00619679
  -13.1531532     0.04275589     0.02036481
  -13.1131131     0.08627776     0.04171999
  -13.0730731     0.12205355     0.06361122
  -13.0330330     0.14170003     0.07814441
  -12.9929930     0.15192127     0.08973751
  -12.9529530     0.16436960     0.11157519
  -12.9129129     0.17455977     0.14274345
  -12.8728729     0.16908002     0.16147811
  -12.8328328     0.15130763     0.15322765
  -12.7927928     0.13671243     0.13227937
  -12.7527528     0.12742003     0.11985205
  -12.7127127     0.11193111     0.11509339
  -12.6726727     0.08625775     0.10244461
  -12.6326326     0.06399602     0.07581307
  -12.5925926     0.06717273     0.04490572
  -12.5525526     0.10840672     0.02418509
  -12.5125125     0.17403737     0.02410729
  -12.4724725     0.22529521     0.05107511
  -12.4324324     0.23129104     0.10367526
  -12.3923924     0.19924870     0.16314205
  -12.3523524     0.15722954     0.19981386
  -12.3123123     0.11969867     0.19865375
  -12.2722723     0.08558794     0.16969134
  -12.2322322     0.05439082     0.13097786
  -12.1921922     0.03113025     0.09319074
  -12.1521522     0.02306099     0.06196267
  -12.1121121     0.03764113     0.04398444
  -12.0720721     0.07838755     0.04418387
  -12.0320320     0.13460107     0.06016376
  -11.9919920     0.18050903     0.08611029
  -11.9519520     0.19806557     0.11997125
  -11.9119119     0.19413930     0.15773683
  -11.8718719     0.18229186     0.18818751
  -11.8318318     0.16429697     0.20645486
  -11.7917918     0.14214343     0.21680636
  -11.7517518     0.12763414     0.21369184
  -11.7117117     0.13316236     0.18910081
  -11.6716717     0.16109791     0.16176755
  -11.6316316     0.19309783     0.16541737
  -11.5915916     0.19602841     0.20285012
  -11.5515516     0.16026683     0.23530798
  -11.5115115     0.12149595     0.22601916
  -11.4714715     0.12673957     0.18186829
  -11.4314314     0.18551437     0.14397998
  -11.3913914     0.25634618     0.14648382
  -11.3513514     0.28227387     0.18908844
  -11.3113113     0.25091865     0.23848424
  -11.2712713     0.21165685     0.25578477
  -11.2312312     0.21781804     0.23536325
  -11.1911912     0.26145081     0.20745605
  -11.1511512     0.28525887     0.19067952
  -11.1111111     0.25760877     0.16981261
  -11.0710711     0.20764271     0.13615913
  -11.0310310     0.17805353     0.11470833
  -10.9909910     0.17453453     0.13331114
  -10.9509510     0.17374938     0.18715447
  -10.9109109     0.15954864     0.24167959
  -10.8708709     0.13895370     0.26103678
  -10.8308308     0.12861572     0.23526202
  -10.7907908     0.13809054     0.18547268
  -10.7507508     0.16842082     0.14198513
  -10.7107107     0.21327729     0.11751589
  -10.6706707     0.25587028     0.10490241
  -10.6306306     0.27453986     0.09736178
  -10.5905906     0.25857529     0.10020284
  -10.5505506     0.21862306     0.12030461
  -10.5105105     0.17850669     0.15338484
  -10.4704705     0.15574702     0.18594584
  -10.4304304     0.15181873     0.20454668
  -10.3903904     0.15744592     0.20363979
  -10.3503504     0.16233597     0.19144325
  -10.3103103     0.16212404     0.18668901
  -10.2702703     0.15850020     0.20203483
  -10.2302302     0.15478589     0.22972445
  -10.1901902     0.15584422     0.24765993
  -10.1501502     0.16781887     0.23993867
  -10.1101101     0.18930413     0.21023253
  -10.0700701     0.20645702     0.17965976
  -10.0300300     0.20287185     0.17225178
   -9.9899900     0.17439388     0.19345805
   -9.9499500     0.13564577     0.22146716
   -9.9099099     0.11065771     0.22942273
   -9.8698699     0.11313689     0.21472945
   -9.8298298     0.13621344     0.19568664
   -9.7897898     0.16059294     0.18642315
   -9.7497497     0.16907436     0.18778899
   -9.7097097     0.15638638     0.19512186
   -9.6696697     0.13158760     0.20333328
   -9.6296296     0.11004823     0.20609981
   -9.5895896     0.10090450     0.19737998
   -9.5495496     0.10295391     0.17704114
   -9.5095095     0.10907156     0.15148260
   -9.4694695     0.11134290     0.12714968
   -9.4294294     0.10562847     0.10751517
   -9.3893894     0.09454256     0.09483200
   -9.3493494     0.08487625     0.08897447
   -9.3093093     0.08137527     0.08557774
   -9.2692693     0.08297181     0.07933653
   -9.2292292     0.08379469     0.06896225
   -9.1891892     0.07894817     0.05744254
   -9.1491491     0.07138005     0.04871021
   -9.1091091     0.07006708     0.04588499
   -9.0690691     0.07841292     0.04973724
   -9.0290290     0.08829712     0.05614800
   -8.9889890     0.08939029     0.05923872
   -8.9489490     0.08020046     0.05828630
   -8.9089089     0.06606067     0.05779687
   -8.8688689     0.05156337     0.06217695
   -8.8288288     0.03971245     0.07234476
   -8.7887888     0.03434721     0.08401008
   -8.7487488     0.03803194     0.08918582
   -8.7087087     0.04781166     0.08373913
   -8.6686687     0.05653750     0.07237248
   -8.6286286     0.05960441     0.06309091
   -8.5885886     0.05880044     0.05910740
   -8.5485485     0.05961335     0.05826119
   -8.5085085     0.06646435     0.05772744
   -8.4684685     0.07930299     0.05710403
   -8.4284284     0.09291194     0.05797258
   -8.3883884     0.10092517     0.06168203
   -8.3483484     0.10131394     0.06752502
   -8.3083083     0.09685132     0.07275094
   -8.2682683     0.09050340     0.07468054
   -8.2282282     0.08296326     0.07328783
   -8.1881882     0.07601984     0.07072330
   -8.1481482     0.07399136     0.06834231
   -8.1081081     0.07828312     0.06620057
   -8.0680681     0.08367651     0.06522007
   -8.0280280     0.08305171     0.06767734
   -7.9879880     0.07522092     0.07413609
   -7.9479479     0.06732285     0.08066962
   -7.9079079     0.06904167     0.08260076
   -7.8678679     0.08351934     0.08125061
   -7.8278278     0.10349497     0.08214505
   -7.7877878     0.11679489     0.08644385
   -7.7477478     0.11559385     0.08940851
   -7.7077077     0.10060291     0.08670004
   -7.6676677     0.07910766     0.07803112
   -7.6276276     0.06093190     0.06647971
   -7.5875876     0.05279404     0.05710476
   -7.5475475     0.05279566     0.05413608
   -7.5075075     0.05238354     0.05735929
   -7.4674675     0.04588677     0.06249199
   -7.4274274     0.03575615     0.06523723
   -7.3873874     0.02749411     0.06273732
   -7.3473473     0.02312040     0.05319866
   -7.3073073     0.02192089     0.03828006
   -7.2672673     0.02421409     0.02373978
   -7.2272272     0.02988836     0.01514983
   -7.1871872     0.03536819     0.01483132
   -7.1471472     0.03710291     0.02237729
   -7.1071071     0.03644642     0.03446866
   -7.0670671     0.03733926     0.04435890
   -7.0270270     0.04113737     0.04609363
   -6.9869870     0.04600164     0.04034818
   -6.9469470     0.05005445     0.03333097
   -6.9069069     0.05430961     0.03085979
   -6.8668669     0.06205037     0.03526767
   -6.8268268     0.07396511     0.04549484
   -6.7867868     0.08469957     0.05845032
   -6.7467467     0.08816823     0.07161124
   -6.7067067     0.08683878     0.08423546
   -6.6666667     0.08871721     0.09486015
   -6.6266266     0.09394340     0.09875104
   -6.5865866     0.09446171     0.09096541
   -6.5465466     0.08739760     0.07370882
   -6.5065065     0.07746610     0.05746688
   -6.4664665     0.06727344     0.05165798
   -6.4264264     0.05656345     0.05732522
   -6.3863864     0.04950069     0.07069223
   -6.3463464     0.05232364     0.08815639
   -6.3063063     0.06401823     0.10410628
   -6.2662663     0.07644165     0.10989668
   -6.2262262     0.08283185     0.10181407
   -6.1861862     0.08183901     0.08620611
   -6.1461461     0.07601330     0.07151415
   -6.1061061     0.06940134     0.06026191
   -6.0660661     0.06541246     0.05150450
   -6.0260260     0.06716046     0.04492505
   -5.9859860     0.07679912     0.04244207
   -5.9459459     0.08998385     0.05024260
   -5.9059059     0.09620734     0.07533417
   -5.8658659     0.08976149     0.11491572
   -5.8258258     0.07477109     0.15381822
   -5.7857858     0.05799525     0.17899053
   -5.7457458     0.04385111     0.19068319
   -5.7057057     0.03656350     0.19146142
   -5.6656657     0.03986574     0.17439315
   -5.6256256     0.05170702     0.13477320
   -5.5855856     0.06297680     0.08517165
   -5.5455455     0.06517181     0.04708967
   -5.5055055     0.05839417     0.03311230
   -5.4654655     0.05065395     0.04269130
   -5.4254254     0.05193560     0.06746026
   -5.3853854     0.06867417     0.09593148
   -5.3453453     0.09885894     0.11898170
   -5.3053053     0.13100950     0.13437973
   -5.2652653     0.15141826     0.14412981
   -5.2252252     0.15452252     0.14741302
   -5.1851852     0.14526097     0.13868745
   -5.1451452     0.13109468     0.11490142
   -5.1051051     0.11537273     0.08368590
   -5.0650651     0.10066017     0.06035979
   -5.0250250     0.09219216     0.05474405
   -4.9849850     0.09234050     0.06250738
   -4.9449449     0.09620271     0.07183054
   -4.9049049     0.09722367     0.07800110
   -4.8648649     0.09455231     0.08571803
   -4.8248248     0.09174023     0.09519713
   -4.7847848     0.08986055     0.09594038
   -4.7447447     0.08660822     0.08118962
   -4.7047047     0.08235682     0.06016497
   -4.6646647     0.08312338     0.04789552
   -4.6246246     0.09635277     0.04808828
   -4.5845846     0.12290535     0.05216984
   -4.5445445     0.15375090     0.05256565
   -4.5045045     0.17709679     0.05321841
   -4.4644645     0.18474464     0.06711417
   -4.4244244     0.17184807     0.10170066
   -4.3843844     0.14305116     0.14427689
   -4.3443443     0.11538171     0.16782350
   -4.3043043     0.09983500     0.15926136
   -4.2642643     0.08890739     0.13560078
   -4.2242242     0.07461494     0.12167704
   -4.1841842     0.06747197     0.11885439
   -4.1441441     0.08874649     0.10928702
   -4.1041041     0.14909184     0.08588528
   -4.0640641     0.23322297     0.06184986
   -4.0240240     0.30215891     0.05356493
   -3.9839840     0.31823925     0.06897617
   -3.9439439     0.27306380     0.10795130
   -3.9039039     0.19082269     0.15922456
   -3.8638639     0.10816498     0.20021178
   -3.8238238     0.05052169     0.21186577
   -3.7837838     0.02166649     0.19181482
   -3.7437437     0.01122586     0.15001508
   -3.7037037     0.00904730     0.10108379
   -3.6636637     0.01222973     0.06001602
   -3.6236236     0.02158770     0.03544724
   -3.5835836     0.03413696     0.02782914
   -3.5435435     0.04169585     0.03345482
   -3.5035035     0.03967202     0.04530407
   -3.4634635     0.03530380     0.05418678
   -3.4234234     0.04236392     0.05484260
   -3.3833834     0.06584086     0.04984865
   -3.3433433     0.09261190     0.04739637
   -3.3033033     0.10206419     0.05504518
   -3.2632633     0.08880297     0.07098551
   -3.2232232     0.06782473     0.08278639
   -3.1831832     0.05789091     0.08062981
   -3.1431431     0.07215755     0.06734268
   -3.1031031     0.11841116     0.05147098
   -3.0630631     0.18610408     0.03996916
   -3.0230230     0.23800614     0.04161219
   -2.9829830     0.24175383     0.06673468
   -2.9429429     0.20701551     0.11464922
   -2.9029029     0.16798780     0.16470405
   -2.8628629     0.13865734     0.19067835
   -2.8228228     0.10838093     0.18565845
   -2.7827828     0.07132959     0.16234853
   -2.7427427     0.03842113     0.13125940
   -2.7027027     0.02458122     0.09404345
   -2.6626627     0.04043733     0.05601969
   -2.6226226     0.09198854     0.02945100
   -2.5825826     0.17061464     0.02535398
   -2.5425425     0.24515818     0.05157712
   -2.5025025     0.28300651     0.11196574
   -2.4624625     0.27780901     0.19348384
   -2.4224224     0.24283931     0.25966051
   -2.3823824     0.19121250     0.27809348
   -2.3423423     0.13590833     0.25395755
   -2.3023023     0.09054961     0.21461635
   -2.2622623     0.06066450     0.17093745
   -2.2222222     0.04449564     0.12036647
   -2.1821822     0.03997696     0.07094209
   -2.1421421     0.04407260     0.03612785
   -2.1021021     0.05262914     0.01942271
   -2.0620621     0.06673237     0.01799977
   -2.0220220     0.08976333     0.03126314
   -1.9819820     0.11237649     0.05867405
   -1.9419419     0.11481478     0.09536312
   -1.9019019     0.09322246     0.13405605
   -1.8618619     0.06851189     0.16429828
   -1.8218218     0.06100771     0.16948097
   -1.7817818     0.07003230     0.14090355
   -1.7417417     0.08384204     0.09430706
   -1.7017017     0.09596743     0.05485525
   -1.6616617     0.10398090     0.03140918
   -1.6216216     0.10339419     0.01812255
   -1.5815816     0.09108414     0.01094271
   -1.5415415     0.06908276     0.01325805
   -1.5015015     0.04358360     0.03186438
   -1.4614615     0.02270222     0.06909751
   -1.4214214     0.01354067     0.11246544
   -1.3813814     0.02247681     0.13684756
   -1.3413413     0.05731189     0.12855781
   -1.3013013     0.11830065     0.10278019
   -1.2612613     0.18121852     0.08697804
   -1.2212212     0.20653214     0.09241811
   -1.1811812     0.18351903     0.11113919
   -1.1411411     0.15150187     0.13614580
   -1.1011011     0.16201934     0.16978164
   -1.0610611     0.23241584     0.21181221
   -1.0210210     0.33510084     0.25823753
   -0.9809810     0.41030569     0.31209942
   -0.9409409     0.40147866     0.37300940
   -0.9009009     0.30735424     0.41451442
   -0.8608609     0.18638504     0.39593947
   -0.8208208     0.09552776     0.30797707
   -0.7807808     0.04816376     0.18993302
   -0.7407407     0.03290361     0.09213258
   -0.7007007     0.04030129     0.03594551
   -0.6606607     0.06128544     0.01447852
   -0.6206206     0.07839712     0.01535072
   -0.5805806     0.07511488     0.03237708
   -0.5405405     0.05263231     0.05864432
   -0.5005005     0.02699442     0.07821238
   -0.4604605     0.01084275     0.07565443
   -0.4204204     0.00572432     0.05318655
   -0.3803804     0.00817704     0.02799764
   -0.3403403     0.01566346     0.01388655
   -0.3003003     0.02832500     0.01303682
   -0.2602603     0.04907965     0.02057592
   -0.2202202     0.07985773     0.03018865
   -0.1801802     0.11450112     0.03940090
   -0.1401401     0.13811594     0.05223572
   -0.1001001     0.13812347     0.07165469
   -0.0600601     0.11717629     0.09145554
   -0.0200200     0.09322405     0.10507858
    0.0200200     0.08266825     0.11735570
    0.0600601     0.08401510     0.13374319
    0.1001001     0.08589580     0.14412336
    0.1401401     0.08869785     0.13478201
    0.1801802     0.10398525     0.11337102
    0.2202202     0.13274691     0.10457507
    0.2602603     0.15737863     0.12146810
    0.3003003     0.15726746     0.15396509
    0.3403403     0.12867151     0.18053084
    0.3803804     0.08986055     0.18071782
    0.4204204     0.06478696     0.14691895
    0.4604605     0.06201128     0.09526649
    0.5005005     0.07325979     0.05616980
    0.5405405     0.08628404     0.04650112
    0.5805806     0.09060608     0.05596215
    0.6206206     0.07896598     0.06336287
    0.6606607     0.05409584     0.06059886
    0.7007007     0.02829900     0.05429272
    0.7407407     0.01137570     0.04886165
    0.7807808     0.00434307     0.04062931
    0.8208208     0.00542626     0.02819320
    0.8608609     0.01941700     0.01783414
    0.9009009     0.06323545     0.01995967
    0.9409409     0.15720235     0.04956543
    0.9809810     0.29294131     0.12541013
    1.0210210     0.40918280     0.24872433
    1.0610611     0.43126968     0.37590770
    1.1011011     0.34797392     0.43780182
    1.1411411     0.22298519     0.40433658
    1.1811812     0.12750040     0.30946725
    1.2212212     0.08839043     0.20837743
    1.2612613     0.09922334     0.14079311
    1.3013013     0.14827231     0.12914429
    1.3413413     0.21718432     0.17130034
    1.3813814     0.27176854     0.23126902
    1.4214214     0.28270846     0.26590089
    1.4614615     0.24927735     0.26390011
    1.5015015     0.19176856     0.23873154
    1.5415415     0.13713492     0.19762758
    1.5815816     0.11031120     0.14606341
    1.6216216     0.11609183     0.10405078
    1.6616617     0.13145769     0.08949830
    1.7017017     0.13200555     0.09560429
    1.7417417     0.12262231     0.10215758
    1.7817818     0.12775916     0.10426299
    1.8218218     0.15344809     0.11611435
    1.8618619     0.17597484     0.14487814
    1.9019019     0.17390907     0.17240617
    1.9419419     0.15515964     0.17368836
    1.9819820     0.13835685     0.15031139
    2.0220220     0.12330528     0.13018204
    2.0620621     0.09967349     0.13262503
    2.1021021     0.07167066     0.14960163
    2.1421421     0.05653420     0.16157359
    2.1821822     0.06599772     0.15755615
    2.2222222     0.09702840     0.14093069
    2.2622623     0.13848172     0.12520594
    2.3023023     0.18649842     0.12268765
    2.3423423     0.24862968     0.13913478
    2.3823824     0.32338615     0.18370297
    2.4224224     0.37954080     0.26584844
    2.4624625     0.37421301     0.36381405
    2.5025025     0.29814164     0.41721214
    2.5425425     0.18907752     0.38025048
    2.5825826     0.09571525     0.27270336
    2.6226226     0.04099216     0.16002219
    2.6626627     0.02199472     0.09390249
    2.7027027     0.02995536     0.08224993
    2.7427427     0.06057050     0.10146341
    2.7827828     0.10833809     0.12247771
    2.8228228     0.15795506     0.12753110
    2.8628629     0.18737495     0.11397236
    2.9029029     0.18260779     0.09387780
    2.9429429     0.14948214     0.08711350
    2.9829830     0.11039543     0.10086862
    3.0230230     0.08709466     0.11740400
    3.0630631     0.08254176     0.11404902
    3.1031031     0.08090990     0.09069675
    3.1431431     0.06847535     0.06548554
    3.1831832     0.05115986     0.05205627
    3.2232232     0.04875487     0.05488349
    3.2632633     0.07447244     0.07781539
    3.3033033     0.11855743     0.12037843
    3.3433433     0.15128410     0.16495882
    3.3833834     0.15014147     0.18142090
    3.4234234     0.12193783     0.15472277
    3.4634635     0.08897696     0.10129647
    3.5035035     0.06356074     0.05079715
    3.5435435     0.04531384     0.01952263
    3.5835836     0.03117507     0.00592760
    3.6236236     0.01979009     0.00218370
    3.6636637     0.01134403     0.00292713
    3.7037037     0.00649914     0.00602424
    3.7437437     0.00582916     0.01018216
    3.7837838     0.01106658     0.01411096
    3.8238238     0.02597608     0.01772918
    3.8638639     0.05315481     0.02244879
    3.9039039     0.08806369     0.03031938
    3.9439439     0.11838089     0.04458671
    3.9839840     0.13364754     0.06796131
    4.0240240     0.13550232     0.09637976
    4.0640641     0.13608984     0.12052895
    4.1041041     0.14745445     0.13882215
    4.1441441     0.16927806     0.16070384
    4.1841842     0.18280450     0.19079939
    4.2242242     0.16701922     0.21537126
    4.2642643     0.12695423     0.21178588
    4.3043043     0.09106762     0.17348755
    4.3443443     0.07684368     0.12119983
    4.3843844     0.07626953     0.08572734
    4.4244244     0.07787582     0.08297987
    4.4644645     0.08522922     0.10555360
    4.5045045     0.10463685     0.13065121
    4.5445445     0.12605485     0.13551371
    4.5845846     0.13160740     0.11404520
    4.6246246     0.12237141     0.08235591
    4.6646647     0.12221142     0.06625735
    4.7047047     0.15090791     0.08210682
    4.7447447     0.20153122     0.12659744
    4.7847848     0.24654706     0.18076910
    4.8248248     0.26533648     0.22385690
    4.8648649     0.26439237     0.24889577
    4.9049049     0.26774552     0.27002486
    4.9449449     0.28863864     0.30618082
    4.9849850     0.31246015     0.34726672
    5.0250250     0.31229734     0.35241634
    5.0650651     0.28360685     0.29797201
    5.1051051     0.25021820     0.20828074
    5.1451452     0.23015596     0.12761401
    5.1851852     0.21815692     0.08376130
    5.2252252     0.21099024     0.08469799
    5.2652653     0.21872015     0.12711289
    5.3053053     0.23609398     0.19505420
    5.3453453     0.23615134     0.25946384
    5.3853854     0.20966381     0.29289109
    5.4254254     0.18203585     0.28545178
    5.4654655     0.17980999     0.24417794
    5.5055055     0.20223510     0.18958566
    5.5455455     0.23222804     0.15387830
    5.5855856     0.26401860     0.16238150
    5.6256256     0.30473398     0.21157315
    5.6656657     0.34384016     0.27382779
    5.7057057     0.35163867     0.32547823
    5.7457458     0.32197167     0.36436483
    5.7857858     0.27912124     0.39092391
    5.8258258     0.24278685     0.38822135
    5.8658659     0.22134464     0.34918191
    5.9059059     0.21808002     0.29982813
    5.9459459     0.21981343     0.26227137
    5.9859860     0.20710920     0.22451369
    6.0260260     0.18063136     0.17157856
    6.0660661     0.15391235     0.11575124
    6.1061061     0.12988639     0.07835498
    6.1461461     0.10287533     0.06283865
    6.1861862     0.07391781     0.05804121
    6.2262262     0.05238885     0.05627174
    6.2662663     0.04551264     0.05716858
    6.3063063     0.05214796     0.05999948
    6.3463464     0.06944325     0.06534971
    6.3863864     0.10106982     0.08293587
    6.4264264     0.14715628     0.12454997
    6.4664665     0.18651413     0.18516390
    6.5065065     0.18898503     0.23754438
    6.5465466     0.15159620     0.25141650
    6.5865866     0.10335017     0.21964945
    6.6266266     0.07046434     0.16419530
    6.6666667     0.05505043     0.11574235
    6.7067067     0.04981940     0.09079510
    6.7467467     0.05599756     0.08783422
    6.7867868     0.07918693     0.09443534
    6.8268268     0.11562893     0.09394894
    6.8668669     0.14821920     0.07784627
    6.9069069     0.15597600     0.05629439
    6.9469470     0.13071223     0.04954265
    6.9869870     0.08643882     0.06790738
    7.0270270     0.04795238     0.10011261
    7.0670671     0.03000812     0.12086400
    7.1071071     0.03072214     0.11512662
    7.1471472     0.04048908     0.09331745
    7.1871872     0.05222215     0.07609949
    7.2272272     0.06405916     0.06966073
    7.2672673     0.07539529     0.06524326
    7.3073073     0.08732431     0.06045312
    7.3473473     0.10911785     0.07033283
    7.3873874     0.14980472     0.11044893
    7.4274274     0.19449948     0.16988224
    7.4674675     0.20746826     0.20987934
    7.5075075     0.17313381     0.19996384
    7.5475475     0.11818364     0.14968137
    7.5875876     0.08230529     0.09336202
    7.6276276     0.08060176     0.05621197
    7.6676677     0.09832657     0.04703035
    7.7077077     0.11145492     0.06385954
    7.7477478     0.10978846     0.09151021
    7.7877878     0.10293775     0.10964174
    7.8278278     0.10782684     0.11356548
    7.8678679     0.13338964     0.11645852
    7.9079079     0.17197502     0.12877005
    7.9479479     0.20066907     0.14341999
    7.9879880     0.19606434     0.14254680
    8.0280280     0.15450167     0.11680099
    8.0680681     0.09686000     0.07627613
    8.1081081     0.04995667     0.04055497
    8.1481482     0.02527253     0.02182099
    8.1881882     0.01699202     0.02113556
    8.2282282     0.01486044     0.03373079
    8.2682683     0.01392517     0.05014771
    8.3083083     0.01379071     0.05749516
    8.3483484     0.01419021     0.04906371
    8.3883884     0.01545162     0.03142626
    8.4284284     0.02272094     0.01722118
    8.4684685     0.04506879     0.01466075
    8.5085085     0.08441299     0.02584634
    8.5485485     0.12489731     0.04769095
    8.5885886     0.14402170     0.07164355
    8.6286286     0.14041238     0.09054434
    8.6686687     0.13786013     0.10802552
    8.7087087     0.15481998     0.13084324
    8.7487488     0.18140728     0.15076693
    8.7887888     0.19023370     0.14864638
    8.8288288     0.16386252     0.12027723
    8.8688689     0.11206969     0.08594036
    8.9089089     0.06260492     0.07177340
    8.9489490     0.03546972     0.08875259
    8.9889890     0.02996733     0.12462161
    9.0290290     0.03352796     0.15056364
    9.0690691     0.03648876     0.14625915
    9.1091091     0.03794100     0.12204921
    9.1491491     0.04095154     0.10436303
    9.1891892     0.04673798     0.10203382
    9.2292292     0.05533098     0.10354205
    9.2692693     0.06913248     0.10359560
    9.3093093     0.09284874     0.11306334
    9.3493494     0.12840902     0.13846588
    9.3893894     0.16789168     0.16335044
    9.4294294     0.19272329     0.16108348
    9.4694695     0.18792036     0.12599581
    9.5095095     0.16051480     0.08100777
    9.5495496     0.13427343     0.05238557
    9.5895896     0.12171847     0.04765027
    9.6296296     0.11219277     0.05790549
    9.6696697     0.09166695     0.06951641
    9.7097097     0.06292194     0.07185142
    9.7497497     0.03977565     0.06280238
    9.7897898     0.02962989     0.04964975
    9.8298298     0.02928792     0.04247433
    9.8698699     0.03358431     0.04776143
    9.9099099     0.04101137     0.06561678
    9.9499500     0.05226451     0.08726968
    9.9899900     0.06868058     0.09829316
   10.0300300     0.08958684     0.09101146
   10.0700701     0.10610275     0.07124560
   10.1101101     0.10445182     0.04970493
   10.1501502     0.08235503     0.03190813
   10.1901902     0.05436861     0.01850240
   10.2302302     0.03602426     0.00993610
   10.2702703     0.02999511     0.00853201
   10.3103103     0.03011663     0.01927406
   10.3503504     0.03200916     0.04822600
   10.3903904     0.03613959     0.09319396
   10.4304304     0.04361772     0.13442393
   10.4704705     0.05272700     0.14583455
   10.5105105     0.06099902     0.12146884
   10.5505506     0.06845624     0.08159161
   10.5905906     0.07422256     0.05084324
   10.6306306     0.07262023     0.03963835
   10.6706707     0.06034650     0.04413221
   10.7107107     0.04462305     0.05333868
   10.7507508     0.03629087     0.05643748
   10.7907908     0.03723142     0.05086684
   10.8308308     0.04014883     0.04591311
   10.8708709     0.03991244     0.05466349
   10.9109109     0.04128450     0.07856215
   10.9509510     0.05216649     0.10134349
   10.9909910     0.07020583     0.10324655
   11.0310310     0.08186822     0.08137129
   11.0710711     0.07715807     0.05174191
   11.1111111     0.06073055     0.03299927
   11.1511512     0.04566553     0.03240533
   11.1911912     0.03987832     0.04440586
   11.2312312     0.04101991     0.05796525
   11.2712713     0.04214893     0.06596580
   11.3113113     0.04012147     0.06769361
   11.3513514     0.03812114     0.06342865
   11.3913914     0.04060062     0.05247852
   11.4314314     0.04764886     0.03694122
   11.4714715     0.05470553     0.02191924
   11.5115115     0.05619454     0.01169764
   11.5515516     0.05086724     0.00825367
   11.5915916     0.04567459     0.01210600
   11.6316316     0.05029213     0.02199415
   11.6716717     0.06466848     0.03430545
   11.7117117     0.07750513     0.04533133
   11.7517518     0.07962914     0.05286795
   11.7917918     0.07141031     0.05314742
   11.8318318     0.05638917     0.04158012
   11.8718719     0.03761314     0.02120161
   11.9119119     0.02000819     0.00355408
   11.9519520     0.00833979    -0.00301480
   11.9919920     0.00365089     0.00006518
   12.0320320     0.00488400     0.00837857
   12.0720721     0.01176939     0.02134327
   12.1121121     0.02377433     0.03837505
   12.1521522     0.03720017     0.05253164
   12.1921922     0.04596319     0.05473486
   12.2322322     0.04601274     0.04402532
   12.2722723     0.03784253     0.02859414
   12.3123123     0.02559001     0.01788797
   12.3523524     0.01489029     0.01729810
   12.3923924     0.01021795     0.02728043
   12.4324324     0.01313317     0.04313265
   12.4724725     0.02230807     0.05713095
   12.5125125     0.03382486     0.06385065
   12.5525526     0.04193186     0.06267077
   12.5925926     0.04236904     0.05562294
   12.6326326     0.03622435     0.04656395
   12.6726727     0.02901309     0.04182637
   12.7127127     0.02627695     0.04651285
   12.7527528     0.03179913     0.05811438
   12.7927928     0.04778353     0.06742380
   12.8328328     0.07180554     0.06891342
   12.8728729     0.09275596     0.06558177
   12.9129129     0.09652122     0.06082913
   12.9529530     0.08189633     0.05429645
   12.9929930     0.06577306     0.04923069
   13.0330330     0.06487469     0.05363234
   13.0730731     0.07573691     0.06799179
   13.1131131     0.08036566     0.07901223
   13.1531532     0.06964744     0.07344659
   13.1931932     0.05152785     0.05377219
   13.2332332     0.03679486     0.03280319
   13.2732733     0.02786341     0.01890337
   13.3133133     0.02177471     0.01329835
   13.3533534     0.01613123     0.01488213
   13.3933934     0.01121607     0.02080441
   13.4334334     0.00879799     0.02575901
   13.4734735     0.00937097     0.02537751
   13.5135135     0.01167375     0.01991756
   13.5535536     0.01612192     0.01364326
   13.5935936     0.02752476     0.01271842
   13.6336336     0.05109098     0.02481127
   13.6736737     0.08458024     0.05638227
   13.7137137     0.11823868     0.10337617
   13.7537538     0.14358459     0.14554772
   13.7937938     0.15664093     0.16051533
   13.8338338     0.15384196     0.14581915
   13.8738739     0.13321140     0.11828595
   13.9139139     0.09931287     0.09249914
   13.9539540     0.06250570     0.06962928
   13.9939940     0.03377252     0.04634757
   14.0340340     0.02093806     0.02471512
   14.0740741     0.02715468     0.01018446
   14.1141141     0.04908705     0.00519287
   14.1541542     0.07637662     0.00853553
   14.1941942     0.09676592     0.01929461
   14.2342342     0.10334811     0.03820469
   14.2742743     0.09572836     0.06383107
   14.3143143     0.07666080     0.08876821
   14.3543544     0.05159502     0.10278104
   14.3943944     0.02863781     0.10036286
   14.4344344     0.01412466     0.08395493
   14.4744745     0.00965737     0.06188220
   14.5145145     0.01448768     0.04485087
   14.5545546     0.02714265     0.04059782
   14.5945946     0.04342779     0.04913127
   14.6346346     0.05674364     0.06396249
   14.6746747     0.06373158     0.07620854
   14.7147147     0.06843804     0.07772094
   14.7547548     0.07799950     0.06669981
   14.7947948     0.09290580     0.05204907
   14.8348348     0.10382773     0.04737663
   14.8748749     0.10234572     0.05952144
   14.9149149     0.09239331     0.08471956
   14.9549550     0.08554412     0.11371702
   14.9949950     0.08917745     0.13585822
   15.0350350     0.10412027     0.14056606
   15.0750751     0.12723411     0.12465187
   15.1151151     0.14904330     0.09950304
   15.1551552     0.15344437     0.08143652
   15.1951952     0.13005733     0.07430989
   15.2352352     0.08753956     0.07022847
   15.2752753     0.04711611     0.06405762
   15.3153153     0.02353438     0.05799365
   15.3553554     0.01766559     0.05447502
   15.3953954     0.02336116     0.05112617
   15.4354354     0.03604236     0.04467921
   15.4754755     0.05679285     0.03895675
   15.5155155     0.08732889     0.04426101
   15.5555556     0.11806485     0.06586391
   15.5955956     0.12880992     0.09565644
   15.6356356     0.10952927     0.11777620
   15.6756757     0.07341031     0.12172738
   15.7157157     0.04233635     0.10804275
   15.7557558     0.02751982     0.08329827
   15.7957958     0.02858212     0.05498551
   15.8358358     0.04074503     0.03078668
   15.8758759     0.05823335     0.01698712
   15.9159159     0.07925213     0.01618376
   15.9559560     0.10783146     0.02848038
   15.9959960     0.14058592     0.05323718
   16.0360360     0.15739108     0.08729490
   16.0760761     0.14231547     0.12277168
   16.1161161     0.10784163     0.14878749
   16.1561562     0.08053392     0.15789938
   16.1961962     0.07052135     0.15314751
   16.2362362     0.07054658     0.14466268
   16.2762763     0.07449643     0.13687871
   16.3163163     0.07989351     0.12511994
   16.3563564     0.07995968     0.10456604
   16.3963964     0.07019655     0.07759998
   16.4364364     0.05870317     0.05299371
   16.4764765     0.05702523     0.03798352
   16.5165165     0.06388812     0.03214294
   16.5565566     0.06766820     0.03225414
   16.5965966     0.06277880     0.03894507
   16.6366366     0.05493149     0.05189183
   16.6766767     0.05074343     0.06281682
   16.7167167     0.04949069     0.06232027
   16.7567568     0.04618011     0.05259329
   16.7967968     0.03857017     0.04585782
   16.8368368     0.03011566     0.04966752
   16.8768769     0.02799088     0.05957105
   16.9169169     0.03711908     0.06817327
   16.9569570     0.05312819     0.07485523
   16.9969970     0.06376319     0.08110771
   17.0370370     0.06166085     0.08364740
   17.0770771     0.05244002     0.08017295
   17.1171171     0.04605984     0.07436655
   17.1571572     0.04469641     0.06914228
   17.1971972     0.04422022     0.06441965
   17.2372372     0.04440393     0.06371047
   17.2772773     0.05049995     0.07167925
   17.3173173     0.06413680     0.08497466
   17.3573574     0.07860597     0.09428583
   17.3973974     0.08558203     0.09413679
   17.4374374     0.08433313     0.08611064
   17.4774775     0.08219758     0.07618830
   17.5175175     0.08540158     0.07198921
   17.5575576     0.09171328     0.07811541
   17.5975976     0.09383359     0.09053338
   17.6376376     0.08861443     0.09955823
   17.6776777     0.08263962     0.10173046
   17.7177177     0.08607665     0.10259925
   17.7577578     0.09801273     0.10398149
   17.7977978     0.10509001     0.09819056
   17.8378378     0.09852271     0.08117922
   17.8778779     0.08261545     0.06211555
   17.9179179     0.06642459     0.05314190
   17.9579580     0.05864077     0.05595014
   17.9979980     0.06631010     0.06365415
   18.0380380     0.08628432     0.07131498
   18.0780781     0.10341580     0.08008019
   18.1181181     0.10740251     0.09332301
   18.1581582     0.10414370     0.11062036
   18.1981982     0.10193757     0.12404146
   18.2382382     0.09810380     0.12232531
   18.2782783     0.09061333     0.10299287
   18.3183183     0.09015937     0.07905546
   18.3583584     0.10521899     0.06974989
   18.3983984     0.12379991     0.08438637
   18.4384384     0.12560697     0.11399886
   18.4784785     0.10880814     0.13750890
   18.5185185     0.09383265     0.14200220
   18.5585586     0.10216795     0.13886131
   18.5985986     0.13381796     0.15018670
   18.6386386     0.16312322     0.17685968
   18.6786787     0.16187249     0.19319638
   18.7187187     0.12864910     0.17867874
   18.7587588     0.08805721     0.14165780
   18.7987988     0.06336098     0.10662747
   18.8388388     0.05922187     0.09183361
   18.8788789     0.06807214     0.10214386
   18.9189189     0.08285477     0.12929119
   18.9589590     0.10304402     0.15384931
   18.9989990     0.13421592     0.15548120
   19.0390390     0.17675637     0.12888918
   19.0790791     0.20974077     0.09114699
   19.1191191     0.20375845     0.06976017
   19.1591592     0.15992423     0.08012997
   19.1991992     0.11335952     0.11289732
   19.2392392     0.08986054     0.14126965
   19.2792793     0.08136760     0.14203624
   19.3193193     0.06885225     0.11284327
   19.3593594     0.04904795     0.07079798
   19.3993994     0.03142933     0.03600028
   19.4394394     0.02338385     0.01766441
   19.4794795     0.02714778     0.01363180
   19.5195195     0.04458205     0.01767977
   19.5595596     0.07586401     0.02556062
   19.5995996     0.11013076     0.03862475
   19.6396396     0.12599146     0.06526623
   19.6796797     0.11361120     0.11391163
   19.7197197     0.09015060     0.17554049
   19.7597598     0.08152589     0.21834172
   19.7997998     0.09583589     0.21562029
   19.8398398     0.12184951     0.17510787
   19.8798799     0.14521811     0.12834431
   19.9199199     0.15891574     0.09889999
   19.9599600     0.16164414     0.08753752
   20.0000000     0.15357821     0.08184245
