#
#   partial DOS for atom species: Ga
#
#   Add data for atom_index =   1,  n,l,m,z=  4  1 -1  1
#   Add data for atom_index =   1,  n,l,m,z=  4  1  0  1
#   Add data for atom_index =   1,  n,l,m,z=  4  1  1  1
#   Add data for atom_index =   1,  n,l,m,z=  4  1 -1  2
#   Add data for atom_index =   1,  n,l,m,z=  4  1  0  2
#   Add data for atom_index =   1,  n,l,m,z=  4  1  1  2
#   Add data for atom_index =   1,  n,l,m,z=  4  1 -1  3
#   Add data for atom_index =   1,  n,l,m,z=  4  1  0  3
#   Add data for atom_index =   1,  n,l,m,z=  4  1  1  3
#   Add data for atom_index =   2,  n,l,m,z=  4  1 -1  1
#   Add data for atom_index =   2,  n,l,m,z=  4  1  0  1
#   Add data for atom_index =   2,  n,l,m,z=  4  1  1  1
#   Add data for atom_index =   2,  n,l,m,z=  4  1 -1  2
#   Add data for atom_index =   2,  n,l,m,z=  4  1  0  2
#   Add data for atom_index =   2,  n,l,m,z=  4  1  1  2
#   Add data for atom_index =   2,  n,l,m,z=  4  1 -1  3
#   Add data for atom_index =   2,  n,l,m,z=  4  1  0  3
#   Add data for atom_index =   2,  n,l,m,z=  4  1  1  3
#   Add data for atom_index =   3,  n,l,m,z=  4  1 -1  1
#   Add data for atom_index =   3,  n,l,m,z=  4  1  0  1
#   Add data for atom_index =   3,  n,l,m,z=  4  1  1  1
#   Add data for atom_index =   3,  n,l,m,z=  4  1 -1  2
#   Add data for atom_index =   3,  n,l,m,z=  4  1  0  2
#   Add data for atom_index =   3,  n,l,m,z=  4  1  1  2
#   Add data for atom_index =   3,  n,l,m,z=  4  1 -1  3
#   Add data for atom_index =   3,  n,l,m,z=  4  1  0  3
#   Add data for atom_index =   3,  n,l,m,z=  4  1  1  3
#
#    Energy          spin 1        spin2
#
  -20.0000000     0.00000000     0.00000000
  -19.9599600     0.00000000     0.00000000
  -19.9199199     0.00000000     0.00000000
  -19.8798799     0.00000000     0.00000000
  -19.8398398     0.00000000     0.00000000
  -19.7997998     0.00000000     0.00000000
  -19.7597598     0.00000000     0.00000000
  -19.7197197     0.00000000     0.00000000
  -19.6796797     0.00000000     0.00000000
  -19.6396396     0.00000000     0.00000000
  -19.5995996     0.00000000     0.00000000
  -19.5595596     0.00000000     0.00000000
  -19.5195195     0.00000000     0.00000000
  -19.4794795     0.00000000     0.00000000
  -19.4394394     0.00000000     0.00000000
  -19.3993994     0.00000000     0.00000000
  -19.3593594     0.00000000     0.00000000
  -19.3193193     0.00000000     0.00000000
  -19.2792793     0.00000000     0.00000000
  -19.2392392     0.00000000     0.00000000
  -19.1991992     0.00000000     0.00000000
  -19.1591592     0.00000000     0.00000000
  -19.1191191     0.00000000     0.00000000
  -19.0790791     0.00000000     0.00000000
  -19.0390390     0.00000000     0.00000000
  -18.9989990     0.00000000     0.00000000
  -18.9589590     0.00000000     0.00000000
  -18.9189189     0.00000000     0.00000000
  -18.8788789     0.00000000     0.00000000
  -18.8388388     0.00000000     0.00000000
  -18.7987988     0.00000000     0.00000000
  -18.7587588    -0.00000000    -0.00000000
  -18.7187187    -0.00000000    -0.00000000
  -18.6786787    -0.00000001    -0.00000001
  -18.6386386    -0.00000016    -0.00000008
  -18.5985986    -0.00000179    -0.00000095
  -18.5585586    -0.00001460    -0.00000802
  -18.5185185    -0.00008636    -0.00004895
  -18.4784785    -0.00037066    -0.00021683
  -18.4384384    -0.00115436    -0.00069700
  -18.3983984    -0.00260687    -0.00162517
  -18.3583584    -0.00425410    -0.00274302
  -18.3183183    -0.00492189    -0.00330953
  -18.2782783    -0.00358836    -0.00262989
  -18.2382382    -0.00000215    -0.00046468
  -18.1981982     0.00552387     0.00324396
  -18.1581582     0.01168014     0.00813841
  -18.1181181     0.01555902     0.01238051
  -18.0780781     0.01469387     0.01331343
  -18.0380380     0.01002767     0.01034470
  -17.9979980     0.00496213     0.00582878
  -17.9579580     0.00178071     0.00238236
  -17.9179179     0.00045246     0.00069808
  -17.8778779    -0.00001585     0.00007126
  -17.8378378    -0.00065627    -0.00051385
  -17.7977978    -0.00317967    -0.00264173
  -17.7577578    -0.01134945    -0.00980702
  -17.7177177    -0.03116891    -0.02819647
  -17.6776777    -0.06828995    -0.06500292
  -17.6376376    -0.12341172    -0.12323193
  -17.5975976    -0.18638156    -0.19249304
  -17.5575576    -0.23389149    -0.24412252
  -17.5175175    -0.24596242    -0.25148506
  -17.4774775    -0.23225566    -0.22428184
  -17.4374374    -0.22469460    -0.20278404
  -17.3973974    -0.23644900    -0.20985859
  -17.3573574    -0.24315628    -0.22520582
  -17.3173173    -0.21198560    -0.21057454
  -17.2772773    -0.14252662    -0.15363887
  -17.2372372    -0.06747780    -0.08096957
  -17.1971972    -0.01638826    -0.02682555
  -17.1571572     0.00576807    -0.00199653
  -17.1171171     0.00937764     0.00345876
  -17.0770771     0.00545366     0.00171136
  -17.0370370    -0.00118683    -0.00268454
  -16.9969970    -0.01297778    -0.01250298
  -16.9569570    -0.03526982    -0.03260233
  -16.9169169    -0.06626980    -0.06084145
  -16.8768769    -0.09175083    -0.08322558
  -16.8368368    -0.10021629    -0.08716871
  -16.7967968    -0.10528101    -0.08240622
  -16.7567568    -0.13551819    -0.09591118
  -16.7167167    -0.19129744    -0.13720456
  -16.6766767    -0.22879461    -0.17778544
  -16.6366366    -0.20806322    -0.18110444
  -16.5965966    -0.14510817    -0.15077170
  -16.5565566    -0.09349357    -0.12738685
  -16.5165165    -0.08601454    -0.13555337
  -16.4764765    -0.10962408    -0.15463060
  -16.4364364    -0.12613603    -0.14801255
  -16.3963964    -0.11053877    -0.10771188
  -16.3563564    -0.07135243    -0.05798050
  -16.3163163    -0.03371360    -0.02289669
  -16.2762763    -0.01163898    -0.00661129
  -16.2362362    -0.00293280    -0.00139335
  -16.1961962    -0.00053907    -0.00021430
  -16.1561562    -0.00007444    -0.00002768
  -16.1161161    -0.00003701    -0.00005180
  -16.0760761    -0.00029400    -0.00048799
  -16.0360360    -0.00213237    -0.00347938
  -15.9959960    -0.01150898    -0.01808323
  -15.9559560    -0.04617273    -0.06850300
  -15.9159159    -0.13762262    -0.18918353
  -15.8758759    -0.30431955    -0.38095931
  -15.8358358    -0.49817835    -0.55947207
  -15.7957958    -0.60224963    -0.59937466
  -15.7557558    -0.53640177    -0.46892236
  -15.7157157    -0.35194287    -0.27026046
  -15.6756757    -0.17325143    -0.12393488
  -15.6356356    -0.07529624    -0.07103475
  -15.5955956    -0.05557123    -0.08682717
  -15.5555556    -0.08029857    -0.12489457
  -15.5155155    -0.11404208    -0.14219145
  -15.4754755    -0.12752164    -0.12328302
  -15.4354354    -0.11259885    -0.08895567
  -15.3953954    -0.08864210    -0.06803431
  -15.3553554    -0.08028655    -0.06861414
  -15.3153153    -0.09571602    -0.08468115
  -15.2752753    -0.12884084    -0.11234993
  -15.2352352    -0.16258759    -0.14215876
  -15.1951952    -0.17131970    -0.15245624
  -15.1551552    -0.14601560    -0.13539293
  -15.1151151    -0.11309355    -0.11759754
  -15.0750751    -0.10725275    -0.13175213
  -15.0350350    -0.13177746    -0.17192074
  -14.9949950    -0.15326505    -0.18813502
  -14.9549550    -0.12698328    -0.12863285
  -14.9149149    -0.03687787     0.00330350
  -14.8748749     0.07380090     0.13417922
  -14.8348348     0.13473048     0.18431485
  -14.7947948     0.12782865     0.15103744
  -14.7547548     0.10002770     0.09985192
  -14.7147147     0.09043605     0.07740611
  -14.6746747     0.08783854     0.06980226
  -14.6346346     0.06514227     0.04289625
  -14.5945946     0.01975884    -0.00932182
  -14.5545546    -0.02827253    -0.06313937
  -14.5145145    -0.05822126    -0.09627136
  -14.4744745    -0.06397436    -0.11082444
  -14.4344344    -0.05660603    -0.12675432
  -14.3943944    -0.05426413    -0.15619511
  -14.3543544    -0.06890059    -0.18306243
  -14.3143143    -0.09755612    -0.17349296
  -14.2742743    -0.11999322    -0.11745298
  -14.2342342    -0.11289538    -0.04693305
  -14.1941942    -0.07335905     0.00230776
  -14.1541542    -0.02068607     0.02706673
  -14.1141141     0.02336737     0.04339550
  -14.0740741     0.04872655     0.06104329
  -14.0340340     0.05944663     0.08157616
  -13.9939940     0.06687159     0.10170100
  -13.9539540     0.07458349     0.10973365
  -13.9139139     0.07357836     0.09444053
  -13.8738739     0.05765276     0.06164010
  -13.8338338     0.03568674     0.03037048
  -13.7937938     0.02438603     0.01568625
  -13.7537538     0.03742377     0.02510060
  -13.7137137     0.08038934     0.06245179
  -13.6736737     0.14159517     0.11976223
  -13.6336336     0.18948787     0.17108375
  -13.5935936     0.19971230     0.19202602
  -13.5535536     0.18497727     0.18449321
  -13.5135135     0.17670838     0.16974942
  -13.4734735     0.18142074     0.16120174
  -13.4334334     0.17983251     0.15775095
  -13.3933934     0.16173394     0.15889095
  -13.3533534     0.13577287     0.16613144
  -13.3133133     0.11215457     0.17108055
  -13.2732733     0.09503713     0.16125256
  -13.2332332     0.08451165     0.13809663
  -13.1931932     0.07922506     0.11752270
  -13.1531532     0.08432197     0.11040620
  -13.1131131     0.10995882     0.11187595
  -13.0730731     0.15133665     0.11767159
  -13.0330330     0.18242240     0.13834317
  -12.9929930     0.18314143     0.18152644
  -12.9529530     0.16124404     0.23189852
  -12.9129129     0.13523454     0.26318625
  -12.8728729     0.11163213     0.26149358
  -12.8328328     0.09459359     0.23083010
  -12.7927928     0.10229243     0.18328711
  -12.7527528     0.15093995     0.12945120
  -12.7127127     0.22220015     0.07919886
  -12.6726727     0.26555886     0.04540637
  -12.6326326     0.24905646     0.03948610
  -12.5925926     0.19660484     0.06348722
  -12.5525526     0.15760956     0.10539959
  -12.5125125     0.15483301     0.14356412
  -12.4724725     0.17970325     0.16495444
  -12.4324324     0.21593828     0.17922574
  -12.3923924     0.24386490     0.20644785
  -12.3523524     0.24420675     0.25109507
  -12.3123123     0.22094218     0.29376465
  -12.2722723     0.19862675     0.31061340
  -12.2322322     0.18630815     0.29466805
  -12.1921922     0.17103500     0.25505813
  -12.1521522     0.14990851     0.20769764
  -12.1121121     0.14110756     0.17107648
  -12.0720721     0.15785862     0.16004759
  -12.0320320     0.18768294     0.18111214
  -11.9919920     0.20805994     0.23459929
  -11.9519520     0.22061412     0.31178313
  -11.9119119     0.25152028     0.38727477
  -11.8718719     0.31126019     0.42758954
  -11.8318318     0.37673671     0.41809297
  -11.7917918     0.41962384     0.37505778
  -11.7517518     0.43078920     0.32254648
  -11.7117117     0.41392481     0.26942843
  -11.6716717     0.37486775     0.21693343
  -11.6316316     0.32023211     0.17330811
  -11.5915916     0.25388027     0.14999929
  -11.5515516     0.17966450     0.14742118
  -11.5115115     0.11412211     0.15696494
  -11.4714715     0.08295509     0.18236724
  -11.4314314     0.10187341     0.24195205
  -11.3913914     0.17144680     0.34220847
  -11.3513514     0.28610515     0.46856038
  -11.3113113     0.43207288     0.59573140
  -11.2712713     0.57136152     0.67880101
  -11.2312312     0.64229245     0.66268200
  -11.1911912     0.60054058     0.54126693
  -11.1511512     0.46998361     0.37622426
  -11.1111111     0.33221302     0.23951305
  -11.0710711     0.24968393     0.17055816
  -11.0310310     0.22055728     0.17806734
  -10.9909910     0.21617064     0.24567409
  -10.9509510     0.23099518     0.34128238
  -10.9109109     0.28879838     0.43764342
  -10.8708709     0.41313064     0.52310302
  -10.8308308     0.57441460     0.59264625
  -10.7907908     0.67596181     0.63759049
  -10.7507508     0.64845534     0.65359522
  -10.7107107     0.54306680     0.65073038
  -10.6706707     0.46794431     0.64233846
  -10.6306306     0.46700163     0.63677453
  -10.5905906     0.52395505     0.64619847
  -10.5505506     0.63168961     0.67417056
  -10.5105105     0.77402843     0.68943386
  -10.4704705     0.87666466     0.64908128
  -10.4304304     0.86270872     0.55159151
  -10.3903904     0.74626453     0.44388410
  -10.3503504     0.62339102     0.38774068
  -10.3103103     0.58324714     0.42619990
  -10.2702703     0.64262436     0.55440378
  -10.2302302     0.74794967     0.70526588
  -10.1901902     0.82792584     0.78185292
  -10.1501502     0.84315865     0.73514401
  -10.1101101     0.79915056     0.61219702
  -10.0700701     0.73332143     0.50776162
  -10.0300300     0.68132534     0.47370118
   -9.9899900     0.64669433     0.49457626
   -9.9499500     0.61858312     0.53305484
   -9.9099099     0.60874874     0.56794891
   -9.8698699     0.64144339     0.59361859
   -9.8298298     0.71497984     0.59925311
   -9.7897898     0.79863751     0.56575388
   -9.7497497     0.85114215     0.49877326
   -9.7097097     0.82546241     0.44507300
   -9.6696697     0.69806360     0.45283346
   -9.6296296     0.51136339     0.52286828
   -9.5895896     0.34695800     0.60860570
   -9.5495496     0.25805032     0.66049794
   -9.5095095     0.24616004     0.65781223
   -9.4694695     0.27346146     0.60908493
   -9.4294294     0.28763570     0.54840206
   -9.3893894     0.26391763     0.51067919
   -9.3493494     0.22552676     0.48983470
   -9.3093093     0.20966213     0.45098075
   -9.2692693     0.22344319     0.39033652
   -9.2292292     0.24613018     0.34446064
   -9.1891892     0.26278714     0.33596542
   -9.1491491     0.27655735     0.34914999
   -9.1091091     0.29257023     0.36141675
   -9.0690691     0.30486582     0.36133372
   -9.0290290     0.30122166     0.33761650
   -8.9889890     0.27931557     0.28696465
   -8.9489490     0.25394175     0.23092333
   -8.9089089     0.24227214     0.19757320
   -8.8688689     0.24868697     0.19295198
   -8.8288288     0.26821566     0.20402200
   -8.7887888     0.29218984     0.21498612
   -8.7487488     0.30765572     0.21678943
   -8.7087087     0.30508585     0.21637976
   -8.6686687     0.28828374     0.23228519
   -8.6286286     0.27018264     0.27017232
   -8.5885886     0.26243584     0.31586276
   -8.5485485     0.26911523     0.35906785
   -8.5085085     0.28684500     0.40327888
   -8.4684685     0.31088958     0.44296941
   -8.4284284     0.33693738     0.45162643
   -8.3883884     0.35988058     0.41007281
   -8.3483484     0.37925465     0.33563875
   -8.3083083     0.40150300     0.26528268
   -8.2682683     0.43195849     0.21901986
   -8.2282282     0.46625809     0.19698793
   -8.1881882     0.48928302     0.20248189
   -8.1481482     0.48728115     0.24460041
   -8.1081081     0.46344744     0.31633232
   -8.0680681     0.43111634     0.38778727
   -8.0280280     0.39432888     0.42615313
   -7.9879880     0.34862011     0.41650876
   -7.9479479     0.29316148     0.36883427
   -7.9079079     0.23443947     0.31137176
   -7.8678679     0.18609885     0.27254481
   -7.8278278     0.16311677     0.26279560
   -7.7877878     0.16932498     0.27295833
   -7.7477478     0.19490672     0.28934933
   -7.7077077     0.22948855     0.30385181
   -7.6676677     0.27061047     0.31054599
   -7.6276276     0.31300613     0.30508795
   -7.5875876     0.33927837     0.28807916
   -7.5475475     0.33459131     0.26312993
   -7.5075075     0.30402375     0.23813039
   -7.4674675     0.26491874     0.22989808
   -7.4274274     0.23087623     0.25426295
   -7.3873874     0.21427193     0.30385692
   -7.3473473     0.23353865     0.34543720
   -7.3073073     0.29321316     0.34914354
   -7.2672673     0.35809523     0.31520664
   -7.2272272     0.37706685     0.26755864
   -7.1871872     0.33494511     0.22737836
   -7.1471472     0.25872227     0.19940862
   -7.1071071     0.18158906     0.18459688
   -7.0670671     0.12101713     0.19409452
   -7.0270270     0.08216309     0.23670668
   -6.9869870     0.06396247     0.29822196
   -6.9469470     0.06103927     0.34559778
   -6.9069069     0.06819701     0.35099368
   -6.8668669     0.08536466     0.31427404
   -6.8268268     0.11807902     0.26797121
   -6.7867868     0.17517260     0.25148634
   -6.7467467     0.25833658     0.27684614
   -6.7067067     0.34641365     0.32919497
   -6.6666667     0.40324575     0.39040092
   -6.6266266     0.40909584     0.44296995
   -6.5865866     0.37207496     0.46413623
   -6.5465466     0.31504946     0.43844843
   -6.5065065     0.26748112     0.37245769
   -6.4664665     0.25476915     0.29108808
   -6.4264264     0.28308564     0.22162117
   -6.3863864     0.34459398     0.17748269
   -6.3463464     0.42350607     0.15940371
   -6.3063063     0.48323090     0.17279519
   -6.2662663     0.48090616     0.22521793
   -6.2262262     0.41438268     0.29977947
   -6.1861862     0.32862288     0.35309079
   -6.1461461     0.27029172     0.35071421
   -6.1061061     0.25526077     0.29715258
   -6.0660661     0.27097711     0.23183440
   -6.0260260     0.28895102     0.19742054
   -5.9859860     0.28374882     0.20638938
   -5.9459459     0.25540512     0.23728621
   -5.9059059     0.22395109     0.26048027
   -5.8658659     0.20033947     0.26116691
   -5.8258258     0.18225720     0.24622743
   -5.7857858     0.17531289     0.23823479
   -5.7457458     0.19503307     0.25161784
   -5.7057057     0.24485711     0.27321777
   -5.6656657     0.30220297     0.28069537
   -5.6256256     0.33263650     0.27346772
   -5.5855856     0.32171464     0.26919973
   -5.5455455     0.28576047     0.27599378
   -5.5055055     0.24584114     0.28234060
   -5.4654655     0.20831202     0.27522767
   -5.4254254     0.17844016     0.25935558
   -5.3853854     0.16988692     0.24984751
   -5.3453453     0.19092963     0.24692842
   -5.3053053     0.23625234     0.23424089
   -5.2652653     0.29177759     0.20931566
   -5.2252252     0.33544885     0.19232606
   -5.1851852     0.34070942     0.19354845
   -5.1451452     0.29562862     0.19871308
   -5.1051051     0.21839332     0.19728922
   -5.0650651     0.14485048     0.19831183
   -5.0250250     0.10326421     0.20650164
   -4.9849850     0.10476968     0.20758985
   -4.9449449     0.14404207     0.19282205
   -4.9049049     0.19612451     0.17926315
   -4.8648649     0.22679546     0.18909349
   -4.8248248     0.22185268     0.21887285
   -4.7847848     0.19570478     0.24109182
   -4.7447447     0.16845652     0.23171378
   -4.7047047     0.15092026     0.18879973
   -4.6646647     0.14701837     0.12942118
   -4.6246246     0.15623108     0.07873567
   -4.5845846     0.17760431     0.05900518
   -4.5445445     0.21055508     0.07882472
   -4.5045045     0.24530530     0.12759035
   -4.4644645     0.26450253     0.18301605
   -4.4244244     0.26306471     0.23081841
   -4.3843844     0.25263297     0.27187874
   -4.3443443     0.24613425     0.30327395
   -4.3043043     0.25387368     0.31049388
   -4.2642643     0.28281135     0.29402053
   -4.2242242     0.31910379     0.28454775
   -4.1841842     0.32690456     0.31233053
   -4.1441441     0.28823512     0.36755524
   -4.1041041     0.23306840     0.40627480
   -4.0640641     0.20884792     0.40286176
   -4.0240240     0.23136207     0.38115038
   -3.9839840     0.28790335     0.37913919
   -3.9439439     0.37062010     0.40375118
   -3.9039039     0.46388485     0.43843383
   -3.8638639     0.51612149     0.46823807
   -3.8238238     0.48992473     0.47367765
   -3.7837838     0.42794464     0.43009715
   -3.7437437     0.40497061     0.34072093
   -3.7037037     0.43446399     0.25100311
   -3.6636637     0.46838057     0.21235717
   -3.6236236     0.45835856     0.23501699
   -3.5835836     0.38726219     0.28203857
   -3.5435435     0.27313760     0.31128982
   -3.5035035     0.16457624     0.31211628
   -3.4634635     0.11573567     0.29468325
   -3.4234234     0.15432976     0.26948662
   -3.3833834     0.26216056     0.25447086
   -3.3433433     0.37562440     0.27259667
   -3.3033033     0.42700373     0.32250683
   -3.2632633     0.40361029     0.37575444
   -3.2232232     0.35253461     0.41064000
   -3.1831832     0.33076181     0.42720120
   -3.1431431     0.36367946     0.42952138
   -3.1031031     0.43218059     0.41050455
   -3.0630631     0.48587622     0.36087648
   -3.0230230     0.48301275     0.28933310
   -2.9829830     0.42692856     0.22484613
   -2.9429429     0.36400389     0.19609536
   -2.9029029     0.34117257     0.20778768
   -2.8628629     0.36030441     0.23570180
   -2.8228228     0.38071893     0.25483502
   -2.7827828     0.36568399     0.28004472
   -2.7427427     0.31402669     0.36294814
   -2.7027027     0.25319761     0.52564668
   -2.6626627     0.22274932     0.70458478
   -2.6226226     0.25710522     0.79565200
   -2.5825826     0.35344188     0.76393642
   -2.5425425     0.45759514     0.67617659
   -2.5025025     0.51480662     0.61412326
   -2.4624625     0.53935722     0.59094740
   -2.4224224     0.60908171     0.57377658
   -2.3823824     0.77749659     0.55889759
   -2.3423423     0.98998614     0.58028530
   -2.3023023     1.10454560     0.64464345
   -2.2622623     1.02009616     0.70042831
   -2.2222222     0.77067555     0.68320464
   -2.1821822     0.48191103     0.57866148
   -2.1421421     0.26560129     0.44201937
   -2.1021021     0.16349590     0.34788921
   -2.0620621     0.15264518     0.32542585
   -2.0220220     0.17888667     0.36136348
   -1.9819820     0.20236423     0.43922782
   -1.9419419     0.22943039     0.53291458
   -1.9019019     0.29115934     0.58379841
   -1.8618619     0.38792051     0.54519077
   -1.8218218     0.47957417     0.45345641
   -1.7817818     0.54268635     0.40171856
   -1.7417417     0.60416600     0.43268392
   -1.7017017     0.68676685     0.49851431
   -1.6616617     0.75403905     0.53195730
   -1.6216216     0.75092133     0.51965991
   -1.5815816     0.68254678     0.50071445
   -1.5415415     0.61951340     0.52041981
   -1.5015015     0.62043874     0.57683594
   -1.4614615     0.66834915     0.60415564
   -1.4214214     0.69030357     0.54532652
   -1.3813814     0.62490939     0.43965814
   -1.3413413     0.47502691     0.39095270
   -1.3013013     0.31385068     0.45347231
   -1.2612613     0.23439648     0.57852593
   -1.2212212     0.27340309     0.66232821
   -1.1811812     0.37513802     0.63414214
   -1.1411411     0.44182704     0.50517075
   -1.1011011     0.43298603     0.34509941
   -1.0610611     0.38730393     0.22640117
   -1.0210210     0.33887962     0.18261500
   -0.9809810     0.27564967     0.19217749
   -0.9409409     0.19639051     0.20027916
   -0.9009009     0.14160329     0.17483582
   -0.8608609     0.14802556     0.13910539
   -0.8208208     0.20875307     0.13889046
   -0.7807808     0.28224385     0.18677241
   -0.7407407     0.32542235     0.25079162
   -0.7007007     0.32594367     0.29458735
   -0.6606607     0.31336942     0.31494980
   -0.6206206     0.33867687     0.33673483
   -0.5805806     0.44247483     0.38620395
   -0.5405405     0.63383018     0.47625727
   -0.5005005     0.87482733     0.59968376
   -0.4604605     1.07052738     0.71302395
   -0.4204204     1.10548280     0.74356247
   -0.3803804     0.94058793     0.66032015
   -0.3403403     0.66061009     0.53111579
   -0.3003003     0.39200154     0.45778669
   -0.2602603     0.20622432     0.45723734
   -0.2202202     0.11789849     0.45177324
   -0.1801802     0.12101655     0.38204230
   -0.1401401     0.19113402     0.29035596
   -0.1001001     0.27404993     0.27437425
   -0.0600601     0.31593739     0.37707600
   -0.0200200     0.31727308     0.53241421
    0.0200200     0.32243716     0.62457644
    0.0600601     0.35155884     0.60822413
    0.1001001     0.38627219     0.54831384
    0.1401401     0.41775653     0.52795359
    0.1801802     0.45822056     0.54845777
    0.2202202     0.50545484     0.54501143
    0.2602603     0.53278481     0.48155966
    0.3003003     0.51787965     0.38992032
    0.3403403     0.46845041     0.31439572
    0.3803804     0.41415157     0.26398065
    0.4204204     0.37292940     0.23321212
    0.4604605     0.33707959     0.23187992
    0.5005005     0.29706739     0.26959155
    0.5405405     0.26212172     0.32891564
    0.5805806     0.24981134     0.37225847
    0.6206206     0.27169709     0.37275032
    0.6606607     0.33180594     0.34432573
    0.7007007     0.42107300     0.34672909
    0.7407407     0.51931078     0.43702825
    0.7807808     0.61577865     0.59447438
    0.8208208     0.70967303     0.71902764
    0.8608609     0.78400865     0.73580515
    0.9009009     0.80507204     0.66972719
    0.9409409     0.75275637     0.59084015
    0.9809810     0.63438597     0.53302341
    1.0210210     0.47969313     0.49833129
    1.0610611     0.33964205     0.49964608
    1.1011011     0.27288759     0.55218758
    1.1411411     0.31560530     0.63836055
    1.1811812     0.46521093     0.72167935
    1.2212212     0.67956522     0.78568491
    1.2612613     0.87642355     0.82365428
    1.3013013     0.96081472     0.80573486
    1.3413413     0.89081589     0.70463778
    1.3813814     0.71362138     0.54595908
    1.4214214     0.53074121     0.39084996
    1.4614615     0.42524662     0.28738128
    1.5015015     0.39994560     0.26950738
    1.5415415     0.39113197     0.36194001
    1.5815816     0.35808952     0.53561971
    1.6216216     0.32793034     0.68129345
    1.6616617     0.33948112     0.68792306
    1.7017017     0.38774935     0.55709478
    1.7417417     0.43896152     0.40364224
    1.7817818     0.46655787     0.34294280
    1.8218218     0.46954986     0.39885286
    1.8618619     0.47993460     0.51086595
    1.9019019     0.53877133     0.60349880
    1.9419419     0.63782196     0.62940313
    1.9819820     0.70136408     0.56774913
    2.0220220     0.65412487     0.43634278
    2.0620621     0.49935664     0.30360409
    2.1021021     0.31700291     0.23968612
    2.1421421     0.19722993     0.25383403
    2.1821822     0.18718502     0.30375093
    2.2222222     0.28006376     0.35104803
    2.2622623     0.41447341     0.37850738
    2.3023023     0.49245847     0.37039145
    2.3423423     0.45067400     0.31906782
    2.3823824     0.32004251     0.24625071
    2.4224224     0.18752437     0.18627242
    2.4624625     0.11021341     0.15474410
    2.5025025     0.08406813     0.14574235
    2.5425425     0.07700858     0.14502078
    2.5825826     0.06924675     0.14079490
    2.6226226     0.06226951     0.13575918
    2.6626627     0.06469258     0.14763273
    2.7027027     0.08162556     0.18517096
    2.7427427     0.11528435     0.23187731
    2.7827828     0.16528334     0.26513784
    2.8228228     0.22449291     0.27920249
    2.8628629     0.28115391     0.28072316
    2.9029029     0.32518390     0.27356772
    2.9429429     0.34516642     0.25792392
    2.9829830     0.32746022     0.24380609
    3.0230230     0.27455546     0.24970745
    3.0630631     0.21983093     0.27393661
    3.1031031     0.20256641     0.29052570
    3.1431431     0.22509130     0.29184496
    3.1831832     0.25560377     0.30398542
    3.2232232     0.27498845     0.34198391
    3.2632633     0.29443445     0.38179319
    3.3033033     0.32515266     0.39160712
    3.3433433     0.36413084     0.36665139
    3.3833834     0.41174507     0.32662249
    3.4234234     0.46238766     0.29529048
    3.4634635     0.47860871     0.28710979
    3.5035035     0.42608879     0.30838695
    3.5435435     0.33401214     0.35872731
    3.5835836     0.27566069     0.42191260
    3.6236236     0.29364476     0.47053803
    3.6636637     0.36577267     0.48630731
    3.7037037     0.43157493     0.46208137
    3.7437437     0.44355569     0.39874543
    3.7837838     0.40015566     0.31975578
    3.8238238     0.33490166     0.26610736
    3.8638639     0.28037833     0.25762707
    3.9039039     0.25138014     0.27661229
    3.9439439     0.25453466     0.29912880
    3.9839840     0.28785012     0.32068576
    4.0240240     0.32748071     0.34214300
    4.0640641     0.34039721     0.35663478
    4.1041041     0.32144280     0.36304023
    4.1441441     0.30490609     0.36434277
    4.1841842     0.32739772     0.34408888
    4.2242242     0.38281642     0.28295557
    4.2642643     0.42749067     0.20516266
    4.3043043     0.42912344     0.17136895
    4.3443443     0.39548005     0.22683487
    4.3843844     0.36071887     0.37407060
    4.4244244     0.35437268     0.56854666
    4.4644645     0.37322276     0.72416559
    4.5045045     0.38467288     0.76089162
    4.5445445     0.36679071     0.66996608
    4.5845846     0.33270616     0.51792476
    4.6246246     0.31113047     0.39052215
    4.6646647     0.31994115     0.33445586
    4.7047047     0.35737814     0.33078526
    4.7447447     0.40193353     0.32529087
    4.7847848     0.42536620     0.29425766
    4.8248248     0.42176863     0.26316008
    4.8648649     0.41990702     0.25786879
    4.9049049     0.45007213     0.26624650
    4.9449449     0.49890099     0.26033612
    4.9849850     0.51509375     0.23853853
    5.0250250     0.46803378     0.23136353
    5.0650651     0.38749945     0.26737167
    5.1051051     0.33409743     0.34189348
    5.1451452     0.33707807     0.42869968
    5.1851852     0.37111139     0.51247163
    5.2252252     0.39822949     0.58214828
    5.2652653     0.42443285     0.60415921
    5.3053053     0.48723743     0.54888033
    5.3453453     0.57733917     0.44073889
    5.3853854     0.61691451     0.34074655
    5.4254254     0.55231665     0.28431473
    5.4654655     0.43130987     0.27247206
    5.5055055     0.34792336     0.31532077
    5.5455455     0.33976473     0.43484350
    5.5855856     0.37484931     0.60574768
    5.6256256     0.41694262     0.73224118
    5.6656657     0.45820556     0.72838884
    5.7057057     0.48980087     0.60944946
    5.7457458     0.49123042     0.46829308
    5.7857858     0.46183377     0.37227665
    5.8258258     0.42705309     0.31512999
    5.8658659     0.40485322     0.26775801
    5.9059059     0.38646192     0.23289580
    5.9459459     0.35425268     0.22224023
    5.9859860     0.30820884     0.21905198
    6.0260260     0.26803884     0.20380585
    6.0660661     0.24625535     0.18980192
    6.1061061     0.22958082     0.20119038
    6.1461461     0.20300159     0.23581977
    6.1861862     0.17879188     0.27246643
    6.2262262     0.18045244     0.29951189
    6.2662663     0.21249170     0.31682054
    6.3063063     0.26254838     0.32305347
    6.3463464     0.31844606     0.32699827
    6.3863864     0.37690628     0.36038340
    6.4264264     0.44618093     0.44294068
    6.4664665     0.52691847     0.53688281
    6.5065065     0.58266321     0.57347893
    6.5465466     0.56548616     0.52629227
    6.5865866     0.47877069     0.42969812
    6.6266266     0.37096117     0.33125673
    6.6666667     0.27690454     0.25473735
    6.7067067     0.21028073     0.20908907
    6.7467467     0.18483689     0.20615201
    6.7867868     0.19847898     0.25054601
    6.8268268     0.22052542     0.31305888
    6.8668669     0.22315637     0.33521331
    6.9069069     0.20591111     0.28577028
    6.9469470     0.17892776     0.20003124
    6.9869870     0.14995062     0.13807061
    7.0270270     0.13250082     0.12499592
    7.0670671     0.13907002     0.15152611
    7.1071071     0.16530596     0.20062371
    7.1471472     0.19687327     0.24736103
    7.1871872     0.22516283     0.25862189
    7.2272272     0.24601344     0.22247982
    7.2672673     0.25135822     0.16776015
    7.3073073     0.23617043     0.13716143
    7.3473473     0.21212544     0.14326613
    7.3873874     0.20035180     0.15798337
    7.4274274     0.20642765     0.15009883
    7.4674675     0.20935422     0.12444080
    7.5075075     0.18403652     0.10635292
    7.5475475     0.13459441     0.10063812
    7.5875876     0.09192304     0.09074166
    7.6276276     0.07692125     0.06792360
    7.6676677     0.08049543     0.04142453
    7.7077077     0.08073016     0.02422371
    7.7477478     0.06766279     0.02052599
    7.7877878     0.04777773     0.02696518
    7.8278278     0.03236129     0.03909808
    7.8678679     0.02701839     0.05562395
    7.9079079     0.02928751     0.07941654
    7.9479479     0.03409654     0.11292407
    7.9879880     0.04329338     0.14989737
    8.0280280     0.06691334     0.17666516
    8.0680681     0.10859093     0.18832901
    8.1081081     0.15177527     0.19691656
    8.1481482     0.17118359     0.21185508
    8.1881882     0.16222929     0.22022705
    8.2282282     0.14967729     0.20202559
    8.2682683     0.15712564     0.16092611
    8.3083083     0.17397285     0.12517366
    8.3483484     0.16836712     0.11759467
    8.3883884     0.13116604     0.13436103
    8.4284284     0.08809361     0.15314627
    8.4684685     0.06716275     0.15681184
    8.5085085     0.07205217     0.14654246
    8.5485485     0.08950940     0.12967867
    8.5885886     0.10828312     0.10503770
    8.6286286     0.12798758     0.07378331
    8.6686687     0.15587800     0.05371812
    8.7087087     0.19078929     0.06673990
    8.7487488     0.21187093     0.11408470
    8.7887888     0.20021950     0.16807980
    8.8288288     0.16664508     0.19395594
    8.8688689     0.13807646     0.18646040
    8.9089089     0.12639468     0.17330477
    8.9489490     0.12512671     0.17394781
    8.9889890     0.12675330     0.17410957
    9.0290290     0.13539489     0.15108984
    9.0690691     0.15885120     0.10670683
    9.1091091     0.18667086     0.06630965
    9.1491491     0.19760292     0.05547022
    9.1891892     0.19930163     0.07991345
    9.2292292     0.22746750     0.11993226
    9.2692693     0.28664783     0.14758468
    9.3093093     0.32511053     0.15676454
    9.3493494     0.29410027     0.16772932
    9.3893894     0.20623036     0.19524494
    9.4294294     0.11211254     0.22342596
    9.4694695     0.04541497     0.22151549
    9.5095095     0.01080542     0.17965131
    9.5495496     0.00164187     0.11986356
    9.5895896     0.01137991     0.07348057
    9.6296296     0.03815838     0.05698312
    9.6696697     0.08415637     0.06626346
    9.7097097     0.14250878     0.08347180
    9.7497497     0.18638391     0.09174216
    9.7897898     0.18676354     0.09019061
    9.8298298     0.14438683     0.09302803
    9.8698699     0.09065450     0.11284381
    9.9099099     0.05657533     0.14498830
    9.9499500     0.05225596     0.16663178
    9.9899900     0.07209455     0.15686236
   10.0300300     0.10357975     0.11922842
   10.0700701     0.13014574     0.07549932
   10.1101101     0.13983074     0.04216077
   10.1501502     0.13409551     0.02287544
   10.1901902     0.12257204     0.01638224
   10.2302302     0.11424731     0.02272595
   10.2702703     0.11573574     0.04285745
   10.3103103     0.12942630     0.07654163
   10.3503504     0.14951801     0.12561608
   10.3903904     0.16544883     0.19658483
   10.4304304     0.17218506     0.28599634
   10.4704705     0.16962202     0.36128509
   10.5105105     0.15458308     0.37638633
   10.5505506     0.12849632     0.31753298
   10.5905906     0.10726415     0.22194834
   10.6306306     0.10789875     0.14277500
   10.6706707     0.12995558     0.10215032
   10.7107107     0.15729363     0.08468294
   10.7507508     0.17062043     0.06973381
   10.7907908     0.15760559     0.05631272
   10.8308308     0.12332543     0.05466017
   10.8708709     0.08951651     0.06790286
   10.9109109     0.07456713     0.09242538
   10.9509510     0.08265789     0.12760434
   10.9909910     0.11482541     0.17013351
   11.0310310     0.17112929     0.20478032
   11.0710711     0.23766234     0.21738259
   11.1111111     0.29016548     0.20727593
   11.1511512     0.31200498     0.17716516
   11.1911912     0.29841754     0.13092099
   11.2312312     0.25349651     0.08404606
   11.2712713     0.19016271     0.05495925
   11.3113113     0.12213099     0.04890087
   11.3513514     0.05864521     0.06277161
   11.3913914     0.01473486     0.09568888
   11.4314314     0.01379778     0.14411912
   11.4714715     0.06855017     0.19509346
   11.5115115     0.16056691     0.23055234
   11.5515516     0.24135480     0.23470131
   11.5915916     0.26481386     0.20521807
   11.6316316     0.22766510     0.16394487
   11.6716717     0.16943058     0.14237817
   11.7117117     0.13148788     0.14875413
   11.7517518     0.12436870     0.15987298
   11.7917918     0.12968300     0.15058482
   11.8318318     0.12625615     0.12260108
   11.8718719     0.11245616     0.09708075
   11.9119119     0.10044920     0.08660275
   11.9519520     0.09480422     0.08560999
   11.9919920     0.08839381     0.08427227
   12.0320320     0.07723946     0.08073145
   12.0720721     0.06972927     0.07868916
   12.1121121     0.08028220     0.07851997
   12.1521522     0.11325421     0.07567417
   12.1921922     0.15262792     0.06873996
   12.2322322     0.17566166     0.06472589
   12.2722723     0.17389651     0.07602398
   12.3123123     0.15213933     0.11587725
   12.3523524     0.12024177     0.19207659
   12.3923924     0.09650556     0.29343166
   12.4324324     0.10214857     0.37897442
   12.4724725     0.13877279     0.39711511
   12.5125125     0.18104675     0.33662331
   12.5525526     0.20471442     0.25035046
   12.5925926     0.21564725     0.20336902
   12.6326326     0.23410657     0.20182074
   12.6726727     0.25621332     0.19616888
   12.7127127     0.25440084     0.15102773
   12.7527528     0.21881083     0.08535071
   12.7927928     0.18016137     0.04084603
   12.8328328     0.17796138     0.03719056
   12.8728729     0.21222998     0.06766857
   12.9129129     0.24235795     0.11907811
   12.9529530     0.23253102     0.17871282
   12.9929930     0.18383857     0.22498778
   13.0330330     0.12344202     0.23134826
   13.0730731     0.07800683     0.19316828
   13.1131131     0.05884405     0.13816253
   13.1531532     0.06091607     0.09795297
   13.1931932     0.07187816     0.08101112
   13.2332332     0.08464222     0.07846990
   13.2732733     0.10182352     0.08085081
   13.3133133     0.12900317     0.08444943
   13.3533534     0.16413807     0.09249824
   13.3933934     0.19254698     0.11111812
   13.4334334     0.19859508     0.13703958
   13.4734735     0.18480205     0.15513960
   13.5135135     0.16851433     0.15804800
   13.5535536     0.16058272     0.16162208
   13.5935936     0.15728937     0.19155862
   13.6336336     0.15015216     0.25729771
   13.6736737     0.13944689     0.34063252
   13.7137137     0.13660118     0.40803766
   13.7537538     0.15233946     0.43242076
   13.7937938     0.19009013     0.40265240
   13.8338338     0.25026336     0.32660126
   13.8738739     0.32425774     0.23215308
   13.9139139     0.37843096     0.14845741
   13.9539540     0.36620834     0.08697620
   13.9939940     0.27915101     0.04968909
   14.0340340     0.16875746     0.03845426
   14.0740741     0.09463437     0.04768177
   14.1141141     0.07049625     0.06150511
   14.1541542     0.07306128     0.06491330
   14.1941942     0.07884622     0.05614876
   14.2342342     0.08294112     0.04700870
   14.2742743     0.09612654     0.04945039
   14.3143143     0.12524995     0.06427879
   14.3543544     0.15504207     0.08667711
   14.3943944     0.16159799     0.11720901
   14.4344344     0.14418405     0.15630540
   14.4744745     0.12621914     0.19058799
   14.5145145     0.12420458     0.20043629
   14.5545546     0.13132307     0.18189422
   14.5945946     0.13158443     0.14847162
   14.6346346     0.12152536     0.11494554
   14.6746747     0.11721823     0.08850674
   14.7147147     0.13662618     0.07084083
   14.7547548     0.17526211     0.06543715
   14.7947948     0.20930164     0.08315420
   14.8348348     0.21983949     0.13300478
   14.8748749     0.20384168     0.20298253
   14.9149149     0.17126891     0.25959132
   14.9549550     0.14009359     0.27500661
   14.9949950     0.12321027     0.25032363
   15.0350350     0.11851385     0.20981861
   15.0750751     0.11766546     0.17834994
   15.1151151     0.11875440     0.16458822
   15.1551552     0.12728190     0.16107598
   15.1951952     0.14783327     0.15812474
   15.2352352     0.17345936     0.15436231
   15.2752753     0.18632119     0.15014509
   15.3153153     0.17549723     0.13871507
   15.3553554     0.14825850     0.11549889
   15.3953954     0.11746324     0.09170188
   15.4354354     0.09046373     0.08817675
   15.4754755     0.07633506     0.11491155
   15.5155155     0.08582095     0.15917115
   15.5555556     0.11620902     0.19403316
   15.5955956     0.14939033     0.19791536
   15.6356356     0.16837909     0.16795488
   15.6756757     0.16726767     0.11987138
   15.7157157     0.15027801     0.07554499
   15.7557558     0.13192500     0.04723931
   15.7957958     0.12869516     0.03356408
   15.8358358     0.13945614     0.02976334
   15.8758759     0.14530736     0.03859615
   15.9159159     0.13801979     0.06850579
   15.9559560     0.13436208     0.11834958
   15.9959960     0.14926084     0.16748345
   16.0360360     0.16705310     0.19238905
   16.0760761     0.15806298     0.19133292
   16.1161161     0.11760512     0.17807848
   16.1561562     0.06985906     0.15931552
   16.1961962     0.03760425     0.13572880
   16.2362362     0.02511697     0.11341653
   16.2762763     0.02840525     0.10077893
   16.3163163     0.04653273     0.10227647
   16.3563564     0.07621334     0.11841604
   16.3963964     0.10381517     0.14642535
   16.4364364     0.11567366     0.17656892
   16.4764765     0.11574920     0.18871147
   16.5165165     0.12029035     0.16574304
   16.5565566     0.13282148     0.11568213
   16.5965966     0.13791492     0.06904491
   16.6366366     0.12603228     0.05416266
   16.6766767     0.11177492     0.08240418
   16.7167167     0.11686631     0.14755173
   16.7567568     0.14278396     0.22556423
   16.7967968     0.17271468     0.27999921
   16.8368368     0.19683316     0.28319163
   16.8768769     0.21589721     0.23781583
   16.9169169     0.22113712     0.17427743
   16.9569570     0.20085500     0.12592800
   16.9969970     0.17049327     0.10612027
   17.0370370     0.16467237     0.10712335
   17.0770771     0.19093308     0.11880600
   17.1171171     0.21693468     0.14059734
   17.1571572     0.21534562     0.17207465
   17.1971972     0.19796845     0.20469131
   17.2372372     0.18867868     0.22879541
   17.2772773     0.18643210     0.23662638
   17.3173173     0.17594250     0.21946302
   17.3573574     0.15468751     0.17641857
   17.3973974     0.13186785     0.12214395
   17.4374374     0.11632453     0.07535110
   17.4774775     0.11259813     0.04532536
   17.5175175     0.11576960     0.03397799
   17.5575576     0.11322572     0.04205380
   17.5975976     0.10171869     0.06756280
   17.6376376     0.09235190     0.10209112
   17.6776777     0.09069971     0.13284150
   17.7177177     0.08624041     0.14807482
   17.7577578     0.06961036     0.13972329
   17.7977978     0.04756725     0.10681559
   17.8378378     0.03507884     0.06202810
   17.8778779     0.04267858     0.02795136
   17.9179179     0.07324725     0.02121931
   17.9579580     0.11950359     0.04322182
   17.9979980     0.16100456     0.08285705
   18.0380380     0.17633915     0.12270959
   18.0780781     0.16495110     0.14863434
   18.1181181     0.14730278     0.16138833
   18.1581582     0.14207068     0.17743769
   18.1981982     0.15288235     0.21352334
   18.2382382     0.17635350     0.26551562
   18.2782783     0.21037444     0.30309050
   18.3183183     0.24650437     0.29693572
   18.3583584     0.26269147     0.24923454
   18.3983984     0.23943590     0.18518760
   18.4384384     0.18726859     0.13023898
   18.4784785     0.14946022     0.11233037
   18.5185185     0.17276665     0.16804851
   18.5585586     0.27284979     0.31787687
   18.5985986     0.41271421     0.51963769
   18.6386386     0.51378857     0.66165642
   18.6786787     0.51825512     0.64815654
   18.7187187     0.45041778     0.50326544
   18.7587588     0.39062198     0.35078840
   18.7987988     0.38121798     0.28183409
   18.8388388     0.38448512     0.27670958
   18.8788789     0.34539201     0.26325431
   18.9189189     0.26980555     0.21497779
   18.9589590     0.21659732     0.16661461
   18.9989990     0.22433115     0.15748073
   19.0390390     0.26620216     0.18887678
   19.0790791     0.27986976     0.22640144
   19.1191191     0.23462311     0.23124170
   19.1591592     0.15771882     0.19563039
   19.1991992     0.09584786     0.14607384
   19.2392392     0.07222193     0.11152940
   19.2792793     0.08399653     0.10205407
   19.3193193     0.11821148     0.11648554
   19.3593594     0.15939746     0.14717181
   19.3993994     0.19257406     0.17061374
   19.4394394     0.21099471     0.16064207
   19.4794795     0.21665881     0.12497616
   19.5195195     0.20836986     0.10357554
   19.5595596     0.18237982     0.12164484
   19.5995996     0.14646639     0.16675437
   19.6396396     0.11843945     0.21232843
   19.6796797     0.11066002     0.24264279
   19.7197197     0.12158686     0.25356070
   19.7597598     0.13867142     0.24626936
   19.7997998     0.14975837     0.22902264
   19.8398398     0.15840265     0.21545181
   19.8798799     0.18696862     0.21245663
   19.9199199     0.25165575     0.21355892
   19.9599600     0.33082602     0.21076895
   20.0000000     0.37752324     0.21173529
