#
#   partial DOS for atom species: Ni
#
#   Add data for atom_index =   4,  n,l,m,z=  3  2 -2  1
#   Add data for atom_index =   4,  n,l,m,z=  3  2 -1  1
#   Add data for atom_index =   4,  n,l,m,z=  3  2  0  1
#   Add data for atom_index =   4,  n,l,m,z=  3  2  1  1
#   Add data for atom_index =   4,  n,l,m,z=  3  2  2  1
#   Add data for atom_index =   4,  n,l,m,z=  3  2 -2  2
#   Add data for atom_index =   4,  n,l,m,z=  3  2 -1  2
#   Add data for atom_index =   4,  n,l,m,z=  3  2  0  2
#   Add data for atom_index =   4,  n,l,m,z=  3  2  1  2
#   Add data for atom_index =   4,  n,l,m,z=  3  2  2  2
#   Add data for atom_index =   4,  n,l,m,z=  3  2 -2  3
#   Add data for atom_index =   4,  n,l,m,z=  3  2 -1  3
#   Add data for atom_index =   4,  n,l,m,z=  3  2  0  3
#   Add data for atom_index =   4,  n,l,m,z=  3  2  1  3
#   Add data for atom_index =   4,  n,l,m,z=  3  2  2  3
#
#    Energy          spin 1        spin2
#
  -20.0000000     0.00000000     0.00000000
  -19.9599600     0.00000000     0.00000000
  -19.9199199     0.00000000     0.00000000
  -19.8798799     0.00000000     0.00000000
  -19.8398398     0.00000000     0.00000000
  -19.7997998     0.00000000     0.00000000
  -19.7597598     0.00000000     0.00000000
  -19.7197197     0.00000000     0.00000000
  -19.6796797     0.00000000     0.00000000
  -19.6396396     0.00000000     0.00000000
  -19.5995996     0.00000000     0.00000000
  -19.5595596     0.00000000     0.00000000
  -19.5195195     0.00000000     0.00000000
  -19.4794795     0.00000000     0.00000000
  -19.4394394     0.00000000     0.00000000
  -19.3993994     0.00000000     0.00000000
  -19.3593594     0.00000000     0.00000000
  -19.3193193     0.00000000     0.00000000
  -19.2792793     0.00000000     0.00000000
  -19.2392392     0.00000000     0.00000000
  -19.1991992     0.00000000     0.00000000
  -19.1591592     0.00000000     0.00000000
  -19.1191191     0.00000000     0.00000000
  -19.0790791     0.00000000     0.00000000
  -19.0390390     0.00000000     0.00000000
  -18.9989990     0.00000000     0.00000000
  -18.9589590     0.00000000     0.00000000
  -18.9189189     0.00000000     0.00000000
  -18.8788789     0.00000000     0.00000000
  -18.8388388     0.00000000     0.00000000
  -18.7987988     0.00000000     0.00000000
  -18.7587588     0.00000000     0.00000000
  -18.7187187     0.00000000     0.00000000
  -18.6786787     0.00000000     0.00000000
  -18.6386386     0.00000000     0.00000000
  -18.5985986     0.00000003     0.00000002
  -18.5585586     0.00000021     0.00000016
  -18.5185185     0.00000125     0.00000099
  -18.4784785     0.00000538     0.00000439
  -18.4384384     0.00001677     0.00001411
  -18.3983984     0.00003792     0.00003291
  -18.3583584     0.00006231     0.00005576
  -18.3183183     0.00007489     0.00006886
  -18.2782783     0.00006805     0.00006328
  -18.2382382     0.00005404     0.00004824
  -18.1981982     0.00005255     0.00004307
  -18.1581582     0.00006725     0.00005617
  -18.1181181     0.00008071     0.00007506
  -18.0780781     0.00007473     0.00007891
  -18.0380380     0.00005081     0.00006108
  -17.9979980     0.00002513     0.00003440
  -17.9579580     0.00000903     0.00001407
  -17.9179179     0.00000241     0.00000422
  -17.8778779     0.00000101     0.00000138
  -17.8378378     0.00000363     0.00000326
  -17.7977978     0.00001646     0.00001477
  -17.7577578     0.00005514     0.00005080
  -17.7177177     0.00013450     0.00012771
  -17.6776777     0.00024006     0.00023589
  -17.6376376     0.00031869     0.00032523
  -17.5975976     0.00033394     0.00034973
  -17.5575576     0.00033224     0.00033304
  -17.5175175     0.00041216     0.00036037
  -17.4774775     0.00061086     0.00049222
  -17.4374374     0.00084430     0.00069118
  -17.3973974     0.00097826     0.00084364
  -17.3573574     0.00093708     0.00085291
  -17.3173173     0.00073515     0.00069891
  -17.2772773     0.00045431     0.00043774
  -17.2372372     0.00020021     0.00017410
  -17.1971972     0.00003924     0.00000061
  -17.1571572    -0.00002776    -0.00006072
  -17.1171171    -0.00003522    -0.00005102
  -17.0770771    -0.00001377    -0.00001676
  -17.0370370     0.00003706     0.00003880
  -16.9969970     0.00016364     0.00016739
  -16.9569570     0.00042711     0.00043447
  -16.9169169     0.00079940     0.00081048
  -16.8768769     0.00110387     0.00110828
  -16.8368368     0.00119429     0.00115903
  -16.7967968     0.00122109     0.00108992
  -16.7567568     0.00151801     0.00125797
  -16.7167167     0.00210802     0.00179556
  -16.6766767     0.00252410     0.00234674
  -16.6366366     0.00235699     0.00246293
  -16.5965966     0.00183822     0.00220831
  -16.5565566     0.00158786     0.00206492
  -16.5165165     0.00186892     0.00224219
  -16.4764765     0.00231260     0.00240911
  -16.4364364     0.00235651     0.00215812
  -16.3963964     0.00183551     0.00149818
  -16.3563564     0.00107385     0.00078474
  -16.3163163     0.00046892     0.00030626
  -16.2762763     0.00015214     0.00008836
  -16.2362362     0.00003653     0.00001875
  -16.1961962     0.00000647     0.00000292
  -16.1561562     0.00000090     0.00000042
  -16.1161161     0.00000090     0.00000115
  -16.0760761     0.00000773     0.00001086
  -16.0360360     0.00005393     0.00007640
  -15.9959960     0.00027864     0.00039209
  -15.9559560     0.00106807     0.00146807
  -15.9159159     0.00304136     0.00401164
  -15.8758759     0.00643636     0.00800269
  -15.8358358     0.01011749     0.01165753
  -15.7957958     0.01179674     0.01240440
  -15.7557558     0.01018783     0.00965241
  -15.7157157     0.00653624     0.00554090
  -15.6756757     0.00323948     0.00252579
  -15.6356356     0.00159493     0.00139505
  -15.5955956     0.00139767     0.00159180
  -15.5555556     0.00185532     0.00220118
  -15.5155155     0.00232704     0.00254316
  -15.4754755     0.00262890     0.00258196
  -15.4354354     0.00298321     0.00283554
  -15.3953954     0.00361311     0.00362053
  -15.3553554     0.00450972     0.00472122
  -15.3153153     0.00580469     0.00610908
  -15.2752753     0.00781906     0.00818998
  -15.2352352     0.01000252     0.01050362
  -15.1951952     0.01062251     0.01123382
  -15.1551552     0.00874454     0.00938005
  -15.1151151     0.00574844     0.00644509
  -15.0750751     0.00385004     0.00479280
  -15.0350350     0.00396681     0.00523352
  -14.9949950     0.00553686     0.00683839
  -14.9549550     0.00754313     0.00839229
  -14.9149149     0.00928731     0.00954688
  -14.8748749     0.01039981     0.01045737
  -14.8348348     0.01043819     0.01070788
  -14.7947948     0.00918673     0.00966123
  -14.7547548     0.00735168     0.00775327
  -14.7147147     0.00593903     0.00617007
  -14.6746747     0.00505409     0.00539007
  -14.6346346     0.00431750     0.00519547
  -14.5945946     0.00402068     0.00569809
  -14.5545546     0.00477554     0.00709758
  -14.5145145     0.00632988     0.00874688
  -14.4744745     0.00763667     0.00947184
  -14.4344344     0.00795252     0.00864812
  -14.3943944     0.00726283     0.00659372
  -14.3543544     0.00598391     0.00424867
  -14.3143143     0.00484168     0.00256335
  -14.2742743     0.00457944     0.00199727
  -14.2342342     0.00520152     0.00259421
  -14.1941942     0.00585150     0.00428020
  -14.1541542     0.00596905     0.00685488
  -14.1141141     0.00642726     0.01034199
  -14.0740741     0.00912372     0.01578126
  -14.0340340     0.01524868     0.02411584
  -13.9939940     0.02348348     0.03289568
  -13.9539540     0.02965054     0.03620753
  -13.9139139     0.02935959     0.03058663
  -13.8738739     0.02227308     0.01948468
  -13.8338338     0.01286279     0.00963107
  -13.7937938     0.00621790     0.00484641
  -13.7537538     0.00452950     0.00490106
  -13.7137137     0.00741470     0.00786673
  -13.6736737     0.01289086     0.01181006
  -13.6336336     0.01789029     0.01560515
  -13.5935936     0.02083652     0.01944031
  -13.5535536     0.02405921     0.02437763
  -13.5135135     0.03050224     0.03056251
  -13.4734735     0.03804723     0.03573507
  -13.4334334     0.04097853     0.03740854
  -13.3933934     0.03698945     0.03658901
  -13.3533534     0.02898339     0.03614751
  -13.3133133     0.02091246     0.03617405
  -13.2732733     0.01498195     0.03420991
  -13.2332332     0.01143920     0.02912723
  -13.1931932     0.00925558     0.02275796
  -13.1531532     0.00791406     0.01772433
  -13.1131131     0.00833114     0.01478549
  -13.0730731     0.01122629     0.01380118
  -13.0330330     0.01564161     0.01613460
  -12.9929930     0.01994653     0.02317991
  -12.9529530     0.02314789     0.03285436
  -12.9129129     0.02435847     0.04022293
  -12.8728729     0.02283964     0.04218178
  -12.8328328     0.02033910     0.03966533
  -12.7927928     0.02146443     0.03454226
  -12.7527528     0.02881927     0.02709947
  -12.7127127     0.03827826     0.01845547
  -12.6726727     0.04220541     0.01271869
  -12.6326326     0.03821225     0.01443960
  -12.5925926     0.03142999     0.02429422
  -12.5525526     0.02685061     0.03703565
  -12.5125125     0.02383503     0.04469603
  -12.4724725     0.02010194     0.04361990
  -12.4324324     0.01633899     0.03704689
  -12.3923924     0.01436323     0.03071919
  -12.3523524     0.01450068     0.02848750
  -12.3123123     0.01663760     0.03107905
  -12.2722723     0.02065515     0.03611120
  -12.2322322     0.02447636     0.03946063
  -12.1921922     0.02491758     0.03850591
  -12.1521522     0.02233558     0.03451740
  -12.1121121     0.02169495     0.03124561
  -12.0720721     0.02658339     0.03130798
  -12.0320320     0.03364585     0.03439493
  -11.9919920     0.03585878     0.03825386
  -11.9519520     0.03137633     0.04057835
  -11.9119119     0.02565734     0.04066779
  -11.8718719     0.02427273     0.03978341
  -11.8318318     0.02747778     0.03978499
  -11.7917918     0.03208623     0.04182307
  -11.7517518     0.03535942     0.04582198
  -11.7117117     0.03702515     0.05027916
  -11.6716717     0.03906603     0.05319907
  -11.6316316     0.04241943     0.05502579
  -11.5915916     0.04372221     0.05945817
  -11.5515516     0.03906186     0.06762757
  -11.5115115     0.03147912     0.07478066
  -11.4714715     0.02972695     0.07822784
  -11.4314314     0.03822687     0.08257532
  -11.3913914     0.05222401     0.09201857
  -11.3513514     0.06471294     0.10525263
  -11.3113113     0.07498447     0.11928342
  -11.2712713     0.08644560     0.12948698
  -11.2312312     0.09695274     0.12873174
  -11.1911912     0.09726882     0.11385993
  -11.1511512     0.08330443     0.08945737
  -11.1111111     0.06438579     0.06409740
  -11.0710711     0.05264325     0.04745645
  -11.0310310     0.05009934     0.04784052
  -10.9909910     0.05200379     0.06761030
  -10.9509510     0.05627266     0.10183501
  -10.9109109     0.06584838     0.14161343
  -10.8708709     0.08515994     0.18004967
  -10.8308308     0.11207673     0.21606224
  -10.7907908     0.13387104     0.24774024
  -10.7507508     0.14083382     0.26587846
  -10.7107107     0.14098125     0.26486211
  -10.6706707     0.14871111     0.25642212
  -10.6306306     0.16693404     0.26706873
  -10.5905906     0.19495174     0.32135168
  -10.5505506     0.23985081     0.41555998
  -10.5105105     0.29878020     0.50429341
  -10.4704705     0.34311014     0.53270262
  -10.4304304     0.34471983     0.48883631
  -10.3903904     0.31229692     0.41582018
  -10.3503504     0.28796364     0.37869349
  -10.3103103     0.31011354     0.42076518
  -10.2702703     0.37867296     0.53546033
  -10.2302302     0.45383296     0.66591417
  -10.1901902     0.49240705     0.73584499
  -10.1501502     0.48190396     0.70646391
  -10.1101101     0.43843218     0.61778988
  -10.0700701     0.38890447     0.55559910
  -10.0300300     0.36176385     0.57129762
   -9.9899900     0.37530347     0.65571235
   -9.9499500     0.42207554     0.77882207
   -9.9099099     0.47432757     0.92040434
   -9.8698699     0.51074008     1.06542458
   -9.8298298     0.53411119     1.18387011
   -9.7897898     0.56691524     1.23416727
   -9.7497497     0.62280554     1.21090341
   -9.7097097     0.67577076     1.17597407
   -9.6696697     0.68295710     1.22475761
   -9.6296296     0.63741074     1.41475837
   -9.5895896     0.57033902     1.70804413
   -9.5495496     0.52735766     1.98191034
   -9.5095095     0.55852876     2.10672274
   -9.4694695     0.67733298     2.03545104
   -9.4294294     0.81878960     1.84066543
   -9.3893894     0.90012885     1.63360236
   -9.3493494     0.93651132     1.45000136
   -9.3093093     1.03595531     1.28793621
   -9.2692693     1.25609743     1.21865837
   -9.2292292     1.52625097     1.32761452
   -9.1891892     1.73612512     1.55015089
   -9.1491491     1.84951315     1.68430120
   -9.1091091     1.90928654     1.59486972
   -9.0690691     1.94290683     1.33651965
   -9.0290290     1.89962448     1.06428755
   -8.9889890     1.75077150     0.89138695
   -8.9489490     1.60472622     0.84011864
   -8.9089089     1.60199220     0.85824050
   -8.8688689     1.74406782     0.87905824
   -8.8288288     1.91774240     0.90451473
   -8.7887888     2.01546088     0.99654609
   -8.7487488     1.98126260     1.16623747
   -8.7087087     1.83461286     1.32952907
   -8.6686687     1.67725725     1.40528738
   -8.6286286     1.61042182     1.41539958
   -8.5885886     1.64395199     1.45392181
   -8.5485485     1.69705876     1.58164002
   -8.5085085     1.68809009     1.78196942
   -8.4684685     1.63997645     1.99656869
   -8.4284284     1.64794167     2.15387782
   -8.3883884     1.72116169     2.18428614
   -8.3483484     1.75257471     2.06245560
   -8.3083083     1.67685895     1.82237551
   -8.2682683     1.56055110     1.52676558
   -8.2282282     1.50692515     1.25124599
   -8.1881882     1.55213377     1.07636590
   -8.1481482     1.67401163     1.04902025
   -8.1081081     1.84754604     1.14909125
   -8.0680681     2.05829457     1.31606427
   -8.0280280     2.25742658     1.48799011
   -7.9879880     2.33978210     1.59639036
   -7.9479479     2.22030574     1.57859453
   -7.9079079     1.92843738     1.42775664
   -7.8678679     1.58953499     1.20094627
   -7.8278278     1.30969798     0.97727029
   -7.7877878     1.10711882     0.82474423
   -7.7477478     0.95577035     0.77935847
   -7.7077077     0.84931079     0.82392644
   -7.6676677     0.81065014     0.90955106
   -7.6276276     0.86632301     1.01519804
   -7.5875876     0.99588339     1.14965802
   -7.5475475     1.09802571     1.28872135
   -7.5075075     1.05884517     1.36566896
   -7.4674675     0.86906321     1.35382994
   -7.4274274     0.63220242     1.31649086
   -7.3873874     0.46591949     1.31745802
   -7.3473473     0.43111855     1.31556771
   -7.3073073     0.51586982     1.22369306
   -7.2672673     0.63978289     1.03830796
   -7.2272272     0.70512707     0.84047264
   -7.1871872     0.66952603     0.69344576
   -7.1471472     0.55942590     0.59124957
   -7.1071071     0.43013391     0.50757254
   -7.0670671     0.32708954     0.45270568
   -7.0270270     0.26577540     0.44897996
   -6.9869870     0.23343807     0.47475144
   -6.9469470     0.21393935     0.47586890
   -6.9069069     0.21150144     0.42603711
   -6.8668669     0.24216974     0.35193299
   -6.8268268     0.31125757     0.30428595
   -6.7867868     0.41220646     0.31161682
   -6.7467467     0.52464510     0.35751944
   -6.7067067     0.60030058     0.40307156
   -6.6666667     0.58916816     0.42518406
   -6.6266266     0.49477615     0.42163574
   -6.5865866     0.37605465     0.39314249
   -6.5465466     0.29872049     0.34282070
   -6.5065065     0.29903223     0.28293496
   -6.4664665     0.37053749     0.22662441
   -6.4264264     0.47385397     0.17988700
   -6.3863864     0.57521102     0.14411474
   -6.3463464     0.66335494     0.12149391
   -6.3063063     0.71806078     0.12039807
   -6.2662663     0.70369888     0.15043573
   -6.2262262     0.61796010     0.20371266
   -6.1861862     0.51087135     0.24878397
   -6.1461461     0.43619400     0.25403742
   -6.1061061     0.40919307     0.21689659
   -6.0660661     0.41520320     0.16511433
   -6.0260260     0.42738084     0.12892664
   -5.9859860     0.41506956     0.11731081
   -5.9459459     0.36463536     0.12069073
   -5.9059059     0.29119929     0.12608654
   -5.8658659     0.21929987     0.12525169
   -5.8258258     0.16742259     0.11741998
   -5.7857858     0.15034930     0.11065956
   -5.7457458     0.17344564     0.11456160
   -5.7057057     0.22511738     0.12814398
   -5.6656657     0.28799966     0.13999902
   -5.6256256     0.35135350     0.14130006
   -5.5855856     0.40302399     0.13368329
   -5.5455455     0.41922039     0.12363696
   -5.5055055     0.37983323     0.11453029
   -5.4654655     0.29633176     0.10593295
   -5.4254254     0.21119620     0.09642017
   -5.3853854     0.16336783     0.08512823
   -5.3453453     0.16168279     0.07177373
   -5.3053053     0.19158454     0.05674611
   -5.2652653     0.23374252     0.04310838
   -5.2252252     0.26938474     0.03617424
   -5.1851852     0.27922340     0.03790016
   -5.1451452     0.25361681     0.04489115
   -5.1051051     0.20402418     0.05427583
   -5.0650651     0.15447560     0.06679671
   -5.0250250     0.12284743     0.08128836
   -4.9849850     0.11441031     0.09177380
   -4.9449449     0.12447215     0.09487439
   -4.9049049     0.13929946     0.09490573
   -4.8648649     0.14300945     0.09619988
   -4.8248248     0.13166310     0.09553198
   -4.7847848     0.11322145     0.08726243
   -4.7447447     0.09286215     0.07143147
   -4.7047047     0.07070222     0.05251527
   -4.6646647     0.05147803     0.03449513
   -4.6246246     0.04416723     0.02079570
   -4.5845846     0.05328830     0.01517399
   -4.5445445     0.07390929     0.01940943
   -4.5045045     0.09228208     0.03125417
   -4.4644645     0.09475541     0.04624339
   -4.4244244     0.08052295     0.06187151
   -4.3843844     0.06130144     0.07767566
   -4.3443443     0.04754793     0.08996180
   -4.3043043     0.04036998     0.09167490
   -4.2642643     0.03569335     0.08135872
   -4.2242242     0.03054338     0.06716800
   -4.1841842     0.02454509     0.05801835
   -4.1441441     0.01893561     0.05443311
   -4.1041041     0.01611119     0.05089800
   -4.0640641     0.01835594     0.04489216
   -4.0240240     0.02550165     0.04002894
   -3.9839840     0.03553704     0.04021933
   -3.9439439     0.04779237     0.04464758
   -3.9039039     0.06105680     0.05020402
   -3.8638639     0.06880266     0.05489068
   -3.8238238     0.06481933     0.05620839
   -3.7837838     0.05368757     0.05088426
   -3.7437437     0.04628194     0.03950287
   -3.7037037     0.04615571     0.02807256
   -3.6636637     0.04782824     0.02335032
   -3.6236236     0.04534624     0.02737630
   -3.5835836     0.03711759     0.03582612
   -3.5435435     0.02555380     0.04211168
   -3.5035035     0.01578205     0.04339277
   -3.4634635     0.01349769     0.04080497
   -3.4234234     0.02197854     0.03576143
   -3.3833834     0.03874762     0.03005215
   -3.3433433     0.05419261     0.02690941
   -3.3033033     0.05773877     0.02777840
   -3.2632633     0.04810870     0.03017694
   -3.2232232     0.03414953     0.03072445
   -3.1831832     0.02518425     0.02823459
   -3.1431431     0.02424716     0.02356920
   -3.1031031     0.02916334     0.01821252
   -3.0630631     0.03529707     0.01327701
   -3.0230230     0.03752498     0.00962279
   -2.9829830     0.03361705     0.00867723
   -2.9429429     0.02701233     0.01205857
   -2.9029029     0.02436810     0.01931763
   -2.8628629     0.02921867     0.02665047
   -2.8228228     0.03843150     0.03011015
   -2.7827828     0.04516486     0.03086896
   -2.7427427     0.04497373     0.03486513
   -2.7027027     0.03876149     0.04536856
   -2.6626627     0.03122781     0.05773386
   -2.6226226     0.02767695     0.06390193
   -2.5825826     0.03011002     0.06090828
   -2.5425425     0.03486497     0.05272187
   -2.5025025     0.03639047     0.04479611
   -2.4624625     0.03419262     0.03896565
   -2.4224224     0.03364226     0.03366983
   -2.3823824     0.03939548     0.02802634
   -2.3423423     0.04991574     0.02412776
   -2.3023023     0.05894974     0.02447791
   -2.2622623     0.06078201     0.02835963
   -2.2222222     0.05352753     0.03182172
   -2.1821822     0.03979071     0.03142225
   -2.1421421     0.02551413     0.02793535
   -2.1021021     0.01631043     0.02525059
   -2.0620621     0.01370377     0.02557316
   -2.0220220     0.01516543     0.02766836
   -1.9819820     0.01781143     0.02951165
   -1.9419419     0.02146939     0.02999104
   -1.9019019     0.02717364     0.02809849
   -1.8618619     0.03349077     0.02331805
   -1.8218218     0.03683562     0.01737148
   -1.7817818     0.03582689     0.01340241
   -1.7417417     0.03307361     0.01287270
   -1.7017017     0.03158533     0.01450762
   -1.6616617     0.03143856     0.01639672
   -1.6216216     0.03139872     0.01838180
   -1.5815816     0.03223679     0.02243767
   -1.5415415     0.03669654     0.03054146
   -1.5015015     0.04617467     0.04083137
   -1.4614615     0.05808233     0.04684047
   -1.4214214     0.06628935     0.04414226
   -1.3813814     0.06448158     0.03678401
   -1.3413413     0.05151708     0.03311592
   -1.3013013     0.03436046     0.03682617
   -1.2612613     0.02333389     0.04447268
   -1.2212212     0.02318012     0.04941433
   -1.1811812     0.02933587     0.04709410
   -1.1411411     0.03338992     0.03804976
   -1.1011011     0.03197371     0.02667743
   -1.0610611     0.02818083     0.01791350
   -1.0210210     0.02459354     0.01460814
   -0.9809810     0.02016689     0.01578721
   -0.9409409     0.01480340     0.01721649
   -0.9009009     0.01167783     0.01554347
   -0.8608609     0.01358216     0.01186438
   -0.8208208     0.01966676     0.00989510
   -0.7807808     0.02613954     0.01136005
   -0.7407407     0.02932231     0.01459376
   -0.7007007     0.02889374     0.01709264
   -0.6606607     0.02853527     0.01799724
   -0.6206206     0.03234847     0.01822973
   -0.5805806     0.04087734     0.01965991
   -0.5405405     0.05147754     0.02433969
   -0.5005005     0.06090178     0.03302835
   -0.4604605     0.06587736     0.04305585
   -0.4204204     0.06385443     0.04874916
   -0.3803804     0.05569141     0.04682775
   -0.3403403     0.04488455     0.04069395
   -0.3003003     0.03345563     0.03608676
   -0.2602603     0.02235703     0.03365215
   -0.2202202     0.01474670     0.02949095
   -0.1801802     0.01456598     0.02201914
   -0.1401401     0.02177737     0.01479764
   -0.1001001     0.03042003     0.01293505
   -0.0600601     0.03300938     0.01847657
   -0.0200200     0.02794658     0.02813630
    0.0200200     0.02028729     0.03519219
    0.0600601     0.01488087     0.03606822
    0.1001001     0.01253170     0.03456929
    0.1401401     0.01271483     0.03654905
    0.1801802     0.01567507     0.04153064
    0.2202202     0.02078197     0.04332324
    0.2602603     0.02562418     0.03839610
    0.3003003     0.02837103     0.02963177
    0.3403403     0.02959625     0.02158488
    0.3803804     0.03056113     0.01605905
    0.4204204     0.03134483     0.01311695
    0.4604605     0.03173064     0.01316365
    0.5005005     0.03236555     0.01636521
    0.5405405     0.03417687     0.02128744
    0.5805806     0.03714861     0.02535398
    0.6206206     0.04071000     0.02668762
    0.6606607     0.04535478     0.02604755
    0.7007007     0.05162789     0.02749107
    0.7407407     0.05801722     0.03539825
    0.7807808     0.06267659     0.04872006
    0.8208208     0.06556689     0.06013597
    0.8608609     0.06697678     0.06412850
    0.9009009     0.06676184     0.06308256
    0.9409409     0.06540418     0.06177966
    0.9809810     0.06271734     0.05995616
    1.0210210     0.05710656     0.05497258
    1.0610611     0.04874118     0.04859087
    1.1011011     0.04102190     0.04596103
    1.1411411     0.03794689     0.04941404
    1.1811812     0.04174652     0.05738269
    1.2212212     0.05152361     0.06753192
    1.2612613     0.06221552     0.07613603
    1.3013013     0.06671992     0.07656405
    1.3413413     0.06140682     0.06501108
    1.3813814     0.04941410     0.04657561
    1.4214214     0.03829386     0.03034698
    1.4614615     0.03422819     0.02104265
    1.5015015     0.03666859     0.01890171
    1.5415415     0.03882241     0.02348695
    1.5815816     0.03527675     0.03353152
    1.6216216     0.02762143     0.04435189
    1.6616617     0.02134571     0.04866977
    1.7017017     0.02022430     0.04251393
    1.7417417     0.02484670     0.02990884
    1.7817818     0.03308573     0.01969712
    1.8218218     0.04036885     0.01779564
    1.8618619     0.04210817     0.02290080
    1.9019019     0.03746437     0.02840987
    1.9419419     0.02967942     0.02834313
    1.9819820     0.02243160     0.02229545
    2.0220220     0.01680476     0.01495913
    2.0620621     0.01191196     0.01186329
    2.1021021     0.00745977     0.01587859
    2.1421421     0.00480131     0.02531571
    2.1821822     0.00590197     0.03380492
    2.2222222     0.01200924     0.03456808
    2.2622623     0.02237272     0.02676700
    2.3023023     0.03297644     0.01584438
    2.3423423     0.03779030     0.00758034
    2.3823824     0.03390447     0.00419327
    2.4224224     0.02510532     0.00514939
    2.4624625     0.01782528     0.00898752
    2.5025025     0.01422560     0.01413679
    2.5425425     0.01178841     0.01870146
    2.5825826     0.00836833     0.02071066
    2.6226226     0.00464048     0.02044415
    2.6626627     0.00239301     0.02128801
    2.7027027     0.00304527     0.02549014
    2.7427427     0.00760860     0.03054611
    2.7827828     0.01606017     0.03233758
    2.8228228     0.02652003     0.02988852
    2.8628629     0.03618726     0.02522919
    2.9029029     0.04274327     0.02094079
    2.9429429     0.04454955     0.01938871
    2.9829830     0.04154245     0.02242997
    3.0230230     0.03698979     0.02923269
    3.0630631     0.03634369     0.03470422
    3.1031031     0.04193550     0.03388481
    3.1431431     0.04925099     0.02848791
    3.1831832     0.05128584     0.02502353
    3.2232232     0.04642737     0.02675006
    3.2632633     0.03921571     0.03171037
    3.3033033     0.03468391     0.03735535
    3.3433433     0.03523109     0.04206616
    3.3833834     0.04095492     0.04335637
    3.4234234     0.04909300     0.03991826
    3.4634635     0.05423181     0.03454549
    3.5035035     0.05273917     0.03114133
    3.5435435     0.04662690     0.03046235
    3.5835836     0.04080339     0.03123490
    3.6236236     0.03813472     0.03338563
    3.6636637     0.03818186     0.03746211
    3.7037037     0.03850523     0.04152856
    3.7437437     0.03669316     0.04186549
    3.7837838     0.03220152     0.03774022
    3.8238238     0.02643257     0.03259718
    3.8638639     0.02095008     0.02928922
    3.9039039     0.01634782     0.02707927
    3.9439439     0.01325117     0.02457942
    3.9839840     0.01310265     0.02257703
    4.0240240     0.01693692     0.02274802
    4.0640641     0.02388377     0.02583478
    4.1041041     0.03165816     0.03118645
    4.1441441     0.03889802     0.03602496
    4.1841842     0.04595324     0.03592350
    4.2242242     0.05174269     0.02881556
    4.2642643     0.05202682     0.01829992
    4.3043043     0.04408760     0.01112918
    4.3443443     0.03101186     0.01256023
    4.3843844     0.01898480     0.02440971
    4.4244244     0.01237780     0.04368435
    4.4644645     0.01233829     0.06173476
    4.5045045     0.01820087     0.06893095
    4.5445445     0.02851540     0.06230799
    4.5845846     0.04041542     0.04686656
    4.6246246     0.04966559     0.03028265
    4.6646647     0.05301324     0.01812048
    4.7047047     0.05037253     0.01190041
    4.7447447     0.04490514     0.00970473
    4.7847848     0.04118695     0.00920961
    4.8248248     0.04217041     0.01006494
    4.8648649     0.04760911     0.01277479
    4.9049049     0.05480760     0.01635196
    4.9449449     0.05948983     0.01887529
    4.9849850     0.05761762     0.02042608
    5.0250250     0.04882845     0.02373284
    5.0650651     0.03719656     0.03081860
    5.1051051     0.02772827     0.04009805
    5.1451452     0.02283122     0.04886923
    5.1851852     0.02204384     0.05767665
    5.2252252     0.02469702     0.06780785
    5.2652653     0.03237693     0.07516467
    5.3053053     0.04714600     0.07307081
    5.3453453     0.06594421     0.06135672
    5.3853854     0.07900738     0.04712265
    5.4254254     0.07793148     0.03696659
    5.4654655     0.06472311     0.03239971
    5.5055055     0.04950028     0.03211809
    5.5455455     0.03997609     0.03585001
    5.5855856     0.03601517     0.04424434
    5.6256256     0.03442166     0.05489959
    5.6656657     0.03511908     0.06162997
    5.7057057     0.03931671     0.06058038
    5.7457458     0.04501139     0.05463104
    5.7857858     0.04900151     0.04840319
    5.8258258     0.05092481     0.04232006
    5.8658659     0.05163367     0.03594130
    5.9059059     0.05017506     0.03224152
    5.9459459     0.04591527     0.03294244
    5.9859860     0.04215136     0.03457595
    6.0260260     0.04389582     0.03465060
    6.0660661     0.05065108     0.03715048
    6.1061061     0.05470162     0.04648322
    6.1461461     0.05020948     0.05912746
    6.1861862     0.04068025     0.06649307
    6.2262262     0.03410657     0.06459615
    6.2662663     0.03517478     0.05703010
    6.3063063     0.04447406     0.05075807
    6.3463464     0.05958851     0.05226794
    6.3863864     0.07422062     0.06391947
    6.4264264     0.08120661     0.08036654
    6.4664665     0.07897453     0.09141258
    6.5065065     0.07220312     0.09026280
    6.5465466     0.06666272     0.07723697
    6.5865866     0.06541237     0.05751585
    6.6266266     0.06659908     0.03892970
    6.6666667     0.06524007     0.02912088
    6.7067067     0.06188882     0.03135174
    6.7467467     0.06442707     0.04489236
    6.7867868     0.07504828     0.06779773
    6.8268268     0.08304803     0.09262063
    6.8668669     0.07766182     0.10378965
    6.9069069     0.06125246     0.09218997
    6.9469470     0.04431455     0.06887650
    6.9869870     0.03450999     0.05221291
    7.0270270     0.03399399     0.04729499
    7.0670671     0.04036174     0.04734188
    7.1071071     0.04783549     0.04722545
    7.1471472     0.05113410     0.04677454
    7.1871872     0.04876714     0.04584976
    7.2272272     0.04290633     0.04288116
    7.2672673     0.03733881     0.03766764
    7.3073073     0.03507893     0.03289937
    7.3473473     0.03733004     0.03106388
    7.3873874     0.04339879     0.03053986
    7.4274274     0.04990787     0.02835779
    7.4674675     0.05142116     0.02634737
    7.5075075     0.04519446     0.02928569
    7.5475475     0.03585277     0.03636870
    7.5875876     0.03198092     0.03975885
    7.6276276     0.03622881     0.03398165
    7.6676677     0.04160370     0.02273457
    7.7077077     0.03981324     0.01343986
    7.7477478     0.03055814     0.00889072
    7.7877878     0.02019195     0.00728136
    7.8278278     0.01440750     0.00724605
    7.8678679     0.01442112     0.00978766
    7.9079079     0.01737970     0.01628120
    7.9479479     0.01934722     0.02616108
    7.9879880     0.01992289     0.03634398
    8.0280280     0.02332764     0.04319911
    8.0680681     0.03266936     0.04678227
    8.1081081     0.04426849     0.05193188
    8.1481482     0.05076215     0.06135670
    8.1881882     0.04992712     0.06933535
    8.2282282     0.04744610     0.06783658
    8.2682683     0.04956700     0.05788156
    8.3083083     0.05503173     0.04989940
    8.3483484     0.05675137     0.05302440
    8.3883884     0.05216795     0.06616264
    8.4284284     0.04888689     0.07867769
    8.4684685     0.05529985     0.07943615
    8.5085085     0.06759885     0.06639599
    8.5485485     0.07302289     0.04731313
    8.5885886     0.06580566     0.03178380
    8.6286286     0.05386137     0.02467339
    8.6686687     0.04912262     0.02621172
    8.7087087     0.05440005     0.03462929
    8.7487488     0.06073621     0.04624951
    8.7887888     0.05825290     0.05444967
    8.8288288     0.04730836     0.05360758
    8.8688689     0.03551738     0.04561891
    8.9089089     0.02763038     0.03762161
    8.9489490     0.02326548     0.03248772
    8.9889890     0.02162200     0.02707517
    9.0290290     0.02423659     0.01949996
    9.0690691     0.03217264     0.01214516
    9.1091091     0.04143248     0.00770515
    9.1491491     0.04557509     0.00653258
    9.1891892     0.04472082     0.00733223
    9.2292292     0.04576473     0.00828067
    9.2692693     0.05122904     0.00868138
    9.3093093     0.05486358     0.01038220
    9.3493494     0.05112383     0.01585810
    9.3893894     0.04309481     0.02488952
    9.4294294     0.03756508     0.03505447
    9.4694695     0.03574311     0.04465741
    9.5095095     0.03248065     0.05227817
    9.5495496     0.02422767     0.05409084
    9.5895896     0.01490680     0.04648915
    9.6296296     0.01238353     0.03237384
    9.6696697     0.02033526     0.01970905
    9.7097097     0.03418249     0.01316806
    9.7497497     0.04454101     0.01178914
    9.7897898     0.04524071     0.01441968
    9.8298298     0.03808573     0.02327699
    9.8698699     0.02974701     0.04053417
    9.9099099     0.02543950     0.06106660
    9.9499500     0.02634062     0.07125827
    9.9899900     0.03122570     0.06159548
   10.0300300     0.03756930     0.03954942
   10.0700701     0.04171503     0.02242832
   10.1101101     0.04237324     0.01903550
   10.1501502     0.04311089     0.02403708
   10.1901902     0.04671390     0.02776196
   10.2302302     0.04982815     0.02682001
   10.2702703     0.04798666     0.02546907
   10.3103103     0.04273511     0.02979316
   10.3503504     0.04001928     0.04279351
   10.3903904     0.04430676     0.06382868
   10.4304304     0.05568447     0.08872650
   10.4704705     0.06843984     0.10873927
   10.5105105     0.07276315     0.11302600
   10.5505506     0.06372821     0.09734390
   10.5905906     0.04780630     0.07050215
   10.6306306     0.03661306     0.04742811
   10.6706707     0.03606420     0.03502104
   10.7107107     0.04260797     0.02910982
   10.7507508     0.04758728     0.02445556
   10.7907908     0.04506480     0.02173204
   10.8308308     0.03716896     0.02429759
   10.8708709     0.03222207     0.03313642
   10.9109109     0.03685752     0.04583898
   10.9509510     0.05015322     0.05735293
   10.9909910     0.06560836     0.06167745
   11.0310310     0.07710554     0.05628930
   11.0710711     0.08212681     0.04524878
   11.1111111     0.08130602     0.03492447
   11.1511512     0.07670174     0.02771518
   11.1911912     0.07040309     0.02275104
   11.2312312     0.06418672     0.02008832
   11.2712713     0.05878880     0.02133105
   11.3113113     0.05310048     0.02816804
   11.3513514     0.04676436     0.04115195
   11.3913914     0.04278036     0.05780676
   11.4314314     0.04483408     0.07282259
   11.4714715     0.05395903     0.08215251
   11.5115115     0.06714964     0.08491805
   11.5515516     0.07663567     0.08198183
   11.5915916     0.07594659     0.07795178
   11.6316316     0.06881577     0.08151111
   11.6716717     0.06461165     0.09479912
   11.7117117     0.06598271     0.10512801
   11.7517518     0.06852810     0.09716587
   11.7917918     0.06851268     0.07149234
   11.8318318     0.06412374     0.04302216
   11.8718719     0.05441421     0.02453789
   11.9119119     0.04187953     0.01857483
   11.9519520     0.03168967     0.02194527
   11.9919920     0.02756576     0.03223243
   12.0320320     0.03195934     0.04947591
   12.0720721     0.04799973     0.07213572
   12.1121121     0.07672392     0.09200513
   12.1521522     0.11151043     0.09793774
   12.1921922     0.13830301     0.08772007
   12.2322322     0.14626823     0.07167991
   12.2722723     0.13646364     0.06336794
   12.3123123     0.11558854     0.07110910
   12.3523524     0.08873146     0.09456166
   12.3923924     0.06348256     0.12179129
   12.4324324     0.05001591     0.13341643
   12.4724725     0.05060728     0.11830125
   12.5125125     0.05571299     0.08529190
   12.5525526     0.05471847     0.05530132
   12.5925926     0.04800580     0.04246877
   12.6326326     0.04516725     0.04435538
   12.6726727     0.05213810     0.04882611
   12.7127127     0.06328905     0.04816005
   12.7527528     0.06849940     0.04403849
   12.7927928     0.06782229     0.04118130
   12.8328328     0.07325033     0.04287738
   12.8728729     0.09180455     0.05230697
   12.9129129     0.11336970     0.07192468
   12.9529530     0.12096972     0.09819559
   12.9929930     0.10829596     0.11779386
   13.0330330     0.08296460     0.11589069
   13.0730731     0.05738349     0.09317511
   13.1131131     0.04040472     0.06809709
   13.1531532     0.03484824     0.05841912
   13.1931932     0.04001284     0.06661059
   13.2332332     0.05386166     0.08267905
   13.2732733     0.06986643     0.09380529
   13.3133133     0.07685044     0.09204858
   13.3533534     0.06980098     0.07881715
   13.3933934     0.05788140     0.06299539
   13.4334334     0.05611114     0.05291316
   13.4734735     0.07082091     0.05077148
   13.5135135     0.09374566     0.05570030
   13.5535536     0.10884601     0.06876108
   13.5935936     0.10760677     0.09155121
   13.6336336     0.09831803     0.12152542
   13.6736737     0.09690654     0.15123699
   13.7137137     0.11008032     0.17268071
   13.7537538     0.13149166     0.18189666
   13.7937938     0.15126696     0.17902214
   13.8338338     0.16416458     0.16577044
   13.8738739     0.17004938     0.14535816
   13.9139139     0.16894829     0.12326753
   13.9539540     0.15624842     0.10433164
   13.9939940     0.12739638     0.08881860
   14.0340340     0.08883618     0.07317271
   14.0740741     0.05661553     0.05504487
   14.1141141     0.04096044     0.03684746
   14.1541542     0.03773740     0.02442278
   14.1941942     0.03715699     0.02399523
   14.2342342     0.03744029     0.03928650
   14.2742743     0.04688853     0.06598275
   14.3143143     0.07170559     0.08927455
   14.3543544     0.10375887     0.09652615
   14.3943944     0.12515885     0.09388198
   14.4344344     0.12783871     0.09889656
   14.4744745     0.12353869     0.11610020
   14.5145145     0.12819957     0.13198192
   14.5545546     0.14015457     0.13366210
   14.5945946     0.14165566     0.12136470
   14.6346346     0.12317584     0.10283781
   14.6746747     0.09927528     0.08437692
   14.7147147     0.09347137     0.06951034
   14.7547548     0.11071435     0.06256347
   14.7947948     0.13243139     0.06945537
   14.8348348     0.13718562     0.09293685
   14.8748749     0.12027788     0.12604255
   14.9149149     0.09493164     0.15200285
   14.9549550     0.07936062     0.15692786
   14.9949950     0.08199429     0.14543726
   15.0350350     0.09660895     0.13965268
   15.0750751     0.11047447     0.15787239
   15.1151151     0.11734624     0.19372603
   15.1551552     0.12461703     0.22173519
   15.1951952     0.14738422     0.22541457
   15.2352352     0.19203517     0.21073586
   15.2752753     0.24350965     0.18941383
   15.3153153     0.27041573     0.16372452
   15.3553554     0.24877283     0.13258649
   15.3953954     0.18434904     0.10046676
   15.4354354     0.10873545     0.07570641
   15.4754755     0.05246503     0.06300742
   15.5155155     0.02511179     0.05920295
   15.5555556     0.01903788     0.05750496
   15.5955956     0.02417194     0.05442401
   15.6356356     0.03545620     0.05173540
   15.6756757     0.04900157     0.05366874
   15.7157157     0.05826560     0.06225385
   15.7557558     0.06008885     0.07375109
   15.7957958     0.06031246     0.07936175
   15.8358358     0.06582029     0.07211065
   15.8758759     0.07371378     0.05560825
   15.9159159     0.07495159     0.04256292
   15.9559560     0.06729270     0.04122422
   15.9959960     0.05767182     0.04753665
   16.0360360     0.05155583     0.05386222
   16.0760761     0.04938989     0.06084763
   16.1161161     0.05595423     0.07666755
   16.1561562     0.08130839     0.10653496
   16.1961962     0.12314268     0.14215260
   16.2362362     0.15588588     0.16073647
   16.2762763     0.15277890     0.14466580
   16.3163163     0.11716460     0.10425391
   16.3563564     0.07728085     0.06877131
   16.3963964     0.05381110     0.05668560
   16.4364364     0.04629365     0.06298999
   16.4764765     0.04577897     0.06946564
   16.5165165     0.04720346     0.06275547
   16.5565566     0.04922779     0.04634891
   16.5965966     0.05067177     0.03709505
   16.6366366     0.05336354     0.05124367
   16.6766767     0.06636656     0.09096286
   16.7167167     0.09815854     0.13772529
   16.7567568     0.13980710     0.16237647
   16.7967968     0.16527218     0.14980031
   16.8368368     0.15811400     0.11112182
   16.8768769     0.12864820     0.06974154
   16.9169169     0.09713536     0.04156483
   16.9569570     0.07415635     0.02934906
   16.9969970     0.06435485     0.02987721
   17.0370370     0.07269023     0.04424935
   17.0770771     0.09601059     0.08027170
   17.1171171     0.12048578     0.13735434
   17.1571572     0.13745544     0.18862547
   17.1971972     0.15054199     0.19736522
   17.2372372     0.16044431     0.15957399
   17.2772773     0.15866764     0.10906715
   17.3173173     0.14219346     0.07567987
   17.3573574     0.11869872     0.06060502
   17.3973974     0.09547236     0.05179501
   17.4374374     0.07588121     0.04261292
   17.4774775     0.06327614     0.03538334
   17.5175175     0.05867831     0.03983241
   17.5575576     0.06120332     0.06827723
   17.5975976     0.07612826     0.12318587
   17.6376376     0.10983334     0.18538883
   17.6776777     0.14928658     0.22163366
   17.7177177     0.16296128     0.21269589
   17.7577578     0.13537779     0.17081560
   17.7977978     0.08765062     0.12446929
   17.8378378     0.05420050     0.09165938
   17.8778779     0.05143007     0.07209580
   17.9179179     0.07197090     0.05991195
   17.9579580     0.09648920     0.05461657
   17.9979980     0.10876112     0.05708721
   18.0380380     0.10677727     0.06530145
   18.0780781     0.10124570     0.07984427
   18.1181181     0.10295275     0.10293601
   18.1581582     0.11314689     0.12700517
   18.1981982     0.12407453     0.13647857
   18.2382382     0.12606766     0.12546022
   18.2782783     0.11595502     0.10240277
   18.3183183     0.09939498     0.07732258
   18.3583584     0.08381116     0.05492061
   18.3983984     0.07149199     0.03760391
   18.4384384     0.06318774     0.02910400
   18.4784785     0.06479259     0.03767432
   18.5185185     0.08435490     0.07610771
   18.5585586     0.12262757     0.15145027
   18.5985986     0.16710660     0.24541862
   18.6386386     0.19745608     0.30944154
   18.6786787     0.20397887     0.30223182
   18.7187187     0.20014579     0.23804660
   18.7587588     0.20796234     0.17510329
   18.7987988     0.22965868     0.15354046
   18.8388388     0.24288313     0.16407787
   18.8788789     0.22869682     0.17490787
   18.9189189     0.19683202     0.16926661
   18.9589590     0.17682572     0.15305425
   18.9989990     0.18521466     0.14238401
   19.0390390     0.20532937     0.15067215
   19.0790791     0.20520322     0.17607577
   19.1191191     0.17235531     0.19790426
   19.1591592     0.12198444     0.19379729
   19.1991992     0.07676108     0.16114550
   19.2392392     0.05026960     0.11668909
   19.2792793     0.04548742     0.07962125
   19.3193193     0.05728539     0.06059942
   19.3593594     0.07401341     0.05977955
   19.3993994     0.08332697     0.06800458
   19.4394394     0.08323201     0.07541965
   19.4794795     0.08429886     0.08267912
   19.5195195     0.09399330     0.09593483
   19.5595596     0.10346066     0.11208089
   19.5995996     0.09875913     0.12222532
   19.6396396     0.08220291     0.12635860
   19.6796797     0.07349519     0.13010697
   19.7197197     0.08910542     0.13310364
   19.7597598     0.12448558     0.13315541
   19.7997998     0.15824904     0.13371613
   19.8398398     0.17721921     0.13901314
   19.8798799     0.19427657     0.14977948
   19.9199199     0.22886741     0.16526045
   19.9599600     0.27221441     0.18486503
   20.0000000     0.29291607     0.21162965
