    24
     1   -0.210325    0.003537   -0.238342       0.027778
     2    0.000000   -0.000000   -0.238342       0.027778
     3    0.210325   -0.003537   -0.238342       0.027778
     4   -0.213862    0.213862   -0.238342       0.055556
     5   -0.003537    0.210325   -0.238342       0.055556
     6    0.206788    0.206788   -0.238342       0.055556
     7   -0.210325    0.003537    0.000000       0.027778
     8    0.000000    0.000000    0.000000       0.027778
     9    0.210325   -0.003537   -0.000000       0.027778
    10   -0.213862    0.213862    0.000000       0.055556
    11   -0.003537    0.210325    0.000000       0.055556
    12    0.206788    0.206788    0.000000       0.055556
    13   -0.210325    0.003537    0.238342       0.027778
    14   -0.000000    0.000000    0.238342       0.027778
    15    0.210325   -0.003537    0.238342       0.027778
    16   -0.213862    0.213862    0.238342       0.055556
    17   -0.003537    0.210325    0.238342       0.055556
    18    0.206788    0.206788    0.238342       0.055556
    19   -0.210325    0.003537    0.476684       0.027778
    20   -0.000000    0.000000    0.476684       0.027778
    21    0.210325   -0.003537    0.476684       0.027778
    22   -0.213862    0.213862    0.476684       0.055556
    23   -0.003537    0.210325    0.476684       0.055556
    24    0.206788    0.206788    0.476684       0.055556
