    24
     1   -0.203867   -0.000144   -0.252344       0.027778
     2    0.000000    0.000000   -0.252344       0.027778
     3    0.203867    0.000144   -0.252344       0.027778
     4   -0.203723    0.190705   -0.252344       0.055556
     5    0.000144    0.190849   -0.252344       0.055556
     6    0.204012    0.190994   -0.252344       0.055556
     7   -0.203867   -0.000144    0.000000       0.027778
     8    0.000000    0.000000    0.000000       0.027778
     9    0.203867    0.000144   -0.000000       0.027778
    10   -0.203723    0.190705   -0.000000       0.055556
    11    0.000144    0.190849   -0.000000       0.055556
    12    0.204012    0.190994   -0.000000       0.055556
    13   -0.203867   -0.000144    0.252344       0.027778
    14   -0.000000   -0.000000    0.252344       0.027778
    15    0.203867    0.000144    0.252344       0.027778
    16   -0.203723    0.190705    0.252344       0.055556
    17    0.000144    0.190849    0.252344       0.055556
    18    0.204012    0.190994    0.252344       0.055556
    19   -0.203867   -0.000144    0.504688       0.027778
    20   -0.000000   -0.000000    0.504688       0.027778
    21    0.203867    0.000144    0.504688       0.027778
    22   -0.203723    0.190705    0.504688       0.055556
    23    0.000144    0.190849    0.504688       0.055556
    24    0.204012    0.190994    0.504688       0.055556
