#
#   partial DOS for atom species: Mn
#
#   Add data for atom_index =   2,  n,l,m,z=  3  2 -2  1
#   Add data for atom_index =   2,  n,l,m,z=  3  2 -1  1
#   Add data for atom_index =   2,  n,l,m,z=  3  2  0  1
#   Add data for atom_index =   2,  n,l,m,z=  3  2  1  1
#   Add data for atom_index =   2,  n,l,m,z=  3  2  2  1
#   Add data for atom_index =   2,  n,l,m,z=  3  2 -2  2
#   Add data for atom_index =   2,  n,l,m,z=  3  2 -1  2
#   Add data for atom_index =   2,  n,l,m,z=  3  2  0  2
#   Add data for atom_index =   2,  n,l,m,z=  3  2  1  2
#   Add data for atom_index =   2,  n,l,m,z=  3  2  2  2
#   Add data for atom_index =   2,  n,l,m,z=  3  2 -2  3
#   Add data for atom_index =   2,  n,l,m,z=  3  2 -1  3
#   Add data for atom_index =   2,  n,l,m,z=  3  2  0  3
#   Add data for atom_index =   2,  n,l,m,z=  3  2  1  3
#   Add data for atom_index =   2,  n,l,m,z=  3  2  2  3
#
#    Energy          spin 1        spin2
#
  -20.0000000     0.00000000     0.00000000
  -19.9599600     0.00000000     0.00000000
  -19.9199199     0.00000000     0.00000000
  -19.8798799     0.00000000     0.00000000
  -19.8398398     0.00000000     0.00000000
  -19.7997998     0.00000000     0.00000000
  -19.7597598     0.00000000     0.00000000
  -19.7197197     0.00000000     0.00000000
  -19.6796797     0.00000000     0.00000000
  -19.6396396     0.00000000     0.00000000
  -19.5995996     0.00000000     0.00000000
  -19.5595596     0.00000000     0.00000000
  -19.5195195     0.00000000     0.00000000
  -19.4794795     0.00000000     0.00000000
  -19.4394394     0.00000000     0.00000000
  -19.3993994     0.00000000     0.00000000
  -19.3593594     0.00000000     0.00000000
  -19.3193193     0.00000000     0.00000000
  -19.2792793     0.00000000     0.00000000
  -19.2392392     0.00000000     0.00000000
  -19.1991992     0.00000000     0.00000000
  -19.1591592     0.00000000     0.00000000
  -19.1191191     0.00000000     0.00000000
  -19.0790791     0.00000000     0.00000000
  -19.0390390     0.00000000     0.00000000
  -18.9989990     0.00000000     0.00000000
  -18.9589590     0.00000000     0.00000000
  -18.9189189     0.00000000     0.00000000
  -18.8788789     0.00000000     0.00000000
  -18.8388388     0.00000000     0.00000000
  -18.7987988     0.00000000     0.00000000
  -18.7587588     0.00000000     0.00000000
  -18.7187187     0.00000000     0.00000000
  -18.6786787     0.00000000     0.00000000
  -18.6386386     0.00000000     0.00000000
  -18.5985986     0.00000000     0.00000000
  -18.5585586     0.00000000     0.00000000
  -18.5185185     0.00000000     0.00000000
  -18.4784785     0.00000000     0.00000000
  -18.4384384     0.00000000     0.00000000
  -18.3983984     0.00000000     0.00000000
  -18.3583584     0.00000000     0.00000000
  -18.3183183     0.00000000     0.00000000
  -18.2782783     0.00000000     0.00000000
  -18.2382382     0.00000000     0.00000000
  -18.1981982     0.00000000     0.00000000
  -18.1581582     0.00000000     0.00000000
  -18.1181181     0.00000000     0.00000000
  -18.0780781     0.00000000     0.00000000
  -18.0380380     0.00000000     0.00000000
  -17.9979980     0.00000000     0.00000000
  -17.9579580     0.00000000     0.00000000
  -17.9179179     0.00000000     0.00000000
  -17.8778779     0.00000000     0.00000000
  -17.8378378     0.00000000     0.00000000
  -17.7977978     0.00000000     0.00000000
  -17.7577578     0.00000000     0.00000000
  -17.7177177     0.00000000     0.00000000
  -17.6776777     0.00000000     0.00000000
  -17.6376376     0.00000000     0.00000000
  -17.5975976     0.00000000     0.00000000
  -17.5575576     0.00000000     0.00000000
  -17.5175175     0.00000000     0.00000000
  -17.4774775     0.00000000     0.00000000
  -17.4374374     0.00000000     0.00000000
  -17.3973974     0.00000000     0.00000000
  -17.3573574     0.00000000     0.00000000
  -17.3173173     0.00000000     0.00000000
  -17.2772773     0.00000000     0.00000000
  -17.2372372     0.00000000     0.00000000
  -17.1971972     0.00000000     0.00000000
  -17.1571572     0.00000000     0.00000000
  -17.1171171     0.00000000     0.00000000
  -17.0770771     0.00000000     0.00000000
  -17.0370370     0.00000000     0.00000000
  -16.9969970     0.00000000     0.00000000
  -16.9569570     0.00000000     0.00000000
  -16.9169169     0.00000000     0.00000000
  -16.8768769     0.00000000     0.00000000
  -16.8368368     0.00000000     0.00000000
  -16.7967968     0.00000000     0.00000000
  -16.7567568     0.00000000     0.00000000
  -16.7167167     0.00000000     0.00000000
  -16.6766767     0.00000000     0.00000000
  -16.6366366     0.00000000     0.00000000
  -16.5965966     0.00000000     0.00000000
  -16.5565566     0.00000000     0.00000000
  -16.5165165     0.00000000     0.00000000
  -16.4764765     0.00000001     0.00000000
  -16.4364364     0.00000008     0.00000000
  -16.3963964     0.00000066     0.00000000
  -16.3563564     0.00000414     0.00000000
  -16.3163163     0.00001899     0.00000003
  -16.2762763     0.00006319     0.00000028
  -16.2362362     0.00015257     0.00000199
  -16.1961962     0.00026735     0.00001033
  -16.1561562     0.00033996     0.00003896
  -16.1161161     0.00031371     0.00010660
  -16.0760761     0.00021008     0.00021169
  -16.0360360     0.00010209     0.00030506
  -15.9959960     0.00003600     0.00031902
  -15.9559560     0.00000921     0.00024210
  -15.9159159     0.00000171     0.00013333
  -15.8758759     0.00000023     0.00005328
  -15.8358358     0.00000002     0.00001545
  -15.7957958     0.00000000     0.00000325
  -15.7557558    -0.00000000     0.00000050
  -15.7157157    -0.00000000     0.00000006
  -15.6756757    -0.00000004     0.00000000
  -15.6356356    -0.00000033     0.00000000
  -15.5955956    -0.00000187    -0.00000000
  -15.5555556    -0.00000781    -0.00000002
  -15.5155155    -0.00002492    -0.00000015
  -15.4754755    -0.00006245    -0.00000094
  -15.4354354    -0.00012596    -0.00000444
  -15.3953954    -0.00020619    -0.00001578
  -15.3553554    -0.00027010    -0.00004356
  -15.3153153    -0.00027556    -0.00009547
  -15.2752753    -0.00021326    -0.00016830
  -15.2352352    -0.00012285    -0.00023706
  -15.1951952    -0.00005207    -0.00026118
  -15.1551552    -0.00001613    -0.00021958
  -15.1151151    -0.00000364    -0.00013811
  -15.0750751    -0.00000060    -0.00006414
  -15.0350350    -0.00000018    -0.00002182
  -14.9949950    -0.00000115    -0.00000541
  -14.9549550    -0.00000895    -0.00000098
  -14.9149149    -0.00004987    -0.00000015
  -14.8748749    -0.00019529    -0.00000030
  -14.8348348    -0.00051736    -0.00000266
  -14.7947948    -0.00083126    -0.00001782
  -14.7547548    -0.00041658    -0.00008442
  -14.7147147     0.00147181    -0.00027455
  -14.6746747     0.00427703    -0.00056919
  -14.6346346     0.00603709    -0.00055291
  -14.5945946     0.00547650     0.00057616
  -14.5545546     0.00342327     0.00302038
  -14.5145145     0.00151451     0.00541961
  -14.4744745     0.00048007     0.00594082
  -14.4344344     0.00010969     0.00441000
  -14.3943944     0.00001812     0.00229863
  -14.3543544     0.00000219     0.00085485
  -14.3143143     0.00000048     0.00022863
  -14.2742743     0.00000325     0.00004416
  -14.2342342     0.00002634     0.00000617
  -14.1941942     0.00015543     0.00000068
  -14.1541542     0.00066550     0.00000078
  -14.1141141     0.00206786     0.00000736
  -14.0740741     0.00466274     0.00005373
  -14.0340340     0.00762973     0.00028463
  -13.9939940     0.00905992     0.00109413
  -13.9539540     0.00780704     0.00305210
  -13.9139139     0.00488199     0.00617844
  -13.8738739     0.00221541     0.00907623
  -13.8338338     0.00072956     0.00967564
  -13.7937938     0.00017443     0.00748516
  -13.7537538     0.00003110     0.00420214
  -13.7137137     0.00001039     0.00171194
  -13.6736737     0.00003856     0.00050616
  -13.6336336     0.00016643     0.00010881
  -13.5935936     0.00053629     0.00001796
  -13.5535536     0.00126824     0.00000716
  -13.5135135     0.00218985     0.00002677
  -13.4734735     0.00275312     0.00011629
  -13.4334334     0.00251638     0.00039107
  -13.3933934     0.00167146     0.00097116
  -13.3533534     0.00081579     0.00175877
  -13.3133133     0.00037799     0.00231452
  -13.2732733     0.00071386     0.00221128
  -13.2332332     0.00313119     0.00153463
  -13.1931932     0.01102028     0.00078615
  -13.1531532     0.02840647     0.00038633
  -13.1131131     0.05364198     0.00062115
  -13.0730731     0.07474356     0.00213693
  -13.0330330     0.07781912     0.00625644
  -12.9929930     0.06173526     0.01439785
  -12.9529530     0.03827488     0.02675876
  -12.9129129     0.01898494     0.04104177
  -12.8728729     0.00760368     0.05193160
  -12.8328328     0.00244024     0.05342091
  -12.7927928     0.00070089     0.04428815
  -12.7527528     0.00081573     0.02994396
  -12.7127127     0.00376754     0.01704126
  -12.6726727     0.01462689     0.00842136
  -12.6326326     0.04167116     0.00366154
  -12.5925926     0.08743916     0.00164506
  -12.5525526     0.13776546     0.00197125
  -12.5125125     0.17063824     0.00549889
  -12.4724725     0.18136285     0.01401601
  -12.4324324     0.18262045     0.02872428
  -12.3923924     0.17781899     0.04872657
  -12.3523524     0.15896237     0.06975733
  -12.3123123     0.13083252     0.08317727
  -12.2722723     0.11069321     0.08077462
  -12.2322322     0.10267518     0.06495456
  -12.1921922     0.09389408     0.04935857
  -12.1521522     0.07881661     0.04659979
  -12.1121121     0.07363750     0.05751863
  -12.0720721     0.10210544     0.07001373
  -12.0320320     0.17060085     0.06985433
  -11.9919920     0.26199275     0.05753698
  -11.9519520     0.35689627     0.04968365
  -11.9119119     0.44437871     0.05895749
  -11.8718719     0.50099810     0.07702314
  -11.8318318     0.49662680     0.08292801
  -11.7917918     0.44392645     0.06825857
  -11.7517518     0.40054064     0.04756455
  -11.7117117     0.40520680     0.04328313
  -11.6716717     0.44694124     0.06901391
  -11.6316316     0.49342778     0.12540566
  -11.5915916     0.51478356     0.19874094
  -11.5515516     0.49139994     0.26066202
  -11.5115115     0.42864407     0.28060841
  -11.4714715     0.36013665     0.24958559
  -11.4314314     0.32625780     0.19470001
  -11.3913914     0.34939447     0.16419195
  -11.3513514     0.41841929     0.18911561
  -11.3113113     0.48900108     0.25796962
  -11.2712713     0.51557826     0.33132838
  -11.2312312     0.49070883     0.38098350
  -11.1911912     0.43894335     0.40807456
  -11.1511512     0.38156728     0.41891180
  -11.1111111     0.33206502     0.40514923
  -11.0710711     0.31341502     0.36671525
  -11.0310310     0.35338354     0.32452547
  -10.9909910     0.46296164     0.28960498
  -10.9509510     0.62341781     0.25570349
  -10.9109109     0.78211024     0.23748786
  -10.8708709     0.86179941     0.27516585
  -10.8308308     0.81565607     0.37764195
  -10.7907908     0.69327033     0.48441804
  -10.7507508     0.60180780     0.51563857
  -10.7107107     0.58514931     0.45686846
  -10.6706707     0.59583978     0.36381594
  -10.6306306     0.58223517     0.29113512
  -10.5905906     0.54416852     0.25468247
  -10.5505506     0.50241747     0.25461564
  -10.5105105     0.45380763     0.29596309
  -10.4704705     0.38048158     0.37637115
  -10.4304304     0.29606412     0.47005633
  -10.3903904     0.24704752     0.54289498
  -10.3503504     0.25900930     0.57787042
  -10.3103103     0.30953094     0.56719449
  -10.2702703     0.35857603     0.50345219
  -10.2302302     0.38518516     0.40443269
  -10.1901902     0.39648380     0.31261387
  -10.1501502     0.41476244     0.25132693
  -10.1101101     0.44981393     0.21236212
  -10.0700701     0.48056960     0.18922606
  -10.0300300     0.48289852     0.19569353
   -9.9899900     0.47129360     0.24527235
   -9.9499500     0.47658345     0.31968366
   -9.9099099     0.49107853     0.37121983
   -9.8698699     0.48463647     0.36979305
   -9.8298298     0.46247218     0.33607633
   -9.7897898     0.45614523     0.31459765
   -9.7497497     0.47554952     0.32722169
   -9.7097097     0.51186662     0.36068248
   -9.6696697     0.56122605     0.38683670
   -9.6296296     0.61578373     0.38844445
   -9.5895896     0.65677836     0.36997692
   -9.5495496     0.67084335     0.34310644
   -9.5095095     0.66081575     0.30508495
   -9.4694695     0.64353175     0.24883032
   -9.4294294     0.63993787     0.19276290
   -9.3893894     0.65650881     0.17729622
   -9.3493494     0.68350658     0.23072710
   -9.3093093     0.71890025     0.34864302
   -9.2692693     0.76681628     0.49361767
   -9.2292292     0.80845776     0.60383380
   -9.1891892     0.81872645     0.62418314
   -9.1491491     0.81073691     0.55136887
   -9.1091091     0.82357060     0.43615961
   -9.0690691     0.88422641     0.33254905
   -9.0290290     1.00173027     0.26017143
   -8.9889890     1.15532716     0.21313402
   -8.9489490     1.27269683     0.18168112
   -8.9089089     1.26404786     0.15976763
   -8.8688689     1.10506720     0.14727497
   -8.8288288     0.87163021     0.15351286
   -8.7887888     0.68260423     0.19025251
   -8.7487488     0.61242494     0.26093313
   -8.7087087     0.64326710     0.36594270
   -8.6686687     0.69629051     0.50600333
   -8.6286286     0.72605665     0.66408024
   -8.5885886     0.76043648     0.80230729
   -8.5485485     0.82501677     0.88659937
   -8.5085085     0.88308622     0.89542489
   -8.4684685     0.89019565     0.82407849
   -8.4284284     0.85861186     0.70865345
   -8.3883884     0.83125802     0.61986596
   -8.3483484     0.82601547     0.60984154
   -8.3083083     0.83414822     0.66662530
   -8.2682683     0.85389794     0.72173739
   -8.2282282     0.88859880     0.71476655
   -8.1881882     0.90402801     0.65559569
   -8.1481482     0.83676492     0.60166016
   -8.1081081     0.67575094     0.57997604
   -8.0680681     0.49199977     0.57128584
   -8.0280280     0.37574234     0.56304966
   -7.9879880     0.37455828     0.57344468
   -7.9479479     0.45994769     0.62470796
   -7.9079079     0.53237877     0.72903692
   -7.8678679     0.51368896     0.89189745
   -7.8278278     0.43581938     1.08004087
   -7.7877878     0.38380964     1.19420539
   -7.7477478     0.38294069     1.13167330
   -7.7077077     0.40060839     0.89098853
   -7.6676677     0.42166588     0.58491068
   -7.6276276     0.47705741     0.33987447
   -7.5875876     0.61639706     0.21148312
   -7.5475475     0.85126365     0.19396808
   -7.5075075     1.11286209     0.25498001
   -7.4674675     1.29489577     0.35195748
   -7.4274274     1.34366970     0.46521935
   -7.3873874     1.28589689     0.62215404
   -7.3473473     1.19815537     0.84920301
   -7.3073073     1.17082144     1.11052730
   -7.2672673     1.25756690     1.32090102
   -7.2272272     1.42406234     1.38367195
   -7.1871872     1.54986297     1.23322207
   -7.1471472     1.51944454     0.91478016
   -7.1071071     1.35208976     0.58066486
   -7.0670671     1.19524114     0.35201716
   -7.0270270     1.15199708     0.23515335
   -6.9869870     1.20200925     0.17682851
   -6.9469470     1.30759570     0.13928144
   -6.9069069     1.46121296     0.11735240
   -6.8668669     1.60792763     0.12136806
   -6.8268268     1.65489874     0.15950744
   -6.7867868     1.58252506     0.22796798
   -6.7467467     1.46666586     0.31298576
   -6.7067067     1.40738806     0.40194843
   -6.6666667     1.46816995     0.48344440
   -6.6266266     1.62190291     0.54165508
   -6.5865866     1.74521737     0.57403926
   -6.5465466     1.72276026     0.61110395
   -6.5065065     1.55432574     0.69098087
   -6.4664665     1.34188076     0.80691408
   -6.4264264     1.19647461     0.90022637
   -6.3863864     1.15154920     0.92588613
   -6.3463464     1.12891298     0.91561980
   -6.3063063     1.01203054     0.95063911
   -6.2662663     0.78279036     1.07369965
   -6.2262262     0.54552485     1.23517544
   -6.1861862     0.40226829     1.31250332
   -6.1461461     0.35111489     1.20273713
   -6.1061061     0.32204172     0.92688511
   -6.0660661     0.28149930     0.62285796
   -6.0260260     0.26776110     0.42490238
   -5.9859860     0.31824085     0.37557918
   -5.9459459     0.39753956     0.45011376
   -5.9059059     0.42879592     0.62407650
   -5.8658659     0.37705794     0.90420270
   -5.8258258     0.27074437     1.31107645
   -5.7857858     0.15901659     1.81298512
   -5.7457458     0.07571807     2.25977345
   -5.7057057     0.03161487     2.45114538
   -5.6656657     0.02251864     2.34753672
   -5.6256256     0.04096043     2.16986000
   -5.5855856     0.07618208     2.17935798
   -5.5455455     0.10657932     2.35632517
   -5.5055055     0.10939830     2.41849393
   -5.4654655     0.08426145     2.18735558
   -5.4254254     0.05373908     1.80007296
   -5.3853854     0.03838120     1.50712774
   -5.3453453     0.04369573     1.39339344
   -5.3053053     0.06687736     1.36724046
   -5.2652653     0.10007277     1.31213969
   -5.2252252     0.13281118     1.16439687
   -5.1851852     0.16775929     0.91889429
   -5.1451452     0.22085532     0.63551900
   -5.1051051     0.28474479     0.41123036
   -5.0650651     0.31668973     0.31846352
   -5.0250250     0.29173064     0.37560321
   -4.9849850     0.23832319     0.56091597
   -4.9449449     0.19530259     0.82019097
   -4.9049049     0.16619983     1.04679158
   -4.8648649     0.13402395     1.11249932
   -4.8248248     0.09288643     0.98363425
   -4.7847848     0.05221112     0.76294548
   -4.7447447     0.02317944     0.57081243
   -4.7047047     0.00920650     0.44081061
   -4.6646647     0.00824259     0.34838217
   -4.6246246     0.01973946     0.27116607
   -4.5845846     0.04509793     0.19903349
   -4.5445445     0.07985733     0.12949721
   -4.5045045     0.10900794     0.07108503
   -4.4644645     0.11669136     0.03738687
   -4.4244244     0.10041393     0.03769430
   -4.3843844     0.07095421     0.07574906
   -4.3443443     0.04168534     0.14589078
   -4.3043043     0.02187056     0.22759161
   -4.2642643     0.01521266     0.29670181
   -4.2242242     0.01962134     0.34353937
   -4.1841842     0.02784100     0.36887562
   -4.1441441     0.03158391     0.36568946
   -4.1041041     0.03004370     0.32264679
   -4.0640641     0.03529819     0.25059766
   -4.0240240     0.06567947     0.18606170
   -3.9839840     0.12613835     0.15498270
   -3.9439439     0.18993628     0.14646229
   -3.9039039     0.21357649     0.13418788
   -3.8638639     0.18368092     0.11209872
   -3.8238238     0.13222087     0.09239877
   -3.7837838     0.09650682     0.07870382
   -3.7437437     0.08628404     0.06337677
   -3.7037037     0.08978809     0.04483196
   -3.6636637     0.08967048     0.02903113
   -3.6236236     0.07670505     0.01903453
   -3.5835836     0.05988730     0.01496674
   -3.5435435     0.05729326     0.02107176
   -3.5035035     0.07409055     0.04555834
   -3.4634635     0.09619406     0.08938239
   -3.4234234     0.10764130     0.13378073
   -3.3833834     0.10713894     0.14838429
   -3.3433433     0.10082827     0.12199431
   -3.3033033     0.08777495     0.07754577
   -3.2632633     0.06502849     0.04978743
   -3.2232232     0.03951060     0.05718328
   -3.1831832     0.02385655     0.09390025
   -3.1431431     0.02468329     0.13773278
   -3.1031031     0.03774534     0.17036944
   -3.0630631     0.05015422     0.19095884
   -3.0230230     0.04965728     0.19896397
   -2.9829830     0.03580371     0.17997571
   -2.9429429     0.01874227     0.13022200
   -2.9029029     0.00712017     0.07479542
   -2.8628629     0.00196296     0.04471802
   -2.8228228     0.00039278     0.05336310
   -2.7827828     0.00005815     0.09902715
   -2.7427427     0.00002010     0.17294020
   -2.7027027     0.00012701     0.25730126
   -2.6626627     0.00082536     0.32010165
   -2.6226226     0.00391451     0.32606427
   -2.5825826     0.01354281     0.26954495
   -2.5425425     0.03442679     0.18898435
   -2.5025025     0.06540829     0.12903092
   -2.4624625     0.09627301     0.09711103
   -2.4224224     0.11661487     0.07311793
   -2.3823824     0.12372230     0.04602924
   -2.3423423     0.11615903     0.02202376
   -2.3023023     0.09152759     0.00775319
   -2.2622623     0.05670380     0.00200189
   -2.2222222     0.02645967     0.00048226
   -2.1821822     0.00910325     0.00069772
   -2.1421421     0.00228763     0.00274329
   -2.1021021     0.00041828     0.00854573
   -2.0620621     0.00005557     0.02012270
   -2.0220220     0.00000550     0.03735252
   -1.9819820     0.00000205     0.05829010
   -1.9419419     0.00001471     0.08044012
   -1.9019019     0.00009399     0.09759738
   -1.8618619     0.00044061     0.10115671
   -1.8218218     0.00152281     0.09486142
   -1.7817818     0.00391933     0.09874929
   -1.7417417     0.00761938     0.12259813
   -1.7017017     0.01138295     0.14452154
   -1.6616617     0.01328763     0.13451401
   -1.6216216     0.01230015     0.09279976
   -1.5815816     0.00940403     0.04671489
   -1.5415415     0.00725639     0.01723044
   -1.5015015     0.00836212     0.00526811
   -1.4614615     0.01267453     0.00332993
   -1.4214214     0.01677122     0.00621441
   -1.3813814     0.01671271     0.01143238
   -1.3413413     0.01231946     0.01642853
   -1.3013013     0.00735520     0.01835493
   -1.2612613     0.00577759     0.01600479
   -1.2212212     0.00905435     0.01087782
   -1.1811812     0.01544079     0.00596230
   -1.1411411     0.02041782     0.00376827
   -1.1011011     0.02022316     0.00570348
   -1.0610611     0.01626787     0.01195767
   -1.0210210     0.01376449     0.02004440
   -0.9809810     0.01531880     0.02461710
   -0.9409409     0.01790557     0.02196918
   -0.9009009     0.01697688     0.01430952
   -0.8608609     0.01200055     0.00723183
   -0.8208208     0.00636969     0.00461599
   -0.7807808     0.00324620     0.00772949
   -0.7407407     0.00360294     0.01603092
   -0.7007007     0.00691074     0.02570966
   -0.6606607     0.01123717     0.03008223
   -0.6206206     0.01345880     0.02556005
   -0.5805806     0.01171306     0.01581059
   -0.5405405     0.00739945     0.00739650
   -0.5005005     0.00340479     0.00381089
   -0.4604605     0.00123515     0.00535492
   -0.4204204     0.00087863     0.01114211
   -0.3803804     0.00253762     0.01841070
   -0.3403403     0.00743404     0.02224062
   -0.3003003     0.01613858     0.01956492
   -0.2602603     0.02574140     0.01282484
   -0.2202202     0.03097350     0.00751114
   -0.1801802     0.03062182     0.00739590
   -0.1401401     0.03025224     0.01266847
   -0.1001001     0.03566196     0.01980977
   -0.0600601     0.04663480     0.02315619
   -0.0200200     0.05994622     0.01971150
    0.0200200     0.07431849     0.01221783
    0.0600601     0.08719781     0.00576330
    0.1001001     0.09305102     0.00337767
    0.1401401     0.09504767     0.00656543
    0.1801802     0.10846408     0.01726384
    0.2202202     0.13631850     0.03507543
    0.2602603     0.15324703     0.05229490
    0.3003003     0.13382766     0.05777087
    0.3403403     0.08644349     0.05010660
    0.3803804     0.04100931     0.04136435
    0.4204204     0.01563386     0.04240996
    0.4604605     0.00983322     0.04940703
    0.5005005     0.01776942     0.05055814
    0.5405405     0.03352948     0.04387804
    0.5805806     0.04735582     0.04138127
    0.6206206     0.04863915     0.05400957
    0.6606607     0.03625832     0.07823318
    0.7007007     0.01961466     0.10335709
    0.7407407     0.00770022     0.12757332
    0.7807808     0.00219414     0.15209306
    0.8208208     0.00045920     0.16241366
    0.8608609     0.00011757     0.14055302
    0.9009009     0.00032030     0.09568487
    0.9409409     0.00143636     0.05850590
    0.9809810     0.00479574     0.04685607
    1.0210210     0.01173327     0.05163204
    1.0610611     0.02143974     0.05285101
    1.1011011     0.03098671     0.04136093
    1.1411411     0.04072168     0.02370641
    1.1811812     0.05886119     0.00987572
    1.2212212     0.09669185     0.00298707
    1.2612613     0.15739068     0.00066443
    1.3013013     0.22627265     0.00018050
    1.3413413     0.27205895     0.00047704
    1.3813814     0.27182553     0.00208474
    1.4214214     0.23919506     0.00691921
    1.4614615     0.20758150     0.01730735
    1.5015015     0.18502331     0.03342159
    1.5415415     0.15325903     0.05128476
    1.5815816     0.10696780     0.06400336
    1.6216216     0.06309055     0.06603477
    1.6616617     0.03611905     0.05992141
    1.7017017     0.02829490     0.06060796
    1.7417417     0.04114415     0.08628212
    1.7817818     0.07959520     0.13906329
    1.8218218     0.13742115     0.20172553
    1.8618619     0.18439234     0.25937312
    1.9019019     0.18629269     0.30763060
    1.9419419     0.14628513     0.32993676
    1.9819820     0.11031303     0.29913328
    2.0220220     0.12224856     0.21884326
    2.0620621     0.17849643     0.13062579
    2.1021021     0.22670843     0.07006494
    2.1421421     0.21610579     0.04179607
    2.1821822     0.15046610     0.03682098
    2.2222222     0.07633927     0.05247811
    2.2622623     0.02838641     0.09005471
    2.3023023     0.00788504     0.13940907
    2.3423423     0.00172192     0.17435013
    2.3823824     0.00032803     0.17254017
    2.4224224     0.00006156     0.14326593
    2.4624625     0.00002243     0.12698365
    2.5025025     0.00011877     0.15532810
    2.5425425     0.00086155     0.20988268
    2.5825826     0.00465218     0.23379778
    2.6226226     0.01848511     0.19439255
    2.6626627     0.05411008     0.11802440
    2.7027027     0.11684294     0.05210269
    2.7427427     0.18653381     0.01671382
    2.7827828     0.22172814     0.00389696
    2.8228228     0.20163152     0.00066097
    2.8628629     0.15402908     0.00008430
    2.9029029     0.12311930     0.00004005
    2.9429429     0.12474113     0.00028604
    2.9829830     0.14909957     0.00182113
    3.0230230     0.18289376     0.00850977
    3.0630631     0.20868578     0.02926908
    3.1031031     0.21150549     0.07460632
    3.1431431     0.20566940     0.14246170
    3.1831832     0.22080421     0.20743474
    3.2232232     0.24786045     0.23710247
    3.2632633     0.24052406     0.22187129
    3.3033033     0.18224057     0.17764384
    3.3433433     0.11167610     0.12542102
    3.3833834     0.07261475     0.08467822
    3.4234234     0.07007745     0.07934205
    3.4634635     0.08057009     0.13088595
    3.5035035     0.08529637     0.23494914
    3.5435435     0.08523023     0.34366539
    3.5835836     0.08897194     0.38721482
    3.6236236     0.09598780     0.33268867
    3.6636637     0.09828731     0.21652143
    3.7037037     0.09335411     0.10588729
    3.7437437     0.08468408     0.03858695
    3.7837838     0.07264723     0.01040596
    3.8238238     0.05763941     0.00211690
    3.8638639     0.04827780     0.00073394
    3.9039039     0.05452503     0.00251439
    3.9439439     0.07538747     0.01030842
    3.9839840     0.09888743     0.03111155
    4.0240240     0.11181205     0.06840290
    4.0640641     0.10975645     0.11014873
    4.1041041     0.10197942     0.13256298
    4.1441441     0.10419203     0.12751901
    4.1841842     0.11990143     0.11567254
    4.2242242     0.13366962     0.11838176
    4.2642643     0.13203383     0.13052322
    4.3043043     0.11990709     0.13427142
    4.3443443     0.10504356     0.12341026
    4.3843844     0.08479872     0.10237493
    4.4244244     0.06070938     0.07722225
    4.4644645     0.05004192     0.05617372
    4.5045045     0.07527585     0.04703826
    4.5445445     0.14565882     0.05084062
    4.5845846     0.23950613     0.06506426
    4.6246246     0.30395456     0.08928177
    4.6646647     0.29403019     0.11847172
    4.7047047     0.21751974     0.13556044
    4.7447447     0.12559918     0.12519780
    4.7847848     0.06241149     0.09605308
    4.8248248     0.03662175     0.07497731
    4.8648649     0.03313688     0.07591215
    4.9049049     0.03651358     0.08718998
    4.9449449     0.04165653     0.09498242
    4.9849850     0.05019500     0.11013250
    5.0250250     0.06373919     0.15933087
    5.0650651     0.08004083     0.24396810
    5.1051051     0.09284413     0.31503261
    5.1451452     0.09779924     0.31166865
    5.1851852     0.09613059     0.23083305
    5.2252252     0.08876349     0.13132040
    5.2652653     0.07403768     0.06639202
    5.3053053     0.05356099     0.04208979
    5.3453453     0.03299343     0.03891208
    5.3853854     0.01711646     0.04651507
    5.4254254     0.00765816     0.06847710
    5.4654655     0.00431418     0.10190941
    5.5055055     0.00614009     0.12706280
    5.5455455     0.01178541     0.12689968
    5.5855856     0.01899689     0.10697525
    5.6256256     0.02656376     0.08365727
    5.6656657     0.03730942     0.06337575
    5.7057057     0.05379968     0.04396050
    5.7457458     0.06938054     0.02610676
    5.7857858     0.07254846     0.01457473
    5.8258258     0.06428770     0.01236705
    5.8658659     0.06051446     0.01747696
    5.9059059     0.07189910     0.02377938
    5.9459459     0.09062560     0.02595956
    5.9859860     0.10479077     0.02625968
    6.0260260     0.12072825     0.03466265
    6.0660661     0.15841653     0.05861741
    6.1061061     0.22073557     0.09161908
    6.1461461     0.27803073     0.11493922
    6.1861862     0.29134601     0.11448431
    6.2262262     0.24773395     0.09509351
    6.2662663     0.17089755     0.07556418
    6.3063063     0.10011038     0.07296219
    6.3463464     0.05972978     0.09710843
    6.3863864     0.04756961     0.15114243
    6.4264264     0.04681743     0.21807450
    6.4664665     0.04298119     0.25440565
    6.5065065     0.03233998     0.22797122
    6.5465466     0.02155646     0.16054843
    6.5865866     0.02341238     0.10697717
    6.6266266     0.05357588     0.09640229
    6.6666667     0.12203971     0.11068451
    6.7067067     0.21315809     0.11537017
    6.7467467     0.28310298     0.09969551
    6.7867868     0.29999497     0.08070659
    6.8268268     0.27377067     0.07581108
    6.8668669     0.22793099     0.08412197
    6.9069069     0.17176475     0.09115613
    6.9469470     0.11477556     0.08497407
    6.9869870     0.07713081     0.07212940
    7.0270270     0.08296364     0.07656556
    7.0670671     0.15878655     0.11518841
    7.1071071     0.31347357     0.17527149
    7.1471472     0.49332557     0.22521068
    7.1871872     0.59028274     0.24696560
    7.2272272     0.54062685     0.24095640
    7.2672673     0.39308512     0.20641227
    7.3073073     0.24550761     0.14729353
    7.3473473     0.14955724     0.08940145
    7.3873874     0.10111137     0.06935950
    7.4274274     0.07823020     0.11778721
    7.4674675     0.06160257     0.24865205
    7.5075075     0.04205376     0.42770331
    7.5475475     0.02258560     0.55588119
    7.5875876     0.00971479     0.54031890
    7.6276276     0.00600864     0.39264871
    7.6676677     0.01338022     0.21493004
    7.7077077     0.03791481     0.09507118
    7.7477478     0.08335741     0.05309942
    7.7877878     0.13594230     0.06685390
    7.8278278     0.16576198     0.10320505
    7.8678679     0.15755403     0.12894952
    7.9079079     0.13364174     0.12575283
    7.9479479     0.13250551     0.10361302
    7.9879880     0.16933845     0.08849978
    8.0280280     0.22505639     0.09658067
    8.0680681     0.26798211     0.12351575
    8.1081081     0.27766365     0.15227819
    8.1481482     0.25000211     0.17062211
    8.1881882     0.19411725     0.18146943
    8.2282282     0.13472680     0.18879865
    8.2682683     0.10948813     0.18234079
    8.3083083     0.14729298     0.15200276
    8.3483484     0.23618253     0.10808427
    8.3883884     0.31438440     0.07596645
    8.4284284     0.31733432     0.07765688
    8.4684685     0.24427004     0.11804236
    8.5085085     0.15916496     0.17674059
    8.5485485     0.12656608     0.21542887
    8.5885886     0.16218902     0.20830388
    8.6286286     0.23685017     0.16943043
    8.6686687     0.31784032     0.14337356
    8.7087087     0.39769643     0.16345005
    8.7487488     0.46640990     0.21875797
    8.7887888     0.48498209     0.26751339
    8.8288288     0.42773292     0.28128012
    8.8688689     0.31913161     0.26506927
    8.9089089     0.20325422     0.24164419
    8.9489490     0.11034778     0.23780869
    8.9889890     0.05619130     0.28156025
    9.0290290     0.04568072     0.37913351
    9.0690691     0.07080589     0.48046093
    9.1091091     0.10804725     0.50849307
    9.1491491     0.12657456     0.44775834
    9.1891892     0.11407667     0.35911925
    9.2292292     0.08920606     0.29735285
    9.2692693     0.07606478     0.26217226
    9.3093093     0.07841848     0.22526914
    9.3493494     0.09233690     0.16923052
    9.3893894     0.12809519     0.10273120
    9.4294294     0.19491939     0.04800939
    9.4694695     0.26813065     0.01686135
    9.5095095     0.29852794     0.00468135
    9.5495496     0.26169196     0.00256907
    9.5895896     0.18069386     0.00732097
    9.6296296     0.09839433     0.02302021
    9.6696697     0.04196900     0.05805796
    9.7097097     0.01382987     0.11915290
    9.7497497     0.00346475     0.20110949
    9.7897898     0.00065060     0.27506376
    9.8298298     0.00009061     0.29716985
    9.8698699     0.00000964     0.25170068
    9.9099099     0.00000499     0.17667889
    9.9499500     0.00004198     0.12177413
    9.9899900     0.00031570     0.09567366
   10.0300300     0.00177885     0.07582768
   10.0700701     0.00739931     0.04972015
   10.1101101     0.02263798     0.02458053
   10.1501502     0.05113715     0.00890768
   10.1901902     0.08627945     0.00234940
   10.2302302     0.11109318     0.00046017
   10.2702703     0.11307487     0.00015589
   10.3103103     0.09710410     0.00060972
   10.3503504     0.08321120     0.00285317
   10.3903904     0.09546466     0.00999090
   10.4304304     0.14376100     0.02664600
   10.4704705     0.20712343     0.05705141
   10.5105105     0.24765877     0.10521798
   10.5505506     0.24999033     0.17373279
   10.5905906     0.23207929     0.24821383
   10.6306306     0.21268640     0.28629885
   10.6706707     0.18775072     0.25369603
   10.7107107     0.14791748     0.17257101
   10.7507508     0.10182661     0.10286184
   10.7907908     0.06677428     0.08102532
   10.8308308     0.05017836     0.09824164
   10.8708709     0.05582703     0.12698855
   10.9109109     0.09417343     0.15236799
   10.9509510     0.16471627     0.17358801
   10.9909910     0.23259134     0.18170042
   11.0310310     0.25011945     0.15939639
   11.0710711     0.20987117     0.10929105
   11.1111111     0.15205215     0.05930706
   11.1511512     0.11635667     0.03740361
   11.1911912     0.11055581     0.05820236
   11.2312312     0.12357719     0.12320356
   11.2712713     0.14647906     0.20857585
   11.3113113     0.17114787     0.26250119
   11.3513514     0.17857561     0.24709544
   11.3913914     0.15175844     0.18245754
   11.4314314     0.10201134     0.12712315
   11.4714715     0.06024101     0.11862520
   11.5115115     0.04270089     0.14247928
   11.5515516     0.04153674     0.15384419
   11.5915916     0.04643908     0.12676495
   11.6316316     0.06425763     0.07730727
   11.6716717     0.11063622     0.03782434
   11.7117117     0.18098029     0.02590759
   11.7517518     0.24254621     0.04213941
   11.7917918     0.27046227     0.07635059
   11.8318318     0.27663055     0.10703729
   11.8718719     0.28462808     0.11125531
   11.9119119     0.29732740     0.08620626
   11.9519520     0.30168960     0.05350488
   11.9919920     0.28486921     0.04090621
   12.0320320     0.24760802     0.06777954
   12.0720721     0.21304414     0.13808978
   12.1121121     0.20351694     0.22774274
   12.1521522     0.20694742     0.28976793
   12.1921922     0.19703594     0.30185673
   12.2322322     0.18056454     0.29877477
   12.2722723     0.18411719     0.32374863
   12.3123123     0.20000148     0.36380428
   12.3523524     0.18918539     0.37249144
   12.3923924     0.13877966     0.33942929
   12.4324324     0.08114230     0.29397995
   12.4724725     0.05715193     0.25304157
   12.5125125     0.08685811     0.21310995
   12.5525526     0.16505676     0.18578860
   12.5925926     0.25953871     0.18914483
   12.6326326     0.32403681     0.20496053
   12.6726727     0.33603807     0.19068230
   12.7127127     0.31897712     0.13642427
   12.7527528     0.30984642     0.07681869
   12.7927928     0.30538397     0.05126586
   12.8328328     0.26772638     0.07881750
   12.8728729     0.18857212     0.15736144
   12.9129129     0.11070543     0.25848274
   12.9529530     0.07971824     0.33542769
   12.9929930     0.10174291     0.36299432
   13.0330330     0.14304955     0.36011155
   13.0730731     0.15784890     0.35147167
   13.1131131     0.12809285     0.32424283
   13.1531532     0.07701433     0.25513099
   13.1931932     0.03858737     0.16384514
   13.2332332     0.02602826     0.10212090
   13.2732733     0.03111995     0.09887633
   13.3133133     0.03834110     0.13466996
   13.3533534     0.03726498     0.16102212
   13.3933934     0.02914610     0.14443750
   13.4334334     0.02325232     0.09556882
   13.4734735     0.02669592     0.05021604
   13.5135135     0.03817089     0.03186759
   13.5535536     0.05013783     0.04107582
   13.5935936     0.05609627     0.06449221
   13.6336336     0.05507779     0.08297733
   13.6736737     0.05158933     0.08185543
   13.7137137     0.05573828     0.06208970
   13.7537538     0.07984361     0.03874331
   13.7937938     0.12744757     0.02780293
   13.8338338     0.18606239     0.03660595
   13.8738739     0.23426625     0.06271023
   13.9139139     0.25470391     0.09470242
   13.9539540     0.24015181     0.11447695
   13.9939940     0.19553309     0.10813892
   14.0340340     0.14353279     0.08118517
   14.0740741     0.12365556     0.05803167
   14.1141141     0.16950187     0.06180377
   14.1541542     0.27214885     0.09588566
   14.1941942     0.36557830     0.14405207
   14.2342342     0.37620597     0.18570121
   14.2742743     0.30506952     0.20716643
   14.3143143     0.23126044     0.20273660
   14.3543544     0.22071720     0.18585799
   14.3943944     0.26287717     0.20044340
   14.4344344     0.29971580     0.28536348
   14.4744745     0.28694329     0.40904298
   14.5145145     0.22352404     0.47305935
   14.5545546     0.14249431     0.41761707
   14.5945946     0.08211239     0.29834447
   14.6346346     0.06167199     0.22106773
   14.6746747     0.07771392     0.22461011
   14.7147147     0.11182636     0.25576836
   14.7547548     0.13784927     0.24366068
   14.7947948     0.13485174     0.17613072
   14.8348348     0.10448419     0.09761608
   14.8748749     0.06981353     0.05266384
   14.9149149     0.05106212     0.05456880
   14.9549550     0.04716277     0.09322432
   14.9949950     0.04364866     0.14470902
   15.0350350     0.03243460     0.17661206
   15.0750751     0.01792812     0.16649956
   15.1151151     0.00726226     0.12269456
   15.1551552     0.00239403     0.07690887
   15.1951952     0.00213955     0.05218518
   15.2352352     0.00758799     0.04513383
   15.2752753     0.02429712     0.03960218
   15.3153153     0.05694553     0.02798456
   15.3553554     0.09688315     0.01470842
   15.3953954     0.11962159     0.00564058
   15.4354354     0.10719848     0.00157188
   15.4754755     0.06976020     0.00031944
   15.5155155     0.03309405     0.00005283
   15.5555556     0.01195959     0.00002324
   15.5955956     0.00504824     0.00005088
   15.6356356     0.00628387     0.00020056
   15.6756757     0.01109352     0.00106774
   15.7157157     0.01537877     0.00501164
   15.7557558     0.01576188     0.01769998
   15.7957958     0.01285762     0.04563151
   15.8358358     0.01233339     0.08544959
   15.8758759     0.02167900     0.11613967
   15.9159159     0.04395743     0.11458578
   15.9559560     0.07077231     0.08223642
   15.9959960     0.08489082     0.04369261
   16.0360360     0.07809326     0.01961377
   16.0760761     0.06186453     0.01280546
   16.1161161     0.05210185     0.01594063
   16.1561562     0.05194658     0.02246921
   16.1961962     0.05893785     0.03225347
   16.2362362     0.07780070     0.04925410
   16.2762763     0.11132940     0.07055233
   16.3163163     0.14401400     0.08217785
   16.3563564     0.15270005     0.07537377
   16.3963964     0.13953451     0.06289548
   16.4364364     0.14184527     0.06832473
   16.4764765     0.19388013     0.10035110
   16.5165165     0.27789157     0.14344992
   16.5565566     0.33240032     0.17418502
   16.5965966     0.32047160     0.18555909
   16.6366366     0.26528924     0.19630738
   16.6766767     0.20907826     0.23233691
   16.7167167     0.17289578     0.29013237
   16.7567568     0.16264437     0.32741914
   16.7967968     0.17964299     0.30742542
   16.8368368     0.21659977     0.24249539
   16.8768769     0.26295550     0.17900864
   16.9169169     0.31779207     0.14971314
   16.9569570     0.37481998     0.15216305
   16.9969970     0.39629728     0.16976162
   17.0370370     0.34247783     0.20136250
   17.0770771     0.23103556     0.26005249
   17.1171171     0.12881434     0.34774186
   17.1571572     0.08544111     0.43249091
   17.1971972     0.09810918     0.45296051
   17.2372372     0.12846968     0.37310747
   17.2772773     0.14142675     0.23233181
   17.3173173     0.13574041     0.10716197
   17.3573574     0.13251664     0.03644010
   17.3973974     0.13498056     0.01035881
   17.4374374     0.12311150     0.00832005
   17.4774775     0.08926088     0.02329487
   17.5175175     0.05315327     0.05823284
   17.5575576     0.03892015     0.10885894
   17.5975976     0.05387604     0.15416571
   17.6376376     0.08711689     0.17190609
   17.6776777     0.12138350     0.16055153
   17.7177177     0.15222713     0.13466715
   17.7577578     0.19150403     0.10538324
   17.7977978     0.24108107     0.07751004
   17.8378378     0.27334890     0.05770638
   17.8778779     0.25507334     0.05151953
   17.9179179     0.18832060     0.05448633
   17.9579580     0.11263929     0.05848176
   17.9979980     0.06389727     0.07026308
   18.0380380     0.04452586     0.11317949
   18.0780781     0.03653409     0.19786162
   18.1181181     0.02948445     0.29181986
   18.1581582     0.03034380     0.33671826
   18.1981982     0.05470782     0.30600366
   18.2382382     0.11257422     0.22784005
   18.2782783     0.19640303     0.14645768
   18.3183183     0.28177336     0.08477432
   18.3583584     0.34220410     0.04768789
   18.3983984     0.35770478     0.03977303
   18.4384384     0.31645352     0.07077552
   18.4784785     0.23016551     0.14527568
   18.5185185     0.14078356     0.24592297
   18.5585586     0.09022215     0.33438751
   18.5985986     0.08808915     0.37580753
   18.6386386     0.11598189     0.35575969
   18.6786787     0.15342216     0.28198338
   18.7187187     0.18960639     0.18668889
   18.7587588     0.21220735     0.11203228
   18.7987988     0.20597345     0.07634625
   18.8388388     0.17299496     0.06448399
   18.8788789     0.13360077     0.05533531
   18.9189189     0.10388091     0.04895650
   18.9589590     0.09038588     0.06417102
   18.9989990     0.09620325     0.11367609
   19.0390390     0.11618081     0.18064413
   19.0790791     0.13917150     0.22389070
   19.1191191     0.16035817     0.21731780
   19.1591592     0.17550860     0.17831381
   19.1991992     0.16944336     0.14528842
   19.2392392     0.13388911     0.13689609
   19.2792793     0.08737502     0.14453411
   19.3193193     0.05575249     0.15667395
   19.3593594     0.04329041     0.17289588
   19.3993994     0.03650357     0.18774586
   19.4394394     0.02612487     0.18115447
   19.4794795     0.01478379     0.14402819
   19.5195195     0.00916487     0.09679447
   19.5595596     0.01457620     0.06452884
   19.5995996     0.03654092     0.04903302
   19.6396396     0.07945968     0.03768487
   19.6796797     0.13852953     0.02526744
   19.7197197     0.19431293     0.01629602
   19.7597598     0.21914608     0.01409038
   19.7997998     0.19514507     0.01622893
   19.8398398     0.13328471     0.02063622
   19.8798799     0.07083294     0.03442122
   19.9199199     0.04029908     0.07331365
   19.9599600     0.04268874     0.14249412
   20.0000000     0.05433025     0.21303939
