#
#   partial DOS for atom species: Mn
#
#   Add data for atom_index =   6,  n,l,m,z=  4  0  0  1
#   Add data for atom_index =   6,  n,l,m,z=  4  0  0  2
#   Add data for atom_index =   6,  n,l,m,z=  4  0  0  3
#
#    Energy          spin 1        spin2
#
  -20.0000000     0.00000000     0.00000000
  -19.9599600     0.00000000     0.00000000
  -19.9199199     0.00000000     0.00000000
  -19.8798799     0.00000000     0.00000000
  -19.8398398     0.00000000     0.00000000
  -19.7997998     0.00000000     0.00000000
  -19.7597598     0.00000000     0.00000000
  -19.7197197     0.00000000     0.00000000
  -19.6796797     0.00000000     0.00000000
  -19.6396396     0.00000000     0.00000000
  -19.5995996     0.00000000     0.00000000
  -19.5595596     0.00000000     0.00000000
  -19.5195195     0.00000000     0.00000000
  -19.4794795     0.00000000     0.00000000
  -19.4394394     0.00000000     0.00000000
  -19.3993994     0.00000000     0.00000000
  -19.3593594     0.00000000     0.00000000
  -19.3193193     0.00000000     0.00000000
  -19.2792793     0.00000000     0.00000000
  -19.2392392     0.00000000     0.00000000
  -19.1991992     0.00000000     0.00000000
  -19.1591592     0.00000000     0.00000000
  -19.1191191     0.00000000     0.00000000
  -19.0790791     0.00000000     0.00000000
  -19.0390390     0.00000000     0.00000000
  -18.9989990     0.00000000     0.00000000
  -18.9589590     0.00000000     0.00000000
  -18.9189189     0.00000000     0.00000000
  -18.8788789     0.00000000     0.00000000
  -18.8388388     0.00000000     0.00000000
  -18.7987988     0.00000000     0.00000000
  -18.7587588     0.00000000     0.00000000
  -18.7187187     0.00000000     0.00000000
  -18.6786787    -0.00000000     0.00000000
  -18.6386386    -0.00000001    -0.00000000
  -18.5985986    -0.00000012    -0.00000001
  -18.5585586    -0.00000159    -0.00000014
  -18.5185185    -0.00001476    -0.00000180
  -18.4784785    -0.00009966    -0.00001620
  -18.4384384    -0.00048834    -0.00010602
  -18.3983984    -0.00173652    -0.00050343
  -18.3583584    -0.00448125    -0.00173483
  -18.3183183    -0.00839307    -0.00433873
  -18.2782783    -0.01141326    -0.00787690
  -18.2382382    -0.01128572    -0.01038925
  -18.1981982    -0.00816429    -0.00998284
  -18.1581582    -0.00442329    -0.00705469
  -18.1181181    -0.00194481    -0.00378115
  -18.0780781    -0.00083731    -0.00167450
  -18.0380380    -0.00040986    -0.00071478
  -17.9979980    -0.00020011    -0.00031898
  -17.9579580    -0.00008018    -0.00013274
  -17.9179179    -0.00002406    -0.00004456
  -17.8778779    -0.00000401    -0.00001116
  -17.8378378     0.00001328    -0.00000087
  -17.7977978     0.00011018     0.00001234
  -17.7577578     0.00062433     0.00009569
  -17.7177177     0.00256518     0.00052673
  -17.6776777     0.00764984     0.00210389
  -17.6376376     0.01656767     0.00610170
  -17.5975976     0.02611169     0.01286593
  -17.5575576     0.03017403     0.01980627
  -17.5175175     0.02625222     0.02255410
  -17.4774775     0.01866392     0.01974376
  -17.4374374     0.01284680     0.01457840
  -17.3973974     0.00961072     0.01037921
  -17.3573574     0.00694170     0.00738421
  -17.3173173     0.00408953     0.00468175
  -17.2772773     0.00181270     0.00235110
  -17.2372372     0.00058894     0.00088320
  -17.1971972     0.00013849     0.00024315
  -17.1571572     0.00001756     0.00004935
  -17.1171171    -0.00003141     0.00001453
  -17.0770771    -0.00011243     0.00006288
  -17.0370370    -0.00013805     0.00037390
  -16.9969970     0.00053579     0.00161531
  -16.9569570     0.00320281     0.00498507
  -16.9169169     0.00835175     0.01089827
  -16.8768769     0.01383982     0.01668714
  -16.8368368     0.01662297     0.01772878
  -16.7967968     0.01658684     0.01346656
  -16.7567568     0.01573772     0.00912740
  -16.7167167     0.01428824     0.00834211
  -16.6766767     0.01107919     0.00873090
  -16.6366366     0.00666322     0.00714699
  -16.5965966     0.00297493     0.00412087
  -16.5565566     0.00097067     0.00167021
  -16.5165165     0.00022795     0.00048128
  -16.4764765     0.00001528     0.00009942
  -16.4364364    -0.00017124     0.00001395
  -16.3963964    -0.00093635    -0.00000960
  -16.3563564    -0.00369433    -0.00010323
  -16.3163163    -0.01088382    -0.00069219
  -16.2762763    -0.02412719    -0.00336450
  -16.2362362    -0.04048317    -0.01186855
  -16.1961962    -0.05157374    -0.03038625
  -16.1561562    -0.04988720    -0.05647144
  -16.1161161    -0.03667932    -0.07623478
  -16.0760761    -0.02097938    -0.07497831
  -16.0360360    -0.01060751    -0.05440043
  -15.9959960    -0.00657612    -0.03059762
  -15.9559560    -0.00550500    -0.01559250
  -15.9159159    -0.00448043    -0.00917944
  -15.8758759    -0.00297443    -0.00625810
  -15.8358358    -0.00166661    -0.00409410
  -15.7957958    -0.00096399    -0.00245672
  -15.7557558    -0.00106492    -0.00143516
  -15.7157157    -0.00317819    -0.00096215
  -15.6756757    -0.01057265    -0.00159632
  -15.6356356    -0.02690394    -0.00562692
  -15.5955956    -0.04985947    -0.01753884
  -15.5555556    -0.06708693    -0.04038547
  -15.5155155    -0.06588214    -0.06762984
  -15.4754755    -0.04831435    -0.08245758
  -15.4354354    -0.02932348    -0.07388543
  -15.3953954    -0.02016124    -0.05046572
  -15.3553554    -0.01981760    -0.02979775
  -15.3153153    -0.02075009    -0.01972683
  -15.2752753    -0.01814893    -0.01621799
  -15.2352352    -0.01310684    -0.01353689
  -15.1951952    -0.00874421    -0.01022892
  -15.1551552    -0.00631218    -0.00723969
  -15.1151151    -0.00627837    -0.00496275
  -15.0750751    -0.01088074    -0.00351588
  -15.0350350    -0.02294023    -0.00434960
  -14.9949950    -0.04108163    -0.01084500
  -14.9549550    -0.05733844    -0.02645040
  -14.9149149    -0.06248815    -0.04881117
  -14.8748749    -0.05448989    -0.06551578
  -14.8348348    -0.04009971    -0.06283848
  -14.7947948    -0.02790749    -0.04185603
  -14.7547548    -0.02076216    -0.01886332
  -14.7147147    -0.01584423    -0.00787444
  -14.6746747    -0.01058780    -0.00923460
  -14.6346346    -0.00556543    -0.01467066
  -14.5945946    -0.00222469    -0.01677422
  -14.5545546    -0.00080291    -0.01361572
  -14.5145145    -0.00090381    -0.00800227
  -14.4744745    -0.00273271    -0.00347704
  -14.4344344    -0.00697582    -0.00145199
  -14.3943944    -0.01295093    -0.00201968
  -14.3543544    -0.01714940    -0.00593085
  -14.3143143    -0.01563590    -0.01423556
  -14.2742743    -0.00896196    -0.02527757
  -14.2342342    -0.00279701    -0.03357602
  -14.1941942    -0.00193001    -0.03456799
  -14.1541542    -0.00491488    -0.02946872
  -14.1141141    -0.00701938    -0.02273283
  -14.0740741    -0.00717043    -0.01686082
  -14.0340340    -0.00898813    -0.01201969
  -13.9939940    -0.01654360    -0.00853763
  -13.9539540    -0.03158033    -0.00772275
  -13.9139139    -0.05238894    -0.01053237
  -13.8738739    -0.07146628    -0.01656000
  -13.8338338    -0.07682519    -0.02557830
  -13.7937938    -0.06292026    -0.03883282
  -13.7537538    -0.03941215    -0.05456258
  -13.7137137    -0.02335278    -0.06334544
  -13.6736737    -0.02501485    -0.05623537
  -13.6336336    -0.04210423    -0.03796009
  -13.5935936    -0.06125594    -0.02345273
  -13.5535536    -0.06625992    -0.02165036
  -13.5135135    -0.05203653    -0.02931711
  -13.4734735    -0.02929893    -0.03844832
  -13.4334334    -0.01241734    -0.04278119
  -13.3933934    -0.00704028    -0.03856894
  -13.3533534    -0.01019221    -0.02674797
  -13.3133133    -0.01573124    -0.01454485
  -13.2732733    -0.01820155    -0.00937740
  -13.2332332    -0.01609469    -0.01158454
  -13.1931932    -0.01276573    -0.01539341
  -13.1531532    -0.01270451    -0.01553080
  -13.1131131    -0.01707097    -0.01168790
  -13.0730731    -0.02293997    -0.00716493
  -13.0330330    -0.02702856    -0.00512853
  -12.9929930    -0.03091496    -0.00745045
  -12.9529530    -0.04067760    -0.01500064
  -12.9129129    -0.05899844    -0.02654305
  -12.8728729    -0.07901541    -0.03878526
  -12.8328328    -0.08798715    -0.04956525
  -12.7927928    -0.07792469    -0.05907694
  -12.7527528    -0.05362395    -0.06723903
  -12.7127127    -0.02927732    -0.07272264
  -12.6726727    -0.01696587    -0.07387436
  -12.6326326    -0.02013961    -0.06860228
  -12.5925926    -0.03559913    -0.05560975
  -12.5525526    -0.05942637    -0.03760247
  -12.5125125    -0.09388533    -0.02173428
  -12.4724725    -0.14314667    -0.01559714
  -12.4324324    -0.19278535    -0.02386533
  -12.3923924    -0.20823771    -0.04869664
  -12.3523524    -0.17287932    -0.09048330
  -12.3123123    -0.11105032    -0.14393355
  -12.2722723    -0.05795299    -0.19026078
  -12.2322322    -0.02632185    -0.20164601
  -12.1921922    -0.01017012    -0.16713731
  -12.1521522    -0.00189414    -0.10790171
  -12.1121121     0.00111172    -0.05535090
  -12.0720721    -0.00227221    -0.02364830
  -12.0320320    -0.01247345    -0.00956067
  -11.9919920    -0.02466522    -0.00639183
  -11.9519520    -0.03067544    -0.01054634
  -11.9119119    -0.02691399    -0.01919192
  -11.8718719    -0.01745802    -0.02686440
  -11.8318318    -0.00850550    -0.02773491
  -11.7917918    -0.00320351    -0.02150977
  -11.7517518    -0.00215517    -0.01362376
  -11.7117117    -0.00529632    -0.00890170
  -11.6716717    -0.01180026    -0.00755164
  -11.6316316    -0.01976553    -0.00697769
  -11.5915916    -0.02760907    -0.00536721
  -11.5515516    -0.03585909    -0.00311697
  -11.5115115    -0.04541109    -0.00175173
  -11.4714715    -0.05273890    -0.00253745
  -11.4314314    -0.05103452    -0.00612007
  -11.3913914    -0.03885707    -0.01299148
  -11.3513514    -0.02296614    -0.02391176
  -11.3113113    -0.01079164    -0.03814348
  -11.2712713    -0.00449596    -0.05083093
  -11.2312312    -0.00257448    -0.05614370
  -11.1911912    -0.00328211    -0.05430426
  -11.1511512    -0.00582731    -0.05046755
  -11.1111111    -0.01027082    -0.04640270
  -11.0710711    -0.01706006    -0.03966733
  -11.0310310    -0.02552438    -0.03047458
  -10.9909910    -0.03240763    -0.02242557
  -10.9509510    -0.03374259    -0.01704392
  -10.9109109    -0.02874355    -0.01317986
  -10.8708709    -0.02056103    -0.01102346
  -10.8308308    -0.01384288    -0.01308314
  -10.7907908    -0.01202207    -0.02107945
  -10.7507508    -0.01526741    -0.03248744
  -10.7107107    -0.02044842    -0.04072910
  -10.6706707    -0.02371844    -0.04052784
  -10.6306306    -0.02297282    -0.03292799
  -10.5905906    -0.01835644    -0.02342263
  -10.5505506    -0.01191950    -0.01628917
  -10.5105105    -0.00640698    -0.01262262
  -10.4704705    -0.00325794    -0.01270325
  -10.4304304    -0.00201569    -0.01747888
  -10.3903904    -0.00156059    -0.02630479
  -10.3503504    -0.00132818    -0.03503133
  -10.3103103    -0.00165313    -0.03880760
  -10.2702703    -0.00339283    -0.03574493
  -10.2302302    -0.00685559    -0.02687901
  -10.1901902    -0.01064966    -0.01494947
  -10.1501502    -0.01218042    -0.00364725
  -10.1101101    -0.01026406     0.00407337
  -10.0700701    -0.00706579     0.00719790
  -10.0300300    -0.00668700     0.00587431
   -9.9899900    -0.01154498     0.00024975
   -9.9499500    -0.01952580    -0.00930474
   -9.9099099    -0.02461579    -0.02067065
   -9.8698699    -0.02209977    -0.02946909
   -9.8298298    -0.01347137    -0.03191258
   -9.7897898    -0.00440030    -0.02855199
   -9.7497497     0.00105454    -0.02368762
   -9.7097097     0.00192334    -0.02102198
   -9.6696697    -0.00215135    -0.02129719
   -9.6296296    -0.01233659    -0.02320421
   -9.5895896    -0.02937848    -0.02436434
   -9.5495496    -0.05053047    -0.02247284
   -9.5095095    -0.06811937    -0.01746388
   -9.4694695    -0.07420212    -0.01166535
   -9.4294294    -0.06738848    -0.00735482
   -9.3893894    -0.05275131    -0.00564314
   -9.3493494    -0.03620369    -0.00733220
   -9.3093093    -0.02149170    -0.01251718
   -9.2692693    -0.01048405    -0.01875503
   -9.2292292    -0.00316166    -0.02165869
   -9.1891892     0.00247129    -0.01883073
   -9.1491491     0.00872048    -0.01209744
   -9.1091091     0.01551969    -0.00524377
   -9.0690691     0.02004211    -0.00077207
   -9.0290290     0.02023016     0.00121493
   -8.9889890     0.01774766     0.00219987
   -8.9489490     0.01565882     0.00375899
   -8.9089089     0.01463653     0.00662479
   -8.8688689     0.01335900     0.01041977
   -8.8288288     0.01111338     0.01340694
   -8.7887888     0.00830678     0.01287731
   -8.7487488     0.00561768     0.00707332
   -8.7087087     0.00393944    -0.00317203
   -8.6686687     0.00407181    -0.01522091
   -8.6286286     0.00561908    -0.02604372
   -8.5885886     0.00752722    -0.03248437
   -8.5485485     0.01014210    -0.03263645
   -8.5085085     0.01454563    -0.02842083
   -8.4684685     0.01906401    -0.02442692
   -8.4284284     0.01939902    -0.02234886
   -8.3883884     0.01393256    -0.01869176
   -8.3483484     0.00608607    -0.00999081
   -8.3083083    -0.00001916     0.00162257
   -8.2682683    -0.00342112     0.01000746
   -8.2282282    -0.00510076     0.01119995
   -8.1881882    -0.00564389     0.00680360
   -8.1481482    -0.00511624     0.00125698
   -8.1081081    -0.00384478    -0.00276093
   -8.0680681    -0.00252721    -0.00469589
   -8.0280280    -0.00195199    -0.00379057
   -7.9879880    -0.00268326     0.00027573
   -7.9479479    -0.00461586     0.00510800
   -7.9079079    -0.00694615     0.00721798
   -7.8678679    -0.00897029     0.00587086
   -7.8278278    -0.01051286     0.00318023
   -7.7877878    -0.01114492     0.00105556
   -7.7477478    -0.00998462    -0.00031496
   -7.7077077    -0.00709398    -0.00161506
   -7.6676677    -0.00403587    -0.00318741
   -7.6276276    -0.00235154    -0.00463404
   -7.5875876    -0.00225398    -0.00525519
   -7.5475475    -0.00295853    -0.00460608
   -7.5075075    -0.00362851    -0.00269301
   -7.4674675    -0.00409047    -0.00018242
   -7.4274274    -0.00516368     0.00169667
   -7.3873874    -0.00811344     0.00213809
   -7.3473473    -0.01301094     0.00143806
   -7.3073073    -0.01749987     0.00025284
   -7.2672673    -0.01838263    -0.00143377
   -7.2272272    -0.01502456    -0.00412194
   -7.1871872    -0.01002213    -0.00756443
   -7.1471472    -0.00657138    -0.01016968
   -7.1071071    -0.00650136    -0.01029227
   -7.0670671    -0.01000078    -0.00800311
   -7.0270270    -0.01539210    -0.00489794
   -6.9869870    -0.01932465    -0.00241421
   -6.9469470    -0.01887981    -0.00100606
   -6.9069069    -0.01427392    -0.00048932
   -6.8668669    -0.00866638    -0.00030616
   -6.8268268    -0.00507909     0.00031985
   -6.7867868    -0.00425604     0.00165720
   -6.7467467    -0.00516117     0.00289793
   -6.7067067    -0.00637722     0.00296815
   -6.6666667    -0.00690095     0.00182198
   -6.6266266    -0.00639703     0.00033170
   -6.5865866    -0.00509574    -0.00087476
   -6.5465466    -0.00341283    -0.00193003
   -6.5065065    -0.00179496    -0.00320564
   -6.4664665    -0.00067910    -0.00453603
   -6.4264264    -0.00013796    -0.00510980
   -6.3863864     0.00019786    -0.00426776
   -6.3463464     0.00060847    -0.00221269
   -6.3063063     0.00084957     0.00018278
   -6.2662663     0.00033025     0.00191530
   -6.2262262    -0.00118542     0.00231912
   -6.1861862    -0.00300334     0.00156073
   -6.1461461    -0.00396781     0.00046079
   -6.1061061    -0.00372330    -0.00055087
   -6.0660661    -0.00309473    -0.00186935
   -6.0260260    -0.00297735    -0.00383767
   -5.9859860    -0.00330983    -0.00589623
   -5.9459459    -0.00345726    -0.00678200
   -5.9059059    -0.00327942    -0.00551767
   -5.8658659    -0.00327849    -0.00264846
   -5.8258258    -0.00361463    -0.00030231
   -5.7857858    -0.00354264    -0.00030149
   -5.7457458    -0.00229935    -0.00271384
   -5.7057057    -0.00029359    -0.00653844
   -5.6656657     0.00118396    -0.01048304
   -5.6256256     0.00140020    -0.01278150
   -5.5855856     0.00071988    -0.01212203
   -5.5455455    -0.00020788    -0.00943507
   -5.5055055    -0.00111916    -0.00730846
   -5.4654655    -0.00203413    -0.00749644
   -5.4254254    -0.00298561    -0.01015296
   -5.3853854    -0.00380477    -0.01475823
   -5.3453453    -0.00406561    -0.02000132
   -5.3053053    -0.00357822    -0.02317857
   -5.2652653    -0.00288436    -0.02191388
   -5.2252252    -0.00277204    -0.01685357
   -5.1851852    -0.00338313    -0.01111802
   -5.1451452    -0.00412788    -0.00704815
   -5.1051051    -0.00431260    -0.00465388
   -5.0650651    -0.00372236    -0.00298980
   -5.0250250    -0.00293206    -0.00176153
   -4.9849850    -0.00334323    -0.00126970
   -4.9449449    -0.00662238    -0.00160247
   -4.9049049    -0.01315407    -0.00234760
   -4.8648649    -0.02035865    -0.00286760
   -4.8248248    -0.02361519    -0.00273397
   -4.7847848    -0.02052131    -0.00196123
   -4.7447447    -0.01362989    -0.00090355
   -4.7047047    -0.00766770     0.00005212
   -4.6646647    -0.00506723     0.00081250
   -4.6246246    -0.00522138     0.00155994
   -4.5845846    -0.00674901     0.00230499
   -4.5445445    -0.00892107     0.00271822
   -4.5045045    -0.01112226     0.00263076
   -4.4644645    -0.01234052     0.00245922
   -4.4244244    -0.01175478     0.00294037
   -4.3843844    -0.00938260     0.00444406
   -4.3443443    -0.00623006     0.00628579
   -4.3043043    -0.00387224     0.00674403
   -4.2642643    -0.00341206     0.00434096
   -4.2242242    -0.00464348    -0.00074790
   -4.1841842    -0.00616541    -0.00665276
   -4.1441441    -0.00641909    -0.01121973
   -4.1041041    -0.00497461    -0.01420070
   -4.0640641    -0.00292892    -0.01788748
   -4.0240240    -0.00214244    -0.02399453
   -3.9839840    -0.00388033    -0.03046560
   -3.9439439    -0.00733302    -0.03378795
   -3.9039039    -0.00967430    -0.03399369
   -3.8638639    -0.00895642    -0.03423502
   -3.8238238    -0.00650202    -0.03538055
   -3.7837838    -0.00514547    -0.03478129
   -3.7437437    -0.00627116    -0.03069565
   -3.7037037    -0.00969210    -0.02433298
   -3.6636637    -0.01482222    -0.01774153
   -3.6236236    -0.02067845    -0.01241335
   -3.5835836    -0.02531118    -0.00938637
   -3.5435435    -0.02599668    -0.00890225
   -3.5035035    -0.02121454    -0.00990979
   -3.4634635    -0.01288007    -0.01058724
   -3.4234234    -0.00504070    -0.00975344
   -3.3833834    -0.00046197    -0.00785873
   -3.3433433     0.00019934    -0.00638124
   -3.3033033    -0.00248287    -0.00629439
   -3.2632633    -0.00650582    -0.00741986
   -3.2232232    -0.00893971    -0.00881825
   -3.1831832    -0.00849746    -0.00959150
   -3.1431431    -0.00669328    -0.01030728
   -3.1031031    -0.00549916    -0.01337198
   -3.0630631    -0.00501815    -0.01998038
   -3.0230230    -0.00421968    -0.02664730
   -2.9829830    -0.00281333    -0.02746051
   -2.9429429    -0.00143304    -0.02079684
   -2.9029029    -0.00051877    -0.01124343
   -2.8628629     0.00041737    -0.00409940
   -2.8228228     0.00275780    -0.00080721
   -2.7827828     0.00777218    -0.00008962
   -2.7427427     0.01439700    -0.00068963
   -2.7027027     0.01838490    -0.00215396
   -2.6626627     0.01602858    -0.00445294
   -2.6226226     0.00869925    -0.00743497
   -2.5825826     0.00140214    -0.00985721
   -2.5425425    -0.00243955    -0.00925724
   -2.5025025    -0.00295162    -0.00434469
   -2.4624625    -0.00198157     0.00280332
   -2.4224224    -0.00109151     0.00853645
   -2.3823824    -0.00095518     0.01126937
   -2.3423423    -0.00157543     0.01217916
   -2.3023023    -0.00246157     0.01269205
   -2.2622623    -0.00279915     0.01247623
   -2.2222222    -0.00209401     0.01033289
   -2.1821822    -0.00085577     0.00623948
   -2.1421421    -0.00038908     0.00151282
   -2.1021021    -0.00173400    -0.00247342
   -2.0620621    -0.00456833    -0.00482960
   -2.0220220    -0.00681636    -0.00524581
   -1.9819820    -0.00537635    -0.00431291
   -1.9419419     0.00265676    -0.00316414
   -1.9019019     0.01861768    -0.00258416
   -1.8618619     0.03899122    -0.00270534
   -1.8218218     0.05303277    -0.00330920
   -1.7817818     0.05001923    -0.00429967
   -1.7417417     0.03156157    -0.00583342
   -1.7017017     0.01082738    -0.00761927
   -1.6616617    -0.00120721    -0.00860271
   -1.6216216    -0.00341731    -0.00832231
   -1.5815816     0.00003318    -0.00797179
   -1.5415415     0.00586485    -0.00913230
   -1.5015015     0.01218092    -0.01178001
   -1.4614615     0.01676779    -0.01340617
   -1.4214214     0.01838108    -0.00976718
   -1.3813814     0.01870000     0.00167373
   -1.3413413     0.02008371     0.01736723
   -1.3013013     0.02207066     0.02847119
   -1.2612613     0.02261965     0.02855641
   -1.2212212     0.02187023     0.01942747
   -1.1811812     0.02213320     0.00775937
   -1.1411411     0.02457437    -0.00112500
   -1.1011011     0.02777800    -0.00492753
   -1.0610611     0.02967124    -0.00385038
   -1.0210210     0.02957360    -0.00012691
   -0.9809810     0.02760021     0.00364694
   -0.9409409     0.02327572     0.00617954
   -0.9009009     0.01656031     0.00732127
   -0.8608609     0.00935543     0.00732736
   -0.8208208     0.00410142     0.00710760
   -0.7807808     0.00154609     0.00824589
   -0.7407407     0.00084247     0.01142678
   -0.7007007     0.00094537     0.01503780
   -0.6606607     0.00129811     0.01644800
   -0.6206206     0.00162721     0.01475939
   -0.5805806     0.00154962     0.01134956
   -0.5405405     0.00060537     0.00789495
   -0.5005005    -0.00149542     0.00513926
   -0.4604605    -0.00501743     0.00334715
   -0.4204204    -0.01012314     0.00254004
   -0.3803804    -0.01578831     0.00219366
   -0.3403403    -0.01922475     0.00152525
   -0.3003003    -0.01779352     0.00020895
   -0.2602603    -0.01148473    -0.00137860
   -0.2202202    -0.00239774    -0.00252560
   -0.1801802     0.00688279    -0.00281552
   -0.1401401     0.01276282    -0.00245118
   -0.1001001     0.01172205    -0.00199517
   -0.0600601     0.00470660    -0.00235201
   -0.0200200    -0.00273930    -0.00518229
    0.0200200    -0.00683233    -0.01186627
    0.0600601    -0.00950827    -0.02065859
    0.1001001    -0.01498060    -0.02622005
    0.1401401    -0.02370083    -0.02446126
    0.1801802    -0.03052426    -0.01725600
    0.2202202    -0.02969136    -0.01032994
    0.2602603    -0.02108366    -0.00740240
    0.3003003    -0.00926616    -0.00762944
    0.3403403     0.00230521    -0.00788090
    0.3803804     0.01326309    -0.00743872
    0.4204204     0.02478890    -0.01044955
    0.4604605     0.03780231    -0.02142821
    0.5005005     0.04950342    -0.03788655
    0.5405405     0.05255045    -0.05093781
    0.5805806     0.04283265    -0.05368077
    0.6206206     0.02605884    -0.04572727
    0.6606607     0.01180115    -0.03134367
    0.7007007     0.00420160    -0.01725191
    0.7407407     0.00157097    -0.01026011
    0.7807808     0.00128264    -0.01280498
    0.8208208     0.00245133    -0.02001382
    0.8608609     0.00562369    -0.02391886
    0.9009009     0.01159924    -0.02106149
    0.9409409     0.02057878    -0.01243566
    0.9809810     0.03142368     0.00099507
    1.0210210     0.04038953     0.01622309
    1.0610611     0.04171955     0.02589026
    1.1011011     0.03290015     0.02501172
    1.1411411     0.01869071     0.01729684
    1.1811812     0.00672431     0.01083600
    1.2212212     0.00056277     0.01000811
    1.2612613    -0.00106694     0.01304397
    1.3013013    -0.00069627     0.01507595
    1.3413413     0.00054874     0.01311494
    1.3813814     0.00376483     0.00898841
    1.4214214     0.01190119     0.00702105
    1.4614615     0.02704868     0.00882894
    1.5015015     0.04570500     0.01137897
    1.5415415     0.05872799     0.01087126
    1.5815816     0.06015334     0.00728774
    1.6216216     0.05383689     0.00349204
    1.6616617     0.04783746     0.00147767
    1.7017017     0.04704896     0.00138601
    1.7417417     0.05331154     0.00280399
    1.7817818     0.06470192     0.00548770
    1.8218218     0.07384362     0.00937609
    1.8618619     0.07469972     0.01484875
    1.9019019     0.06937892     0.02299192
    1.9419419     0.06389727     0.03438911
    1.9819820     0.06191387     0.04616934
    2.0220220     0.06311799     0.05203912
    2.0620621     0.06291366     0.04922202
    2.1021021     0.05584536     0.04457405
    2.1421421     0.04169359     0.04875303
    2.1821822     0.02571162     0.06225896
    2.2222222     0.01349723     0.07141917
    2.2622623     0.00755588     0.06336116
    2.3023023     0.00719994     0.04159691
    2.3423423     0.00992108     0.02098303
    2.3823824     0.01385185     0.01214165
    2.4224224     0.02058017     0.01618070
    2.4624625     0.03366197     0.02825789
    2.5025025     0.05104975     0.03985182
    2.5425425     0.06213293     0.04222006
    2.5825826     0.05845328     0.03368630
    2.6226226     0.04414346     0.02100092
    2.6626627     0.02942093     0.01132551
    2.7027027     0.01865811     0.00663297
    2.7427427     0.01034076     0.00607190
    2.7827828     0.00343104     0.00955956
    2.8228228    -0.00057103     0.01872973
    2.8628629     0.00051902     0.03562716
    2.9029029     0.00711561     0.05739840
    2.9429429     0.01696084     0.07176961
    2.9829830     0.02597104     0.06608921
    3.0230230     0.02865810     0.04326633
    3.0630631     0.02069534     0.01939924
    3.1031031     0.00481054     0.00559351
    3.1431431    -0.01012883     0.00086827
    3.1831832    -0.01888756    -0.00021755
    3.2232232    -0.02329425    -0.00114277
    3.2632633    -0.02493231    -0.00282601
    3.3033033    -0.02132067    -0.00381202
    3.3433433    -0.01143904    -0.00066282
    3.3833834     0.00025183     0.00817133
    3.4234234     0.00791087     0.01730762
    3.4634635     0.01002634     0.01668054
    3.5035035     0.00961832     0.00201321
    3.5435435     0.00969436    -0.01908166
    3.5835836     0.00967736    -0.03360158
    3.6236236     0.00692374    -0.03394216
    3.6636637     0.00149427    -0.02260947
    3.7037037    -0.00183155    -0.00883453
    3.7437437     0.00286406    -0.00087744
    3.7837838     0.01697467    -0.00132420
    3.8238238     0.03407071    -0.00808011
    3.8638639     0.04239125    -0.01638779
    3.9039039     0.03455688    -0.02026529
    3.9439439     0.01560947    -0.01645204
    3.9839840    -0.00195288    -0.00796248
    4.0240240    -0.01041297    -0.00093626
    4.0640641    -0.01192038     0.00184416
    4.1041041    -0.01328867     0.00240747
    4.1441441    -0.01784642     0.00407590
    4.1841842    -0.02225675     0.00811356
    4.2242242    -0.02116748     0.01243451
    4.2642643    -0.01422992     0.01293146
    4.3043043    -0.00651079     0.00693749
    4.3443443    -0.00257526    -0.00478949
    4.3843844    -0.00271771    -0.01851653
    4.4244244    -0.00440112    -0.02848044
    4.4644645    -0.00521647    -0.03007600
    4.5045045    -0.00454329    -0.02423979
    4.5445445    -0.00356061    -0.01626938
    4.5845846    -0.00409532    -0.01027779
    4.6246246    -0.00711763    -0.00712883
    4.6646647    -0.01152888    -0.00620593
    4.7047047    -0.01419029    -0.00654988
    4.7447447    -0.01181647    -0.00684301
    4.7847848    -0.00245879    -0.00611569
    4.8248248     0.01512219    -0.00488615
    4.8648649     0.03980215    -0.00474970
    4.9049049     0.06295433    -0.00639549
    4.9449449     0.07114221    -0.00836935
    4.9849850     0.05992525    -0.00835329
    5.0250250     0.03943468    -0.00580080
    5.0650651     0.02288792    -0.00257267
    5.1051051     0.01599790    -0.00076375
    5.1451452     0.01738670    -0.00079653
    5.1851852     0.02220968    -0.00165442
    5.2252252     0.02550064    -0.00188043
    5.2652653     0.02640521    -0.00031095
    5.3053053     0.02913718     0.00323482
    5.3453453     0.03838651     0.00849436
    5.3853854     0.05467532     0.01713565
    5.4254254     0.07263247     0.03306680
    5.4654655     0.08170616     0.05657384
    5.5055055     0.07402300     0.07794483
    5.5455455     0.05507079     0.08340728
    5.5855856     0.03972689     0.06990271
    5.6256256     0.03552635     0.04754917
    5.6656657     0.03635072     0.02769088
    5.7057057     0.03337590     0.01548374
    5.7457458     0.02582688     0.01195654
    5.7857858     0.01870446     0.01605139
    5.8258258     0.01605682     0.02376589
    5.8658659     0.02027039     0.02999182
    5.9059059     0.03206641     0.03512792
    5.9459459     0.04623876     0.04683368
    5.9859860     0.05207500     0.06858436
    6.0260260     0.04344402     0.08835402
    6.0660661     0.02608262     0.08828247
    6.1061061     0.01219471     0.06620973
    6.1461461     0.01042309     0.03805729
    6.1861862     0.02070257     0.01888998
    6.2262262     0.03502616     0.01041428
    6.2662663     0.04478762     0.00661641
    6.3063063     0.05023979     0.00480748
    6.3463464     0.05850764     0.00827958
    6.3863864     0.06984046     0.01897894
    6.4264264     0.07390647     0.03210077
    6.4664665     0.06400897     0.04200797
    6.5065065     0.04595266     0.04953816
    6.5465466     0.02897352     0.05806702
    6.5865866     0.01665219     0.06513364
    6.6266266     0.00901530     0.06400796
    6.6666667     0.00662888     0.05366151
    6.7067067     0.01042604     0.04106571
    6.7467467     0.01921189     0.03225510
    6.7867868     0.02803918     0.02674028
    6.8268268     0.03150176     0.02113604
    6.8668669     0.02950120     0.01398148
    6.9069069     0.02589337     0.00647974
    6.9469470     0.02193481     0.00041706
    6.9869870     0.01622525    -0.00334704
    7.0270270     0.00936365    -0.00434043
    7.0670671     0.00380547    -0.00137931
    7.1071071     0.00068550     0.00741387
    7.1471472    -0.00051093     0.02233585
    7.1871872    -0.00035990     0.03846437
    7.2272272     0.00113236     0.04648032
    7.2672673     0.00410233     0.04092102
    7.3073073     0.00823297     0.02635380
    7.3473473     0.01247678     0.01225768
    7.3873874     0.01521723     0.00387418
    7.4274274     0.01491318     0.00032892
    7.4674675     0.01134373    -0.00126050
    7.5075075     0.00618118    -0.00254877
    7.5475475     0.00138548    -0.00358202
    7.5875876    -0.00269436    -0.00390226
    7.6276276    -0.00671576    -0.00353329
    7.6676677    -0.01029510    -0.00271030
    7.7077077    -0.01185897    -0.00106807
    7.7477478    -0.01076470     0.00180000
    7.7877878    -0.00824464     0.00446879
    7.8278278    -0.00574388     0.00340729
    7.8678679    -0.00352463    -0.00363497
    7.9079079    -0.00129321    -0.01400091
    7.9479479     0.00101264    -0.02189440
    7.9879880     0.00373262    -0.02410316
    8.0280280     0.00764225    -0.02216669
    8.0680681     0.01260947    -0.01893443
    8.1081081     0.01728422    -0.01516529
    8.1481482     0.02113629    -0.01008668
    8.1881882     0.02485315    -0.00376449
    8.2282282     0.02753596     0.00229134
    8.2682683     0.02646125     0.00664220
    8.3083083     0.02113277     0.00882084
    8.3483484     0.01476820     0.00848285
    8.3883884     0.01115088     0.00556330
    8.4284284     0.01216267     0.00197795
    8.4684685     0.01751719     0.00108669
    8.5085085     0.02471556     0.00464969
    8.5485485     0.02989344     0.01161866
    8.5885886     0.03031799     0.01976040
    8.6286286     0.02631217     0.02668478
    8.6686687     0.02032333     0.02954665
    8.7087087     0.01458539     0.02660074
    8.7487488     0.01031016     0.01989296
    8.7887888     0.00796530     0.01397409
    8.8288288     0.00709203     0.01134666
    8.8688689     0.00655006     0.01112128
    8.9089089     0.00567812     0.01165019
    8.9489490     0.00468295     0.01195794
    8.9889890     0.00370706     0.01107364
    9.0290290     0.00235518     0.00856658
    9.0690691     0.00036229     0.00563444
    9.1091091    -0.00181876     0.00401217
    9.1491491    -0.00309796     0.00405795
    9.1891892    -0.00229807     0.00462317
    9.2292292     0.00100078     0.00439740
    9.2692693     0.00577807     0.00286716
    9.3093093     0.00969017    -0.00004814
    9.3493494     0.01056321    -0.00446680
    9.3893894     0.00838674    -0.00929481
    9.4294294     0.00532981    -0.01104776
    9.4694695     0.00365368    -0.00671415
    9.5095095     0.00418059     0.00177727
    9.5495496     0.00638408     0.00869718
    9.5895896     0.00908869     0.01049274
    9.6296296     0.01107870     0.00852380
    9.6696697     0.01162205     0.00604074
    9.7097097     0.01090553     0.00454238
    9.7497497     0.00991579     0.00359436
    9.7897898     0.00943111     0.00267354
    9.8298298     0.00909779     0.00201738
    9.8698699     0.00799563     0.00217322
    9.9099099     0.00595055     0.00334595
    9.9499500     0.00362471     0.00487627
    9.9899900     0.00157941     0.00546454
   10.0300300    -0.00028840     0.00449158
   10.0700701    -0.00262466     0.00268964
   10.1101101    -0.00581041     0.00098590
   10.1501502    -0.00898614    -0.00079791
   10.1901902    -0.01056270    -0.00369382
   10.2302302    -0.01002672    -0.00797126
   10.2702703    -0.00822710    -0.01177224
   10.3103103    -0.00598037    -0.01228703
   10.3503504    -0.00367729    -0.00879835
   10.3903904    -0.00178428    -0.00333645
   10.4304304    -0.00065083     0.00174977
   10.4704705    -0.00017420     0.00535872
   10.5105105    -0.00003383     0.00717861
   10.5505506    -0.00000422     0.00716169
   10.5905906     0.00000425     0.00546547
   10.6306306     0.00002920     0.00238659
   10.6706707     0.00012976    -0.00165042
   10.7107107     0.00041306    -0.00576222
   10.7507508     0.00094351    -0.00835630
   10.7907908     0.00155462    -0.00814737
   10.8308308     0.00187701    -0.00568240
   10.8708709     0.00171806    -0.00289241
   10.9109109     0.00128938    -0.00115186
   10.9509510     0.00101060    -0.00052612
   10.9909910     0.00117323    -0.00047095
   11.0310310     0.00159937    -0.00055361
   11.0710711     0.00173048    -0.00072338
   11.1111111     0.00130943    -0.00118937
   11.1511512     0.00061174    -0.00187670
   11.1911912    -0.00014663    -0.00207347
   11.2312312    -0.00124111    -0.00109433
   11.2712713    -0.00313633     0.00066305
   11.3113113    -0.00573871     0.00197940
   11.3513514    -0.00795153     0.00228163
   11.3913914    -0.00830515     0.00205759
   11.4314314    -0.00628645     0.00164822
   11.4714715    -0.00293456     0.00051964
   11.5115115    -0.00002233    -0.00176591
   11.5515516     0.00137076    -0.00433875
   11.5915916     0.00151455    -0.00558977
   11.6316316     0.00147155    -0.00503547
   11.6716717     0.00219768    -0.00381575
   11.7117117     0.00391780    -0.00313273
   11.7517518     0.00574893    -0.00309547
   11.7917918     0.00617732    -0.00354985
   11.8318318     0.00462334    -0.00532649
   11.8718719     0.00237132    -0.00947861
   11.9119119     0.00160921    -0.01474217
   11.9519520     0.00372555    -0.01732896
   11.9919920     0.00809547    -0.01516321
   12.0320320     0.01197832    -0.01042270
   12.0720721     0.01252140    -0.00591028
   12.1121121     0.00966874    -0.00202074
   12.1521522     0.00641754     0.00118742
   12.1921922     0.00620535     0.00244806
   12.2322322     0.01043209     0.00110043
   12.2722723     0.01708438    -0.00219187
   12.3123123     0.02127306    -0.00759391
   12.3523524     0.01935259    -0.01628396
   12.3923924     0.01279811    -0.02618687
   12.4324324     0.00615010    -0.03003614
   12.4724725     0.00214981    -0.02187397
   12.5125125     0.00055922    -0.00473341
   12.5525526     0.00017185     0.01126777
   12.5925926     0.00027932     0.01800368
   12.6326326     0.00072300     0.01529583
   12.6726727     0.00142951     0.00878401
   12.7127127     0.00210755     0.00359263
   12.7527528     0.00253083     0.00109107
   12.7927928     0.00322190     0.00037256
   12.8328328     0.00539794     0.00049027
   12.8728729     0.00942633     0.00102770
   12.9129129     0.01329377     0.00167725
   12.9529530     0.01390854     0.00204293
   12.9929930     0.01057223     0.00207682
   13.0330330     0.00578598     0.00257751
   13.0730731     0.00224814     0.00486466
   13.1131131     0.00059994     0.00930769
   13.1531532     0.00011516     0.01376893
   13.1931932     0.00010208     0.01457037
   13.2332332     0.00034309     0.01027912
   13.2732733     0.00084938     0.00358822
   13.3133133     0.00147135    -0.00150728
   13.3533534     0.00174034    -0.00330344
   13.3933934     0.00124951    -0.00281307
   13.4334334     0.00021607    -0.00192217
   13.4734735    -0.00058749    -0.00185053
   13.5135135    -0.00048697    -0.00283770
   13.5535536     0.00067867    -0.00446786
   13.5935936     0.00250955    -0.00601162
   13.6336336     0.00393033    -0.00664599
   13.6736737     0.00344208    -0.00578639
   13.7137137     0.00021551    -0.00353645
   13.7537538    -0.00502677    -0.00060965
   13.7937938    -0.01026441     0.00210455
   13.8338338    -0.01307861     0.00332985
   13.8738739    -0.01189176     0.00123989
   13.9139139    -0.00733272    -0.00523800
   13.9539540    -0.00220663    -0.01457930
   13.9939940     0.00077828    -0.02253462
   14.0340340     0.00124915    -0.02463829
   14.0740741     0.00082160    -0.01983056
   14.1141141     0.00120136    -0.01156129
   14.1541542     0.00331806    -0.00459364
   14.1941942     0.00744736    -0.00106968
   14.2342342     0.01270473    -0.00014207
   14.2742743     0.01680659    -0.00009252
   14.3143143     0.01789122     0.00053099
   14.3543544     0.01617829     0.00300241
   14.3943944     0.01287656     0.00798249
   14.4344344     0.00886130     0.01447863
   14.4744745     0.00515335     0.01957467
   14.5145145     0.00313511     0.01997369
   14.5545546     0.00377916     0.01494704
   14.5945946     0.00692641     0.00758646
   14.6346346     0.01073729     0.00210776
   14.6746747     0.01235891     0.00053824
   14.7147147     0.01050505     0.00254703
   14.7547548     0.00680542     0.00673820
   14.7947948     0.00366544     0.01083402
   14.8348348     0.00189639     0.01222042
   14.8748749     0.00100938     0.01011953
   14.9149149     0.00052361     0.00637064
   14.9549550     0.00035123     0.00321667
   14.9949950     0.00058695     0.00139507
   15.0350350     0.00140820     0.00053934
   15.0750751     0.00316308     0.00018136
   15.1151151     0.00653427     0.00005922
   15.1551552     0.01216692     0.00006253
   15.1951952     0.01908661     0.00021107
   15.2352352     0.02389501     0.00073642
   15.2752753     0.02390409     0.00226586
   15.3153153     0.02099887     0.00577962
   15.3553554     0.01940767     0.01161214
   15.3953954     0.02003448     0.01795510
   15.4354354     0.02027086     0.02155522
   15.4754755     0.01882299     0.02126786
   15.5155155     0.01742036     0.01953787
   15.5555556     0.01778618     0.01882891
   15.5955956     0.01919051     0.01855125
   15.6356356     0.01936483     0.01718334
   15.6756757     0.01730833     0.01535272
   15.7157157     0.01467831     0.01512525
   15.7557558     0.01384638     0.01733439
   15.7957958     0.01538310     0.02022034
   15.8358358     0.01773122     0.02050757
   15.8758759     0.01850658     0.01672224
   15.9159159     0.01671349     0.01124811
   15.9559560     0.01380137     0.00790531
   15.9959960     0.01179851     0.00856391
   16.0360360     0.01180005     0.01286768
   16.0760761     0.01466109     0.01900435
   16.1161161     0.02032115     0.02363408
   16.1561562     0.02576718     0.02347888
   16.1961962     0.02656429     0.01867933
   16.2362362     0.02140115     0.01333569
   16.2762763     0.01334275     0.01169591
   16.3163163     0.00642190     0.01413530
   16.3563564     0.00246170     0.01719446
   16.3963964     0.00118925     0.01760958
   16.4364364     0.00206623     0.01547678
   16.4764765     0.00517169     0.01271545
   16.5165165     0.01026171     0.01018816
   16.5565566     0.01560603     0.00788284
   16.5965966     0.01900283     0.00614484
   16.6366366     0.01981035     0.00521392
   16.6766767     0.01848065     0.00485335
   16.7167167     0.01510977     0.00543229
   16.7567568     0.01041084     0.00820462
   16.7967968     0.00658226     0.01352520
   16.8368368     0.00558146     0.01945582
   16.8768769     0.00748396     0.02279624
   16.9169169     0.01067762     0.02138105
   16.9569570     0.01307742     0.01563859
   16.9969970     0.01401586     0.00813681
   17.0370370     0.01495255     0.00141405
   17.0770771     0.01676526    -0.00309148
   17.1171171     0.01766397    -0.00386349
   17.1571572     0.01621069     0.00096681
   17.1971972     0.01405461     0.01122713
   17.2372372     0.01325973     0.02257426
   17.2772773     0.01340829     0.02845795
   17.3173173     0.01306764     0.02580994
   17.3573574     0.01267231     0.01797933
   17.3973974     0.01533387     0.01056233
   17.4374374     0.02444974     0.00601903
   17.4774775     0.03879312     0.00372675
   17.5175175     0.05109099     0.00303494
   17.5575576     0.05496036     0.00473578
   17.5975976     0.05121627     0.01098837
   17.6376376     0.04435499     0.02426661
   17.6776777     0.03764015     0.04378445
   17.7177177     0.03330091     0.06205024
   17.7577578     0.03167174     0.06899239
   17.7977978     0.03056807     0.06137654
   17.8378378     0.02983037     0.04539331
   17.8778779     0.03329820     0.03076600
   17.9179179     0.04216578     0.02404842
   17.9579580     0.04999476     0.02465423
   17.9979980     0.04885458     0.02620360
   18.0380380     0.03809098     0.02356511
   18.0780781     0.02381759     0.01756725
   18.1181181     0.01209978     0.01204412
   18.1581582     0.00505155     0.00948665
   18.1981982     0.00175887     0.01081064
   18.2382382     0.00060246     0.01644338
   18.2782783     0.00059383     0.02543979
   18.3183183     0.00166774     0.03358294
   18.3583584     0.00461676     0.03483705
   18.3983984     0.01104461     0.02745449
   18.4384384     0.02274177     0.01684839
   18.4784785     0.03893178     0.01018205
   18.5185185     0.05313492     0.01016141
   18.5585586     0.05637692     0.01457495
   18.5985986     0.04635539     0.01976357
   18.6386386     0.03057828     0.02467654
   18.6786787     0.01920388     0.03157748
   18.7187187     0.01715743     0.04089136
   18.7587588     0.02192293     0.04677687
   18.7987988     0.02640603     0.04262631
   18.8388388     0.02556475     0.03063245
   18.8788789     0.02120066     0.02082504
   18.9189189     0.01830746     0.02081092
   18.9589590     0.01793111     0.02910535
   18.9989990     0.01692544     0.03705272
   19.0390390     0.01361120     0.03692890
   19.0790791     0.00996800     0.02905178
   19.1191191     0.00828554     0.01944059
   19.1591592     0.00867067     0.01215021
   19.1991992     0.01023738     0.00734371
   19.2392392     0.01239627     0.00446899
   19.2792793     0.01439162     0.00374559
   19.3193193     0.01541347     0.00534861
   19.3593594     0.01594792     0.00848124
   19.3993994     0.01750221     0.01137393
   19.4394394     0.01984704     0.01262482
   19.4794795     0.02018870     0.01254394
   19.5195195     0.01713833     0.01287046
   19.5595596     0.01391698     0.01533754
   19.5995996     0.01513638     0.01975825
   19.6396396     0.02096662     0.02288904
   19.6796797     0.02602779     0.02103272
   19.7197197     0.02482545     0.01453521
   19.7597598     0.01770336     0.00756369
   19.7997998     0.00998091     0.00377064
   19.8398398     0.00631384     0.00458279
   19.8798799     0.00765969     0.01045818
   19.9199199     0.01196877     0.02036865
   19.9599600     0.01613636     0.03011797
   20.0000000     0.01870582     0.03475296
