#
#   partial DOS for atom species: Mn
#
#   Add data for atom_index =   2,  n,l,m,z=  3  2 -2  1
#   Add data for atom_index =   2,  n,l,m,z=  3  2 -1  1
#   Add data for atom_index =   2,  n,l,m,z=  3  2  0  1
#   Add data for atom_index =   2,  n,l,m,z=  3  2  1  1
#   Add data for atom_index =   2,  n,l,m,z=  3  2  2  1
#   Add data for atom_index =   2,  n,l,m,z=  3  2 -2  2
#   Add data for atom_index =   2,  n,l,m,z=  3  2 -1  2
#   Add data for atom_index =   2,  n,l,m,z=  3  2  0  2
#   Add data for atom_index =   2,  n,l,m,z=  3  2  1  2
#   Add data for atom_index =   2,  n,l,m,z=  3  2  2  2
#   Add data for atom_index =   2,  n,l,m,z=  3  2 -2  3
#   Add data for atom_index =   2,  n,l,m,z=  3  2 -1  3
#   Add data for atom_index =   2,  n,l,m,z=  3  2  0  3
#   Add data for atom_index =   2,  n,l,m,z=  3  2  1  3
#   Add data for atom_index =   2,  n,l,m,z=  3  2  2  3
#
#    Energy          spin 1        spin2
#
  -20.0000000     0.00000000     0.00000000
  -19.9599600     0.00000000     0.00000000
  -19.9199199     0.00000000     0.00000000
  -19.8798799     0.00000000     0.00000000
  -19.8398398     0.00000000     0.00000000
  -19.7997998     0.00000000     0.00000000
  -19.7597598     0.00000000     0.00000000
  -19.7197197     0.00000000     0.00000000
  -19.6796797     0.00000000     0.00000000
  -19.6396396     0.00000000     0.00000000
  -19.5995996     0.00000000     0.00000000
  -19.5595596     0.00000000     0.00000000
  -19.5195195     0.00000000     0.00000000
  -19.4794795     0.00000000     0.00000000
  -19.4394394     0.00000000     0.00000000
  -19.3993994     0.00000000     0.00000000
  -19.3593594     0.00000000     0.00000000
  -19.3193193     0.00000000     0.00000000
  -19.2792793     0.00000000     0.00000000
  -19.2392392     0.00000000     0.00000000
  -19.1991992     0.00000000     0.00000000
  -19.1591592     0.00000000     0.00000000
  -19.1191191     0.00000000     0.00000000
  -19.0790791     0.00000000     0.00000000
  -19.0390390     0.00000000     0.00000000
  -18.9989990     0.00000000     0.00000000
  -18.9589590     0.00000000     0.00000000
  -18.9189189     0.00000000     0.00000000
  -18.8788789     0.00000000     0.00000000
  -18.8388388     0.00000000     0.00000000
  -18.7987988     0.00000000     0.00000000
  -18.7587588     0.00000000     0.00000000
  -18.7187187     0.00000000     0.00000000
  -18.6786787     0.00000000     0.00000000
  -18.6386386     0.00000000     0.00000000
  -18.5985986     0.00000000     0.00000000
  -18.5585586     0.00000000     0.00000000
  -18.5185185     0.00000000     0.00000000
  -18.4784785     0.00000000     0.00000000
  -18.4384384     0.00000000     0.00000000
  -18.3983984     0.00000000     0.00000000
  -18.3583584     0.00000000     0.00000000
  -18.3183183     0.00000000     0.00000000
  -18.2782783     0.00000000     0.00000000
  -18.2382382     0.00000000     0.00000000
  -18.1981982     0.00000000     0.00000000
  -18.1581582     0.00000000     0.00000000
  -18.1181181     0.00000000     0.00000000
  -18.0780781     0.00000000     0.00000000
  -18.0380380     0.00000000     0.00000000
  -17.9979980     0.00000000     0.00000000
  -17.9579580     0.00000000     0.00000000
  -17.9179179     0.00000000     0.00000000
  -17.8778779     0.00000000     0.00000000
  -17.8378378     0.00000000     0.00000000
  -17.7977978     0.00000000     0.00000000
  -17.7577578     0.00000000     0.00000000
  -17.7177177     0.00000000     0.00000000
  -17.6776777     0.00000000     0.00000000
  -17.6376376     0.00000000     0.00000000
  -17.5975976     0.00000000     0.00000000
  -17.5575576     0.00000000     0.00000000
  -17.5175175     0.00000000     0.00000000
  -17.4774775     0.00000000     0.00000000
  -17.4374374     0.00000000     0.00000000
  -17.3973974     0.00000000     0.00000000
  -17.3573574     0.00000000     0.00000000
  -17.3173173     0.00000000     0.00000000
  -17.2772773     0.00000000     0.00000000
  -17.2372372     0.00000000     0.00000000
  -17.1971972     0.00000000     0.00000000
  -17.1571572     0.00000000     0.00000000
  -17.1171171     0.00000000     0.00000000
  -17.0770771     0.00000000     0.00000000
  -17.0370370     0.00000000     0.00000000
  -16.9969970     0.00000000     0.00000000
  -16.9569570     0.00000000     0.00000000
  -16.9169169     0.00000000     0.00000000
  -16.8768769     0.00000000     0.00000000
  -16.8368368     0.00000000     0.00000000
  -16.7967968     0.00000000     0.00000000
  -16.7567568     0.00000000     0.00000000
  -16.7167167     0.00000000     0.00000000
  -16.6766767     0.00000000     0.00000000
  -16.6366366     0.00000000     0.00000000
  -16.5965966     0.00000000     0.00000000
  -16.5565566     0.00000000     0.00000000
  -16.5165165     0.00000000     0.00000000
  -16.4764765     0.00000000     0.00000000
  -16.4364364     0.00000005     0.00000000
  -16.3963964     0.00000043     0.00000000
  -16.3563564     0.00000294     0.00000000
  -16.3163163     0.00001440     0.00000002
  -16.2762763     0.00005121     0.00000019
  -16.2362362     0.00013221     0.00000143
  -16.1961962     0.00024767     0.00000791
  -16.1561562     0.00033671     0.00003168
  -16.1161161     0.00033218     0.00009211
  -16.0760761     0.00023782     0.00019433
  -16.0360360     0.00012356     0.00029752
  -15.9959960     0.00004658     0.00033055
  -15.9559560     0.00001275     0.00026650
  -15.9159159     0.00000253     0.00015593
  -15.8758759     0.00000036     0.00006620
  -15.8358358     0.00000004     0.00002040
  -15.7957958     0.00000000     0.00000456
  -15.7557558     0.00000000     0.00000074
  -15.7157157    -0.00000000     0.00000009
  -15.6756757    -0.00000001     0.00000001
  -15.6356356    -0.00000010     0.00000000
  -15.5955956    -0.00000064    -0.00000000
  -15.5555556    -0.00000300    -0.00000001
  -15.5155155    -0.00001103    -0.00000005
  -15.4754755    -0.00003264    -0.00000033
  -15.4354354    -0.00007842    -0.00000173
  -15.3953954    -0.00015083    -0.00000700
  -15.3553554    -0.00022617    -0.00002245
  -15.3153153    -0.00025746    -0.00005791
  -15.2752753    -0.00021828    -0.00011933
  -15.2352352    -0.00013619    -0.00019227
  -15.1951952    -0.00006213    -0.00023639
  -15.1551552    -0.00002064    -0.00021743
  -15.1151151    -0.00000499    -0.00014767
  -15.0750751    -0.00000088    -0.00007347
  -15.0350350    -0.00000017    -0.00002666
  -14.9949950    -0.00000073    -0.00000704
  -14.9549550    -0.00000600    -0.00000135
  -14.9149149    -0.00003594    -0.00000020
  -14.8748749    -0.00015188    -0.00000020
  -14.8348348    -0.00043922    -0.00000179
  -14.7947948    -0.00079938    -0.00001279
  -14.7547548    -0.00062243    -0.00006479
  -14.7147147     0.00093246    -0.00022698
  -14.6746747     0.00367058    -0.00051786
  -14.6346346     0.00580843    -0.00061880
  -14.5945946     0.00573422     0.00024130
  -14.5545546     0.00386274     0.00248188
  -14.5145145     0.00183398     0.00503356
  -14.4744745     0.00062262     0.00598329
  -14.4344344     0.00015221     0.00475926
  -14.3943944     0.00002689     0.00264528
  -14.3543544     0.00000345     0.00104665
  -14.3143143     0.00000049     0.00029747
  -14.2742743     0.00000205     0.00006101
  -14.2342342     0.00001758     0.00000905
  -14.1941942     0.00011084     0.00000100
  -14.1541542     0.00050708     0.00000054
  -14.1141141     0.00168347     0.00000493
  -14.0740741     0.00405586     0.00003817
  -14.0340340     0.00709099     0.00021453
  -13.9939940     0.00899660     0.00087504
  -13.9539540     0.00828318     0.00259006
  -13.9139139     0.00553431     0.00556341
  -13.8738739     0.00268335     0.00867199
  -13.8338338     0.00094415     0.00980943
  -13.7937938     0.00024115     0.00805224
  -13.7537538     0.00004538     0.00479663
  -13.7137137     0.00001115     0.00207351
  -13.6736737     0.00003014     0.00065052
  -13.6336336     0.00013187     0.00014837
  -13.5935936     0.00044416     0.00002565
  -13.5535536     0.00111040     0.00000769
  -13.5135135     0.00203823     0.00002152
  -13.4734735     0.00273139     0.00009199
  -13.4334334     0.00266435     0.00032204
  -13.3933934     0.00188942     0.00084471
  -13.3533534     0.00097981     0.00162150
  -13.3133133     0.00043370     0.00226370
  -13.2732733     0.00059039     0.00229473
  -13.2332332     0.00252439     0.00168970
  -13.1931932     0.00928780     0.00091624
  -13.1531532     0.02508996     0.00045432
  -13.1131131     0.04960109     0.00064073
  -13.0730731     0.07222713     0.00209366
  -13.0330330     0.07840959     0.00598757
  -12.9929930     0.06472119     0.01347456
  -12.9529530     0.04173226     0.02468708
  -12.9129129     0.02159718     0.03805707
  -12.8728729     0.00908728     0.04952445
  -12.8328328     0.00308340     0.05322209
  -12.7927928     0.00088699     0.04630551
  -12.7527528     0.00070361     0.03266650
  -12.7127127     0.00302895     0.01910355
  -12.6726727     0.01223255     0.00949323
  -12.6326326     0.03641001     0.00406438
  -12.5925926     0.07976229     0.00175155
  -12.5525526     0.13068202     0.00196510
  -12.5125125     0.16662231     0.00534556
  -12.4724725     0.17923566     0.01337460
  -12.4324324     0.18059014     0.02687047
  -12.3923924     0.17741660     0.04509593
  -12.3523524     0.16193973     0.06530436
  -12.3123123     0.13500854     0.08064979
  -12.2722723     0.11313550     0.08210371
  -12.2322322     0.10434475     0.06871311
  -12.1921922     0.09719009     0.05221175
  -12.1521522     0.08240636     0.04665674
  -12.1121121     0.07261269     0.05561403
  -12.0720721     0.09282779     0.06850191
  -12.0320320     0.15477487     0.07007592
  -11.9919920     0.24509694     0.05809692
  -11.9519520     0.34226706     0.04789980
  -11.9119119     0.43279688     0.05442019
  -11.8718719     0.49592526     0.07308392
  -11.8318318     0.50120940     0.08341022
  -11.7917918     0.45263171     0.07283494
  -11.7517518     0.40322163     0.05200473
  -11.7117117     0.39881329     0.04351296
  -11.6716717     0.43640220     0.06332316
  -11.6316316     0.48469214     0.11474448
  -11.5915916     0.51240535     0.18735710
  -11.5515516     0.49801081     0.25473392
  -11.5115115     0.44187436     0.28330313
  -11.4714715     0.37232403     0.25746114
  -11.4314314     0.32926110     0.19992539
  -11.3913914     0.34076107     0.16036689
  -11.3513514     0.40492493     0.17590624
  -11.3113113     0.48186823     0.24148936
  -11.2712713     0.51893567     0.31949732
  -11.2312312     0.49858939     0.37688881
  -11.1911912     0.44549141     0.40873765
  -11.1511512     0.38677811     0.42141159
  -11.1111111     0.33546600     0.40948330
  -11.0710711     0.30975525     0.37165965
  -11.0310310     0.33744950     0.32815449
  -10.9909910     0.43594662     0.29374048
  -10.9509510     0.59446542     0.26138773
  -10.9109109     0.76560013     0.23798677
  -10.8708709     0.87011776     0.26220952
  -10.8308308     0.84684440     0.35489368
  -10.7907908     0.72725325     0.46796175
  -10.7507508     0.61773836     0.51722177
  -10.7107107     0.58052668     0.47170952
  -10.6706707     0.58351399     0.37955684
  -10.6306306     0.57476714     0.30182782
  -10.5905906     0.54579586     0.26058222
  -10.5505506     0.51229599     0.25500501
  -10.5105105     0.47116076     0.28848182
  -10.4704705     0.40202342     0.36191171
  -10.4304304     0.31237436     0.45386956
  -10.3903904     0.24959997     0.52963046
  -10.3503504     0.24904837     0.57043090
  -10.3103103     0.29557779     0.57038736
  -10.2702703     0.34784582     0.51946925
  -10.2302302     0.37970629     0.42559212
  -10.1901902     0.39464717     0.32834548
  -10.1501502     0.41487973     0.25961970
  -10.1101101     0.45346454     0.21743999
  -10.0700701     0.49075886     0.19235370
  -10.0300300     0.49687591     0.19349960
   -9.9899900     0.48016399     0.23583078
   -9.9499500     0.47575593     0.30818865
   -9.9099099     0.48547094     0.36681164
   -9.8698699     0.47982409     0.37503457
   -9.8298298     0.45761426     0.34366090
   -9.7897898     0.45025595     0.31669872
   -9.7497497     0.47252490     0.32362178
   -9.7097097     0.51440026     0.35596163
   -9.6696697     0.56700626     0.38411981
   -9.6296296     0.62145896     0.38838093
   -9.5895896     0.66071395     0.37258559
   -9.5495496     0.67363992     0.34871040
   -9.5095095     0.66517445     0.31424850
   -9.4694695     0.65119559     0.25989305
   -9.4294294     0.64969627     0.19971450
   -9.3893894     0.66671675     0.17347144
   -9.3493494     0.69304545     0.21507759
   -9.3093093     0.72394148     0.32744431
   -9.2692693     0.76119982     0.47704922
   -9.2292292     0.79061793     0.60076227
   -9.1891892     0.79585385     0.63708473
   -9.1491491     0.79429361     0.57476379
   -9.1091091     0.81996022     0.46130113
   -9.0690691     0.88680049     0.35258586
   -9.0290290     0.99489952     0.27074160
   -8.9889890     1.13413523     0.21314674
   -8.9489490     1.25502377     0.17536120
   -8.9089089     1.27382825     0.15374402
   -8.8688689     1.14513699     0.14435180
   -8.8288288     0.92103556     0.15180786
   -8.7887888     0.71906654     0.18702161
   -8.7487488     0.63039507     0.25242342
   -8.7087087     0.64969027     0.34552918
   -8.6686687     0.69720467     0.47128528
   -8.6286286     0.72280353     0.62659481
   -8.5885886     0.75251367     0.78211780
   -8.5485485     0.81160217     0.89615981
   -8.5085085     0.86672308     0.93107291
   -8.4684685     0.87890252     0.86854638
   -8.4284284     0.85745796     0.74143251
   -8.3883884     0.83475088     0.63138637
   -8.3483484     0.82577253     0.60717319
   -8.3083083     0.82890624     0.66485540
   -8.2682683     0.84634747     0.73109614
   -8.2282282     0.87991999     0.73527453
   -8.1881882     0.89650923     0.68013946
   -8.1481482     0.83491756     0.62108257
   -8.1081081     0.68171171     0.58801148
   -8.0680681     0.50410758     0.56948189
   -8.0280280     0.39140114     0.55927014
   -7.9879880     0.39023527     0.57297115
   -7.9479479     0.46920341     0.62618910
   -7.9079079     0.52953754     0.72995859
   -7.8678679     0.50043880     0.89110691
   -7.8278278     0.41964015     1.07336106
   -7.7877878     0.37047204     1.17719811
   -7.7477478     0.37399275     1.10905357
   -7.7077077     0.39542739     0.87415737
   -7.6676677     0.41843795     0.57920338
   -7.6276276     0.47260364     0.34118794
   -7.5875876     0.60737499     0.21431407
   -7.5475475     0.83766053     0.19689528
   -7.5075075     1.09990326     0.25873815
   -7.4674675     1.28889598     0.35659562
   -7.4274274     1.34584299     0.47115685
   -7.3873874     1.29169591     0.63142890
   -7.3473473     1.20172431     0.86205844
   -7.3073073     1.16890080     1.12227519
   -7.2672673     1.25085889     1.32522839
   -7.2272272     1.41755231     1.37834227
   -7.1871872     1.55090535     1.22177031
   -7.1471472     1.53076930     0.90231857
   -7.1071071     1.36680271     0.56863392
   -7.0670671     1.20364919     0.34013671
   -7.0270270     1.15090703     0.22626799
   -6.9869870     1.19273762     0.17404220
   -6.9469470     1.29177717     0.14047260
   -6.9069069     1.44596893     0.11750565
   -6.8668669     1.60694177     0.11908101
   -6.8268268     1.67402564     0.15850569
   -6.7867868     1.61032184     0.23277109
   -6.7467467     1.48721430     0.32390662
   -6.7067067     1.41659354     0.41339671
   -6.6666667     1.47214164     0.48677774
   -6.6266266     1.62539121     0.53175063
   -6.5865866     1.74800279     0.55379363
   -6.5465466     1.72419497     0.58865060
   -6.5065065     1.55447704     0.67472679
   -6.4664665     1.33946765     0.80299182
   -6.4264264     1.19093313     0.90950345
   -6.3863864     1.14555147     0.94326546
   -6.3463464     1.12578037     0.93497106
   -6.3063063     1.01253423     0.96712320
   -6.2662663     0.78566851     1.08153594
   -6.2262262     0.54924603     1.23137397
   -6.1861862     0.40568801     1.30205582
   -6.1461461     0.35341134     1.19302547
   -6.1061061     0.32271301     0.92006958
   -6.0660661     0.28064130     0.61774167
   -6.0260260     0.26599269     0.42192626
   -5.9859860     0.31622123     0.37656814
   -5.9459459     0.39582237     0.45379028
   -5.9059059     0.42789034     0.62484877
   -5.8658659     0.37729828     0.89921574
   -5.8258258     0.27205171     1.30610706
   -5.7857858     0.16078765     1.81567859
   -5.7457458     0.07719970     2.26954264
   -5.7057057     0.03249156     2.46089774
   -5.6656657     0.02297903     2.35185798
   -5.6256256     0.04128622     2.16766460
   -5.5855856     0.07640392     2.17231842
   -5.5455455     0.10645639     2.34688305
   -5.5055055     0.10866278     2.40776331
   -5.4654655     0.08295235     2.17621136
   -5.4254254     0.05268987     1.79264820
   -5.3853854     0.03970211     1.50949160
   -5.3453453     0.04979876     1.40688071
   -5.3053053     0.07718949     1.38516315
   -5.2652653     0.10895030     1.32526272
   -5.2252252     0.13346685     1.16889244
   -5.1851852     0.15897615     0.91724101
   -5.1451452     0.20821185     0.63130560
   -5.1051051     0.27674553     0.40598538
   -5.0650651     0.32053616     0.31298932
   -5.0250250     0.30757119     0.37137539
   -4.9849850     0.25543698     0.55894242
   -4.9449449     0.20007849     0.82059431
   -4.9049049     0.15643416     1.05010662
   -4.8648649     0.12000302     1.11844422
   -4.8248248     0.08422763     0.98913791
   -4.7847848     0.04987597     0.76444284
   -4.7447447     0.02351744     0.56749505
   -4.7047047     0.00953457     0.43474497
   -4.6646647     0.00774178     0.34300937
   -4.6246246     0.01846583     0.26943453
   -4.5845846     0.04374513     0.20155034
   -4.5445445     0.07955998     0.13439574
   -4.5045045     0.11029536     0.07635523
   -4.4644645     0.11875786     0.04359268
   -4.4244244     0.10189870     0.04786886
   -4.3843844     0.07125156     0.09099302
   -4.3443443     0.04123859     0.16081500
   -4.3043043     0.02144799     0.23455602
   -4.2642643     0.01521743     0.29641259
   -4.2242242     0.01996018     0.34379535
   -4.1841842     0.02817076     0.37032220
   -4.1441441     0.03186718     0.35957678
   -4.1041041     0.03129186     0.30574433
   -4.0640641     0.03966732     0.23115116
   -4.0240240     0.07452759     0.17274832
   -3.9839840     0.13647250     0.14939838
   -3.9439439     0.19447542     0.14689300
   -3.9039039     0.20776300     0.13907619
   -3.8638639     0.17111720     0.11898306
   -3.8238238     0.12013053     0.09782262
   -3.7837838     0.08833984     0.08031436
   -3.7437437     0.08115963     0.06125921
   -3.7037037     0.08676135     0.04102681
   -3.6636637     0.08951335     0.02606562
   -3.6236236     0.07932602     0.01840187
   -3.5835836     0.06289718     0.01651175
   -3.5435435     0.05906505     0.02392225
   -3.5035035     0.07640417     0.04923693
   -3.4634635     0.10190680     0.09324928
   -3.4234234     0.11653530     0.13613265
   -3.3833834     0.11520396     0.14781995
   -3.3433433     0.10342876     0.11989640
   -3.3033033     0.08378724     0.07836457
   -3.2632633     0.05786574     0.05850818
   -3.2232232     0.03340371     0.07445787
   -3.1831832     0.02016887     0.11139899
   -3.1431431     0.02244747     0.14252837
   -3.1031031     0.03615200     0.15855792
   -3.0630631     0.04945939     0.17206810
   -3.0230230     0.05019065     0.18420696
   -2.9829830     0.03706553     0.17258929
   -2.9429429     0.01987120     0.12810518
   -2.9029029     0.00773119     0.07618729
   -2.8628629     0.00218283     0.04915593
   -2.8228228     0.00044737     0.05928306
   -2.7827828     0.00006840     0.10308396
   -2.7427427     0.00002790     0.17328461
   -2.7027027     0.00016689     0.25505992
   -2.6626627     0.00098726     0.31600123
   -2.6226226     0.00435090     0.31995461
   -2.5825826     0.01433014     0.26333863
   -2.5425425     0.03566908     0.18516580
   -2.5025025     0.06841610     0.12777847
   -2.4624625     0.10416615     0.09737486
   -2.4224224     0.13016245     0.07416059
   -2.3823824     0.13596964     0.04724634
   -2.3423423     0.11732812     0.02289922
   -2.3023023     0.08079885     0.00817506
   -2.2622623     0.04282846     0.00217789
   -2.2222222     0.01702266     0.00075277
   -2.1821822     0.00499486     0.00171197
   -2.1421421     0.00107291     0.00568738
   -2.1021021     0.00016798     0.01426691
   -2.0620621     0.00001913     0.02673737
   -2.0220220     0.00000165     0.03947857
   -1.9819820     0.00000098     0.05155322
   -1.9419419     0.00000847     0.06745571
   -1.9019019     0.00005879     0.08762740
   -1.8618619     0.00029865     0.10354005
   -1.8218218     0.00111551     0.11300462
   -1.7817818     0.00309192     0.12719529
   -1.7417417     0.00644763     0.14681458
   -1.7017017     0.01030181     0.14923684
   -1.6616617     0.01286668     0.11844010
   -1.6216216     0.01282000     0.06980971
   -1.5815816     0.01065071     0.03008038
   -1.5415415     0.00877134     0.00952635
   -1.5015015     0.00981521     0.00267922
   -1.4614615     0.01381376     0.00226026
   -1.4214214     0.01725660     0.00506695
   -1.3813814     0.01646845     0.00999031
   -1.3413413     0.01197191     0.01521684
   -1.3013013     0.00808112     0.01804198
   -1.2612613     0.00862460     0.01678211
   -1.2212212     0.01373261     0.01226640
   -1.1811812     0.01944071     0.00730546
   -1.1411411     0.02073999     0.00489918
   -1.1011011     0.01675424     0.00697760
   -1.0610611     0.01194630     0.01355358
   -1.0210210     0.01116060     0.02135958
   -0.9809810     0.01454927     0.02474800
   -0.9409409     0.01770068     0.02087787
   -0.9009009     0.01646650     0.01304582
   -0.8608609     0.01123116     0.00714678
   -0.8208208     0.00566412     0.00694714
   -0.7807808     0.00254867     0.01312717
   -0.7407407     0.00249645     0.02289217
   -0.7007007     0.00521518     0.02975818
   -0.6606607     0.00962708     0.02814520
   -0.6206206     0.01310893     0.01933062
   -0.5805806     0.01296959     0.00970182
   -0.5405405     0.00931786     0.00391786
   -0.5005005     0.00490411     0.00273726
   -0.4604605     0.00216663     0.00568846
   -0.4204204     0.00203786     0.01212133
   -0.3803804     0.00524698     0.01926057
   -0.3403403     0.01254536     0.02225130
   -0.3003003     0.02217021     0.01868634
   -0.2602603     0.02863363     0.01158092
   -0.2202202     0.02762671     0.00612176
   -0.1801802     0.02209289     0.00543194
   -0.1401401     0.02014121     0.00992587
   -0.1001001     0.02730416     0.01736632
   -0.0600601     0.04298781     0.02275309
   -0.0200200     0.06306834     0.02170644
    0.0200200     0.08264692     0.01510712
    0.0600601     0.09547399     0.00811345
    0.1001001     0.09731046     0.00540674
    0.1401401     0.09638054     0.00977453
    0.1801802     0.10996723     0.02265092
    0.2202202     0.13786454     0.04100394
    0.2602603     0.15196554     0.05474571
    0.3003003     0.12898873     0.05419513
    0.3403403     0.08076188     0.04185944
    0.3803804     0.03717814     0.03132679
    0.4204204     0.01410251     0.03303415
    0.4604605     0.00986158     0.04385722
    0.5005005     0.01869695     0.05173706
    0.5405405     0.03468469     0.05117894
    0.5805806     0.04783207     0.05116530
    0.6206206     0.04794622     0.06283182
    0.6606607     0.03488060     0.08418675
    0.7007007     0.01841469     0.10657657
    0.7407407     0.00705516     0.12979924
    0.7807808     0.00196462     0.15332578
    0.8208208     0.00042598     0.15994209
    0.8608609     0.00026432     0.13372715
    0.9009009     0.00102787     0.08830136
    0.9409409     0.00367165     0.05450480
    0.9809810     0.00958020     0.04637625
    1.0210210     0.01820971     0.05201910
    1.0610611     0.02556099     0.05192242
    1.1011011     0.02820767     0.03917993
    1.1411411     0.03054248     0.02160709
    1.1811812     0.04513566     0.00865793
    1.2212212     0.08369936     0.00252298
    1.2612613     0.14714527     0.00057781
    1.3013013     0.21991878     0.00038431
    1.3413413     0.27116012     0.00144539
    1.3813814     0.27456623     0.00495976
    1.4214214     0.23932144     0.01254456
    1.4614615     0.20347417     0.02365197
    1.5015015     0.18453740     0.03469546
    1.5415415     0.16305238     0.04311512
    1.5815816     0.12295342     0.05006499
    1.6216216     0.07665249     0.05546531
    1.6616617     0.04483288     0.05685348
    1.7017017     0.03830785     0.05995901
    1.7417417     0.06212550     0.08155998
    1.7817818     0.11426542     0.13113484
    1.8218218     0.17120245     0.19639369
    1.8618619     0.19332812     0.25819114
    1.9019019     0.16470743     0.30781629
    1.9419419     0.11839293     0.33257213
    1.9819820     0.10641187     0.30802935
    2.0220220     0.14813730     0.23213199
    2.0620621     0.20865975     0.14223110
    2.1021021     0.22845832     0.07785819
    2.1421421     0.18370531     0.04971567
    2.1821822     0.10765786     0.05155117
    2.2222222     0.04618025     0.07800740
    2.2622623     0.01479777     0.12105126
    2.3023023     0.00378885     0.16084847
    2.3423423     0.00090952     0.17317241
    2.3823824     0.00023917     0.15262351
    2.4224224     0.00006559     0.12688530
    2.4624625     0.00003996     0.13562594
    2.5025025     0.00022693     0.18488617
    2.5425425     0.00143442     0.22963084
    2.5825826     0.00676875     0.21874286
    2.6226226     0.02375608     0.15309616
    2.6626627     0.06243780     0.07808287
    2.7027027     0.12379860     0.02900851
    2.7427427     0.18670674     0.00786653
    2.7827828     0.21724680     0.00156373
    2.8228228     0.20241796     0.00022964
    2.8628629     0.16607745     0.00002759
    2.9029029     0.14133797     0.00003223
    2.9429429     0.14108468     0.00027148
    2.9829830     0.16196755     0.00178534
    3.0230230     0.19096803     0.00860160
    3.0630631     0.20310917     0.03043871
    3.1031031     0.18638534     0.07950161
    3.1431431     0.16932075     0.15452412
    3.1831832     0.18856673     0.22665806
    3.2232232     0.23092379     0.25659953
    3.2632633     0.24252790     0.23120113
    3.3033033     0.20010775     0.17133779
    3.3433433     0.13906505     0.10920126
    3.3833834     0.10172501     0.07284160
    3.4234234     0.09154184     0.08346944
    3.4634635     0.08964570     0.14798855
    3.5035035     0.08791184     0.24664603
    3.5435435     0.08963739     0.33371902
    3.5835836     0.09236069     0.36091607
    3.6236236     0.08717077     0.30957756
    3.6636637     0.07414470     0.20693126
    3.7037037     0.06481581     0.10550927
    3.7437437     0.06453198     0.04029280
    3.7837838     0.06473454     0.01139593
    3.8238238     0.05905028     0.00253033
    3.8638639     0.05528722     0.00148697
    3.9039039     0.06410848     0.00539955
    3.9439439     0.08354724     0.01860510
    3.9839840     0.10020639     0.04738511
    4.0240240     0.10327954     0.08917767
    4.0640641     0.09518964     0.12623704
    4.1041041     0.08885179     0.14101401
    4.1441441     0.09620994     0.13782221
    4.1841842     0.11643509     0.13387525
    4.2242242     0.13371132     0.13323078
    4.2642643     0.13451488     0.12832306
    4.3043043     0.12309667     0.11724821
    4.3443443     0.10844577     0.10141486
    4.3843844     0.08973698     0.07909101
    4.4244244     0.06835178     0.05372414
    4.4644645     0.05973970     0.03635692
    4.5045045     0.08517173     0.03384212
    4.5445445     0.15602791     0.04331478
    4.5845846     0.25292135     0.06048106
    4.6246246     0.31714114     0.08585552
    4.6646647     0.29576365     0.11648494
    4.7047047     0.20285154     0.13645232
    4.7447447     0.10381578     0.12918981
    4.7847848     0.04512212     0.10126277
    4.8248248     0.02706325     0.07973565
    4.8648649     0.02882859     0.08125316
    4.9049049     0.03444561     0.09587857
    4.9449449     0.03955467     0.10821997
    4.9849850     0.04649035     0.12640715
    5.0250250     0.05804654     0.17577174
    5.0650651     0.07408424     0.25551600
    5.1051051     0.08970666     0.31434696
    5.1451452     0.09873567     0.29647743
    5.1851852     0.09969236     0.20899983
    5.2252252     0.09327303     0.11311058
    5.2652653     0.07865884     0.05554380
    5.3053053     0.05792563     0.03672195
    5.3453453     0.03713227     0.03536117
    5.3853854     0.02091940     0.04021909
    5.4254254     0.01082615     0.05667303
    5.4654655     0.00722157     0.08919756
    5.5055055     0.00969952     0.12381187
    5.5455455     0.01639019     0.13714815
    5.5855856     0.02507137     0.12241009
    5.6256256     0.03630244     0.09401207
    5.6656657     0.05210237     0.06703369
    5.7057057     0.06782557     0.04517858
    5.7457458     0.07199132     0.02797777
    5.7857858     0.06132500     0.01776834
    5.8258258     0.04850223     0.01667409
    5.8658659     0.04814092     0.02174109
    5.9059059     0.06186532     0.02642610
    5.9459459     0.08074338     0.02815463
    5.9859860     0.09698847     0.03294479
    6.0260260     0.11274333     0.04831734
    6.0660661     0.14013913     0.07146448
    6.1061061     0.18840587     0.09031484
    6.1461461     0.24654194     0.09751843
    6.1861862     0.28270565     0.09576537
    6.2262262     0.26834382     0.08953956
    6.2662663     0.20673118     0.08145900
    6.3063063     0.13318175     0.07677857
    6.3463464     0.08236049     0.08618175
    6.3863864     0.06047976     0.12143981
    6.4264264     0.05144363     0.17996313
    6.4664665     0.04047484     0.23098870
    6.5065065     0.02660442     0.23467745
    6.5465466     0.01919630     0.18747890
    6.5865866     0.03176319     0.13175996
    6.6266266     0.07784336     0.10831208
    6.6666667     0.15675795     0.11521620
    6.7067067     0.23560739     0.12259456
    6.7467467     0.26846757     0.11403386
    6.7867868     0.24928197     0.09983607
    6.8268268     0.21693286     0.09447537
    6.8668669     0.19584325     0.09557690
    6.9069069     0.17110641     0.08931965
    6.9469470     0.13139860     0.07195817
    6.9869870     0.09788697     0.06044178
    7.0270270     0.10733940     0.07767185
    7.0670671     0.18961119     0.12604911
    7.1071071     0.34211780     0.17821646
    7.1471472     0.50160041     0.20451824
    7.1871872     0.57165363     0.20752765
    7.2272272     0.51093982     0.20672819
    7.2672673     0.37419676     0.19780333
    7.3073073     0.24781421     0.16331613
    7.3473473     0.16940866     0.11489078
    7.3873874     0.12368644     0.09479517
    7.4274274     0.08688274     0.14474857
    7.4674675     0.05237407     0.27601313
    7.5075075     0.02533881     0.44142176
    7.5475475     0.00962128     0.54363945
    7.5875876     0.00321658     0.51176324
    7.6276276     0.00240912     0.36970495
    7.6676677     0.00724444     0.20708381
    7.7077077     0.02407308     0.09723767
    7.7477478     0.06137875     0.05987794
    7.7877878     0.11553816     0.07747357
    7.8278278     0.16104120     0.11525330
    7.8678679     0.17100567     0.13487688
    7.9079079     0.15305934     0.11941646
    7.9479479     0.14786857     0.08711053
    7.9879880     0.18442963     0.06810769
    8.0280280     0.24731845     0.07565641
    8.0680681     0.29333801     0.10444661
    8.1081081     0.29309684     0.14076816
    8.1481482     0.24908002     0.17052274
    8.1881882     0.18514520     0.18885393
    8.2282282     0.13685428     0.19812026
    8.2682683     0.14116456     0.19356147
    8.3083083     0.20682778     0.16650265
    8.3483484     0.28887304     0.12397447
    8.3883884     0.31668321     0.09235762
    8.4284284     0.26390815     0.09825866
    8.4684685     0.17237545     0.14384011
    8.5085085     0.10219472     0.19736230
    8.5485485     0.08635417     0.21756827
    8.5885886     0.12967880     0.19611247
    8.6286286     0.21661172     0.16742026
    8.6686687     0.31978384     0.17152047
    8.7087087     0.41786220     0.21248587
    8.7487488     0.49188609     0.25641988
    8.7887888     0.50906315     0.26844298
    8.8288288     0.44782803     0.24335598
    8.8688689     0.33046666     0.20266540
    8.9089089     0.20398004     0.17731876
    8.9489490     0.10483178     0.19272995
    8.9889890     0.04884775     0.26110944
    9.0290290     0.03654665     0.37372038
    9.0690691     0.05934792     0.48342478
    9.1091091     0.09833227     0.52261774
    9.1491491     0.12458307     0.47195341
    9.1891892     0.11980538     0.38083747
    9.2292292     0.09703514     0.30473689
    9.2692693     0.08547217     0.25701694
    9.3093093     0.09983639     0.21841654
    9.3493494     0.13686221     0.16746726
    9.3893894     0.18770438     0.10487307
    9.4294294     0.23681061     0.05048201
    9.4694695     0.26134214     0.01815328
    9.5095095     0.24769532     0.00505337
    9.5495496     0.20228505     0.00260286
    9.5895896     0.14229638     0.00821866
    9.6296296     0.08436172     0.02952464
    9.6696697     0.04055847     0.08139309
    9.7097097     0.01520882     0.16954665
    9.7497497     0.00432014     0.26598472
    9.7897898     0.00091247     0.31304454
    9.8298298     0.00014186     0.27636207
    9.8698699     0.00001689     0.18744151
    9.9099099     0.00000651     0.11123006
    9.9499500     0.00003386     0.08080560
    9.9899900     0.00021966     0.07957531
   10.0300300     0.00124427     0.07514340
   10.0700701     0.00551813     0.05504603
   10.1101101     0.01834827     0.02964501
   10.1501502     0.04528608     0.01161407
   10.1901902     0.08327346     0.00330518
   10.2302302     0.11528217     0.00070241
   10.2702703     0.12211766     0.00026778
   10.3103103     0.10251458     0.00098226
   10.3503504     0.07830902     0.00414857
   10.3903904     0.08082517     0.01299916
   10.4304304     0.12869433     0.03053776
   10.4704705     0.20673861     0.05678511
   10.5105105     0.26990361     0.09276113
   10.5505506     0.28550262     0.14668657
   10.5905906     0.26309431     0.21858918
   10.6306306     0.22576479     0.27422464
   10.6706707     0.17738124     0.26720341
   10.7107107     0.11962827     0.20003744
   10.7507508     0.07067623     0.12934542
   10.7907908     0.04693742     0.10283032
   10.8308308     0.04781804     0.11885932
   10.8708709     0.06901370     0.14814112
   10.9109109     0.11400493     0.17010714
   10.9509510     0.17868774     0.17759509
   10.9909910     0.23443135     0.16414883
   11.0310310     0.24635624     0.12843761
   11.0710711     0.20889241     0.08345632
   11.1111111     0.15077634     0.04869854
   11.1511512     0.10757707     0.04033179
   11.1911912     0.09717510     0.07046383
   11.2312312     0.11603692     0.14014037
   11.2712713     0.14942396     0.22215154
   11.3113113     0.17872398     0.26541405
   11.3513514     0.18246208     0.23970728
   11.3913914     0.15006110     0.17187921
   11.4314314     0.09895042     0.12043717
   11.4714715     0.05958088     0.11747436
   11.5115115     0.04370802     0.14254417
   11.5515516     0.04051282     0.15010304
   11.5915916     0.04000996     0.11919931
   11.6316316     0.05065541     0.06975092
   11.6716717     0.09171098     0.03261082
   11.7117117     0.16675849     0.02216789
   11.7517518     0.24704484     0.03856659
   11.7917918     0.29435982     0.07377294
   11.8318318     0.30272807     0.10734948
   11.8718719     0.30023016     0.11414026
   11.9119119     0.30789148     0.08867827
   11.9519520     0.31326163     0.05221776
   11.9919920     0.29115844     0.03221350
   12.0320320     0.24393263     0.04743672
   12.0720721     0.20614727     0.10769281
   12.1121121     0.19974114     0.20313971
   12.1521522     0.20370398     0.29437531
   12.1921922     0.19139517     0.34526836
   12.2322322     0.17588971     0.36624418
   12.2722723     0.18331282     0.38682427
   12.3123123     0.19969372     0.39756907
   12.3523524     0.18494401     0.37001488
   12.3923924     0.13106069     0.31508552
   12.4324324     0.07228608     0.26754746
   12.4724725     0.04585716     0.23280027
   12.5125125     0.06993403     0.19902920
   12.5525526     0.14494790     0.17875648
   12.5925926     0.24590932     0.18839611
   12.6326326     0.32449704     0.20447049
   12.6726727     0.34967617     0.18538374
   12.7127127     0.34027428     0.12780126
   12.7527528     0.33143617     0.06886906
   12.7927928     0.31867764     0.04452705
   12.8328328     0.26912679     0.07071351
   12.8728729     0.18356348     0.14631725
   12.9129129     0.10834246     0.24599415
   12.9529530     0.08493239     0.32542922
   12.9929930     0.11203591     0.36096769
   13.0330330     0.15017910     0.36949220
   13.0730731     0.15541301     0.36793597
   13.1131131     0.11880948     0.33829889
   13.1531532     0.06992166     0.26222748
   13.1931932     0.04009637     0.16785950
   13.2332332     0.03500760     0.10943533
   13.2732733     0.04011414     0.11101535
   13.3133133     0.03974743     0.14543439
   13.3533534     0.03007014     0.16218866
   13.3933934     0.01828000     0.13580545
   13.4334334     0.01306075     0.08600154
   13.4734735     0.01792366     0.04852680
   13.5135135     0.03011898     0.03961950
   13.5535536     0.04261325     0.05150110
   13.5935936     0.04971047     0.06687757
   13.6336336     0.05152019     0.07284337
   13.6736737     0.05214604     0.06626206
   13.7137137     0.05915630     0.05064269
   13.7537538     0.08539873     0.03279748
   13.7937938     0.13820080     0.02163243
   13.8338338     0.20109788     0.02519765
   13.8738739     0.24085174     0.04686786
   13.9139139     0.24181146     0.08125299
   13.9539540     0.21807015     0.11171803
   13.9939940     0.18714108     0.11885797
   14.0340340     0.15838755     0.10019867
   14.0740741     0.15264978     0.07846383
   14.1141141     0.19901014     0.08169837
   14.1541542     0.29207412     0.11455406
   14.1941942     0.36960644     0.15416712
   14.2342342     0.36645304     0.17719468
   14.2742743     0.29685358     0.18278878
   14.3143143     0.24659975     0.18210957
   14.3543544     0.27112356     0.18667790
   14.3943944     0.33087932     0.22107691
   14.4344344     0.34076553     0.30982595
   14.4744745     0.26747781     0.42307203
   14.5145145     0.15662337     0.47565104
   14.5545546     0.07064455     0.42281932
   14.5945946     0.03362285     0.32316995
   14.6346346     0.03819379     0.26442038
   14.6746747     0.07131208     0.25960910
   14.7147147     0.11679446     0.25337062
   14.7547548     0.14842402     0.20484628
   14.7947948     0.14309906     0.12910293
   14.8348348     0.10493464     0.06570245
   14.8748749     0.06285199     0.03917824
   14.9149149     0.04107119     0.05505230
   14.9549550     0.04000538     0.10590279
   14.9949950     0.04368454     0.16396433
   15.0350350     0.03878203     0.18725294
   15.0750751     0.02552354     0.15685329
   15.1151151     0.01225518     0.09825770
   15.1551552     0.00445120     0.05174862
   15.1951952     0.00232807     0.03451422
   15.2352352     0.00609449     0.03682183
   15.2752753     0.02017840     0.04012302
   15.3153153     0.04997607     0.03396483
   15.3553554     0.08993124     0.02109035
   15.3953954     0.11744678     0.00951925
   15.4354354     0.11132023     0.00311887
   15.4754755     0.07660894     0.00074232
   15.5155155     0.03836785     0.00013175
   15.5555556     0.01429921     0.00002981
   15.5955956     0.00509027     0.00004564
   15.6356356     0.00480928     0.00017555
   15.6756757     0.00931656     0.00090057
   15.7157157     0.01637757     0.00426600
   15.7557558     0.02537374     0.01552189
   15.7957958     0.03903012     0.04144409
   15.8358358     0.05931156     0.08047156
   15.8758759     0.07798088     0.11343522
   15.9159159     0.07978572     0.11606615
   15.9559560     0.06084245     0.08633203
   15.9959960     0.03500848     0.04746581
   16.0360360     0.01871729     0.02268137
   16.0760761     0.01811768     0.01981166
   16.1161161     0.03029807     0.03663384
   16.1561562     0.04934203     0.06473426
   16.1961962     0.07266251     0.08734669
   16.2362362     0.10266550     0.08758023
   16.2762763     0.13589633     0.06503338
   16.3163163     0.15477818     0.03685447
   16.3563564     0.14534911     0.02128886
   16.3963964     0.12429736     0.02780576
   16.4364364     0.13539180     0.05899333
   16.4764765     0.20939069     0.10871787
   16.5165165     0.32070530     0.15784579
   16.5565566     0.39060573     0.18435970
   16.5965966     0.35901499     0.18563483
   16.6366366     0.25253435     0.18599457
   16.6766767     0.15613015     0.21235188
   16.7167167     0.12801943     0.26347686
   16.7567568     0.16071804     0.31333019
   16.7967968     0.20508430     0.33754242
   16.8368368     0.22039835     0.32393583
   16.8768769     0.21623906     0.27186472
   16.9169169     0.24161587     0.20075938
   16.9569570     0.31554535     0.14842098
   16.9969970     0.38232871     0.14066201
   17.0370370     0.36742204     0.16867778
   17.0770771     0.27043408     0.21288511
   17.1171171     0.16642999     0.27536071
   17.1571572     0.12099844     0.35629918
   17.1971972     0.13552245     0.40966181
   17.2372372     0.16762202     0.37561926
   17.2772773     0.17998534     0.26025672
   17.3173173     0.16545639     0.13351289
   17.3573574     0.13604023     0.05096232
   17.3973974     0.10263551     0.01797657
   17.4374374     0.06985712     0.01960652
   17.4774775     0.04225911     0.05022742
   17.5175175     0.02768782     0.10754688
   17.5575576     0.03350397     0.16932197
   17.5975976     0.06080028     0.19603035
   17.6376376     0.10191663     0.17118918
   17.6776777     0.14695419     0.12262694
   17.7177177     0.19408084     0.08698990
   17.7577578     0.24319691     0.07171218
   17.7977978     0.27697528     0.06444796
   17.8378378     0.26597334     0.05830120
   17.8778779     0.20325534     0.05347845
   17.9179179     0.12034157     0.05043871
   17.9579580     0.05785400     0.05692442
   17.9979980     0.03128337     0.09299589
   18.0380380     0.02989617     0.17076734
   18.0780781     0.03521692     0.26391075
   18.1181181     0.03700281     0.31541117
   18.1581582     0.04003391     0.29356297
   18.1981982     0.05819568     0.22435433
   18.2382382     0.10210285     0.15418506
   18.2782783     0.17402586     0.10421263
   18.3183183     0.26689484     0.07085954
   18.3583584     0.35445347     0.04773510
   18.3983984     0.38997775     0.03846338
   18.4384384     0.34190914     0.05828469
   18.4784785     0.23388356     0.12540140
   18.5185185     0.12782794     0.23980856
   18.5585586     0.06947209     0.36237858
   18.5985986     0.06629400     0.42709306
   18.6386386     0.10434764     0.39257378
   18.6786787     0.16337700     0.28125549
   18.7187187     0.21757940     0.15887812
   18.7587588     0.23898470     0.07879909
   18.7987988     0.21621270     0.05136021
   18.8388388     0.16773476     0.05513679
   18.8788789     0.12184193     0.06424180
   18.9189189     0.09099185     0.07071913
   18.9589590     0.07763644     0.08866728
   18.9989990     0.08704350     0.13182096
   19.0390390     0.12030917     0.18581795
   19.0790791     0.16566271     0.21479567
   19.1191191     0.20124542     0.20035833
   19.1591592     0.20379942     0.16091954
   19.1991992     0.16520422     0.13041649
   19.2392392     0.10542151     0.12983745
   19.2792793     0.05723952     0.15698928
   19.3193193     0.03674681     0.19396209
   19.3593594     0.03539036     0.21912098
   19.3993994     0.03570309     0.21318713
   19.4394394     0.02881472     0.17013512
   19.4794795     0.01867446     0.10965980
   19.5195195     0.01418696     0.06336396
   19.5595596     0.02222352     0.04472459
   19.5995996     0.04783042     0.04233229
   19.6396396     0.09417968     0.03959933
   19.6796797     0.15546652     0.03201398
   19.7197197     0.20998302     0.02458885
   19.7597598     0.22893378     0.02020852
   19.7997998     0.20058792     0.01761880
   19.8398398     0.14286482     0.01962093
   19.8798799     0.08597509     0.03857218
   19.9199199     0.04812538     0.08915395
   19.9599600     0.03087329     0.16615074
   20.0000000     0.02623500     0.22935301
