#
#   partial DOS for atom species: Mn
#
#   Add data for atom_index =   4,  n,l,m,z=  3  2 -2  1
#   Add data for atom_index =   4,  n,l,m,z=  3  2 -1  1
#   Add data for atom_index =   4,  n,l,m,z=  3  2  0  1
#   Add data for atom_index =   4,  n,l,m,z=  3  2  1  1
#   Add data for atom_index =   4,  n,l,m,z=  3  2  2  1
#   Add data for atom_index =   4,  n,l,m,z=  3  2 -2  2
#   Add data for atom_index =   4,  n,l,m,z=  3  2 -1  2
#   Add data for atom_index =   4,  n,l,m,z=  3  2  0  2
#   Add data for atom_index =   4,  n,l,m,z=  3  2  1  2
#   Add data for atom_index =   4,  n,l,m,z=  3  2  2  2
#   Add data for atom_index =   4,  n,l,m,z=  3  2 -2  3
#   Add data for atom_index =   4,  n,l,m,z=  3  2 -1  3
#   Add data for atom_index =   4,  n,l,m,z=  3  2  0  3
#   Add data for atom_index =   4,  n,l,m,z=  3  2  1  3
#   Add data for atom_index =   4,  n,l,m,z=  3  2  2  3
#
#    Energy          spin 1        spin2
#
  -20.0000000     0.00000000     0.00000000
  -19.9599600     0.00000000     0.00000000
  -19.9199199     0.00000000     0.00000000
  -19.8798799     0.00000000     0.00000000
  -19.8398398     0.00000000     0.00000000
  -19.7997998     0.00000000     0.00000000
  -19.7597598     0.00000000     0.00000000
  -19.7197197     0.00000000     0.00000000
  -19.6796797     0.00000000     0.00000000
  -19.6396396     0.00000000     0.00000000
  -19.5995996     0.00000000     0.00000000
  -19.5595596     0.00000000     0.00000000
  -19.5195195     0.00000000     0.00000000
  -19.4794795     0.00000000     0.00000000
  -19.4394394     0.00000000     0.00000000
  -19.3993994     0.00000000     0.00000000
  -19.3593594     0.00000000     0.00000000
  -19.3193193     0.00000000     0.00000000
  -19.2792793     0.00000000     0.00000000
  -19.2392392     0.00000000     0.00000000
  -19.1991992     0.00000000     0.00000000
  -19.1591592     0.00000000     0.00000000
  -19.1191191     0.00000000     0.00000000
  -19.0790791     0.00000000     0.00000000
  -19.0390390     0.00000000     0.00000000
  -18.9989990     0.00000000     0.00000000
  -18.9589590     0.00000000     0.00000000
  -18.9189189     0.00000000     0.00000000
  -18.8788789     0.00000000     0.00000000
  -18.8388388     0.00000000     0.00000000
  -18.7987988     0.00000000     0.00000000
  -18.7587588     0.00000000     0.00000000
  -18.7187187     0.00000000     0.00000000
  -18.6786787     0.00000000     0.00000000
  -18.6386386     0.00000000     0.00000000
  -18.5985986     0.00000000     0.00000000
  -18.5585586     0.00000000     0.00000000
  -18.5185185     0.00000000     0.00000000
  -18.4784785     0.00000000     0.00000000
  -18.4384384     0.00000000     0.00000001
  -18.3983984     0.00000005     0.00000007
  -18.3583584     0.00000041     0.00000060
  -18.3183183     0.00000255     0.00000375
  -18.2782783     0.00001153     0.00001692
  -18.2382382     0.00003782     0.00005539
  -18.1981982     0.00009003     0.00013161
  -18.1581582     0.00015554     0.00022693
  -18.1181181     0.00019499     0.00028393
  -18.0780781     0.00017739     0.00025781
  -18.0380380     0.00011712     0.00016987
  -17.9979980     0.00005611     0.00008123
  -17.9579580     0.00001951     0.00002818
  -17.9179179     0.00000492     0.00000710
  -17.8778779     0.00000090     0.00000130
  -17.8378378     0.00000012     0.00000017
  -17.7977978     0.00000004     0.00000003
  -17.7577578     0.00000028     0.00000015
  -17.7177177     0.00000194     0.00000118
  -17.6776777     0.00000992     0.00000709
  -17.6376376     0.00003838     0.00003236
  -17.5975976     0.00011492     0.00011403
  -17.5575576     0.00027389     0.00031396
  -17.5175175     0.00052992     0.00067819
  -17.4774775     0.00083290     0.00114644
  -17.4374374     0.00104705     0.00151152
  -17.3973974     0.00103435     0.00155905
  -17.3573574     0.00079676     0.00127467
  -17.3173173     0.00048096     0.00084192
  -17.2772773     0.00023032     0.00045450
  -17.2372372     0.00008825     0.00019898
  -17.1971972     0.00002694     0.00006891
  -17.1571572     0.00000645     0.00001834
  -17.1171171     0.00000131     0.00000374
  -17.0770771     0.00000149     0.00000137
  -17.0370370     0.00000965     0.00000673
  -16.9969970     0.00005144     0.00003915
  -16.9569570     0.00020312     0.00016883
  -16.9169169     0.00060211     0.00054092
  -16.8768769     0.00136942     0.00131175
  -16.8368368     0.00246099     0.00248220
  -16.7967968     0.00361162     0.00382423
  -16.7567568     0.00445986     0.00502010
  -16.7167167     0.00473643     0.00577731
  -16.6766767     0.00436174     0.00580410
  -16.6366366     0.00343578     0.00492734
  -16.5965966     0.00223433     0.00338695
  -16.5565566     0.00114937     0.00181462
  -16.5165165     0.00045151     0.00073696
  -16.4764765     0.00013236     0.00022279
  -16.4364364     0.00002858     0.00004959
  -16.3963964     0.00000459     0.00000810
  -16.3563564     0.00000137     0.00000128
  -16.3163163     0.00000683     0.00000345
  -16.2762763     0.00004272     0.00002606
  -16.2362362     0.00020957     0.00014977
  -16.1961962     0.00078548     0.00063637
  -16.1561562     0.00220951     0.00198942
  -16.1161161     0.00460362     0.00455892
  -16.0760761     0.00704448     0.00763682
  -16.0360360     0.00787734     0.00933688
  -15.9959960     0.00642585     0.00834519
  -15.9559560     0.00385183     0.00554000
  -15.9159159     0.00180324     0.00296607
  -15.8758759     0.00089781     0.00168744
  -15.8358358     0.00075993     0.00133368
  -15.7957958     0.00079694     0.00114185
  -15.7557558     0.00068605     0.00079465
  -15.7157157     0.00045065     0.00041575
  -15.6756757     0.00028810     0.00019168
  -15.6356356     0.00039862     0.00021842
  -15.5955956     0.00093931     0.00062056
  -15.5555556     0.00191340     0.00157858
  -15.5155155     0.00295937     0.00303670
  -15.4754755     0.00346785     0.00441847
  -15.4354354     0.00317147     0.00497326
  -15.3953954     0.00246722     0.00454510
  -15.3553554     0.00191621     0.00367297
  -15.3153153     0.00164218     0.00294157
  -15.2752753     0.00153593     0.00278714
  -15.2352352     0.00188001     0.00386245
  -15.1951952     0.00331613     0.00661090
  -15.1551552     0.00587894     0.01000770
  -15.1151151     0.00820371     0.01164682
  -15.0750751     0.00846913     0.01008964
  -15.0350350     0.00646091     0.00656121
  -14.9949950     0.00394442     0.00359174
  -14.9549550     0.00287743     0.00280918
  -14.9149149     0.00392475     0.00445497
  -14.8748749     0.00633610     0.00780663
  -14.8348348     0.00864652     0.01140484
  -14.7947948     0.00980053     0.01366530
  -14.7547548     0.00967277     0.01381712
  -14.7147147     0.00864141     0.01228892
  -14.6746747     0.00745261     0.01052917
  -14.6346346     0.00708564     0.01008301
  -14.5945946     0.00775507     0.01123454
  -14.5545546     0.00876871     0.01323614
  -14.5145145     0.00981400     0.01555915
  -14.4744745     0.01094711     0.01727582
  -14.4344344     0.01124175     0.01641607
  -14.3943944     0.00946736     0.01229277
  -14.3543544     0.00614281     0.00715520
  -14.3143143     0.00323792     0.00398719
  -14.2742743     0.00215122     0.00396885
  -14.2342342     0.00293224     0.00627741
  -14.1941942     0.00476878     0.00908247
  -14.1541542     0.00678257     0.01137349
  -14.1141141     0.00910264     0.01468969
  -14.0740741     0.01295822     0.02141520
  -14.0340340     0.01847555     0.03021797
  -13.9939940     0.02286387     0.03545243
  -13.9539540     0.02273748     0.03306205
  -13.9139139     0.01807055     0.02508695
  -13.8738739     0.01202176     0.01656075
  -13.8338338     0.00726264     0.01021680
  -13.7937938     0.00419701     0.00593201
  -13.7537538     0.00224300     0.00321181
  -13.7137137     0.00115970     0.00234718
  -13.6736737     0.00113959     0.00403263
  -13.6336336     0.00258947     0.00858843
  -13.5935936     0.00576342     0.01493740
  -13.5535536     0.00999337     0.02058904
  -13.5135135     0.01354417     0.02340491
  -13.4734735     0.01483012     0.02299214
  -13.4334334     0.01370316     0.02076041
  -13.3933934     0.01163559     0.01937256
  -13.3533534     0.01065856     0.02030328
  -13.3133133     0.01126693     0.02152563
  -13.2732733     0.01165110     0.02064592
  -13.2332332     0.01030889     0.02002883
  -13.1931932     0.00876342     0.02497429
  -13.1531532     0.01019391     0.03669699
  -13.1131131     0.01559600     0.05022923
  -13.0730731     0.02226800     0.05911262
  -13.0330330     0.02661986     0.05912366
  -12.9929930     0.02758061     0.04905678
  -12.9529530     0.02577682     0.03241044
  -12.9129129     0.02128892     0.01645606
  -12.8728729     0.01472490     0.00655278
  -12.8328328     0.00830136     0.00362705
  -12.7927928     0.00393704     0.00809945
  -12.7527528     0.00198275     0.02328848
  -12.7127127     0.00248680     0.05138294
  -12.6726727     0.00661337     0.08451102
  -12.6326326     0.01598583     0.10480547
  -12.5925926     0.02976188     0.09963918
  -12.5525526     0.04263011     0.07395471
  -12.5125125     0.04775637     0.04417043
  -12.4724725     0.04266055     0.02450940
  -12.4324324     0.03153380     0.02061393
  -12.3923924     0.02138104     0.03035942
  -12.3523524     0.01584849     0.04698058
  -12.3123123     0.01350446     0.06393138
  -12.2722723     0.01236313     0.07884002
  -12.2322322     0.01398453     0.09137657
  -12.1921922     0.02134096     0.09842151
  -12.1521522     0.03366142     0.09404316
  -12.1121121     0.04537550     0.07530563
  -12.0720721     0.05052368     0.04816161
  -12.0320320     0.04690512     0.02432797
  -11.9919920     0.03636510     0.01129756
  -11.9519520     0.02341035     0.00906601
  -11.9119119     0.01300211     0.01562866
  -11.8718719     0.00779481     0.03063714
  -11.8318318     0.00785329     0.05217820
  -11.7917918     0.01229428     0.07305768
  -11.7517518     0.01896617     0.08363370
  -11.7117117     0.02389198     0.07867187
  -11.6716717     0.02474317     0.06273299
  -11.6316316     0.02408779     0.05074360
  -11.5915916     0.02579869     0.05932319
  -11.5515516     0.02958180     0.09178373
  -11.5115115     0.03246057     0.13214736
  -11.4714715     0.03491658     0.15955479
  -11.4314314     0.04189945     0.16785844
  -11.3913914     0.05544156     0.16319730
  -11.3513514     0.06855381     0.14822492
  -11.3113113     0.07089529     0.12380207
  -11.2712713     0.06002304     0.09934421
  -11.2312312     0.04351368     0.08434660
  -11.1911912     0.03109469     0.07536400
  -11.1511512     0.02794714     0.06360186
  -11.1111111     0.03357209     0.04863785
  -11.0710711     0.04242261     0.03672404
  -11.0310310     0.04719271     0.03179348
  -10.9909910     0.04564660     0.03226386
  -10.9509510     0.04165173     0.03297942
  -10.9109109     0.03809970     0.03100146
  -10.8708709     0.03416963     0.03144924
  -10.8308308     0.02910318     0.04397652
  -10.7907908     0.02319528     0.07111258
  -10.7507508     0.01656979     0.10220608
  -10.7107107     0.01019265     0.12088559
  -10.6706707     0.00656041     0.11760872
  -10.6306306     0.00869120     0.09480660
  -10.5905906     0.01889675     0.06433048
  -10.5505506     0.03590168     0.04153329
  -10.5105105     0.05165649     0.03702111
  -10.4704705     0.05551595     0.05248225
  -10.4304304     0.04495826     0.08672970
  -10.3903904     0.02835780     0.14150316
  -10.3503504     0.01522228     0.21242301
  -10.3103103     0.00806635     0.28088337
  -10.2702703     0.00460844     0.32921395
  -10.2302302     0.00310544     0.35125056
  -10.1901902     0.00380912     0.33943662
  -10.1501502     0.00778807     0.29294442
  -10.1101101     0.01607186     0.24262767
  -10.0700701     0.02996819     0.22808761
  -10.0300300     0.05148404     0.25311709
   -9.9899900     0.08065410     0.29836947
   -9.9499500     0.11051943     0.36520835
   -9.9099099     0.12910103     0.47043144
   -9.8698699     0.12960398     0.59503791
   -9.8298298     0.11391878     0.66583385
   -9.7897898     0.08763184     0.61772047
   -9.7497497     0.05972250     0.47396372
   -9.7097097     0.04196774     0.33527024
   -9.6696697     0.03924963     0.28517016
   -9.6296296     0.04397282     0.32457335
   -9.5895896     0.04570824     0.38764573
   -9.5495496     0.04355119     0.40643316
   -9.5095095     0.04517006     0.36871808
   -9.4694695     0.05827500     0.31317788
   -9.4294294     0.08746520     0.27451740
   -9.3893894     0.13052245     0.25938137
   -9.3493494     0.17122743     0.26943803
   -9.3093093     0.18938731     0.30948407
   -9.2692693     0.18407950     0.37529461
   -9.2292292     0.17034885     0.47081240
   -9.1891892     0.15349113     0.62054861
   -9.1491491     0.12667590     0.81806019
   -9.1091091     0.09071947     1.00042474
   -9.0690691     0.05918435     1.13709733
   -9.0290290     0.04572176     1.28649112
   -8.9889890     0.05361930     1.49250793
   -8.9489490     0.07298271     1.69380267
   -8.9089089     0.08652783     1.80973448
   -8.8688689     0.08626278     1.85089021
   -8.8288288     0.08481884     1.87676917
   -8.7887888     0.10039483     1.90853420
   -8.7487488     0.12949116     1.93520119
   -8.7087087     0.14826650     1.93469517
   -8.6686687     0.14646217     1.84971280
   -8.6286286     0.14095450     1.61897921
   -8.5885886     0.14397277     1.27846369
   -8.5485485     0.14115940     0.97509588
   -8.5085085     0.11766803     0.84546204
   -8.4684685     0.08541001     0.92447371
   -8.4284284     0.07049325     1.20371839
   -8.3883884     0.08635976     1.69589864
   -8.3483484     0.12205041     2.31162995
   -8.3083083     0.14833290     2.75691363
   -8.2682683     0.14047390     2.78606113
   -8.2282282     0.10155517     2.52221113
   -8.1881882     0.05885543     2.31853729
   -8.1481482     0.04015618     2.34742937
   -8.1081081     0.06091317     2.48597700
   -8.0680681     0.12117507     2.55152723
   -8.0280280     0.19580899     2.48527722
   -7.9879880     0.23983371     2.29657223
   -7.9479479     0.23031289     1.98750483
   -7.9079079     0.19669619     1.59057951
   -7.8678679     0.18824427     1.19978928
   -7.8278278     0.22144534     0.94614203
   -7.7877878     0.27633700     0.93943860
   -7.7477478     0.33248637     1.20218716
   -7.7077077     0.38663600     1.66343144
   -7.6676677     0.43522302     2.17986000
   -7.6276276     0.46919452     2.53446891
   -7.5875876     0.49618880     2.52274313
   -7.5475475     0.52776874     2.12495180
   -7.5075075     0.54072798     1.53883336
   -7.4674675     0.50748538     1.01430953
   -7.4274274     0.45915417     0.67960282
   -7.3873874     0.45591647     0.50607830
   -7.3473473     0.50384971     0.41023063
   -7.3073073     0.55883998     0.36438160
   -7.2672673     0.60543943     0.38509333
   -7.2272272     0.66846981     0.44849156
   -7.1871872     0.74545610     0.48852134
   -7.1471472     0.79630524     0.49052521
   -7.1071071     0.80616591     0.52985969
   -7.0670671     0.79963097     0.68163253
   -7.0270270     0.78487265     0.90455558
   -6.9869870     0.73303073     1.04338293
   -6.9469470     0.63959633     0.97705442
   -6.9069069     0.56532467     0.75164900
   -6.8668669     0.56456263     0.52410380
   -6.8268268     0.60248334     0.39871368
   -6.7867868     0.60411092     0.37491634
   -6.7467467     0.56353435     0.41616878
   -6.7067067     0.54367675     0.48436425
   -6.6666667     0.58520149     0.52618180
   -6.6266266     0.67696473     0.50509684
   -6.5865866     0.79807255     0.44525649
   -6.5465466     0.91813570     0.40576046
   -6.5065065     0.96591906     0.41771468
   -6.4664665     0.87546498     0.45270205
   -6.4264264     0.68250545     0.44912423
   -6.3863864     0.52806567     0.37770600
   -6.3463464     0.54155596     0.27798991
   -6.3063063     0.72997253     0.22253474
   -6.2662663     0.98260069     0.25129438
   -6.2262262     1.17611426     0.34290259
   -6.1861862     1.26933516     0.44584161
   -6.1461461     1.28985089     0.53048503
   -6.1061061     1.25187004     0.59488031
   -6.0660661     1.15178704     0.62822777
   -6.0260260     1.04984282     0.60322959
   -5.9859860     1.04073992     0.50757600
   -5.9459459     1.09988248     0.36665740
   -5.9059059     1.09997738     0.23560936
   -5.8658659     1.02560488     0.16182803
   -5.8258258     0.99495104     0.14651990
   -5.7857858     1.02482041     0.15166083
   -5.7457458     0.97163599     0.14570006
   -5.7057057     0.75764257     0.13141264
   -5.6656657     0.48918015     0.13048251
   -5.6256256     0.32154023     0.15686598
   -5.5855856     0.32974819     0.20880363
   -5.5455455     0.49771693     0.26737582
   -5.5055055     0.72623214     0.29808287
   -5.4654655     0.87007532     0.28093256
   -5.4254254     0.84658520     0.24524761
   -5.3853854     0.70142190     0.24459433
   -5.3453453     0.54927369     0.29123049
   -5.3053053     0.48788182     0.34369165
   -5.2652653     0.56969613     0.36116515
   -5.2252252     0.79461416     0.33684622
   -5.1851852     1.10053064     0.27868745
   -5.1451452     1.40294350     0.19869550
   -5.1051051     1.68840420     0.12304791
   -5.0650651     2.02381671     0.08140555
   -5.0250250     2.39414283     0.08324796
   -4.9849850     2.60359383     0.11263002
   -4.9449449     2.48569343     0.14228259
   -4.9049049     2.13913299     0.15399089
   -4.8648649     1.81436235     0.14894475
   -4.8248248     1.66580149     0.13861842
   -4.7847848     1.69608307     0.13237345
   -4.7447447     1.81788126     0.13477418
   -4.7047047     1.91497939     0.14057943
   -4.6646647     1.90376513     0.13296578
   -4.6246246     1.76446977     0.10222927
   -4.5845846     1.53104569     0.06110406
   -4.5445445     1.26159169     0.03066354
   -4.5045045     1.00486551     0.02015146
   -4.4644645     0.79141370     0.02591965
   -4.4244244     0.64338543     0.03997375
   -4.3843844     0.56596628     0.05641188
   -4.3443443     0.53663278     0.07536932
   -4.3043043     0.53332674     0.09829818
   -4.2642643     0.56413457     0.11604701
   -4.2242242     0.62624346     0.11236970
   -4.1841842     0.65698978     0.08530522
   -4.1441441     0.59798384     0.05351699
   -4.1041041     0.49094055     0.03696356
   -4.0640641     0.44079159     0.03979243
   -4.0240240     0.50483257     0.05345164
   -3.9839840     0.66770146     0.07025467
   -3.9439439     0.89473080     0.08894418
   -3.9039039     1.14964374     0.10697850
   -3.8638639     1.34876328     0.11532193
   -3.8238238     1.36622386     0.10665875
   -3.7837838     1.16394024     0.08542750
   -3.7437437     0.87860970     0.06620757
   -3.7037037     0.69383779     0.06113558
   -3.6636637     0.65071776     0.06819528
   -3.6236236     0.65126592     0.07305772
   -3.5835836     0.61633990     0.06416783
   -3.5435435     0.56101925     0.04431706
   -3.5035035     0.52064485     0.02534334
   -3.4634635     0.47887627     0.01570129
   -3.4234234     0.39944444     0.01672908
   -3.3833834     0.29261498     0.02690810
   -3.3433433     0.21434337     0.04451647
   -3.3033033     0.20194911     0.06433436
   -3.2632633     0.23199784     0.07551608
   -3.2232232     0.25254529     0.07020080
   -3.1831832     0.24135719     0.05348236
   -3.1431431     0.21077429     0.03826395
   -3.1031031     0.17324616     0.03212097
   -3.0630631     0.13214699     0.03287664
   -3.0230230     0.09552687     0.03406355
   -2.9829830     0.08126112     0.03326267
   -2.9429429     0.10982229     0.03633457
   -2.9029029     0.18388727     0.05286519
   -2.8628629     0.26739524     0.08495455
   -2.8228228     0.30465446     0.11816435
   -2.7827828     0.27919037     0.12927177
   -2.7427427     0.23588719     0.11049703
   -2.7027027     0.22824708     0.07892907
   -2.6626627     0.26122531     0.05553754
   -2.6226226     0.29684868     0.04463608
   -2.5825826     0.30299922     0.03849185
   -2.5425425     0.28707384     0.03181908
   -2.5025025     0.27781422     0.02575223
   -2.4624625     0.27784828     0.02254486
   -2.4224224     0.25796922     0.02177935
   -2.3823824     0.20566216     0.02245263
   -2.3423423     0.14716451     0.02658645
   -2.3023023     0.11075412     0.03712742
   -2.2622623     0.09815589     0.05083449
   -2.2222222     0.09841043     0.05857160
   -2.1821822     0.10533986     0.05711139
   -2.1421421     0.11795302     0.05421735
   -2.1021021     0.13993042     0.05667455
   -2.0620621     0.17689468     0.06081207
   -2.0220220     0.22414695     0.05973204
   -1.9819820     0.26522767     0.05269047
   -1.9419419     0.28730549     0.04349459
   -1.9019019     0.28603346     0.03520669
   -1.8618619     0.25945259     0.03047939
   -1.8218218     0.21431320     0.03417163
   -1.7817818     0.16912871     0.04929801
   -1.7417417     0.13589169     0.06885282
   -1.7017017     0.10977798     0.07848018
   -1.6616617     0.08461242     0.07126678
   -1.6216216     0.06757295     0.05424577
   -1.5815816     0.07213661     0.03869409
   -1.5415415     0.10121805     0.03078204
   -1.5015015     0.14251147     0.03307340
   -1.4614615     0.17899927     0.04829206
   -1.4214214     0.19884450     0.07494264
   -1.3813814     0.19920632     0.10151714
   -1.3413413     0.18629171     0.11405447
   -1.3013013     0.16499500     0.10966993
   -1.2612613     0.13271515     0.09728158
   -1.2212212     0.09421622     0.08806060
   -1.1811812     0.06793054     0.08640041
   -1.1411411     0.06452988     0.08607619
   -1.1011011     0.07145484     0.07744512
   -1.0610611     0.06834581     0.05962418
   -1.0210210     0.05146053     0.04095398
   -0.9809810     0.03514632     0.02941236
   -0.9409409     0.03321235     0.02740546
   -0.9009009     0.04668499     0.03178196
   -0.8608609     0.06826334     0.03535268
   -0.8208208     0.09311521     0.03306366
   -0.7807808     0.12346533     0.02885748
   -0.7407407     0.16277747     0.03388077
   -0.7007007     0.20494652     0.05681935
   -0.6606607     0.23366360     0.09306653
   -0.6206206     0.23890498     0.12205605
   -0.5805806     0.22535048     0.12413257
   -0.5405405     0.19928285     0.10306585
   -0.5005005     0.16305991     0.08082147
   -0.4604605     0.12401865     0.07167809
   -0.4204204     0.09317245     0.07308477
   -0.3803804     0.07560424     0.07545202
   -0.3403403     0.07067438     0.07082980
   -0.3003003     0.07889243     0.05787991
   -0.2602603     0.10353401     0.04327262
   -0.2202202     0.14761874     0.03444085
   -0.1801802     0.20634164     0.03142097
   -0.1401401     0.25662343     0.02926662
   -0.1001001     0.26729080     0.02546669
   -0.0600601     0.23139898     0.02097401
   -0.0200200     0.17419794     0.01720508
    0.0200200     0.12508594     0.01573590
    0.0600601     0.09643817     0.01844572
    0.1001001     0.08541410     0.02515520
    0.1401401     0.08262510     0.03200486
    0.1801802     0.07996836     0.03418545
    0.2202202     0.07407514     0.03078756
    0.2602603     0.06411921     0.02537768
    0.3003003     0.05163040     0.02173777
    0.3403403     0.04276100     0.02193290
    0.3803804     0.04414813     0.02810681
    0.4204204     0.05478152     0.04079353
    0.4604605     0.06512996     0.05410600
    0.5005005     0.06587240     0.05802521
    0.5405405     0.05739399     0.04839403
    0.5805806     0.05040961     0.03156977
    0.6206206     0.05645595     0.01767316
    0.6606607     0.07639697     0.01202699
    0.7007007     0.09832311     0.01403013
    0.7407407     0.10705686     0.02094115
    0.7807808     0.09534928     0.03023206
    0.8208208     0.06840338     0.03920633
    0.8608609     0.04013373     0.04441439
    0.9009009     0.02371555     0.04419432
    0.9409409     0.02429587     0.04355410
    0.9809810     0.03841453     0.05323197
    1.0210210     0.05668973     0.07903544
    1.0610611     0.06790549     0.11204791
    1.1011011     0.06529127     0.13323761
    1.1411411     0.05233192     0.13036401
    1.1811812     0.04230390     0.10813614
    1.2212212     0.04897566     0.08066798
    1.2612613     0.07460385     0.06036063
    1.3013013     0.10550074     0.05589546
    1.3413413     0.12085948     0.06962964
    1.3813814     0.10947876     0.09082753
    1.4214214     0.07861865     0.10162528
    1.4614615     0.04612390     0.09587981
    1.5015015     0.02704079     0.08410177
    1.5415415     0.02908994     0.07690836
    1.5815816     0.05405553     0.07233417
    1.6216216     0.09613576     0.06319371
    1.6616617     0.14264329     0.04970534
    1.7017017     0.18240285     0.03871563
    1.7417417     0.20745272     0.03419434
    1.7817818     0.20664215     0.03320632
    1.8218218     0.17378938     0.03002796
    1.8618619     0.12146491     0.02240730
    1.9019019     0.07196713     0.01326604
    1.9419419     0.03833420     0.00669113
    1.9819820     0.02141105     0.00412748
    2.0220220     0.01811686     0.00483045
    2.0620621     0.02590838     0.00794551
    2.1021021     0.04157648     0.01259610
    2.1421421     0.05915666     0.01694313
    2.1821822     0.06979304     0.01982268
    2.2222222     0.06588048     0.02355125
    2.2622623     0.04838791     0.03160448
    2.3023023     0.02772477     0.04239747
    2.3423423     0.01435711     0.04954663
    2.3823824     0.01101821     0.05082177
    2.4224224     0.01436620     0.05392713
    2.4624625     0.02048415     0.06923120
    2.5025025     0.02822545     0.09452102
    2.5425425     0.03907784     0.11114752
    2.5825826     0.05334528     0.10294773
    2.6226226     0.06566915     0.07497473
    2.6626627     0.06818906     0.04605935
    2.7027027     0.06178444     0.03018267
    2.7427427     0.06005892     0.03033771
    2.7827828     0.07744901     0.04223374
    2.8228228     0.11218621     0.05922288
    2.8628629     0.14104651     0.07608768
    2.9029029     0.13852479     0.08912543
    2.9429429     0.10539487     0.09346528
    2.9829830     0.06782211     0.08427451
    3.0230230     0.04744150     0.06353155
    3.0630631     0.04499134     0.04197413
    3.1031031     0.05149811     0.02970606
    3.1431431     0.06158681     0.02723145
    3.1831832     0.07255987     0.02819535
    3.2232232     0.07983693     0.02741076
    3.2632633     0.07996598     0.02469511
    3.3033033     0.07397007     0.02435354
    3.3433433     0.06370584     0.03128618
    3.3833834     0.04966939     0.04446558
    3.4234234     0.03517146     0.05547615
    3.4634635     0.02678746     0.05684793
    3.5035035     0.02728643     0.04970476
    3.5435435     0.03192975     0.04103521
    3.5835836     0.03423942     0.03705878
    3.6236236     0.03280196     0.03931663
    3.6636637     0.03043013     0.04285857
    3.7037037     0.02988999     0.04054482
    3.7437437     0.03308227     0.03240465
    3.7837838     0.04113530     0.02636747
    3.8238238     0.05186939     0.02774545
    3.8638639     0.05875603     0.03250035
    3.9039039     0.05700013     0.03291150
    3.9439439     0.05117043     0.02695422
    3.9839840     0.05039781     0.01897678
    4.0240240     0.05466501     0.01279610
    4.0640641     0.05392154     0.00846434
    4.1041041     0.04264074     0.00556985
    4.1441441     0.02730809     0.00635932
    4.1841842     0.01825138     0.01528055
    4.2242242     0.02062167     0.03584844
    4.2642643     0.03243858     0.06535282
    4.3043043     0.04596154     0.09220876
    4.3443443     0.05237424     0.10448752
    4.3843844     0.04835749     0.10377826
    4.4244244     0.03777149     0.10228969
    4.4644645     0.02707644     0.10309622
    4.5045045     0.02013104     0.09573367
    4.5445445     0.01756102     0.07522184
    4.5845846     0.01997218     0.05136549
    4.6246246     0.02997609     0.03532362
    4.6646647     0.05127880     0.02842894
    4.7047047     0.08545932     0.02640691
    4.7447447     0.12657023     0.02605337
    4.7847848     0.15921024     0.02584641
    4.8248248     0.16671784     0.02597888
    4.8648649     0.14392013     0.03019925
    4.9049049     0.10197136     0.04315359
    4.9449449     0.06039280     0.06299638
    4.9849850     0.03287008     0.07953267
    5.0250250     0.02016245     0.08259792
    5.0650651     0.01569757     0.07205635
    5.1051051     0.01421306     0.05820113
    5.1451452     0.01410004     0.05108190
    5.1851852     0.01605388     0.05030136
    5.2252252     0.02312912     0.04742618
    5.2652653     0.03975368     0.03731897
    5.3053053     0.06577707     0.02374933
    5.3453453     0.09141297     0.01394526
    5.3853854     0.10350422     0.01105870
    5.4254254     0.09810108     0.01265094
    5.4654655     0.08210286     0.01442209
    5.5055055     0.06330057     0.01465123
    5.5455455     0.04485700     0.01479767
    5.5855856     0.02883450     0.01602484
    5.6256256     0.01836766     0.01725622
    5.6656657     0.01434192     0.01772691
    5.7057057     0.01375285     0.02017916
    5.7457458     0.01301580     0.03020335
    5.7857858     0.01122824     0.05087968
    5.8258258     0.01000015     0.07681813
    5.8658659     0.01155032     0.09507997
    5.9059059     0.01769037     0.09498621
    5.9459459     0.02991195     0.07827188
    5.9859860     0.04733287     0.05794608
    6.0260260     0.06260824     0.04510359
    6.0660661     0.06480628     0.03905760
    6.1061061     0.05092575     0.03290787
    6.1461461     0.03022244     0.02502453
    6.1861862     0.01431214     0.02080670
    6.2262262     0.00795652     0.02505310
    6.2662663     0.01051463     0.03597848
    6.3063063     0.02089805     0.04714248
    6.3463464     0.03787514     0.05392547
    6.3863864     0.05677237     0.05589270
    6.4264264     0.07050423     0.05350051
    6.4664665     0.07689846     0.04710676
    6.5065065     0.07978779     0.03984681
    6.5465466     0.08020109     0.03694038
    6.5865866     0.07478695     0.04046084
    6.6266266     0.06415230     0.04747462
    6.6666667     0.05379303     0.05358828
    6.7067067     0.04695686     0.05540773
    6.7467467     0.04280625     0.05106309
    6.7867868     0.04071787     0.04253716
    6.8268268     0.04185358     0.03652681
    6.8668669     0.04597763     0.03969706
    6.9069069     0.04993718     0.05193514
    6.9469470     0.05020388     0.06536713
    6.9869870     0.04556154     0.07340954
    7.0270270     0.03854584     0.07979177
    7.0670671     0.03521199     0.09263558
    7.1071071     0.04074153     0.11173886
    7.1471472     0.05331829     0.12823298
    7.1871872     0.06349198     0.13498242
    7.2272272     0.06236704     0.13226896
    7.2672673     0.05228344     0.12206256
    7.3073073     0.04668039     0.10315248
    7.3473473     0.05691512     0.07963633
    7.3873874     0.08186488     0.06796972
    7.4274274     0.11159598     0.08403160
    7.4674675     0.13704734     0.12139893
    7.5075075     0.15273497     0.14947656
    7.5475475     0.15455839     0.14318218
    7.5875876     0.14270786     0.11108410
    7.6276276     0.12644940     0.08146351
    7.6676677     0.12121528     0.06836085
    7.7077077     0.13687459     0.06638281
    7.7477478     0.16607182     0.06939414
    7.7877878     0.18727925     0.07653536
    7.8278278     0.18148465     0.08196140
    7.8678679     0.14535852     0.07466286
    7.9079079     0.09317457     0.05296088
    7.9479479     0.04668778     0.02838042
    7.9879880     0.01895975     0.01274055
    8.0280280     0.00863799     0.01022883
    8.0680681     0.00763767     0.02152757
    8.1081081     0.00972357     0.04581909
    8.1481482     0.01436839     0.07542291
    8.1881882     0.02653180     0.09560001
    8.2282282     0.05055565     0.09646847
    8.2682683     0.08118504     0.08349796
    8.3083083     0.10409133     0.07338886
    8.3483484     0.10989007     0.07848957
    8.3883884     0.10394813     0.09320915
    8.4284284     0.09764098     0.09962617
    8.4684685     0.09531720     0.09065252
    8.5085085     0.09622690     0.08049403
    8.5485485     0.10161692     0.08669941
    8.5885886     0.10993292     0.10903432
    8.6286286     0.11321575     0.13301197
    8.6686687     0.10716677     0.14945822
    8.7087087     0.09685578     0.16151575
    8.7487488     0.08777762     0.17550922
    8.7887888     0.07840954     0.19376167
    8.8288288     0.06725054     0.21065929
    8.8688689     0.06376855     0.21046718
    8.9089089     0.08494225     0.18158192
    8.9489490     0.13990498     0.13637338
    8.9889890     0.21640058     0.10225481
    9.0290290     0.27779789     0.09232870
    9.0690691     0.28501357     0.09488356
    9.1091091     0.23407081     0.08941886
    9.1491491     0.15926068     0.06795602
    9.1891892     0.09492870     0.04059235
    9.2292292     0.05207429     0.02213952
    9.2692693     0.02939134     0.01882686
    9.3093093     0.02700344     0.02887913
    9.3493494     0.04529825     0.04950012
    9.3893894     0.07557080     0.07781136
    9.4294294     0.09706076     0.10523672
    9.4694695     0.09217585     0.12116266
    9.5095095     0.06496410     0.12941380
    9.5495496     0.03577165     0.14647553
    9.5895896     0.02140522     0.17348703
    9.6296296     0.02890845     0.18946314
    9.6696697     0.05952519     0.18164470
    9.7097097     0.10452327     0.16169651
    9.7497497     0.14134995     0.14463710
    9.7897898     0.14991934     0.12930744
    9.8298298     0.13554052     0.10642021
    9.8698699     0.12619333     0.07707723
    9.9099099     0.14439444     0.05559549
    9.9499500     0.18312506     0.05417966
    9.9899900     0.21087247     0.07136180
   10.0300300     0.20405391     0.09755870
   10.0700701     0.17081011     0.12698717
   10.1101101     0.13746338     0.16054089
   10.1501502     0.11710973     0.19629164
   10.1901902     0.10079653     0.22069242
   10.2302302     0.07899112     0.21965839
   10.2702703     0.05794208     0.19923375
   10.3103103     0.04952550     0.18046691
   10.3503504     0.05974012     0.17284048
   10.3903904     0.09162705     0.16684808
   10.4304304     0.14141575     0.15131955
   10.4704705     0.18729610     0.12508326
   10.5105105     0.20368970     0.09371181
   10.5505506     0.19277608     0.06678523
   10.5905906     0.18228721     0.05588918
   10.6306306     0.18930777     0.06506579
   10.6706707     0.20301746     0.08470959
   10.7107107     0.20540880     0.10127172
   10.7507508     0.19288330     0.10980488
   10.7907908     0.17101299     0.11246447
   10.8308308     0.14388939     0.11247952
   10.8708709     0.11553269     0.11570215
   10.9109109     0.09008726     0.12836722
   10.9509510     0.07011954     0.14645126
   10.9909910     0.06015949     0.15692217
   11.0310310     0.06697129     0.15310615
   11.0710711     0.09339018     0.13826763
   11.1111111     0.13251424     0.11765651
   11.1511512     0.16857484     0.09692974
   11.1911912     0.18638729     0.07979389
   11.2312312     0.17936434     0.06384641
   11.2712713     0.15085357     0.04759324
   11.3113113     0.11513238     0.03935425
   11.3513514     0.09124482     0.05496460
   11.3913914     0.08523161     0.10778567
   11.4314314     0.08336278     0.19332691
   11.4714715     0.07007622     0.27756221
   11.5115115     0.04646479     0.31388313
   11.5515516     0.02597730     0.28454310
   11.5915916     0.02016044     0.21656647
   11.6316316     0.03513532     0.15192893
   11.6716717     0.07588471     0.11327051
   11.7117117     0.14363898     0.09636335
   11.7517518     0.22165067     0.08376083
   11.7917918     0.26993909     0.06637403
   11.8318318     0.25772655     0.05457930
   11.8718719     0.20469273     0.06588029
   11.9119119     0.16223992     0.10124161
   11.9519520     0.15095536     0.13554240
   11.9919920     0.14476009     0.13784711
   12.0320320     0.11776562     0.10375980
   12.0720721     0.07881561     0.05836853
   12.1121121     0.05263306     0.02741532
   12.1521522     0.04696883     0.01808676
   12.1921922     0.04890618     0.02487488
   12.2322322     0.04577448     0.04140487
   12.2722723     0.04201123     0.06805502
   12.3123123     0.05384838     0.11277175
   12.3523524     0.08768782     0.17661517
   12.3923924     0.12494857     0.23680545
   12.4324324     0.13654071     0.26095103
   12.4724725     0.11895812     0.24388647
   12.5125125     0.10466326     0.21117379
   12.5525526     0.12617774     0.18157241
   12.5925926     0.17784528     0.14914771
   12.6326326     0.22259393     0.10624862
   12.6726727     0.23310833     0.06129351
   12.7127127     0.21261601     0.02818101
   12.7527528     0.17623171     0.01250010
   12.7927928     0.13596927     0.01283508
   12.8328328     0.10654752     0.02736008
   12.8728729     0.09892979     0.05286912
   12.9129129     0.10270667     0.07934075
   12.9529530     0.09483595     0.09236133
   12.9929930     0.06870414     0.08530036
   13.0330330     0.04035539     0.06687572
   13.0730731     0.02753274     0.05261796
   13.1131131     0.03369581     0.04996806
   13.1531532     0.04919622     0.05593242
   13.1931932     0.06208098     0.06811827
   13.2332332     0.07045388     0.09098195
   13.2732733     0.08227431     0.12617359
   13.3133133     0.10042759     0.16034072
   13.3533534     0.11611416     0.17207546
   13.3933934     0.11963521     0.15301897
   13.4334334     0.10906611     0.11447485
   13.4734735     0.08976923     0.07398207
   13.5135135     0.07344373     0.04410681
   13.5535536     0.07172361     0.03177029
   13.5935936     0.08414210     0.04187782
   13.6336336     0.09863206     0.08149559
   13.6736737     0.10508959     0.15253400
   13.7137137     0.10274959     0.23075166
   13.7537538     0.09922448     0.27089006
   13.7937938     0.11006543     0.25737003
   13.8338338     0.15097789     0.22980660
   13.8738739     0.21544282     0.23248009
   13.9139139     0.26530270     0.26098021
   13.9539540     0.26637134     0.27745543
   13.9939940     0.23245577     0.25923824
   14.0340340     0.20978769     0.21977821
   14.0740741     0.22110242     0.18571916
   14.1141141     0.24514855     0.16410829
   14.1541542     0.24400558     0.14777211
   14.1941942     0.19942956     0.14104978
   14.2342342     0.12936763     0.15373520
   14.2742743     0.07146853     0.18090536
   14.3143143     0.05208226     0.20989197
   14.3543544     0.07481907     0.23218843
   14.3943944     0.12663808     0.23557836
   14.4344344     0.18357004     0.20796756
   14.4744745     0.22051979     0.16243442
   14.5145145     0.22748737     0.13716538
   14.5545546     0.21403835     0.16127771
   14.5945946     0.19462903     0.23396757
   14.6346346     0.17726242     0.33702830
   14.6746747     0.17144925     0.44948276
   14.7147147     0.19378757     0.53616207
   14.7547548     0.25120164     0.54297493
   14.7947948     0.32618518     0.44483336
   14.8348348     0.39628387     0.28985427
   14.8748749     0.45971732     0.15907806
   14.9149149     0.51130874     0.09430740
   14.9549550     0.51033925     0.08600966
   14.9949950     0.42551222     0.10755159
   15.0350350     0.29590398     0.14054174
   15.0750751     0.19593604     0.17986495
   15.1151151     0.15661114     0.22448413
   15.1551552     0.15325136     0.26072179
   15.1951952     0.14960108     0.26516448
   15.2352352     0.13294465     0.23518396
   15.2752753     0.11795564     0.19804749
   15.3153153     0.12776092     0.17647788
   15.3553554     0.17133188     0.16500731
   15.3953954     0.23524299     0.14827639
   15.4354354     0.29106772     0.12685711
   15.4754755     0.31025054     0.11806073
   15.5155155     0.27910128     0.13211980
   15.5555556     0.20737675     0.15228739
   15.5955956     0.12398099     0.15027229
   15.6356356     0.05824273     0.12076647
   15.6756757     0.02201706     0.08817449
   15.7157157     0.01135322     0.07925936
   15.7557558     0.02169180     0.09657686
   15.7957958     0.05476646     0.11964898
   15.8358358     0.10814189     0.12932507
   15.8758759     0.16289669     0.12317094
   15.9159159     0.19295153     0.10683215
   15.9559560     0.18784307     0.08839452
   15.9959960     0.15780258     0.08472462
   16.0360360     0.12275494     0.11145533
   16.0760761     0.10346107     0.15811795
   16.1161161     0.10925388     0.18942450
   16.1561562     0.12857974     0.18450257
   16.1961962     0.14473973     0.16647969
   16.2362362     0.15744722     0.18137226
   16.2762763     0.17233770     0.25199292
   16.3163163     0.18024199     0.35217942
   16.3563564     0.16819369     0.41689365
   16.3963964     0.13923151     0.39057889
   16.4364364     0.10726882     0.28150336
   16.4764765     0.08652535     0.15460095
   16.5165165     0.08954978     0.06765652
   16.5565566     0.12254428     0.03372617
   16.5965966     0.18188843     0.03631158
   16.6366366     0.25367038     0.05316414
   16.6766767     0.31086601     0.06740298
   16.7167167     0.32412908     0.07516100
   16.7567568     0.28751165     0.08570346
   16.7967968     0.22542416     0.11058305
   16.8368368     0.16959982     0.15633535
   16.8768769     0.13180162     0.22479484
   16.9169169     0.10145743     0.31215174
   16.9569570     0.06968437     0.40436215
   16.9969970     0.04649910     0.47190106
   17.0370370     0.05411448     0.47632942
   17.0770771     0.11227898     0.39882607
   17.1171171     0.21989462     0.26744067
   17.1571572     0.33899013     0.14301962
   17.1971972     0.41688283     0.07213356
   17.2372372     0.43566025     0.06175971
   17.2772773     0.41195310     0.09056230
   17.3173173     0.35309425     0.12622002
   17.3573574     0.25943024     0.13921302
   17.3973974     0.15890884     0.11871708
   17.4374374     0.09348647     0.07802169
   17.4774775     0.07685817     0.03954632
   17.5175175     0.08841556     0.01598449
   17.5575576     0.10154785     0.00741541
   17.5975976     0.10437872     0.01062278
   17.6376376     0.09606771     0.02517295
   17.6776777     0.07975124     0.05094226
   17.7177177     0.06526613     0.08369848
   17.7577578     0.06491421     0.11514991
   17.7977978     0.08104360     0.13512255
   17.8378378     0.10459472     0.13552876
   17.8778779     0.12203065     0.11984143
   17.9179179     0.12024542     0.10754890
   17.9579580     0.09645678     0.12318652
   17.9979980     0.06608539     0.17790352
   18.0380380     0.05074211     0.25725860
   18.0780781     0.06253506     0.33354580
   18.1181181     0.10759465     0.39729457
   18.1581582     0.19025913     0.46124116
   18.1981982     0.29538976     0.52471213
   18.2382382     0.37888883     0.55206362
   18.2782783     0.40295149     0.50764116
   18.3183183     0.37539738     0.41282095
   18.3583584     0.33246477     0.33848446
   18.3983984     0.29456982     0.32521558
   18.4384384     0.25864691     0.34240823
   18.4784785     0.22259405     0.33931248
   18.5185185     0.20203975     0.30418206
   18.5585586     0.21985022     0.26396941
   18.5985986     0.27890882     0.24752239
   18.6386386     0.35697732     0.25687715
   18.6786787     0.43107160     0.27155407
   18.7187187     0.48294591     0.27267424
   18.7587588     0.48471039     0.25521227
   18.7987988     0.41781345     0.22932880
   18.8388388     0.30587814     0.21437215
   18.8788789     0.20064957     0.21528432
   18.9189189     0.13930586     0.21672899
   18.9589590     0.12734543     0.22007610
   18.9989990     0.14977373     0.25414890
   19.0390390     0.18305305     0.31922946
   19.0790791     0.20451937     0.36066592
   19.1191191     0.21422317     0.34425023
   19.1591592     0.24590476     0.32414122
   19.1991992     0.32771540     0.37898529
   19.2392392     0.43181357     0.49855539
   19.2792793     0.48902795     0.59158769
   19.3193193     0.45675677     0.60109575
   19.3593594     0.35927976     0.54559164
   19.3993994     0.26327067     0.45001477
   19.4394394     0.23304930     0.32130548
   19.4794795     0.31089631     0.19031135
   19.5195195     0.49219243     0.10575062
   19.5595596     0.68547786     0.09302994
   19.5995996     0.74976825     0.15193565
   19.6396396     0.62679987     0.26717845
   19.6796797     0.40274821     0.39164127
   19.7197197     0.20911295     0.44893200
   19.7597598     0.10857203     0.39614019
   19.7997998     0.09338044     0.27311438
   19.8398398     0.13588933     0.16260885
   19.8798799     0.20905021     0.11876640
   19.9199199     0.28632275     0.14257069
   19.9599600     0.34353544     0.19270336
   20.0000000     0.35842599     0.21235638
