#
#   partial DOS for atom species: Ni
#
#   Add data for atom_index =   2,  n,l,m,z=  3  2 -2  1
#   Add data for atom_index =   2,  n,l,m,z=  3  2 -1  1
#   Add data for atom_index =   2,  n,l,m,z=  3  2  0  1
#   Add data for atom_index =   2,  n,l,m,z=  3  2  1  1
#   Add data for atom_index =   2,  n,l,m,z=  3  2  2  1
#   Add data for atom_index =   2,  n,l,m,z=  3  2 -2  2
#   Add data for atom_index =   2,  n,l,m,z=  3  2 -1  2
#   Add data for atom_index =   2,  n,l,m,z=  3  2  0  2
#   Add data for atom_index =   2,  n,l,m,z=  3  2  1  2
#   Add data for atom_index =   2,  n,l,m,z=  3  2  2  2
#   Add data for atom_index =   2,  n,l,m,z=  3  2 -2  3
#   Add data for atom_index =   2,  n,l,m,z=  3  2 -1  3
#   Add data for atom_index =   2,  n,l,m,z=  3  2  0  3
#   Add data for atom_index =   2,  n,l,m,z=  3  2  1  3
#   Add data for atom_index =   2,  n,l,m,z=  3  2  2  3
#   Add data for atom_index =   3,  n,l,m,z=  3  2 -2  1
#   Add data for atom_index =   3,  n,l,m,z=  3  2 -1  1
#   Add data for atom_index =   3,  n,l,m,z=  3  2  0  1
#   Add data for atom_index =   3,  n,l,m,z=  3  2  1  1
#   Add data for atom_index =   3,  n,l,m,z=  3  2  2  1
#   Add data for atom_index =   3,  n,l,m,z=  3  2 -2  2
#   Add data for atom_index =   3,  n,l,m,z=  3  2 -1  2
#   Add data for atom_index =   3,  n,l,m,z=  3  2  0  2
#   Add data for atom_index =   3,  n,l,m,z=  3  2  1  2
#   Add data for atom_index =   3,  n,l,m,z=  3  2  2  2
#   Add data for atom_index =   3,  n,l,m,z=  3  2 -2  3
#   Add data for atom_index =   3,  n,l,m,z=  3  2 -1  3
#   Add data for atom_index =   3,  n,l,m,z=  3  2  0  3
#   Add data for atom_index =   3,  n,l,m,z=  3  2  1  3
#   Add data for atom_index =   3,  n,l,m,z=  3  2  2  3
#   Add data for atom_index =   4,  n,l,m,z=  3  2 -2  1
#   Add data for atom_index =   4,  n,l,m,z=  3  2 -1  1
#   Add data for atom_index =   4,  n,l,m,z=  3  2  0  1
#   Add data for atom_index =   4,  n,l,m,z=  3  2  1  1
#   Add data for atom_index =   4,  n,l,m,z=  3  2  2  1
#   Add data for atom_index =   4,  n,l,m,z=  3  2 -2  2
#   Add data for atom_index =   4,  n,l,m,z=  3  2 -1  2
#   Add data for atom_index =   4,  n,l,m,z=  3  2  0  2
#   Add data for atom_index =   4,  n,l,m,z=  3  2  1  2
#   Add data for atom_index =   4,  n,l,m,z=  3  2  2  2
#   Add data for atom_index =   4,  n,l,m,z=  3  2 -2  3
#   Add data for atom_index =   4,  n,l,m,z=  3  2 -1  3
#   Add data for atom_index =   4,  n,l,m,z=  3  2  0  3
#   Add data for atom_index =   4,  n,l,m,z=  3  2  1  3
#   Add data for atom_index =   4,  n,l,m,z=  3  2  2  3
#
#    Energy          spin 1        spin2
#
  -20.0000000     0.00000000     0.00000000
  -19.9599600     0.00000000     0.00000000
  -19.9199199     0.00000000     0.00000000
  -19.8798799     0.00000000     0.00000000
  -19.8398398     0.00000000     0.00000000
  -19.7997998     0.00000000     0.00000000
  -19.7597598     0.00000000     0.00000000
  -19.7197197     0.00000000     0.00000000
  -19.6796797     0.00000000     0.00000000
  -19.6396396     0.00000000     0.00000000
  -19.5995996     0.00000000     0.00000000
  -19.5595596     0.00000000     0.00000000
  -19.5195195     0.00000000     0.00000000
  -19.4794795     0.00000000     0.00000000
  -19.4394394     0.00000000     0.00000000
  -19.3993994     0.00000000     0.00000000
  -19.3593594     0.00000000     0.00000000
  -19.3193193     0.00000000     0.00000000
  -19.2792793     0.00000000     0.00000000
  -19.2392392     0.00000000     0.00000000
  -19.1991992     0.00000000     0.00000000
  -19.1591592     0.00000000     0.00000000
  -19.1191191     0.00000000     0.00000000
  -19.0790791     0.00000000     0.00000000
  -19.0390390     0.00000000     0.00000000
  -18.9989990     0.00000001     0.00000000
  -18.9589590     0.00000006     0.00000003
  -18.9189189     0.00000053     0.00000028
  -18.8788789     0.00000319     0.00000183
  -18.8388388     0.00001385     0.00000885
  -18.7987988     0.00004362     0.00003100
  -18.7587588     0.00009969     0.00007882
  -18.7187187     0.00016532     0.00014544
  -18.6786787     0.00019895     0.00019477
  -18.6386386     0.00017374     0.00018927
  -18.5985986     0.00011011     0.00013347
  -18.5585586     0.00005064     0.00006831
  -18.5185185     0.00001690     0.00002537
  -18.4784785     0.00000409     0.00000684
  -18.4384384     0.00000072     0.00000134
  -18.3983984     0.00000011     0.00000020
  -18.3583584     0.00000029     0.00000014
  -18.3183183     0.00000305     0.00000142
  -18.2782783     0.00002360     0.00001224
  -18.2382382     0.00013271     0.00007674
  -18.1981982     0.00054156     0.00034929
  -18.1581582     0.00160378     0.00115368
  -18.1181181     0.00344661     0.00276522
  -18.0780781     0.00537508     0.00480973
  -18.0380380     0.00608310     0.00607098
  -17.9979980     0.00499589     0.00556089
  -17.9579580     0.00297747     0.00369639
  -17.9179179     0.00128775     0.00178303
  -17.8778779     0.00040417     0.00062415
  -17.8378378     0.00009205     0.00015855
  -17.7977978     0.00001522     0.00002923
  -17.7577578     0.00000187     0.00000393
  -17.7177177     0.00000088     0.00000067
  -17.6776777     0.00000769     0.00000354
  -17.6376376     0.00005945     0.00003036
  -17.5975976     0.00033389     0.00019064
  -17.5575576     0.00136094     0.00086872
  -17.5175175     0.00402551     0.00287279
  -17.4774775     0.00864070     0.00689404
  -17.4374374     0.01345936     0.01200580
  -17.3973974     0.01521415     0.01517246
  -17.3573574     0.01248010     0.01391452
  -17.3173173     0.00742910     0.00926036
  -17.2772773     0.00320923     0.00447234
  -17.2372372     0.00100604     0.00156744
  -17.1971972     0.00022886     0.00039865
  -17.1571572     0.00003778     0.00007358
  -17.1171171     0.00000453     0.00000985
  -17.0770771     0.00000039     0.00000096
  -17.0370370     0.00000002     0.00000007
  -16.9969970     0.00000000     0.00000000
  -16.9569570     0.00000000     0.00000000
  -16.9169169     0.00000000     0.00000000
  -16.8768769     0.00000000     0.00000000
  -16.8368368     0.00000000     0.00000000
  -16.7967968     0.00000000     0.00000000
  -16.7567568     0.00000000     0.00000000
  -16.7167167     0.00000000     0.00000000
  -16.6766767     0.00000000     0.00000000
  -16.6366366     0.00000000     0.00000000
  -16.5965966     0.00000000     0.00000000
  -16.5565566     0.00000000     0.00000000
  -16.5165165     0.00000000     0.00000000
  -16.4764765     0.00000000     0.00000000
  -16.4364364     0.00000009     0.00000003
  -16.3963964     0.00000126     0.00000054
  -16.3563564     0.00001344     0.00000635
  -16.3163163     0.00010385     0.00005460
  -16.2762763     0.00058241     0.00034063
  -16.2362362     0.00237026     0.00154221
  -16.1961962     0.00700023     0.00506709
  -16.1561562     0.01500292     0.01208149
  -16.1161161     0.02333385     0.02090400
  -16.0760761     0.02633568     0.02624738
  -16.0360360     0.02156999     0.02391607
  -15.9959960     0.01282044     0.01581397
  -15.9559560     0.00552972     0.00758821
  -15.9159159     0.00173082     0.00264232
  -15.8758759     0.00039315     0.00066770
  -15.8358358     0.00006497     0.00012250
  -15.7957958     0.00001029     0.00001736
  -15.7557558     0.00002923     0.00001492
  -15.7157157     0.00023327     0.00012125
  -15.6756757     0.00138229     0.00079808
  -15.6356356     0.00594531     0.00381536
  -15.5955956     0.01855655     0.01323665
  -15.5555556     0.04203076     0.03332479
  -15.5155155     0.06908512     0.06088416
  -15.4754755     0.08240417     0.08072139
  -15.4354354     0.07132821     0.07766420
  -15.3953954     0.04480441     0.05422576
  -15.3553554     0.02042340     0.02747824
  -15.3153153     0.00675607     0.01011637
  -15.2752753     0.00162290     0.00273382
  -15.2352352     0.00028781     0.00059556
  -15.1951952     0.00005409     0.00017580
  -15.1551552     0.00005336     0.00011113
  -15.1151151     0.00011360     0.00007827
  -15.0750751     0.00022212     0.00005129
  -15.0350350     0.00037236     0.00005962
  -14.9949950     0.00050753     0.00013245
  -14.9549550     0.00053427     0.00027098
  -14.9149149     0.00042053     0.00041339
  -14.8748749     0.00024344     0.00045886
  -14.8348348     0.00010286     0.00036971
  -14.7947948     0.00003162     0.00021621
  -14.7547548     0.00000706     0.00009214
  -14.7147147     0.00000115     0.00003210
  -14.6746747     0.00000022     0.00003232
  -14.6346346     0.00000093     0.00012819
  -14.5945946     0.00000728     0.00045126
  -14.5545546     0.00004191     0.00116149
  -14.5145145     0.00017550     0.00217002
  -14.4744745     0.00053685     0.00294223
  -14.4344344     0.00121391     0.00289611
  -14.3943944     0.00209347     0.00207858
  -14.3543544     0.00295143     0.00114237
  -14.3143143     0.00376636     0.00071692
  -14.2742743     0.00457169     0.00111222
  -14.2342342     0.00494215     0.00234171
  -14.1941942     0.00430490     0.00389971
  -14.1541542     0.00283944     0.00474970
  -14.1141141     0.00138050     0.00420096
  -14.0740741     0.00049038     0.00269795
  -14.0340340     0.00013547     0.00127212
  -13.9939940     0.00011725     0.00055283
  -13.9539540     0.00070004     0.00089338
  -13.9139139     0.00378063     0.00379161
  -13.8738739     0.01495289     0.01394466
  -13.8338338     0.04315655     0.03939093
  -13.7937938     0.09096696     0.08404370
  -13.7537538     0.14019627     0.13396231
  -13.7137137     0.15829115     0.15825544
  -13.6736737     0.13161248     0.13787346
  -13.6336336     0.08210716     0.08857675
  -13.5935936     0.04120731     0.04288209
  -13.5535536     0.02016979     0.01808254
  -13.5135135     0.01184868     0.01063768
  -13.4734735     0.00778868     0.01019441
  -13.4334334     0.00654603     0.01077288
  -13.3933934     0.01283808     0.01456255
  -13.3533534     0.03448841     0.03061028
  -13.3133133     0.07435272     0.06625720
  -13.2732733     0.11776268     0.11240590
  -13.2332332     0.13627211     0.14077022
  -13.1931932     0.11635710     0.12919742
  -13.1531532     0.07576321     0.08754366
  -13.1131131     0.04207111     0.04616216
  -13.0730731     0.02785934     0.02577929
  -13.0330330     0.03070034     0.02734166
  -12.9929930     0.04113343     0.03936691
  -12.9529530     0.04679400     0.04686562
  -12.9129129     0.04033572     0.04141360
  -12.8728729     0.02582139     0.02722836
  -12.8328328     0.01254010     0.01463943
  -12.7927928     0.00508692     0.01031860
  -12.7527528     0.00268766     0.01655483
  -12.7127127     0.00467325     0.03379270
  -12.6726727     0.01369974     0.05747747
  -12.6326326     0.03311258     0.07527474
  -12.5925926     0.05912250     0.07507735
  -12.5525526     0.07799701     0.05786262
  -12.5125125     0.08022653     0.03921576
  -12.4724725     0.07747369     0.03815392
  -12.4324324     0.09246901     0.06490310
  -12.3923924     0.12777271     0.11210610
  -12.3523524     0.15621401     0.15418286
  -12.3123123     0.15078424     0.16579664
  -12.2722723     0.11531607     0.14855316
  -12.2322322     0.07943234     0.13475862
  -12.1921922     0.07744846     0.16062462
  -12.1521522     0.13487264     0.23433426
  -12.1121121     0.24702398     0.32461122
  -12.0720721     0.35733106     0.37621416
  -12.0320320     0.39005761     0.34856161
  -11.9919920     0.32785817     0.25353949
  -11.9519520     0.23021266     0.14809061
  -11.9119119     0.16378536     0.08556564
  -11.8718719     0.14144711     0.08233053
  -11.8318318     0.13477387     0.11855448
  -11.7917918     0.12161841     0.15562367
  -11.7517518     0.10462640     0.16771226
  -11.7117117     0.09592790     0.16811628
  -11.6716717     0.10605775     0.19079393
  -11.6316316     0.14214554     0.24771343
  -11.5915916     0.20071127     0.32508200
  -11.5515516     0.26480732     0.41184770
  -11.5115115     0.31457099     0.50281720
  -11.4714715     0.34414829     0.57472547
  -11.4314314     0.36458287     0.58116609
  -11.3913914     0.37787904     0.49193353
  -11.3513514     0.36283399     0.34258561
  -11.3113113     0.30634585     0.22321017
  -11.2712713     0.23021982     0.21276657
  -11.2312312     0.18048068     0.33487288
  -11.1911912     0.20898021     0.54930198
  -11.1511512     0.35545654     0.76702110
  -11.1111111     0.62111341     0.91811849
  -11.0710711     0.95120868     1.03076463
  -11.0310310     1.24989280     1.19555015
  -10.9909910     1.42824927     1.42719723
  -10.9509510     1.45921608     1.62073689
  -10.9109109     1.40126101     1.67802962
  -10.8708709     1.36796273     1.61334610
  -10.8308308     1.44297463     1.51043492
  -10.7907908     1.58773344     1.43863041
  -10.7507508     1.65801156     1.40847453
  -10.7107107     1.56149397     1.36600529
  -10.6706707     1.37664977     1.26376157
  -10.6306306     1.26708805     1.17110486
  -10.5905906     1.29750275     1.25868860
  -10.5505506     1.39414586     1.61307467
  -10.5105105     1.50416647     2.08929513
  -10.4704705     1.70976148     2.39213565
  -10.4304304     2.07268150     2.33845051
  -10.3903904     2.45463775     2.06570174
  -10.3503504     2.69731141     1.92708695
  -10.3103103     2.87332667     2.12588180
  -10.2702703     3.09600925     2.52070652
  -10.2302302     3.22882988     2.81859023
  -10.1901902     3.06907984     2.85293556
  -10.1501502     2.68968883     2.65023475
  -10.1101101     2.37310172     2.34728046
  -10.0700701     2.27362241     2.10029980
  -10.0300300     2.29192576     1.99611912
   -9.9899900     2.27646630     2.00475489
   -9.9499500     2.21771588     2.06292641
   -9.9099099     2.18274526     2.18580700
   -9.8698699     2.19252415     2.43490941
   -9.8298298     2.26327915     2.80400846
   -9.7897898     2.42998231     3.20313430
   -9.7497497     2.65119751     3.56775691
   -9.7097097     2.83570019     3.89580828
   -9.6696697     2.98800990     4.09878764
   -9.6296296     3.19194226     3.98013335
   -9.5895896     3.45113819     3.53064302
   -9.5495496     3.64588856     3.04857323
   -9.5095095     3.64811299     2.78628542
   -9.4694695     3.42422161     2.67155956
   -9.4294294     3.04031951     2.54719019
   -9.3893894     2.63442364     2.52920660
   -9.3493494     2.38640756     2.86608895
   -9.3093093     2.41916041     3.46443367
   -9.2692693     2.69424031     3.89206964
   -9.2292292     3.08640436     3.95081609
   -9.1891892     3.55364662     3.92453696
   -9.1491491     4.08598901     4.12279482
   -9.1091091     4.47980177     4.45543204
   -9.0690691     4.45655514     4.63733032
   -9.0290290     4.12536261     4.62368943
   -8.9889890     3.98886122     4.65840081
   -8.9489490     4.35564493     4.95837224
   -8.9089089     5.03336979     5.42097270
   -8.8688689     5.66479423     5.66019645
   -8.8288288     6.10689484     5.40026685
   -8.7887888     6.37850758     4.78888028
   -8.7487488     6.42086771     4.19448826
   -8.7087087     6.09745658     3.77360183
   -8.6686687     5.44133160     3.42158584
   -8.6286286     4.78839021     3.07241556
   -8.5885886     4.49765824     2.82359733
   -8.5485485     4.51132104     2.81673484
   -8.5085085     4.41457791     3.15773399
   -8.4684685     3.98300080     3.84099600
   -8.4284284     3.40813880     4.62757755
   -8.3883884     3.01122470     5.17970064
   -8.3483484     3.00926681     5.43438312
   -8.3083083     3.46622229     5.64474586
   -8.2682683     4.22693088     5.97319976
   -8.2282282     4.93733751     6.25014144
   -8.1881882     5.28225017     6.22246626
   -8.1481482     5.25335347     5.88157391
   -8.1081081     5.10236167     5.38929461
   -8.0680681     4.97214224     4.81656812
   -8.0280280     4.75158701     4.20475819
   -7.9879880     4.36933838     3.71357944
   -7.9479479     3.97069774     3.43007781
   -7.9079079     3.72369847     3.21912563
   -7.8678679     3.62855402     2.94532581
   -7.8278278     3.55628726     2.64798437
   -7.7877878     3.39205652     2.40035770
   -7.7477478     3.09237474     2.16507018
   -7.7077077     2.66875080     1.88199252
   -7.6676677     2.23480825     1.61867623
   -7.6276276     1.99593414     1.53554332
   -7.5875876     2.04063100     1.67501523
   -7.5475475     2.21730164     1.85403468
   -7.5075075     2.32118337     1.86550409
   -7.4674675     2.28941380     1.75685255
   -7.4274274     2.15013666     1.79027653
   -7.3873874     1.92573020     2.12879086
   -7.3473473     1.64462353     2.62717809
   -7.3073073     1.34388686     2.93781701
   -7.2672673     1.05275207     2.84780425
   -7.2272272     0.83869786     2.49361502
   -7.1871872     0.80933276     2.16079310
   -7.1471472     1.00063937     1.95258841
   -7.1071071     1.32444176     1.80062226
   -7.0670671     1.66590627     1.68458478
   -7.0270270     1.95287454     1.62878520
   -6.9869870     2.10088771     1.56755487
   -6.9469470     2.02155816     1.41741763
   -6.9069069     1.74385897     1.21663443
   -6.8668669     1.40755074     1.05816658
   -6.8268268     1.12506920     0.95326924
   -6.7867868     0.94630014     0.84065852
   -6.7467467     0.89011641     0.68629461
   -6.7067067     0.90944913     0.53315224
   -6.6666667     0.89349515     0.47163789
   -6.6266266     0.78417295     0.57970954
   -6.5865866     0.65377255     0.86514612
   -6.5465466     0.61203847     1.21567927
   -6.5065065     0.67338404     1.41956854
   -6.4664665     0.78016478     1.33738265
   -6.4264264     0.90373729     1.07902630
   -6.3863864     1.03888001     0.90181817
   -6.3463464     1.16061405     0.90922399
   -6.3063063     1.25008006     0.95792077
   -6.2662663     1.29147943     0.88004742
   -6.2262262     1.24582130     0.68880763
   -6.1861862     1.11251257     0.52750701
   -6.1461461     0.96153017     0.50138042
   -6.1061061     0.83858371     0.60275679
   -6.0660661     0.72093766     0.74732199
   -6.0260260     0.60566886     0.84357450
   -5.9859860     0.55232670     0.84201623
   -5.9459459     0.59962797     0.74901803
   -5.9059059     0.70684525     0.61432908
   -5.8658659     0.80320157     0.49522801
   -5.8258258     0.83942035     0.41837541
   -5.7857858     0.78923722     0.38214461
   -5.7457458     0.66311305     0.38620431
   -5.7057057     0.52953081     0.43381274
   -5.6656657     0.47939181     0.50584285
   -5.6256256     0.53632856     0.56183760
   -5.5855856     0.61498502     0.57724338
   -5.5455455     0.61304715     0.55591352
   -5.5055055     0.53285338     0.50786292
   -5.4654655     0.46057012     0.44084192
   -5.4254254     0.44516187     0.37213330
   -5.3853854     0.45094377     0.33896534
   -5.3453453     0.42465415     0.38142350
   -5.3053053     0.36409497     0.48860680
   -5.2652653     0.30034574     0.58107504
   -5.2252252     0.24968861     0.58924906
   -5.1851852     0.21437159     0.52923324
   -5.1451452     0.19881874     0.46656649
   -5.1051051     0.19841494     0.43764985
   -5.0650651     0.19756338     0.42933771
   -5.0250250     0.19595008     0.40595293
   -4.9849850     0.21931847     0.35032720
   -4.9449449     0.28698199     0.28199658
   -4.9049049     0.36816904     0.22520524
   -4.8648649     0.39714700     0.18343605
   -4.8248248     0.35692841     0.16020377
   -4.7847848     0.31559003     0.16782474
   -4.7447447     0.34047479     0.20293769
   -4.7047047     0.40466328     0.24379046
   -4.6646647     0.42151529     0.27551195
   -4.6246246     0.35623709     0.29305175
   -4.5845846     0.25735712     0.28285264
   -4.5445445     0.18512718     0.23238972
   -4.5045045     0.16028644     0.16088625
   -4.4644645     0.18360844     0.11698422
   -4.4244244     0.25358817     0.14088003
   -4.3843844     0.34828310     0.23079565
   -4.3443443     0.42514326     0.33615556
   -4.3043043     0.45837833     0.39046315
   -4.2642643     0.45511504     0.36702412
   -4.2242242     0.42425162     0.29428019
   -4.1841842     0.35661535     0.21456648
   -4.1441441     0.25429683     0.14837847
   -4.1041041     0.15332272     0.09798182
   -4.0640641     0.09210797     0.06327165
   -4.0240240     0.07268479     0.04726616
   -3.9839840     0.06854992     0.05135585
   -3.9439439     0.06008511     0.06655348
   -3.9039039     0.04997849     0.07437042
   -3.8638639     0.04783146     0.06370905
   -3.8238238     0.05442789     0.04349513
   -3.7837838     0.06776195     0.03357980
   -3.7437437     0.09293480     0.04744614
   -3.7037037     0.13170931     0.08209990
   -3.6636637     0.16733869     0.11746194
   -3.6236236     0.17736139     0.13149681
   -3.5835836     0.16023222     0.12194651
   -3.5435435     0.13262268     0.10465385
   -3.5035035     0.10523516     0.09013066
   -3.4634635     0.07920811     0.07469804
   -3.4234234     0.05971816     0.05572848
   -3.3833834     0.05546693     0.04370292
   -3.3433433     0.06649600     0.05455819
   -3.3033033     0.08247302     0.09401415
   -3.2632633     0.09499144     0.14903718
   -3.2232232     0.10857372     0.19269638
   -3.1831832     0.13397189     0.20198022
   -3.1431431     0.17037251     0.17674837
   -3.1031031     0.20202998     0.13916108
   -3.0630631     0.21345622     0.10991187
   -3.0230230     0.20356357     0.09049728
   -2.9829830     0.18409095     0.07304400
   -2.9429429     0.16460801     0.05796438
   -2.9029029     0.14546781     0.05550007
   -2.8628629     0.12899652     0.07556213
   -2.8228228     0.12454528     0.11831335
   -2.7827828     0.13298120     0.16772843
   -2.7427427     0.13739480     0.19404195
   -2.7027027     0.12123686     0.17573619
   -2.6626627     0.08896195     0.12283673
   -2.6226226     0.05789354     0.06695612
   -2.5825826     0.03672030     0.03033595
   -2.5425425     0.02258750     0.01524251
   -2.5025025     0.01209617     0.01602667
   -2.4624625     0.00540157     0.02874742
   -2.4224224     0.00359531     0.05095112
   -2.3823824     0.00888795     0.07843250
   -2.3423423     0.02647520     0.10141636
   -2.3023023     0.05991116     0.10549768
   -2.2622623     0.09970342     0.08463848
   -2.2222222     0.12224578     0.05113919
   -2.1821822     0.11093584     0.02430231
   -2.1421421     0.07510740     0.01430286
   -2.1021021     0.03951212     0.02187252
   -2.0620621     0.02213822     0.04422702
   -2.0220220     0.02911452     0.07496982
   -1.9819820     0.05989978     0.10492277
   -1.9419419     0.10522027     0.12874062
   -1.9019019     0.14573651     0.14529257
   -1.8618619     0.16430551     0.14847737
   -1.8218218     0.15707650     0.12859234
   -1.7817818     0.12916501     0.08849759
   -1.7417417     0.08918906     0.04655183
   -1.7017017     0.04959426     0.01882624
   -1.6616617     0.02148502     0.00819741
   -1.6216216     0.00750889     0.01135141
   -1.5815816     0.00391155     0.02625954
   -1.5415415     0.00733636     0.04858365
   -1.5015015     0.01697714     0.06675769
   -1.4614615     0.03220999     0.06997586
   -1.4214214     0.05182293     0.06059689
   -1.3813814     0.07526535     0.05012550
   -1.3413413     0.09927122     0.04581747
   -1.3013013     0.11399170     0.04887045
   -1.2612613     0.11203327     0.05856742
   -1.2212212     0.10126282     0.07162775
   -1.1811812     0.09682586     0.08455000
   -1.1411411     0.09958513     0.09683909
   -1.1011011     0.09579483     0.10667542
   -1.0610611     0.08059148     0.11344354
   -1.0210210     0.06673632     0.12823873
   -0.9809810     0.06470585     0.16212136
   -0.9409409     0.06843288     0.20058145
   -0.9009009     0.06909130     0.21282286
   -0.8608609     0.07172609     0.18753417
   -0.8208208     0.08764553     0.13975349
   -0.7807808     0.11542960     0.08901880
   -0.7407407     0.13645089     0.04740783
   -0.7007007     0.13127989     0.02026562
   -0.6606607     0.10196258     0.00670457
   -0.6206206     0.07230648     0.00168714
   -0.5805806     0.06222955     0.00042602
   -0.5405405     0.07021226     0.00081599
   -0.5005005     0.08310696     0.00384023
   -0.4604605     0.09256862     0.01406587
   -0.4204204     0.09648512     0.03843505
   -0.3803804     0.09216257     0.07918104
   -0.3403403     0.07941702     0.12526740
   -0.3003003     0.06928197     0.15764764
   -0.2602603     0.07721548     0.16930518
   -0.2202202     0.10463606     0.17146773
   -0.1801802     0.13516295     0.17085987
   -0.1401401     0.14961646     0.15499320
   -0.1001001     0.13912590     0.11490706
   -0.0600601     0.10780420     0.06622771
   -0.0200200     0.07104766     0.03345773
    0.0200200     0.04837830     0.02780536
    0.0600601     0.05059943     0.04541253
    0.1001001     0.07166509     0.07246056
    0.1401401     0.09313866     0.09088193
    0.1801802     0.09814647     0.09029131
    0.2202202     0.08284190     0.07408086
    0.2602603     0.05600992     0.05148995
    0.3003003     0.03037780     0.03009230
    0.3403403     0.01489970     0.01556813
    0.3803804     0.01345363     0.01235027
    0.4204204     0.02750001     0.02373071
    0.4604605     0.05401745     0.04935255
    0.5005005     0.07959953     0.07862187
    0.5405405     0.08653276     0.09251425
    0.5805806     0.07115558     0.08104640
    0.6206206     0.04761251     0.05462573
    0.6606607     0.03023459     0.03136689
    0.7007007     0.02186291     0.01909400
    0.7407407     0.01872732     0.01424574
    0.7807808     0.01679268     0.01250449
    0.8208208     0.01366486     0.01557350
    0.8608609     0.00990924     0.02825946
    0.9009009     0.00851449     0.04994664
    0.9409409     0.01150983     0.07004853
    0.9809810     0.01734847     0.07597637
    1.0210210     0.02255677     0.06725213
    1.0610611     0.02710544     0.05879772
    1.1011011     0.03613065     0.06988053
    1.1411411     0.05176809     0.10837078
    1.1811812     0.06518279     0.15918643
    1.2212212     0.06554293     0.18886989
    1.2612613     0.05843368     0.17284527
    1.3013013     0.06642981     0.12082184
    1.3413413     0.10507764     0.06707101
    1.3813814     0.15830776     0.03819199
    1.4214214     0.18543979     0.03741346
    1.4614615     0.16368596     0.05267288
    1.5015015     0.11673734     0.07156024
    1.5415415     0.08832016     0.08939740
    1.5815816     0.09548728     0.10297613
    1.6216216     0.11681843     0.10361424
    1.6616617     0.12230074     0.08928378
    1.7017017     0.10991308     0.07598186
    1.7417417     0.10603718     0.08037751
    1.7817818     0.12781231     0.09695369
    1.8218218     0.15823549     0.10761258
    1.8618619     0.16953208     0.10985963
    1.9019019     0.15908743     0.11774335
    1.9419419     0.14346914     0.13451366
    1.9819820     0.12880689     0.14244988
    2.0220220     0.11179548     0.12471127
    2.0620621     0.09893113     0.08648280
    2.1021021     0.10143317     0.05028955
    2.1421421     0.11799511     0.03713623
    2.1821822     0.13466416     0.05645831
    2.2222222     0.13832798     0.10568290
    2.2622623     0.12973065     0.16875461
    2.3023023     0.12517013     0.21954438
    2.3423423     0.14119474     0.23868104
    2.3823824     0.17411745     0.22748430
    2.4224224     0.19858138     0.20046239
    2.4624625     0.19465162     0.17128160
    2.5025025     0.17341238     0.15145037
    2.5425425     0.16439955     0.14899554
    2.5825826     0.17948789     0.15890291
    2.6226226     0.19770534     0.16616091
    2.6626627     0.18897480     0.16383608
    2.7027027     0.14931985     0.15777206
    2.7427427     0.10190143     0.15148875
    2.7827828     0.06835204     0.13748382
    2.8228228     0.05520117     0.10843993
    2.8628629     0.05932503     0.07027634
    2.9029029     0.07015618     0.03830479
    2.9429429     0.07366259     0.02320235
    2.9829830     0.06354213     0.02369573
    3.0230230     0.04469319     0.02995376
    3.0630631     0.02568891     0.03294608
    3.1031031     0.01240687     0.03388292
    3.1431431     0.00766631     0.04424142
    3.1831832     0.01446838     0.07314408
    3.2232232     0.03805871     0.11440899
    3.2632633     0.08018071     0.14845327
    3.3033033     0.12900823     0.15884780
    3.3433433     0.16163285     0.14629271
    3.3833834     0.16181074     0.12367765
    3.4234234     0.13173082     0.09910179
    3.4634635     0.08794984     0.07213369
    3.5035035     0.05125949     0.04628407
    3.5435435     0.03671446     0.03319998
    3.5835836     0.04646492     0.04215435
    3.6236236     0.06833751     0.06991590
    3.6636637     0.08304213     0.10060268
    3.7037037     0.08004811     0.11748833
    3.7437437     0.06694091     0.11548773
    3.7837838     0.05729051     0.09856959
    3.8238238     0.05288800     0.07180966
    3.8638639     0.04635717     0.04240187
    3.9039039     0.03753273     0.01932204
    3.9439439     0.03702215     0.00659280
    3.9839840     0.05286918     0.00169885
    4.0240240     0.07948168     0.00062045
    4.0640641     0.10260723     0.00168476
    4.1041041     0.11411350     0.00621998
    4.1441441     0.11818454     0.01718563
    4.1841842     0.12151301     0.03506999
    4.2242242     0.12130996     0.05408785
    4.2642643     0.10968248     0.06717444
    4.3043043     0.08959538     0.07805331
    4.3443443     0.07597701     0.10273685
    4.3843844     0.07966189     0.15173538
    4.4244244     0.10251125     0.21097909
    4.4644645     0.14846542     0.24975241
    4.5045045     0.21928481     0.25431805
    4.5445445     0.29052873     0.24341880
    4.5845846     0.31550480     0.24130749
    4.6246246     0.27159922     0.24728782
    4.6646647     0.18753298     0.24153962
    4.7047047     0.11286260     0.21143592
    4.7447447     0.07222200     0.16479090
    4.7847848     0.05702210     0.12083613
    4.8248248     0.05076459     0.09078360
    4.8648649     0.04747318     0.07127885
    4.9049049     0.04605914     0.05776046
    4.9449449     0.04253252     0.05323327
    4.9849850     0.03658033     0.06018819
    5.0250250     0.03818184     0.07440567
    5.0650651     0.05977067     0.08879833
    5.1051051     0.10186501     0.09642465
    5.1451452     0.14874416     0.09320896
    5.1851852     0.18061090     0.08541539
    5.2252252     0.18809194     0.09124955
    5.2652653     0.17229262     0.12632169
    5.3053053     0.13993146     0.18305474
    5.3453453     0.10681218     0.22756759
    5.3853854     0.09486132     0.22544335
    5.4254254     0.11208627     0.17547898
    5.4654655     0.14211899     0.11370490
    5.5055055     0.16706536     0.08214401
    5.5455455     0.19129295     0.09937599
    5.5855856     0.22184759     0.15721478
    5.6256256     0.23822068     0.23010838
    5.6656657     0.21384975     0.28316859
    5.7057057     0.16141107     0.28552628
    5.7457458     0.12688218     0.23287336
    5.7857858     0.13736107     0.15556369
    5.8258258     0.17102432     0.09183616
    5.8658659     0.18506658     0.05585339
    5.9059059     0.16756559     0.03954063
    5.9459459     0.14504395     0.03304180
    5.9859860     0.13789364     0.03225626
    6.0260260     0.13391047     0.03722017
    6.0660661     0.11504145     0.05225889
    6.1061061     0.08786149     0.08055210
    6.1461461     0.07179745     0.11403679
    6.1861862     0.07064649     0.13627948
    6.2262262     0.07341916     0.13908056
    6.2662663     0.07724430     0.13058598
    6.3063063     0.09093118     0.12539366
    6.3463464     0.11458091     0.12816492
    6.3863864     0.13329645     0.12780168
    6.4264264     0.13790637     0.11398672
    6.4664665     0.13641020     0.09667473
    6.5065065     0.13578299     0.09605037
    6.5465466     0.12752593     0.11643691
    6.5865866     0.10412184     0.14353333
    6.6266266     0.07855461     0.16675094
    6.6666667     0.07281990     0.19423006
    6.7067067     0.09203653     0.24453396
    6.7467467     0.12327469     0.32981444
    6.7867868     0.16164522     0.44411355
    6.8268268     0.22413074     0.55749606
    6.8668669     0.32536192     0.61686049
    6.9069069     0.44459485     0.57224814
    6.9469470     0.53082947     0.43126805
    6.9869870     0.54769832     0.26738424
    7.0270270     0.50155058     0.14887412
    7.0670671     0.41643726     0.08986368
    7.1071071     0.30863477     0.07614764
    7.1471472     0.19962456     0.09299079
    7.1871872     0.11995159     0.11879788
    7.2272272     0.08762667     0.12774342
    7.2672673     0.10245354     0.11327534
    7.3073073     0.15500245     0.09099618
    7.3473473     0.22187137     0.07533072
    7.3873874     0.26473885     0.07267961
    7.4274274     0.25838315     0.09498637
    7.4674675     0.21721746     0.15388452
    7.5075075     0.18030144     0.23353493
    7.5475475     0.17017774     0.28818354
    7.5875876     0.17517985     0.28279705
    7.6276276     0.17442241     0.23011924
    7.6676677     0.16600128     0.17541226
    7.7077077     0.15855278     0.14858308
    7.7477478     0.15013202     0.14318641
    7.7877878     0.13497152     0.14072370
    7.8278278     0.11998369     0.13760972
    7.8678679     0.11533386     0.13721191
    7.9079079     0.11629111     0.13152453
    7.9479479     0.10808611     0.10946877
    7.9879880     0.08400442     0.07606330
    8.0280280     0.05165482     0.05127371
    8.0680681     0.02469560     0.05225091
    8.1081081     0.01419723     0.07792982
    8.1481482     0.02732583     0.10609628
    8.1881882     0.06332311     0.11006989
    8.2282282     0.10385592     0.08551904
    8.2682683     0.12126481     0.05434169
    8.3083083     0.10808290     0.03883814
    8.3483484     0.08443888     0.04092585
    8.3883884     0.06878367     0.04737034
    8.4284284     0.05876007     0.04727148
    8.4684685     0.04589971     0.04048248
    8.5085085     0.03198469     0.03219406
    8.5485485     0.02505908     0.02694523
    8.5885886     0.03075543     0.02890192
    8.6286286     0.05098674     0.04107531
    8.6686687     0.08125002     0.06276742
    8.7087087     0.10704427     0.09294122
    8.7487488     0.11534827     0.13712549
    8.7887888     0.11487203     0.20162189
    8.8288288     0.13264825     0.27165083
    8.8688689     0.18287232     0.30844472
    8.9089089     0.24724125     0.28887457
    8.9489490     0.28975270     0.23641832
    8.9889890     0.28600038     0.19543508
    9.0290290     0.24364338     0.18640486
    9.0690691     0.19824247     0.19093752
    9.1091091     0.17721591     0.17461852
    9.1491491     0.17141019     0.12769041
    9.1891892     0.15924183     0.07709113
    9.2292292     0.14881259     0.05824556
    9.2692693     0.17248748     0.09009035
    9.3093093     0.23665314     0.16879291
    9.3493494     0.29516703     0.26135763
    9.3893894     0.29655150     0.31385957
    9.4294294     0.25070141     0.29771825
    9.4694695     0.21617684     0.25115826
    9.5095095     0.22854217     0.25134767
    9.5495496     0.27128054     0.33201800
    9.5895896     0.30514977     0.43287798
    9.6296296     0.30767964     0.45470249
    9.6696697     0.29276560     0.37363630
    9.7097097     0.29002219     0.26251004
    9.7497497     0.30566273     0.19294494
    9.7897898     0.32143893     0.16631404
    9.8298298     0.32001112     0.14855786
    9.8698699     0.29391818     0.13119020
    9.9099099     0.25385923     0.13494245
    9.9499500     0.23323619     0.16503671
    9.9899900     0.25233810     0.18982632
   10.0300300     0.28535066     0.17628660
   10.0700701     0.29444095     0.13252261
   10.1101101     0.27960570     0.10519361
   10.1501502     0.26536239     0.14841719
   10.1901902     0.25655785     0.28880826
   10.2302302     0.23722217     0.48497096
   10.2702703     0.21193885     0.63362675
   10.3103103     0.22705633     0.66951547
   10.3503504     0.33292534     0.63659831
   10.3903904     0.52173304     0.61032295
   10.4304304     0.70872797     0.59991702
   10.4704705     0.78636671     0.57061323
   10.5105105     0.70689879     0.51023340
   10.5505506     0.51405033     0.44165545
   10.5905906     0.30074702     0.39069496
   10.6306306     0.14335111     0.35548916
   10.6706707     0.06869310     0.30837398
   10.7107107     0.06650650     0.23075661
   10.7507508     0.11569203     0.14179070
   10.7907908     0.19451779     0.08439225
   10.8308308     0.28257455     0.09272971
   10.8708709     0.36665723     0.17462690
   10.9109109     0.43647006     0.29940953
   10.9509510     0.47195442     0.40342883
   10.9909910     0.45330687     0.43802049
   11.0310310     0.38453481     0.40544553
   11.0710711     0.29487003     0.33616926
   11.1111111     0.22604625     0.26694408
   11.1511512     0.21549706     0.24264124
   11.1911912     0.26543265     0.28521471
   11.2312312     0.32821040     0.35332494
   11.2712713     0.34762670     0.37358045
   11.3113113     0.31257129     0.31760881
   11.3513514     0.25168129     0.22361629
   11.3913914     0.19067536     0.14748075
   11.4314314     0.13772911     0.11428578
   11.4714715     0.09859985     0.11158640
   11.5115115     0.08133700     0.11209634
   11.5515516     0.08299994     0.09838707
   11.5915916     0.08672680     0.07189967
   11.6316316     0.07850468     0.04658281
   11.6716717     0.06085968     0.03614583
   11.7117117     0.04802520     0.04278538
   11.7517518     0.04988806     0.05454628
   11.7917918     0.06035574     0.05614618
   11.8318318     0.06306214     0.04531150
   11.8718719     0.04995291     0.03558347
   11.9119119     0.02910126     0.04148889
   11.9519520     0.01307144     0.06278744
   11.9919920     0.00816521     0.08342952
   12.0320320     0.01792130     0.08788901
   12.0720721     0.04881389     0.07720718
   12.1121121     0.10295050     0.06365227
   12.1521522     0.16406852     0.05698269
   12.1921922     0.20252342     0.06455120
   12.2322322     0.20179078     0.09298994
   12.2722723     0.17060274     0.13967009
   12.3123123     0.12816550     0.19285571
   12.3523524     0.09226650     0.24481431
   12.3923924     0.08413586     0.29240600
   12.4324324     0.13204545     0.32581562
   12.4724725     0.25290444     0.33214407
   12.5125125     0.41697905     0.31245099
   12.5525526     0.54157316     0.29334886
   12.5925926     0.55050697     0.31250963
   12.6326326     0.45076688     0.37119442
   12.6726727     0.32827655     0.41631239
   12.7127127     0.25602833     0.39924419
   12.7527528     0.22996223     0.32787833
   12.7927928     0.20605877     0.24057220
   12.8328328     0.16859299     0.16575968
   12.8728729     0.13911298     0.11901876
   12.9129129     0.13990709     0.10413370
   12.9529530     0.17253627     0.10804650
   12.9929930     0.22070058     0.11347322
   13.0330330     0.26009639     0.11642938
   13.0730731     0.27464047     0.12235082
   13.1131131     0.26489628     0.13323304
   13.1531532     0.23517367     0.14820828
   13.1931932     0.18567986     0.16950946
   13.2332332     0.12413318     0.19792166
   13.2732733     0.07037126     0.22549374
   13.3133133     0.04527302     0.24543163
   13.3533534     0.06237653     0.26584894
   13.3933934     0.12259709     0.29492340
   13.4334334     0.20397613     0.32143447
   13.4734735     0.26809976     0.32626636
   13.5135135     0.29327139     0.29651384
   13.5535536     0.28617199     0.22908445
   13.5935936     0.25433562     0.14172772
   13.6336336     0.19689794     0.06723648
   13.6736737     0.12590411     0.02520162
   13.7137137     0.06961315     0.01450898
   13.7537538     0.05556252     0.03327380
   13.7937938     0.10307153     0.09082061
   13.8338338     0.21355551     0.19098642
   13.8738739     0.34608207     0.30689523
   13.9139139     0.42934924     0.39338677
   13.9539540     0.43220163     0.43055346
   13.9939940     0.39016573     0.42615641
   14.0340340     0.33797139     0.38003563
   14.0740741     0.27075110     0.29059394
   14.1141141     0.18741044     0.18503163
   14.1541542     0.11282921     0.10158968
   14.1941942     0.07001737     0.05560856
   14.2342342     0.07028963     0.04684680
   14.2742743     0.12358994     0.08262588
   14.3143143     0.22286142     0.17038807
   14.3543544     0.31931088     0.28730135
   14.3943944     0.35056823     0.38273872
   14.4344344     0.30624148     0.42991766
   14.4744745     0.23941114     0.44230299
   14.5145145     0.21270823     0.42085716
   14.5545546     0.24744603     0.34309863
   14.5945946     0.30498285     0.22112064
   14.6346346     0.31634992     0.10852524
   14.6746747     0.25688420     0.04262051
   14.7147147     0.17520153     0.02180441
   14.7547548     0.12827212     0.03220738
   14.7947948     0.11788463     0.06458034
   14.8348348     0.10884412     0.10526354
   14.8748749     0.08416228     0.13447358
   14.9149149     0.06256420     0.14990348
   14.9549550     0.07468085     0.18358474
   14.9949950     0.13920410     0.27746686
   15.0350350     0.25399328     0.43273718
   15.0750751     0.39727738     0.58486945
   15.1151151     0.53834059     0.64718804
   15.1551552     0.64129479     0.58872029
   15.1951952     0.66594691     0.46041521
   15.2352352     0.60675765     0.35562793
   15.2752753     0.52602245     0.34822527
   15.3153153     0.49601293     0.43521971
   15.3553554     0.51890773     0.52820041
   15.3953954     0.53514041     0.52997510
   15.4354354     0.49649579     0.43023652
   15.4754755     0.42548507     0.31241019
   15.5155155     0.39230152     0.26902620
   15.5555556     0.41608499     0.31391081
   15.5955956     0.42734407     0.37105901
   15.6356356     0.36082756     0.35910415
   15.6756757     0.24346757     0.28512252
   15.7157157     0.15753274     0.22974984
   15.7557558     0.15065107     0.24781926
   15.7957958     0.20402419     0.31505700
   15.8358358     0.26422559     0.36966980
   15.8758759     0.29088171     0.38126760
   15.9159159     0.28498888     0.36554055
   15.9559560     0.28162793     0.34530436
   15.9959960     0.30584271     0.32441411
   16.0360360     0.33281522     0.30166109
   16.0760761     0.32066168     0.28822505
   16.1161161     0.28107957     0.29142335
   16.1561562     0.26722537     0.28870209
   16.1961962     0.29131254     0.25322699
   16.2362362     0.30896041     0.20367185
   16.2762763     0.28860745     0.18963361
   16.3163163     0.24937878     0.22963112
   16.3563564     0.22851836     0.28955396
   16.3963964     0.24225164     0.31912379
   16.4364364     0.27046106     0.29432591
   16.4764765     0.26971076     0.22705037
   16.5165165     0.21726106     0.15148163
   16.5565566     0.13742243     0.10438584
   16.5965966     0.07439897     0.10380965
   16.6366366     0.05397441     0.13684805
   16.6766767     0.07580317     0.16750202
   16.7167167     0.12495430     0.16930496
   16.7567568     0.18406189     0.16288720
   16.7967968     0.24218463     0.21015588
   16.8368368     0.29914096     0.35111809
   16.8768769     0.36780880     0.53879040
   16.9169169     0.46447751     0.65592056
   16.9569570     0.57560236     0.62576556
   16.9969970     0.64062080     0.48849756
   17.0370370     0.59793752     0.34284051
   17.0770771     0.45442232     0.25158019
   17.1171171     0.29320834     0.22494775
   17.1571572     0.20709572     0.25011267
   17.1971972     0.23023504     0.31279605
   17.2372372     0.32813849     0.39654623
   17.2772773     0.43608944     0.46312798
   17.3173173     0.50042193     0.46929393
   17.3573574     0.50125645     0.43066338
   17.3973974     0.46072300     0.42215075
   17.4374374     0.41849321     0.49436900
   17.4774775     0.38978452     0.63821750
   17.5175175     0.37831677     0.81133780
   17.5575576     0.42169491     0.93624278
   17.5975976     0.55972195     0.92187534
   17.6376376     0.74750595     0.75162529
   17.6776777     0.86795697     0.51229884
   17.7177177     0.85651638     0.32395055
   17.7577578     0.75680156     0.27527455
   17.7977978     0.64360214     0.38923944
   17.8378378     0.55073885     0.58675619
   17.8778779     0.48411173     0.70918151
   17.9179179     0.45134635     0.64921665
   17.9579580     0.44034157     0.45182096
   17.9979980     0.40172325     0.24468267
   18.0380380     0.30434257     0.10886965
   18.0780781     0.18487303     0.05074689
   18.1181181     0.10697178     0.04899372
   18.1581582     0.10226179     0.08658073
   18.1981982     0.16526544     0.15290158
   18.2382382     0.26541014     0.23707594
   18.2782783     0.35143123     0.31644420
   18.3183183     0.37667752     0.35182318
   18.3583584     0.33365961     0.31544619
   18.3983984     0.25154837     0.22854754
   18.4384384     0.16853538     0.15550320
   18.4784785     0.12218864     0.16234041
   18.5185185     0.14870178     0.27601182
   18.5585586     0.25710768     0.45010431
   18.5985986     0.39182099     0.57093618
   18.6386386     0.45389518     0.55068662
   18.6786787     0.40040366     0.42532591
   18.7187187     0.29855276     0.31630879
   18.7587588     0.24558226     0.29342099
   18.7987988     0.26730974     0.31227059
   18.8388388     0.31857660     0.29151558
   18.8788789     0.34632606     0.21800207
   18.9189189     0.33036825     0.14845261
   18.9589590     0.28426614     0.12919850
   18.9989990     0.23569622     0.15238005
   19.0390390     0.20212268     0.18725670
   19.0790791     0.18025945     0.22644509
   19.1191191     0.16753212     0.29095410
   19.1591592     0.18618204     0.39664473
   19.1991992     0.25455576     0.51498542
   19.2392392     0.33665738     0.57388267
   19.2792793     0.36901736     0.52345949
   19.3193193     0.35472039     0.39418009
   19.3593594     0.37955268     0.26888771
   19.3993994     0.50080498     0.21553986
   19.4394394     0.65787632     0.25771649
   19.4794795     0.73094976     0.38063273
   19.5195195     0.66612007     0.52967143
   19.5595596     0.51295412     0.61281828
   19.5995996     0.36718877     0.56564717
   19.6396396     0.30233582     0.42823424
   19.6796797     0.32084576     0.30317456
   19.7197197     0.35398657     0.23911503
   19.7597598     0.33737489     0.21070719
   19.7997998     0.27624765     0.19428271
   19.8398398     0.21129744     0.19723777
   19.8798799     0.15929694     0.22026469
   19.9199199     0.12125645     0.24704332
   19.9599600     0.11244217     0.27112693
   20.0000000     0.15450063     0.29584214
