#
#   partial DOS for atom species: Ni
#
#   Add data for atom_index =   1,  n,l,m,z=  3  2 -2  1
#   Add data for atom_index =   1,  n,l,m,z=  3  2 -1  1
#   Add data for atom_index =   1,  n,l,m,z=  3  2  0  1
#   Add data for atom_index =   1,  n,l,m,z=  3  2  1  1
#   Add data for atom_index =   1,  n,l,m,z=  3  2  2  1
#   Add data for atom_index =   1,  n,l,m,z=  3  2 -2  2
#   Add data for atom_index =   1,  n,l,m,z=  3  2 -1  2
#   Add data for atom_index =   1,  n,l,m,z=  3  2  0  2
#   Add data for atom_index =   1,  n,l,m,z=  3  2  1  2
#   Add data for atom_index =   1,  n,l,m,z=  3  2  2  2
#   Add data for atom_index =   1,  n,l,m,z=  3  2 -2  3
#   Add data for atom_index =   1,  n,l,m,z=  3  2 -1  3
#   Add data for atom_index =   1,  n,l,m,z=  3  2  0  3
#   Add data for atom_index =   1,  n,l,m,z=  3  2  1  3
#   Add data for atom_index =   1,  n,l,m,z=  3  2  2  3
#   Add data for atom_index =   2,  n,l,m,z=  3  2 -2  1
#   Add data for atom_index =   2,  n,l,m,z=  3  2 -1  1
#   Add data for atom_index =   2,  n,l,m,z=  3  2  0  1
#   Add data for atom_index =   2,  n,l,m,z=  3  2  1  1
#   Add data for atom_index =   2,  n,l,m,z=  3  2  2  1
#   Add data for atom_index =   2,  n,l,m,z=  3  2 -2  2
#   Add data for atom_index =   2,  n,l,m,z=  3  2 -1  2
#   Add data for atom_index =   2,  n,l,m,z=  3  2  0  2
#   Add data for atom_index =   2,  n,l,m,z=  3  2  1  2
#   Add data for atom_index =   2,  n,l,m,z=  3  2  2  2
#   Add data for atom_index =   2,  n,l,m,z=  3  2 -2  3
#   Add data for atom_index =   2,  n,l,m,z=  3  2 -1  3
#   Add data for atom_index =   2,  n,l,m,z=  3  2  0  3
#   Add data for atom_index =   2,  n,l,m,z=  3  2  1  3
#   Add data for atom_index =   2,  n,l,m,z=  3  2  2  3
#   Add data for atom_index =   3,  n,l,m,z=  3  2 -2  1
#   Add data for atom_index =   3,  n,l,m,z=  3  2 -1  1
#   Add data for atom_index =   3,  n,l,m,z=  3  2  0  1
#   Add data for atom_index =   3,  n,l,m,z=  3  2  1  1
#   Add data for atom_index =   3,  n,l,m,z=  3  2  2  1
#   Add data for atom_index =   3,  n,l,m,z=  3  2 -2  2
#   Add data for atom_index =   3,  n,l,m,z=  3  2 -1  2
#   Add data for atom_index =   3,  n,l,m,z=  3  2  0  2
#   Add data for atom_index =   3,  n,l,m,z=  3  2  1  2
#   Add data for atom_index =   3,  n,l,m,z=  3  2  2  2
#   Add data for atom_index =   3,  n,l,m,z=  3  2 -2  3
#   Add data for atom_index =   3,  n,l,m,z=  3  2 -1  3
#   Add data for atom_index =   3,  n,l,m,z=  3  2  0  3
#   Add data for atom_index =   3,  n,l,m,z=  3  2  1  3
#   Add data for atom_index =   3,  n,l,m,z=  3  2  2  3
#   Add data for atom_index =   4,  n,l,m,z=  3  2 -2  1
#   Add data for atom_index =   4,  n,l,m,z=  3  2 -1  1
#   Add data for atom_index =   4,  n,l,m,z=  3  2  0  1
#   Add data for atom_index =   4,  n,l,m,z=  3  2  1  1
#   Add data for atom_index =   4,  n,l,m,z=  3  2  2  1
#   Add data for atom_index =   4,  n,l,m,z=  3  2 -2  2
#   Add data for atom_index =   4,  n,l,m,z=  3  2 -1  2
#   Add data for atom_index =   4,  n,l,m,z=  3  2  0  2
#   Add data for atom_index =   4,  n,l,m,z=  3  2  1  2
#   Add data for atom_index =   4,  n,l,m,z=  3  2  2  2
#   Add data for atom_index =   4,  n,l,m,z=  3  2 -2  3
#   Add data for atom_index =   4,  n,l,m,z=  3  2 -1  3
#   Add data for atom_index =   4,  n,l,m,z=  3  2  0  3
#   Add data for atom_index =   4,  n,l,m,z=  3  2  1  3
#   Add data for atom_index =   4,  n,l,m,z=  3  2  2  3
#   Add data for atom_index =   5,  n,l,m,z=  3  2 -2  1
#   Add data for atom_index =   5,  n,l,m,z=  3  2 -1  1
#   Add data for atom_index =   5,  n,l,m,z=  3  2  0  1
#   Add data for atom_index =   5,  n,l,m,z=  3  2  1  1
#   Add data for atom_index =   5,  n,l,m,z=  3  2  2  1
#   Add data for atom_index =   5,  n,l,m,z=  3  2 -2  2
#   Add data for atom_index =   5,  n,l,m,z=  3  2 -1  2
#   Add data for atom_index =   5,  n,l,m,z=  3  2  0  2
#   Add data for atom_index =   5,  n,l,m,z=  3  2  1  2
#   Add data for atom_index =   5,  n,l,m,z=  3  2  2  2
#   Add data for atom_index =   5,  n,l,m,z=  3  2 -2  3
#   Add data for atom_index =   5,  n,l,m,z=  3  2 -1  3
#   Add data for atom_index =   5,  n,l,m,z=  3  2  0  3
#   Add data for atom_index =   5,  n,l,m,z=  3  2  1  3
#   Add data for atom_index =   5,  n,l,m,z=  3  2  2  3
#   Add data for atom_index =   6,  n,l,m,z=  3  2 -2  1
#   Add data for atom_index =   6,  n,l,m,z=  3  2 -1  1
#   Add data for atom_index =   6,  n,l,m,z=  3  2  0  1
#   Add data for atom_index =   6,  n,l,m,z=  3  2  1  1
#   Add data for atom_index =   6,  n,l,m,z=  3  2  2  1
#   Add data for atom_index =   6,  n,l,m,z=  3  2 -2  2
#   Add data for atom_index =   6,  n,l,m,z=  3  2 -1  2
#   Add data for atom_index =   6,  n,l,m,z=  3  2  0  2
#   Add data for atom_index =   6,  n,l,m,z=  3  2  1  2
#   Add data for atom_index =   6,  n,l,m,z=  3  2  2  2
#   Add data for atom_index =   6,  n,l,m,z=  3  2 -2  3
#   Add data for atom_index =   6,  n,l,m,z=  3  2 -1  3
#   Add data for atom_index =   6,  n,l,m,z=  3  2  0  3
#   Add data for atom_index =   6,  n,l,m,z=  3  2  1  3
#   Add data for atom_index =   6,  n,l,m,z=  3  2  2  3
#   Add data for atom_index =   7,  n,l,m,z=  3  2 -2  1
#   Add data for atom_index =   7,  n,l,m,z=  3  2 -1  1
#   Add data for atom_index =   7,  n,l,m,z=  3  2  0  1
#   Add data for atom_index =   7,  n,l,m,z=  3  2  1  1
#   Add data for atom_index =   7,  n,l,m,z=  3  2  2  1
#   Add data for atom_index =   7,  n,l,m,z=  3  2 -2  2
#   Add data for atom_index =   7,  n,l,m,z=  3  2 -1  2
#   Add data for atom_index =   7,  n,l,m,z=  3  2  0  2
#   Add data for atom_index =   7,  n,l,m,z=  3  2  1  2
#   Add data for atom_index =   7,  n,l,m,z=  3  2  2  2
#   Add data for atom_index =   7,  n,l,m,z=  3  2 -2  3
#   Add data for atom_index =   7,  n,l,m,z=  3  2 -1  3
#   Add data for atom_index =   7,  n,l,m,z=  3  2  0  3
#   Add data for atom_index =   7,  n,l,m,z=  3  2  1  3
#   Add data for atom_index =   7,  n,l,m,z=  3  2  2  3
#   Add data for atom_index =   8,  n,l,m,z=  3  2 -2  1
#   Add data for atom_index =   8,  n,l,m,z=  3  2 -1  1
#   Add data for atom_index =   8,  n,l,m,z=  3  2  0  1
#   Add data for atom_index =   8,  n,l,m,z=  3  2  1  1
#   Add data for atom_index =   8,  n,l,m,z=  3  2  2  1
#   Add data for atom_index =   8,  n,l,m,z=  3  2 -2  2
#   Add data for atom_index =   8,  n,l,m,z=  3  2 -1  2
#   Add data for atom_index =   8,  n,l,m,z=  3  2  0  2
#   Add data for atom_index =   8,  n,l,m,z=  3  2  1  2
#   Add data for atom_index =   8,  n,l,m,z=  3  2  2  2
#   Add data for atom_index =   8,  n,l,m,z=  3  2 -2  3
#   Add data for atom_index =   8,  n,l,m,z=  3  2 -1  3
#   Add data for atom_index =   8,  n,l,m,z=  3  2  0  3
#   Add data for atom_index =   8,  n,l,m,z=  3  2  1  3
#   Add data for atom_index =   8,  n,l,m,z=  3  2  2  3
#
#    Energy          spin 1        spin2
#
  -20.0000000     0.00000000     0.00000000
  -19.9599600     0.00000000     0.00000000
  -19.9199199     0.00000000     0.00000000
  -19.8798799     0.00000000     0.00000000
  -19.8398398     0.00000000     0.00000000
  -19.7997998     0.00000000     0.00000000
  -19.7597598     0.00000000     0.00000000
  -19.7197197     0.00000000     0.00000000
  -19.6796797     0.00000000     0.00000000
  -19.6396396     0.00000000     0.00000000
  -19.5995996     0.00000000     0.00000000
  -19.5595596     0.00000000     0.00000000
  -19.5195195     0.00000000     0.00000000
  -19.4794795     0.00000000     0.00000000
  -19.4394394     0.00000000     0.00000000
  -19.3993994     0.00000000     0.00000000
  -19.3593594     0.00000000     0.00000000
  -19.3193193     0.00000000     0.00000000
  -19.2792793     0.00000000     0.00000000
  -19.2392392     0.00000000     0.00000000
  -19.1991992     0.00000000     0.00000000
  -19.1591592     0.00000000     0.00000000
  -19.1191191     0.00000000     0.00000000
  -19.0790791     0.00000000     0.00000000
  -19.0390390     0.00000000     0.00000000
  -18.9989990     0.00000000     0.00000000
  -18.9589590     0.00000000     0.00000000
  -18.9189189     0.00000000     0.00000000
  -18.8788789     0.00000000     0.00000000
  -18.8388388     0.00000000     0.00000000
  -18.7987988     0.00000000     0.00000000
  -18.7587588     0.00000000     0.00000000
  -18.7187187     0.00000000     0.00000000
  -18.6786787     0.00000000     0.00000000
  -18.6386386     0.00000000     0.00000000
  -18.5985986     0.00000000     0.00000000
  -18.5585586     0.00000000     0.00000000
  -18.5185185     0.00000000     0.00000000
  -18.4784785     0.00000000     0.00000000
  -18.4384384     0.00000000     0.00000000
  -18.3983984     0.00000000     0.00000000
  -18.3583584     0.00000000     0.00000000
  -18.3183183     0.00000000     0.00000000
  -18.2782783     0.00000000     0.00000000
  -18.2382382     0.00000000     0.00000000
  -18.1981982     0.00000000     0.00000000
  -18.1581582     0.00000000     0.00000000
  -18.1181181     0.00000000     0.00000000
  -18.0780781     0.00000000     0.00000000
  -18.0380380     0.00000000     0.00000000
  -17.9979980     0.00000000     0.00000000
  -17.9579580     0.00000000     0.00000000
  -17.9179179     0.00000000     0.00000000
  -17.8778779     0.00000000     0.00000000
  -17.8378378     0.00000000     0.00000000
  -17.7977978     0.00000000     0.00000000
  -17.7577578     0.00000000     0.00000000
  -17.7177177     0.00000000     0.00000000
  -17.6776777     0.00000000     0.00000000
  -17.6376376     0.00000000     0.00000000
  -17.5975976     0.00000000     0.00000000
  -17.5575576     0.00000000     0.00000000
  -17.5175175     0.00000000     0.00000000
  -17.4774775     0.00000000     0.00000000
  -17.4374374     0.00000000     0.00000000
  -17.3973974     0.00000000     0.00000000
  -17.3573574     0.00000000     0.00000000
  -17.3173173     0.00000000     0.00000000
  -17.2772773     0.00000000     0.00000000
  -17.2372372     0.00000000     0.00000000
  -17.1971972     0.00000000     0.00000000
  -17.1571572     0.00000000     0.00000000
  -17.1171171     0.00000000     0.00000000
  -17.0770771     0.00000000     0.00000000
  -17.0370370     0.00000000     0.00000000
  -16.9969970     0.00000000     0.00000000
  -16.9569570     0.00000000     0.00000000
  -16.9169169     0.00000000     0.00000000
  -16.8768769     0.00000000     0.00000000
  -16.8368368     0.00000000     0.00000000
  -16.7967968     0.00000000     0.00000000
  -16.7567568     0.00000000     0.00000000
  -16.7167167     0.00000000     0.00000000
  -16.6766767     0.00000000     0.00000000
  -16.6366366     0.00000000     0.00000000
  -16.5965966     0.00000000     0.00000000
  -16.5565566     0.00000000     0.00000000
  -16.5165165     0.00000000     0.00000000
  -16.4764765     0.00000000     0.00000000
  -16.4364364     0.00000000     0.00000000
  -16.3963964     0.00000000     0.00000000
  -16.3563564     0.00000000     0.00000000
  -16.3163163     0.00000000     0.00000000
  -16.2762763     0.00000000     0.00000000
  -16.2362362    -0.00000000     0.00000000
  -16.1961962    -0.00000000    -0.00000000
  -16.1561562    -0.00000000    -0.00000000
  -16.1161161    -0.00000000    -0.00000000
  -16.0760761    -0.00000004    -0.00000000
  -16.0360360    -0.00000029    -0.00000002
  -15.9959960    -0.00000136    -0.00000016
  -15.9559560    -0.00000468    -0.00000095
  -15.9159159    -0.00001171    -0.00000415
  -15.8758759    -0.00002127    -0.00001323
  -15.8358358    -0.00002810    -0.00003061
  -15.7957958    -0.00002727    -0.00005145
  -15.7557558    -0.00002071    -0.00006320
  -15.7157157    -0.00001644    -0.00005825
  -15.6756757    -0.00002132    -0.00004485
  -15.6356356    -0.00003600    -0.00003788
  -15.5955956    -0.00005511    -0.00004152
  -15.5555556    -0.00007005    -0.00004837
  -15.5155155    -0.00007241    -0.00005456
  -15.4754755    -0.00005929    -0.00006556
  -15.4354354    -0.00003732    -0.00008185
  -15.3953954    -0.00001759    -0.00008929
  -15.3553554    -0.00000574    -0.00007543
  -15.3153153     0.00000125    -0.00004707
  -15.2752753     0.00001376    -0.00002086
  -15.2352352     0.00005097    -0.00000305
  -15.1951952     0.00013583     0.00001717
  -15.1551552     0.00026818     0.00006406
  -15.1151151     0.00040080     0.00016361
  -15.0750751     0.00047276     0.00031809
  -15.0350350     0.00048191     0.00049294
  -14.9949950     0.00051099     0.00065077
  -14.9549550     0.00068433     0.00080238
  -14.9149149     0.00108997     0.00101323
  -14.8748749     0.00169976     0.00134368
  -14.8348348     0.00234546     0.00175278
  -14.7947948     0.00280591     0.00207324
  -14.7547548     0.00293342     0.00215660
  -14.7147147     0.00267199     0.00207175
  -14.6746747     0.00205093     0.00206210
  -14.6346346     0.00126292     0.00222016
  -14.5945946     0.00060466     0.00230737
  -14.5545546     0.00026586     0.00203319
  -14.5145145     0.00033306     0.00143077
  -14.4744745     0.00103509     0.00083432
  -14.4344344     0.00274338     0.00062732
  -14.3943944     0.00533977     0.00118577
  -14.3543544     0.00763582     0.00283471
  -14.3143143     0.00833169     0.00537693
  -14.2742743     0.00797392     0.00778879
  -14.2342342     0.00891023     0.00926245
  -14.1941942     0.01261463     0.01051790
  -14.1541542     0.01779682     0.01273889
  -14.1141141     0.02175861     0.01517275
  -14.0740741     0.02302090     0.01558181
  -14.0340340     0.02188622     0.01351762
  -13.9939940     0.01908172     0.01130497
  -13.9539540     0.01498319     0.01101585
  -13.9139139     0.01010983     0.01218243
  -13.8738739     0.00555929     0.01319826
  -13.8338338     0.00240562     0.01319368
  -13.7937938     0.00090487     0.01185274
  -13.7537538     0.00068414     0.00915291
  -13.7137137     0.00140497     0.00602783
  -13.6736737     0.00289987     0.00400418
  -13.6336336     0.00505469     0.00373555
  -13.5935936     0.00811263     0.00468093
  -13.5535536     0.01251747     0.00641984
  -13.5135135     0.01736110     0.00937485
  -13.4734735     0.02011486     0.01327727
  -13.4334334     0.01992761     0.01585134
  -13.3933934     0.01948947     0.01497993
  -13.3533534     0.02094422     0.01153772
  -13.3133133     0.02233566     0.00840481
  -13.2732733     0.02139969     0.00795063
  -13.2332332     0.02044609     0.01143574
  -13.1931932     0.02418371     0.01859431
  -13.1531532     0.03437543     0.02708382
  -13.1131131     0.04814725     0.03471790
  -13.0730731     0.06056015     0.04210455
  -13.0330330     0.06965932     0.05026190
  -12.9929930     0.07794565     0.05638295
  -12.9529530     0.08533467     0.05567690
  -12.9129129     0.08522215     0.04770251
  -12.8728729     0.07473360     0.03848744
  -12.8328328     0.06373918     0.03639837
  -12.7927928     0.06625930     0.04597501
  -12.7527528     0.08510843     0.06326371
  -12.7127127     0.10771765     0.07773964
  -12.6726727     0.12011282     0.08297261
  -12.6326326     0.12780871     0.08442862
  -12.5925926     0.15242452     0.09142343
  -12.5525526     0.19915318     0.10409374
  -12.5125125     0.24254888     0.11807084
  -12.4724725     0.25688048     0.13789094
  -12.4324324     0.24592986     0.16754448
  -12.3923924     0.23088269     0.19153579
  -12.3523524     0.22087944     0.18999978
  -12.3123123     0.20854724     0.16933871
  -12.2722723     0.19034220     0.15597885
  -12.2322322     0.17569244     0.16613152
  -12.1921922     0.17268549     0.19526929
  -12.1521522     0.18136182     0.22608873
  -12.1121121     0.20796290     0.23900765
  -12.0720721     0.26551021     0.22487949
  -12.0320320     0.34323560     0.19006017
  -11.9919920     0.39540585     0.14861965
  -11.9519520     0.38928987     0.11644245
  -11.9119119     0.35264331     0.10734194
  -11.8718719     0.34922719     0.12365602
  -11.8318318     0.41588231     0.15647405
  -11.7917918     0.53548458     0.20053516
  -11.7517518     0.66350367     0.25661039
  -11.7117117     0.77898476     0.31590313
  -11.6716717     0.91595694     0.35991622
  -11.6316316     1.13352183     0.38153054
  -11.5915916     1.43124508     0.39317312
  -11.5515516     1.71334162     0.40884901
  -11.5115115     1.88112782     0.42152846
  -11.4714715     1.93337378     0.40532447
  -11.4314314     1.92697161     0.34900530
  -11.3913914     1.89303531     0.28416788
  -11.3513514     1.85611654     0.27654275
  -11.3113113     1.87859600     0.38693592
  -11.2712713     2.00943934     0.61845034
  -11.2312312     2.21958653     0.89466367
  -11.1911912     2.45190868     1.11612327
  -11.1511512     2.71343374     1.24557810
  -11.1111111     3.05824876     1.33042204
  -11.0710711     3.48600047     1.46705466
  -11.0310310     3.90447908     1.74146863
  -10.9909910     4.19927203     2.12286439
  -10.9509510     4.31961720     2.40291814
  -10.9109109     4.31443841     2.37639910
  -10.8708709     4.28826075     2.10966926
  -10.8308308     4.28562555     1.88442722
  -10.7907908     4.27288692     1.88019344
  -10.7507508     4.27893655     2.04790738
  -10.7107107     4.43882107     2.28050396
  -10.6706707     4.82116772     2.59913930
  -10.6306306     5.27515792     3.12148781
  -10.5905906     5.52217353     3.84258267
  -10.5505506     5.45037221     4.50372798
  -10.5105105     5.30548807     4.78785166
  -10.4704705     5.48671313     4.64039379
  -10.4304304     6.10918858     4.28064291
  -10.3903904     6.86005709     3.93743864
  -10.3503504     7.32990275     3.71573585
  -10.3103103     7.35218051     3.63841634
  -10.2702703     6.98112300     3.65795462
  -10.2302302     6.36428478     3.70212885
  -10.1901902     5.74185163     3.79717718
  -10.1501502     5.37324596     4.04127700
  -10.1101101     5.30299949     4.42381001
  -10.0700701     5.27715422     4.82201982
  -10.0300300     5.04884535     5.20549735
   -9.9899900     4.75242678     5.66567463
   -9.9499500     4.82323782     6.23949510
   -9.9099099     5.50295566     6.90516362
   -9.8698699     6.49784030     7.67128575
   -9.8298298     7.22045600     8.42101168
   -9.7897898     7.37668116     8.79848656
   -9.7497497     7.15209985     8.51112059
   -9.7097097     6.81818455     7.65587161
   -9.6696697     6.44041255     6.62009126
   -9.6296296     6.01931618     5.77735681
   -9.5895896     5.65348025     5.31200819
   -9.5495496     5.47833491     5.21363133
   -9.5095095     5.58185855     5.37790044
   -9.4694695     6.04852918     5.67170266
   -9.4294294     6.94744487     5.92035625
   -9.3893894     8.11054435     6.01950485
   -9.3493494     9.03558769     6.12553452
   -9.3093093     9.25515553     6.51617453
   -9.2692693     8.78787037     7.17801804
   -9.2292292     8.07069970     7.73493562
   -9.1891892     7.55849569     7.82360203
   -9.1491491     7.55045237     7.39596454
   -9.1091091     8.15715541     6.71330211
   -9.0690691     9.17837896     6.16591274
   -9.0290290    10.18196803     6.05090372
   -8.9889890    10.83492785     6.42164792
   -8.9489490    11.06659818     7.07455940
   -8.9089089    10.97121055     7.70004653
   -8.8688689    10.71084186     8.10158161
   -8.8288288    10.50207734     8.25609021
   -8.7887888    10.56427779     8.22352429
   -8.7487488    10.98282532     8.08621804
   -8.7087087    11.63584969     7.93241887
   -8.6686687    12.26131970     7.85452602
   -8.6286286    12.50080413     7.94832623
   -8.5885886    11.96346708     8.20853382
   -8.5485485    10.55680472     8.43446174
   -8.5085085     8.78588258     8.48834015
   -8.4684685     7.45458985     8.67462833
   -8.4284284     6.99466681     9.50486783
   -8.3883884     7.19377335    10.95843638
   -8.3483484     7.53247053    12.30585595
   -8.3083083     7.67737401    12.83406270
   -8.2682683     7.67243649    12.47839272
   -8.2282282     7.75225671    11.63890164
   -8.1881882     8.04787482    10.73431615
   -8.1481482     8.47553897    10.11269093
   -8.1081081     8.85162882    10.03980990
   -8.0680681     9.04764583    10.44078451
   -8.0280280     9.03386060    10.80585385
   -7.9879880     8.83352770    10.62306837
   -7.9479479     8.46613745     9.84674373
   -7.9079079     8.01771561     8.82663251
   -7.8678679     7.77327363     7.89303169
   -7.8278278     8.00706932     7.14417149
   -7.7877878     8.59212597     6.60184075
   -7.7477478     9.13348941     6.39101755
   -7.7077077     9.43670020     6.68683083
   -7.6676677     9.55837372     7.60640530
   -7.6276276     9.58942667     9.09355332
   -7.5875876     9.67921162    10.73984660
   -7.5475475    10.03951793    11.88568168
   -7.5075075    10.59411529    12.05355312
   -7.4674675    10.79855675    11.20576191
   -7.4274274    10.21992079     9.72236846
   -7.3873874     9.22894048     8.24624423
   -7.3473473     8.68249179     7.31277530
   -7.3073073     8.98326737     7.02948823
   -7.2672673     9.81693184     7.16639510
   -7.2272272    10.64849878     7.45160092
   -7.1871872    11.14829524     7.74942757
   -7.1471472    11.25619550     8.03015457
   -7.1071071    11.05846389     8.23073944
   -7.0670671    10.61679692     8.23912315
   -7.0270270     9.92205810     8.04421949
   -6.9869870     9.01476309     7.87522762
   -6.9469470     8.06107848     8.11737466
   -6.9069069     7.26476099     8.93513170
   -6.8668669     6.70513264     9.99441014
   -6.8268268     6.28811396    10.69504496
   -6.7867868     5.92500634    10.63934829
   -6.7467467     5.70183830     9.85980503
   -6.7067067     5.72107370     8.74257310
   -6.6666667     5.84939722     7.74742951
   -6.6266266     5.82737376     7.11517579
   -6.5865866     5.58003227     6.86803968
   -6.5465466     5.24085212     7.01758138
   -6.5065065     4.90099872     7.52539906
   -6.4664665     4.48533240     8.03580097
   -6.4264264     3.88554721     7.97428667
   -6.3863864     3.11784072     7.13140482
   -6.3463464     2.32901410     5.95185466
   -6.3063063     1.67893616     5.03831192
   -6.2662663     1.21115203     4.54437319
   -6.2262262     0.85399283     4.20331832
   -6.1861862     0.55821361     3.74772755
   -6.1461461     0.36664070     3.14855453
   -6.1061061     0.33079430     2.55941974
   -6.0660661     0.42991188     2.14172583
   -6.0260260     0.59427686     1.95746811
   -5.9859860     0.76655230     1.97463294
   -5.9459459     0.91507507     2.07510368
   -5.9059059     1.00837570     2.08611523
   -5.8658659     1.00857493     1.93376328
   -5.8258258     0.89964664     1.75859241
   -5.7857858     0.71898567     1.77571077
   -5.7457458     0.54175650     2.01980426
   -5.7057057     0.42039764     2.30530247
   -5.6656657     0.35631450     2.43399983
   -5.6256256     0.33702432     2.36697747
   -5.5855856     0.37723528     2.20347931
   -5.5455455     0.50079746     2.06669759
   -5.5055055     0.68174605     2.00608023
   -5.4654655     0.82808085     1.97285387
   -5.4254254     0.84819688     1.90507856
   -5.3853854     0.73108141     1.83489161
   -5.3453453     0.55553203     1.86377630
   -5.3053053     0.42807496     2.03118266
   -5.2652653     0.40474746     2.24199858
   -5.2252252     0.45265097     2.31527592
   -5.1851852     0.48444796     2.13038357
   -5.1451452     0.44069636     1.76424976
   -5.1051051     0.34271541     1.42824177
   -5.0650651     0.26649934     1.26269027
   -5.0250250     0.27484998     1.26644937
   -4.9849850     0.38968305     1.38951025
   -4.9449449     0.61127666     1.60349485
   -4.9049049     0.89442078     1.87725890
   -4.8648649     1.10094226     2.12118113
   -4.8248248     1.09225453     2.20006256
   -4.7847848     0.89599219     2.03835540
   -4.7447447     0.67555562     1.69685474
   -4.7047047     0.55066628     1.32086685
   -4.6646647     0.53222226     1.03252847
   -4.6246246     0.57048286     0.87396439
   -4.5845846     0.59284761     0.81351591
   -4.5445445     0.54753810     0.78811826
   -4.5045045     0.45335177     0.75026119
   -4.4644645     0.37526498     0.68557215
   -4.4244244     0.34749231     0.60331277
   -4.3843844     0.35207342     0.52481762
   -4.3443443     0.35605291     0.46715814
   -4.3043043     0.33253170     0.42293395
   -4.2642643     0.26791617     0.36987352
   -4.2242242     0.17952465     0.30560130
   -4.1841842     0.10533881     0.26014031
   -4.1441441     0.06440965     0.27931297
   -4.1041041     0.04635231     0.39533656
   -4.0640641     0.03829532     0.59192419
   -4.0240240     0.04379997     0.80175557
   -3.9839840     0.07407090     0.95284955
   -3.9439439     0.12932610     1.00304345
   -3.9039039     0.19314303     0.94107275
   -3.8638639     0.24781492     0.79739461
   -3.8238238     0.28924029     0.64137032
   -3.7837838     0.31621690     0.53053623
   -3.7437437     0.31790655     0.46885157
   -3.7037037     0.29208341     0.42269842
   -3.6636637     0.26074731     0.36448378
   -3.6236236     0.24471133     0.29607036
   -3.5835836     0.24084918     0.23915262
   -3.5435435     0.24494103     0.21122201
   -3.5035035     0.26697365     0.20906088
   -3.4634635     0.30091487     0.21144045
   -3.4234234     0.31646943     0.19804102
   -3.3833834     0.29992792     0.16610926
   -3.3433433     0.26789873     0.13081506
   -3.3033033     0.23748489     0.11029209
   -3.2632633     0.21564086     0.10925857
   -3.2232232     0.20808843     0.11888530
   -3.1831832     0.21368168     0.13003978
   -3.1431431     0.22377298     0.14375134
   -3.1031031     0.23473693     0.17261508
   -3.0630631     0.24118621     0.22898311
   -3.0230230     0.22433646     0.30719946
   -2.9829830     0.17428885     0.38358085
   -2.9429429     0.11415084     0.43563478
   -2.9029029     0.08097845     0.45382348
   -2.8628629     0.09142536     0.43521514
   -2.8228228     0.13506138     0.38484650
   -2.7827828     0.18937147     0.33016397
   -2.7427427     0.23175002     0.30488483
   -2.7027027     0.24928289     0.30721476
   -2.6626627     0.25341569     0.30564475
   -2.6226226     0.27169366     0.29425670
   -2.5825826     0.30759134     0.30509642
   -2.5425425     0.33146551     0.35108893
   -2.5025025     0.32766956     0.38892917
   -2.4624625     0.31488565     0.36167908
   -2.4224224     0.30089629     0.26453908
   -2.3823824     0.26127548     0.14826331
   -2.3423423     0.18572411     0.06344793
   -2.3023023     0.10546673     0.02245654
   -2.2622623     0.05744718     0.01304227
   -2.2222222     0.05013188     0.02726421
   -2.1821822     0.07084950     0.06916727
   -2.1421421     0.10629875     0.13782863
   -2.1021021     0.14783495     0.20988149
   -2.0620621     0.18275336     0.25576062
   -2.0220220     0.19211748     0.27759015
   -1.9819820     0.16816848     0.30636760
   -1.9419419     0.12953982     0.35285033
   -1.9019019     0.10566214     0.38824529
   -1.8618619     0.10626806     0.38658137
   -1.8218218     0.11475046     0.36059637
   -1.7817818     0.11042488     0.33628901
   -1.7417417     0.09014923     0.31634968
   -1.7017017     0.06528699     0.29114642
   -1.6616617     0.04542358     0.26428784
   -1.6216216     0.03485016     0.24602575
   -1.5815816     0.03907595     0.23330898
   -1.5415415     0.06237409     0.21138780
   -1.5015015     0.09823681     0.17176280
   -1.4614615     0.12889342     0.12295634
   -1.4214214     0.13800449     0.08414772
   -1.3813814     0.12386121     0.06679284
   -1.3413413     0.09919650     0.06383911
   -1.3013013     0.07840163     0.06118268
   -1.2612613     0.06717197     0.05697020
   -1.2212212     0.06342448     0.06429018
   -1.1811812     0.06244529     0.09517498
   -1.1411411     0.05917195     0.14442219
   -1.1011011     0.05029817     0.18970168
   -1.0610611     0.03953367     0.20863622
   -1.0210210     0.03971390     0.19579481
   -0.9809810     0.06411200     0.16239670
   -0.9409409     0.11082612     0.12416037
   -0.9009009     0.15561152     0.09162619
   -0.8608609     0.16867029     0.06665972
   -0.8208208     0.14421801     0.04678600
   -0.7807808     0.10758885     0.03406854
   -0.7407407     0.08994727     0.03557497
   -0.7007007     0.09847140     0.05280633
   -0.6606607     0.11235769     0.07454102
   -0.6206206     0.10969404     0.08714339
   -0.5805806     0.09410586     0.09422490
   -0.5405405     0.08784989     0.11517437
   -0.5005005     0.10459497     0.15510838
   -0.4604605     0.13640097     0.18818043
   -0.4204204     0.16406666     0.18551026
   -0.3803804     0.17613178     0.15085271
   -0.3403403     0.17482985     0.11556831
   -0.3003003     0.16736029     0.10667256
   -0.2602603     0.16155158     0.12437074
   -0.2202202     0.16442267     0.14182158
   -0.1801802     0.17281174     0.13134084
   -0.1401401     0.17317607     0.09581658
   -0.1001001     0.15941195     0.06432967
   -0.0600601     0.14158966     0.05912038
   -0.0200200     0.13381339     0.07909581
    0.0200200     0.14192782     0.11255333
    0.0600601     0.16107260     0.15464520
    0.1001001     0.18058952     0.20486410
    0.1401401     0.19586315     0.25136592
    0.1801802     0.21311484     0.27491836
    0.2202202     0.23768333     0.26984555
    0.2602603     0.26622105     0.24515990
    0.3003003     0.29396691     0.21039896
    0.3403403     0.31788790     0.17442528
    0.3803804     0.33170307     0.14990102
    0.4204204     0.33283314     0.14631662
    0.4604605     0.33671116     0.15974916
    0.5005005     0.36891344     0.17894422
    0.5405405     0.43503702     0.20340858
    0.5805806     0.50049498     0.24317367
    0.6206206     0.51063155     0.29482720
    0.6606607     0.44841160     0.32942682
    0.7007007     0.35944896     0.31779777
    0.7407407     0.29481981     0.26733779
    0.7807808     0.25231169     0.21970425
    0.8208208     0.20108741     0.20666769
    0.8608609     0.13840092     0.21988210
    0.9009009     0.09437713     0.23127685
    0.9409409     0.09333581     0.23471725
    0.9809810     0.12712432     0.25209879
    1.0210210     0.16421993     0.29535434
    1.0610611     0.18076460     0.34546199
    1.1011011     0.18019118     0.38262220
    1.1411411     0.18056182     0.40876481
    1.1811812     0.18979339     0.42472444
    1.2212212     0.20123794     0.41627081
    1.2612613     0.20928068     0.37583036
    1.3013013     0.22086555     0.31578084
    1.3413413     0.25220901     0.25436418
    1.3813814     0.31217495     0.20216655
    1.4214214     0.37886279     0.16529802
    1.4614615     0.40262671     0.15039006
    1.5015015     0.35495924     0.15596680
    1.5415415     0.26561730     0.16561864
    1.5815816     0.19213778     0.16450170
    1.6216216     0.16434877     0.15879630
    1.6616617     0.17302177     0.17000036
    1.7017017     0.20025946     0.21481560
    1.7417417     0.23926196     0.29010816
    1.7817818     0.28214410     0.37045968
    1.8218218     0.31219869     0.42409576
    1.8618619     0.32000548     0.43649573
    1.9019019     0.31040687     0.41415943
    1.9419419     0.29733257     0.36974671
    1.9819820     0.30627525     0.31735717
    2.0220220     0.35418336     0.27467016
    2.0620621     0.41145167     0.25421999
    2.1021021     0.42161671     0.26138017
    2.1421421     0.36907961     0.30176194
    2.1821822     0.29412512     0.36811944
    2.2222222     0.24640355     0.42689661
    2.2622623     0.25148783     0.44827479
    2.3023023     0.30273197     0.44101269
    2.3423423     0.36193634     0.42888518
    2.3823824     0.38638983     0.40598744
    2.4224224     0.36712241     0.35018142
    2.4624625     0.33299439     0.27368672
    2.5025025     0.31685085     0.22684872
    2.5425425     0.32221593     0.24743291
    2.5825826     0.33051685     0.31700183
    2.6226226     0.33579964     0.37103846
    2.6626627     0.34818184     0.35996998
    2.7027027     0.36200974     0.30117816
    2.7427427     0.35172342     0.26350155
    2.7827828     0.31245172     0.29987767
    2.8228228     0.27988388     0.39671916
    2.8628629     0.28753334     0.48973525
    2.9029029     0.31685875     0.52480252
    2.9429429     0.31458042     0.49468384
    2.9829830     0.25776059     0.42533190
    3.0230230     0.17899695     0.35006944
    3.0630631     0.12518785     0.30230891
    3.1031031     0.11370448     0.31160332
    3.1431431     0.13514453     0.37745616
    3.1831832     0.17699415     0.44663245
    3.2232232     0.23086040     0.45415383
    3.2632633     0.29168759     0.39400779
    3.3033033     0.35940644     0.31345455
    3.3433433     0.42947212     0.24941692
    3.3833834     0.48444336     0.20992610
    3.4234234     0.50954252     0.19538708
    3.4634635     0.50975502     0.19959836
    3.5035035     0.49857177     0.20567513
    3.5435435     0.47676994     0.20899683
    3.5835836     0.43886905     0.23404445
    3.6236236     0.40024863     0.30625527
    3.6636637     0.39544656     0.40726667
    3.7037037     0.43820033     0.47420536
    3.7437437     0.49757396     0.45963711
    3.7837838     0.52573016     0.38918213
    3.8238238     0.50408504     0.33871476
    3.8638639     0.45308156     0.35126045
    3.9039039     0.40366323     0.39449205
    3.9439439     0.37628815     0.40827723
    3.9839840     0.38562863     0.38265503
    4.0240240     0.44114517     0.37495395
    4.0640641     0.52885701     0.44580679
    4.1041041     0.60835991     0.58112243
    4.1441441     0.64099309     0.68821140
    4.1841842     0.61291010     0.67978419
    4.2242242     0.53768330     0.55708396
    4.2642643     0.45245951     0.40274872
    4.3043043     0.39848706     0.30065689
    4.3443443     0.39267862     0.27702884
    4.3843844     0.42306814     0.31343746
    4.4244244     0.46277174     0.38558705
    4.4644645     0.48415555     0.47182236
    4.5045045     0.47956961     0.54745884
    4.5445445     0.47460231     0.59590451
    4.5845846     0.50371053     0.61990007
    4.6246246     0.56551284     0.62817574
    4.6646647     0.61253073     0.61429185
    4.7047047     0.59527590     0.56919884
    4.7447447     0.51268728     0.51483118
    4.7847848     0.40610432     0.49074579
    4.8248248     0.31370486     0.50392096
    4.8648649     0.25445805     0.52872693
    4.9049049     0.24332289     0.55327013
    4.9449449     0.28999447     0.58390223
    4.9849850     0.37444353     0.60574143
    5.0250250     0.44008705     0.58244910
    5.0650651     0.43698892     0.50456509
    5.1051051     0.37011235     0.41084703
    5.1451452     0.28400592     0.35398627
    5.1851852     0.21519022     0.35516597
    5.2252252     0.17849865     0.39032895
    5.2652653     0.17423845     0.41722968
    5.3053053     0.18757025     0.41857728
    5.3453453     0.19387670     0.41283576
    5.3853854     0.17795716     0.41732439
    5.4254254     0.15076852     0.41823672
    5.4654655     0.14278273     0.40001285
    5.5055055     0.17337418     0.38411343
    5.5455455     0.23101989     0.39279732
    5.5855856     0.28902460     0.39223891
    5.6256256     0.33532172     0.33239684
    5.6656657     0.38050105     0.22844274
    5.7057057     0.43063597     0.14644478
    5.7457458     0.45854883     0.12728517
    5.7857858     0.42802544     0.16473226
    5.8258258     0.34915290     0.23446904
    5.8658659     0.27720826     0.31266095
    5.9059059     0.24906226     0.37720844
    5.9459459     0.24995291     0.41076026
    5.9859860     0.25141397     0.40725272
    6.0260260     0.25607791     0.37755221
    6.0660661     0.29066584     0.34826864
    6.1061061     0.36321258     0.34318421
    6.1461461     0.43988929     0.35582839
    6.1861862     0.47912270     0.35261510
    6.2262262     0.48989026     0.31654119
    6.2662663     0.53737468     0.26916393
    6.3063063     0.67290856     0.23604475
    6.3463464     0.85314382     0.22026660
    6.3863864     0.95189818     0.22892463
    6.4264264     0.88116005     0.29517564
    6.4664665     0.68628188     0.44127581
    6.5065065     0.49367516     0.63066141
    6.5465466     0.37969323     0.79270678
    6.5865866     0.32351784     0.89464419
    6.6266266     0.27533123     0.95322356
    6.6666667     0.22511098     0.97984749
    6.7067067     0.19980133     0.95147278
    6.7467467     0.22905760     0.84031578
    6.7867868     0.32192984     0.65501519
    6.8268268     0.45503707     0.44660286
    6.8668669     0.58253329     0.27874333
    6.9069069     0.66487296     0.19408716
    6.9469470     0.67831445     0.20247443
    6.9869870     0.61567587     0.28577232
    7.0270270     0.51274912     0.39795090
    7.0670671     0.44274474     0.47404097
    7.1071071     0.43637165     0.47501788
    7.1471472     0.43936967     0.42659329
    7.1871872     0.39542858     0.39630476
    7.2272272     0.33504951     0.43531990
    7.2672673     0.33310117     0.53446414
    7.3073073     0.40733165     0.62201816
    7.3473473     0.50678372     0.62136219
    7.3873874     0.58715066     0.52560045
    7.4274274     0.64931319     0.40201243
    7.4674675     0.69875607     0.32577221
    7.5075075     0.71825578     0.32801499
    7.5475475     0.70478086     0.39356820
    7.5875876     0.69326663     0.48741763
    7.6276276     0.71118773     0.58368502
    7.6676677     0.73738225     0.66613329
    7.7077077     0.74146844     0.71593527
    7.7477478     0.74090987     0.73303527
    7.7877878     0.77509285     0.76098812
    7.8278278     0.83388477     0.84296141
    7.8678679     0.86509942     0.94363265
    7.9079079     0.85395840     0.96559550
    7.9479479     0.83489337     0.86316073
    7.9879880     0.82129025     0.69432532
    8.0280280     0.78643863     0.55207889
    8.0680681     0.72364798     0.49334556
    8.1081081     0.68124047     0.53773994
    8.1481482     0.72230330     0.67720497
    8.1881882     0.84751701     0.86392933
    8.2282282     0.96129559     1.01897217
    8.2682683     0.95073403     1.07108076
    8.3083083     0.80700206     1.00429072
    8.3483484     0.63176347     0.87844786
    8.3883884     0.52267630     0.77592231
    8.4284284     0.49379619     0.72998090
    8.4684685     0.51003896     0.73059453
    8.5085085     0.55041194     0.76348492
    8.5485485     0.62213446     0.79888767
    8.5885886     0.73543946     0.78103839
    8.6286286     0.85966144     0.68605352
    8.6686687     0.91555658     0.56872012
    8.7087087     0.85397305     0.50771842
    8.7487488     0.71940639     0.52506443
    8.7887888     0.59046668     0.59358853
    8.8288288     0.49104596     0.70123461
    8.8688689     0.39740189     0.86462613
    8.9089089     0.30163829     1.06266952
    8.9489490     0.22805124     1.18849532
    8.9889890     0.19684091     1.12728591
    9.0290290     0.20498240     0.88073133
    9.0690691     0.24262278     0.56793952
    9.1091091     0.30369846     0.31588059
    9.1491491     0.37393997     0.17980357
    9.1891892     0.42495568     0.14557320
    9.2292292     0.43666380     0.17322871
    9.2692693     0.41948515     0.23043629
    9.3093093     0.40298275     0.29232427
    9.3493494     0.41250014     0.33597484
    9.3893894     0.45057322     0.35791200
    9.4294294     0.48074223     0.37985658
    9.4694695     0.45639976     0.42042940
    9.5095095     0.38919125     0.47329262
    9.5495496     0.35356237     0.51210757
    9.5895896     0.40486083     0.51025974
    9.6296296     0.51857411     0.47231214
    9.6696697     0.61928835     0.44232929
    9.7097097     0.65522661     0.45042283
    9.7497497     0.64058326     0.46661782
    9.7897898     0.62923313     0.45129478
    9.8298298     0.65175559     0.43071205
    9.8698699     0.68884119     0.47516616
    9.9099099     0.70110517     0.60849639
    9.9499500     0.66225493     0.76332786
    9.9899900     0.57620299     0.84054957
   10.0300300     0.49844152     0.81498258
   10.0700701     0.52293384     0.74752360
   10.1101101     0.69756057     0.68635047
   10.1501502     0.94754627     0.61746343
   10.1901902     1.11446438     0.53464277
   10.2302302     1.08919955     0.49317439
   10.2702703     0.90633450     0.54829096
   10.3103103     0.70463228     0.67501176
   10.3503504     0.59488551     0.78888380
   10.3903904     0.57638318     0.83191951
   10.4304304     0.58126384     0.81892820
   10.4704705     0.57200589     0.80976360
   10.5105105     0.56988024     0.84022341
   10.5505506     0.59591399     0.87872063
   10.5905906     0.61762629     0.86568324
   10.6306306     0.57973797     0.79378296
   10.6706707     0.48157763     0.72389752
   10.7107107     0.39101305     0.71460684
   10.7507508     0.36984209     0.75102672
   10.7907908     0.41723148     0.76167947
   10.8308308     0.49874822     0.70416018
   10.8708709     0.59264871     0.60506607
   10.9109109     0.68606769     0.50901855
   10.9509510     0.75836207     0.42286688
   10.9909910     0.79891282     0.33556286
   11.0310310     0.82706507     0.27555884
   11.0710711     0.87414975     0.30795935
   11.1111111     0.94772635     0.45826549
   11.1511512     1.01242467     0.65835348
   11.1911912     1.01088853     0.79793947
   11.2312312     0.91841194     0.82892522
   11.2712713     0.76586130     0.78855868
   11.3113113     0.60836548     0.73774509
   11.3513514     0.49770718     0.72614606
   11.3913914     0.46873340     0.79094125
   11.4314314     0.51827282     0.91923221
   11.4714715     0.60576030     1.01584131
   11.5115115     0.68666813     0.97971963
   11.5515516     0.73968827     0.82117408
   11.5915916     0.76947906     0.64420149
   11.6316316     0.79375921     0.53021479
   11.6716717     0.82444747     0.49760683
   11.7117117     0.85583172     0.53721520
   11.7517518     0.86621499     0.62252875
   11.7917918     0.84438801     0.70047586
   11.8318318     0.82499860     0.72176188
   11.8718719     0.85949731     0.68602744
   11.9119119     0.93431076     0.64028017
   11.9519520     0.97114014     0.64520078
   11.9919920     0.92815858     0.74002750
   12.0320320     0.84277207     0.90199613
   12.0720721     0.75682301     1.04269423
   12.1121121     0.66984020     1.08931799
   12.1521522     0.58420633     1.06673439
   12.1921922     0.52433153     1.05049642
   12.2322322     0.49998225     1.04690310
   12.2722723     0.49573162     0.98292257
   12.3123123     0.48498670     0.81951426
   12.3523524     0.43937083     0.61627665
   12.3923924     0.35234283     0.46869952
   12.4324324     0.25209179     0.41875909
   12.4724725     0.17128945     0.43632200
   12.5125125     0.11936396     0.46750585
   12.5525526     0.09427971     0.48616043
   12.5925926     0.10253540     0.49164029
   12.6326326     0.15648552     0.47476626
   12.6726727     0.26487051     0.41734224
   12.7127127     0.43841054     0.32577981
   12.7527528     0.68243732     0.23967921
   12.7927928     0.94810053     0.19567395
   12.8328328     1.11222014     0.19773838
   12.8728729     1.06929477     0.23300861
   12.9129129     0.84847749     0.29958943
   12.9529530     0.59414800     0.40321466
   12.9929930     0.43434357     0.54390982
   13.0330330     0.39686452     0.71759247
   13.0730731     0.43301499     0.89712711
   13.1131131     0.48911502     1.00575003
   13.1531532     0.54576848     0.96659801
   13.1931932     0.59144661     0.79595518
   13.2332332     0.59778176     0.60317898
   13.2732733     0.55998616     0.49252045
   13.3133133     0.52162308     0.49560229
   13.3533534     0.51632297     0.58200302
   13.3933934     0.52646926     0.69200133
   13.4334334     0.52725893     0.76334352
   13.4734735     0.52345103     0.76020374
   13.5135135     0.52548923     0.69030903
   13.5535536     0.52950675     0.59262790
   13.5935936     0.52267576     0.50949998
   13.6336336     0.48556822     0.46520902
   13.6736737     0.40708490     0.46283627
   13.7137137     0.30704390     0.49430726
   13.7537538     0.22397780     0.53722928
   13.7937938     0.18735050     0.54653364
   13.8338338     0.21722912     0.48194825
   13.8738739     0.32874531     0.35210591
   13.9139139     0.50515839     0.21566666
   13.9539540     0.67272651     0.13948682
   13.9939940     0.73870413     0.16128677
   14.0340340     0.67548829     0.27374792
   14.0740741     0.55327813     0.42237382
   14.1141141     0.47275333     0.53249874
   14.1541542     0.47836841     0.56188355
   14.1941942     0.54493571     0.52626028
   14.2342342     0.62386240     0.47970023
   14.2742743     0.68454667     0.48277395
   14.3143143     0.71494884     0.56622476
   14.3543544     0.70522096     0.69047114
   14.3943944     0.65714061     0.75834769
   14.4344344     0.59669437     0.71191378
   14.4744745     0.55485038     0.59729191
   14.5145145     0.54080537     0.49792588
   14.5545546     0.53414635     0.45265431
   14.5945946     0.49910186     0.47765578
   14.6346346     0.42225048     0.59330192
   14.6746747     0.34628129     0.76501874
   14.7147147     0.34624454     0.87932887
   14.7547548     0.44940098     0.84968522
   14.7947948     0.58949711     0.70353030
   14.8348348     0.66816754     0.52294056
   14.8748749     0.65086074     0.36543681
   14.9149149     0.56952375     0.27396919
   14.9549550     0.46242189     0.28838711
   14.9949950     0.36825681     0.40260504
   15.0350350     0.34655143     0.54218545
   15.0750751     0.44245430     0.61645823
   15.1151151     0.63723600     0.59649998
   15.1551552     0.84608123     0.53087056
   15.1951952     0.96212704     0.47992690
   15.2352352     0.93081461     0.45787915
   15.2752753     0.79570872     0.45910020
   15.3153153     0.65253207     0.50221728
   15.3553554     0.56407272     0.60454221
   15.3953954     0.53044347     0.73675693
   15.4354354     0.52457138     0.83224726
   15.4754755     0.54225336     0.83534708
   15.5155155     0.61471776     0.74794856
   15.5555556     0.77199534     0.63690921
   15.5955956     0.98971321     0.58220224
   15.6356356     1.16729099     0.61672244
   15.6756757     1.18237895     0.71411423
   15.7157157     1.00656819     0.82059448
   15.7557558     0.75673562     0.90759712
   15.7957958     0.58786941     0.99679294
   15.8358358     0.55020227     1.10136343
   15.8758759     0.58407472     1.15208424
   15.9159159     0.61520479     1.05675672
   15.9559560     0.61264468     0.83912185
   15.9959960     0.57638146     0.64162838
   16.0360360     0.50908586     0.57676559
   16.0760761     0.41863812     0.61838495
   16.1161161     0.33840724     0.65220436
   16.1561562     0.31681227     0.61389205
   16.1961962     0.36845459     0.54375324
   16.2362362     0.44542527     0.49958606
   16.2762763     0.47961292     0.46871119
   16.3163163     0.44856603     0.41288043
   16.3563564     0.38523113     0.36110664
   16.3963964     0.34367265     0.38774771
   16.4364364     0.36668312     0.50419325
   16.4764765     0.46035479     0.62668845
   16.5165165     0.58721758     0.66730043
   16.5565566     0.69134243     0.62387479
   16.5965966     0.73751025     0.55633584
   16.6366366     0.73713332     0.50702799
   16.6766767     0.73315877     0.47964226
   16.7167167     0.75003611     0.47339142
   16.7567568     0.77324093     0.50802693
   16.7967968     0.78153803     0.61192142
   16.8368368     0.77035874     0.77446074
   16.8768769     0.73843269     0.91631640
   16.9169169     0.67880077     0.94931691
   16.9569570     0.58954998     0.87067051
   16.9969970     0.48097750     0.75898002
   17.0370370     0.37600672     0.67914464
   17.0770771     0.30543989     0.62497705
   17.1171171     0.29324498     0.55198655
   17.1571572     0.34867405     0.44172993
   17.1971972     0.46705594     0.32677390
   17.2372372     0.62791331     0.25576821
   17.2772773     0.80559871     0.24841882
   17.3173173     0.98302551     0.30153822
   17.3573574     1.13972740     0.42255778
   17.3973974     1.25158414     0.61664809
   17.4374374     1.32334029     0.83288014
   17.4774775     1.37713550     0.96915348
   17.5175175     1.39888855     0.97401583
   17.5575576     1.35040459     0.92629642
   17.5975976     1.22753506     0.97667156
   17.6376376     1.06598659     1.19617436
   17.6776777     0.91773070     1.47881502
   17.7177177     0.84399804     1.62552646
   17.7577578     0.89016362     1.54482067
   17.7977978     1.03894468     1.31688348
   17.8378378     1.21165845     1.07135850
   17.8778779     1.33526754     0.89103425
   17.9179179     1.37360380     0.80515209
   17.9579580     1.28743485     0.79859469
   17.9979980     1.05363966     0.83939973
   18.0380380     0.74233673     0.91662023
   18.0780781     0.48308722     1.04660067
   18.1181181     0.35587456     1.22900445
   18.1581582     0.36542003     1.37460851
   18.1981982     0.46853994     1.32778458
   18.2382382     0.58876943     1.03663573
   18.2782783     0.66059247     0.64905199
   18.3183183     0.67608965     0.37736915
   18.3583584     0.65894682     0.32553229
   18.3983984     0.62307541     0.46253453
   18.4384384     0.58415027     0.67577284
   18.4784785     0.57092561     0.82763558
   18.5185185     0.60990744     0.83347976
   18.5585586     0.71554239     0.72516969
   18.5985986     0.87466710     0.61215664
   18.6386386     1.03522557     0.56694821
   18.6786787     1.14325673     0.57785455
   18.7187187     1.19499743     0.61225084
   18.7587588     1.22174097     0.66804100
   18.7987988     1.21674938     0.75170044
   18.8388388     1.13432788     0.86093787
   18.8788789     0.99077856     0.99101048
   18.9189189     0.88976526     1.11061136
   18.9589590     0.90248774     1.15404625
   18.9989990     0.98152227     1.09634675
   19.0390390     1.03394756     1.01210600
   19.0790791     1.04846373     1.00008809
   19.1191191     1.09329109     1.06658096
   19.1591592     1.18249142     1.12632849
   19.1991992     1.22494813     1.09863613
   19.2392392     1.14741792     0.98712831
   19.2792793     0.99420667     0.89215435
   19.3193193     0.85897013     0.93154116
   19.3593594     0.78122993     1.11669715
   19.3993994     0.75273265     1.32459088
   19.4394394     0.76474010     1.40882179
   19.4794795     0.80377000     1.32127881
   19.5195195     0.84460134     1.13325695
   19.5595596     0.85813967     0.96803497
   19.5995996     0.80602798     0.90932466
   19.6396396     0.68220588     0.94945078
   19.6796797     0.56130121     1.00100283
   19.7197197     0.51923738     0.95786119
   19.7597598     0.52761129     0.79346855
   19.7997998     0.51078878     0.60881630
   19.8398398     0.46843108     0.52161632
   19.8798799     0.46183664     0.51884847
   19.9199199     0.51188733     0.49235297
   19.9599600     0.57377764     0.40204407
   20.0000000     0.59645841     0.32837219
