              -2633.3265687564
          0.000006079       0.000000000      -0.000000000
          0.000000000      -0.000005981       0.000000000
         -0.000000000      -0.000000000       0.000004166
          10
  1    31      -0.000000065      -0.001439793      -0.000000142  Ga
  1    31       0.000000004       0.001898468       0.000000003  Ga
  2    28       0.000000035       0.000090336       0.000000014  Ni
  2    28       0.000000107      -0.000559662      -0.000000109  Ni
  2    28       0.000000070      -0.000419741      -0.000000006  Ni
  2    28       0.000000043       0.000196801       0.000000096  Ni
  2    28      -0.000000009       0.000663213      -0.000000066  Ni
  3    25      -0.000000069       0.000359553      -0.000000063  Mn
  3    25       0.000000036      -0.000429339       0.000000143  Mn
  3    25      -0.000000028      -0.000394479       0.000000097  Mn
