#
#   partial DOS for atom species: Mn
#
#   Add data for atom_index =   8,  n,l,m,z=  3  2 -2  1
#   Add data for atom_index =   8,  n,l,m,z=  3  2 -1  1
#   Add data for atom_index =   8,  n,l,m,z=  3  2  0  1
#   Add data for atom_index =   8,  n,l,m,z=  3  2  1  1
#   Add data for atom_index =   8,  n,l,m,z=  3  2  2  1
#   Add data for atom_index =   8,  n,l,m,z=  3  2 -2  2
#   Add data for atom_index =   8,  n,l,m,z=  3  2 -1  2
#   Add data for atom_index =   8,  n,l,m,z=  3  2  0  2
#   Add data for atom_index =   8,  n,l,m,z=  3  2  1  2
#   Add data for atom_index =   8,  n,l,m,z=  3  2  2  2
#   Add data for atom_index =   8,  n,l,m,z=  3  2 -2  3
#   Add data for atom_index =   8,  n,l,m,z=  3  2 -1  3
#   Add data for atom_index =   8,  n,l,m,z=  3  2  0  3
#   Add data for atom_index =   8,  n,l,m,z=  3  2  1  3
#   Add data for atom_index =   8,  n,l,m,z=  3  2  2  3
#   Add data for atom_index =   9,  n,l,m,z=  3  2 -2  1
#   Add data for atom_index =   9,  n,l,m,z=  3  2 -1  1
#   Add data for atom_index =   9,  n,l,m,z=  3  2  0  1
#   Add data for atom_index =   9,  n,l,m,z=  3  2  1  1
#   Add data for atom_index =   9,  n,l,m,z=  3  2  2  1
#   Add data for atom_index =   9,  n,l,m,z=  3  2 -2  2
#   Add data for atom_index =   9,  n,l,m,z=  3  2 -1  2
#   Add data for atom_index =   9,  n,l,m,z=  3  2  0  2
#   Add data for atom_index =   9,  n,l,m,z=  3  2  1  2
#   Add data for atom_index =   9,  n,l,m,z=  3  2  2  2
#   Add data for atom_index =   9,  n,l,m,z=  3  2 -2  3
#   Add data for atom_index =   9,  n,l,m,z=  3  2 -1  3
#   Add data for atom_index =   9,  n,l,m,z=  3  2  0  3
#   Add data for atom_index =   9,  n,l,m,z=  3  2  1  3
#   Add data for atom_index =   9,  n,l,m,z=  3  2  2  3
#   Add data for atom_index =  10,  n,l,m,z=  3  2 -2  1
#   Add data for atom_index =  10,  n,l,m,z=  3  2 -1  1
#   Add data for atom_index =  10,  n,l,m,z=  3  2  0  1
#   Add data for atom_index =  10,  n,l,m,z=  3  2  1  1
#   Add data for atom_index =  10,  n,l,m,z=  3  2  2  1
#   Add data for atom_index =  10,  n,l,m,z=  3  2 -2  2
#   Add data for atom_index =  10,  n,l,m,z=  3  2 -1  2
#   Add data for atom_index =  10,  n,l,m,z=  3  2  0  2
#   Add data for atom_index =  10,  n,l,m,z=  3  2  1  2
#   Add data for atom_index =  10,  n,l,m,z=  3  2  2  2
#   Add data for atom_index =  10,  n,l,m,z=  3  2 -2  3
#   Add data for atom_index =  10,  n,l,m,z=  3  2 -1  3
#   Add data for atom_index =  10,  n,l,m,z=  3  2  0  3
#   Add data for atom_index =  10,  n,l,m,z=  3  2  1  3
#   Add data for atom_index =  10,  n,l,m,z=  3  2  2  3
#
#    Energy          spin 1        spin2
#
  -20.0000000     0.00000000     0.00000000
  -19.9599600     0.00000000     0.00000000
  -19.9199199     0.00000000     0.00000000
  -19.8798799     0.00000000     0.00000000
  -19.8398398     0.00000000     0.00000000
  -19.7997998     0.00000000     0.00000000
  -19.7597598     0.00000000     0.00000000
  -19.7197197     0.00000000     0.00000000
  -19.6796797     0.00000000     0.00000000
  -19.6396396     0.00000000     0.00000000
  -19.5995996     0.00000000     0.00000000
  -19.5595596     0.00000000     0.00000000
  -19.5195195     0.00000000     0.00000000
  -19.4794795     0.00000000     0.00000000
  -19.4394394     0.00000000     0.00000000
  -19.3993994     0.00000000     0.00000000
  -19.3593594     0.00000000     0.00000000
  -19.3193193     0.00000000     0.00000000
  -19.2792793     0.00000000     0.00000000
  -19.2392392     0.00000000     0.00000000
  -19.1991992     0.00000000     0.00000000
  -19.1591592     0.00000000     0.00000000
  -19.1191191     0.00000000     0.00000000
  -19.0790791     0.00000000     0.00000000
  -19.0390390     0.00000000     0.00000000
  -18.9989990     0.00000000     0.00000000
  -18.9589590     0.00000000     0.00000000
  -18.9189189     0.00000000     0.00000000
  -18.8788789     0.00000000     0.00000000
  -18.8388388     0.00000001     0.00000001
  -18.7987988     0.00000015     0.00000009
  -18.7587588     0.00000116     0.00000073
  -18.7187187     0.00000660     0.00000423
  -18.6786787     0.00002744     0.00001792
  -18.6386386     0.00008395     0.00005593
  -18.5985986     0.00019119     0.00013001
  -18.5585586     0.00032959     0.00022848
  -18.5185185     0.00043963     0.00030924
  -18.4784785     0.00046372     0.00032798
  -18.4384384     0.00039132     0.00027501
  -18.3983984     0.00026309     0.00018176
  -18.3583584     0.00014031     0.00009493
  -18.3183183     0.00006575     0.00004473
  -18.2782783     0.00004631     0.00003462
  -18.2382382     0.00006332     0.00005073
  -18.1981982     0.00008749     0.00007176
  -18.1581582     0.00009436     0.00008030
  -18.1181181     0.00008396     0.00007864
  -18.0780781     0.00008246     0.00008736
  -18.0380380     0.00011977     0.00012267
  -17.9979980     0.00022614     0.00019668
  -17.9579580     0.00047259     0.00036431
  -17.9179179     0.00097865     0.00073963
  -17.8778779     0.00179235     0.00139095
  -17.8378378     0.00275078     0.00220148
  -17.7977978     0.00352608     0.00288228
  -17.7577578     0.00381513     0.00314403
  -17.7177177     0.00351147     0.00288131
  -17.6776777     0.00277684     0.00224233
  -17.6376376     0.00196270     0.00154486
  -17.5975976     0.00145340     0.00112795
  -17.5575576     0.00148964     0.00119895
  -17.5175175     0.00198441     0.00169014
  -17.4774775     0.00254963     0.00227925
  -17.4374374     0.00282907     0.00264807
  -17.3973974     0.00280081     0.00274225
  -17.3573574     0.00274349     0.00276951
  -17.3173173     0.00292547     0.00294190
  -17.2772773     0.00332353     0.00322103
  -17.2372372     0.00368123     0.00336080
  -17.1971972     0.00389272     0.00328939
  -17.1571572     0.00433934     0.00344185
  -17.1171171     0.00561794     0.00443406
  -17.0770771     0.00767890     0.00623611
  -17.0370370     0.00949929     0.00791875
  -16.9969970     0.00985994     0.00834251
  -16.9569570     0.00832769     0.00705929
  -16.9169169     0.00563488     0.00472546
  -16.8768769     0.00323425     0.00265730
  -16.8368368     0.00230025     0.00186354
  -16.7967968     0.00301122     0.00246344
  -16.7567568     0.00447161     0.00370293
  -16.7167167     0.00529944     0.00446036
  -16.6766767     0.00490410     0.00429485
  -16.6366366     0.00424134     0.00403156
  -16.5965966     0.00471947     0.00472099
  -16.5565566     0.00633857     0.00605573
  -16.5165165     0.00747115     0.00650050
  -16.4764765     0.00685072     0.00518931
  -16.4364364     0.00525593     0.00303690
  -16.3963964     0.00442860     0.00168869
  -16.3563564     0.00480209     0.00195200
  -16.3163163     0.00527838     0.00329631
  -16.2762763     0.00493255     0.00439761
  -16.2362362     0.00393027     0.00429043
  -16.1961962     0.00282056     0.00316785
  -16.1561562     0.00184639     0.00189407
  -16.1161161     0.00107215     0.00100441
  -16.0760761     0.00056358     0.00049535
  -16.0360360     0.00030339     0.00021534
  -15.9959960     0.00019396     0.00008041
  -15.9559560     0.00022350     0.00006799
  -15.9159159     0.00067817     0.00027546
  -15.8758759     0.00237889     0.00111221
  -15.8358358     0.00659377     0.00339632
  -15.7957958     0.01396129     0.00784830
  -15.7557558     0.02297596     0.01400995
  -15.7157157     0.03012664     0.02000610
  -15.6756757     0.03222981     0.02386776
  -15.6356356     0.02879437     0.02450752
  -15.5955956     0.02237494     0.02168013
  -15.5555556     0.01666723     0.01670718
  -15.5155155     0.01401748     0.01264162
  -15.4754755     0.01423461     0.01158565
  -15.4354354     0.01505069     0.01229591
  -15.3953954     0.01411802     0.01192346
  -15.3553554     0.01132767     0.00958568
  -15.3153153     0.00888359     0.00703087
  -15.2752753     0.00900597     0.00622482
  -15.2352352     0.01220572     0.00751204
  -15.1951952     0.01785150     0.01040820
  -15.1551552     0.02519120     0.01518967
  -15.1151151     0.03275655     0.02209100
  -15.0750751     0.03804461     0.02905771
  -15.0350350     0.03940622     0.03268268
  -14.9949950     0.03754810     0.03180130
  -14.9549550     0.03472065     0.02826472
  -14.9149149     0.03321958     0.02465441
  -14.8748749     0.03431116     0.02290787
  -14.8348348     0.03727653     0.02395758
  -14.7947948     0.03949647     0.02674658
  -14.7547548     0.03881979     0.02857060
  -14.7147147     0.03537578     0.02765675
  -14.6746747     0.03054181     0.02431488
  -14.6346346     0.02654668     0.02010154
  -14.5945946     0.02650872     0.01753058
  -14.5545546     0.03128341     0.01879077
  -14.5145145     0.03733417     0.02304407
  -14.4744745     0.04042918     0.02672944
  -14.4344344     0.04047709     0.02769734
  -14.3943944     0.04103997     0.02755347
  -14.3543544     0.04432371     0.02874578
  -14.3143143     0.04848249     0.03101074
  -14.2742743     0.05062286     0.03255737
  -14.2342342     0.04979459     0.03299996
  -14.1941942     0.04593145     0.03283444
  -14.1541542     0.03920385     0.03145619
  -14.1141141     0.03146667     0.02789881
  -14.0740741     0.02565182     0.02282279
  -14.0340340     0.02396766     0.01816197
  -13.9939940     0.02851409     0.01559226
  -13.9539540     0.04125510     0.01651396
  -13.9139139     0.06199990     0.02193490
  -13.8738739     0.08917228     0.03144621
  -13.8338338     0.12010003     0.04421448
  -13.7937938     0.14578750     0.06060265
  -13.7537538     0.15153736     0.07906819
  -13.7137137     0.13079228     0.09192763
  -13.6736737     0.09467169     0.09020177
  -13.6336336     0.06243810     0.07384828
  -13.5935936     0.04472169     0.05263135
  -13.5535536     0.03908816     0.03650333
  -13.5135135     0.03997131     0.02791657
  -13.4734735     0.04776388     0.02345258
  -13.4334334     0.06716027     0.02043724
  -13.3933934     0.10003360     0.01987906
  -13.3533534     0.13819240     0.02454835
  -13.3133133     0.16314796     0.03719287
  -13.2732733     0.16252298     0.05907108
  -13.2332332     0.14433927     0.08616121
  -13.1931932     0.12430493     0.10792418
  -13.1531532     0.10775869     0.11487834
  -13.1131131     0.09337977     0.10638000
  -13.0730731     0.08350216     0.08792442
  -13.0330330     0.08133662     0.06577500
  -12.9929930     0.08256019     0.04662376
  -12.9529530     0.07826738     0.03581408
  -12.9129129     0.06728752     0.03294370
  -12.8728729     0.05737581     0.03329941
  -12.8328328     0.05278493     0.03424048
  -12.7927928     0.05125498     0.03618258
  -12.7527528     0.05679935     0.03822658
  -12.7127127     0.08465441     0.03780686
  -12.6726727     0.14420411     0.03551500
  -12.6326326     0.21791105     0.03884133
  -12.5925926     0.26523039     0.05887008
  -12.5525526     0.25741638     0.09730801
  -12.5125125     0.20811119     0.13579510
  -12.4724725     0.15976643     0.14833946
  -12.4324324     0.14132717     0.12903832
  -12.3923924     0.14878004     0.09817687
  -12.3523524     0.16337031     0.07919604
  -12.3123123     0.17567519     0.07885660
  -12.2722723     0.18736621     0.08843841
  -12.2322322     0.19586872     0.09519520
  -12.1921922     0.18956073     0.09171092
  -12.1521522     0.16770338     0.07932775
  -12.1121121     0.15439361     0.06720394
  -12.0720721     0.17444426     0.06691716
  -12.0320320     0.22297228     0.08178726
  -11.9919920     0.27333249     0.10206965
  -11.9519520     0.30269091     0.11591341
  -11.9119119     0.29815967     0.12176098
  -11.8718719     0.25800075     0.12535474
  -11.8318318     0.20377298     0.12955216
  -11.7917918     0.17336674     0.13223199
  -11.7517518     0.18274226     0.13110715
  -11.7117117     0.20466533     0.12721404
  -11.6716717     0.20208435     0.12505302
  -11.6316316     0.17355647     0.12755878
  -11.5915916     0.14578485     0.12878860
  -11.5515516     0.13349708     0.11740569
  -11.5115115     0.13536951     0.09059111
  -11.4714715     0.15888737     0.05934354
  -11.4314314     0.21426607     0.03876411
  -11.3913914     0.28353946     0.03647200
  -11.3513514     0.32448447     0.04885171
  -11.3113113     0.31594422     0.06502467
  -11.2712713     0.28385980     0.07567376
  -11.2312312     0.26867430     0.08099061
  -11.1911912     0.27506874     0.09035401
  -11.1511512     0.27330437     0.11154446
  -11.1111111     0.24817556     0.13845565
  -11.0710711     0.22034658     0.15320600
  -11.0310310     0.21470774     0.14490858
  -10.9909910     0.23298305     0.12402329
  -10.9509510     0.26263417     0.11338844
  -10.9109109     0.29048746     0.12415873
  -10.8708709     0.30334178     0.14303988
  -10.8308308     0.29845444     0.14738669
  -10.7907908     0.30137546     0.13091713
  -10.7507508     0.34767504     0.10682134
  -10.7107107     0.43542236     0.08904691
  -10.6706707     0.51939402     0.08103474
  -10.6306306     0.55833176     0.08110261
  -10.5905906     0.54780772     0.08890977
  -10.5505506     0.50892316     0.10167184
  -10.5105105     0.47039189     0.11050539
  -10.4704705     0.47088565     0.11115938
  -10.4304304     0.54561263     0.11353474
  -10.3903904     0.67917127     0.12802359
  -10.3503504     0.80734758     0.14812682
  -10.3103103     0.89751999     0.16076849
  -10.2702703     0.97943259     0.16886118
  -10.2302302     1.07315271     0.18807920
  -10.1901902     1.14697829     0.22383164
  -10.1501502     1.16589120     0.26287948
  -10.1101101     1.13064808     0.28460357
  -10.0700701     1.06040808     0.27628170
  -10.0300300     0.96551196     0.24364022
   -9.9899900     0.84551357     0.20966511
   -9.9499500     0.71572155     0.19802739
   -9.9099099     0.62663770     0.21136919
   -9.8698699     0.64156359     0.22666161
   -9.8298298     0.80064737     0.21884310
   -9.7897898     1.10454257     0.18965972
   -9.7497497     1.50696590     0.16885981
   -9.7097097     1.91345991     0.18671451
   -9.6696697     2.19466977     0.24641733
   -9.6296296     2.23189632     0.32308260
   -9.5895896     2.00885324     0.38733524
   -9.5495496     1.66435099     0.42564258
   -9.5095095     1.40387635     0.43983078
   -9.4694695     1.34293156     0.43519049
   -9.4294294     1.45693604     0.41218110
   -9.3893894     1.67533791     0.36740320
   -9.3493494     1.95594552     0.30270394
   -9.3093093     2.22575766     0.23616788
   -9.2692693     2.34250875     0.20086846
   -9.2292292     2.22811499     0.22300322
   -9.1891892     2.00456061     0.29769363
   -9.1491491     1.92577270     0.38907658
   -9.1091091     2.18621130     0.45321714
   -9.0690691     2.78339423     0.46221584
   -9.0290290     3.53340160     0.41975926
   -8.9889890     4.23022866     0.36070463
   -8.9489490     4.76573504     0.32319998
   -8.9089089     5.09713614     0.31762028
   -8.8688689     5.22540771     0.32982310
   -8.8288288     5.21567634     0.34497332
   -8.7887888     5.08005669     0.35795113
   -8.7487488     4.68936058     0.37314550
   -8.7087087     3.98791056     0.40944858
   -8.6686687     3.21952880     0.49314539
   -8.6286286     2.76203669     0.62089099
   -8.5885886     2.80294702     0.73916479
   -8.5485485     3.26471183     0.79245447
   -8.5085085     3.92418973     0.78646642
   -8.4684685     4.52682563     0.77461413
   -8.4284284     4.88050077     0.79153587
   -8.3883884     4.94949293     0.82772970
   -8.3483484     4.87983475     0.85875428
   -8.3083083     4.85519918     0.86831258
   -8.2682683     4.88924984     0.84234750
   -8.2282282     4.84101412     0.77539447
   -8.1881882     4.65984680     0.69824945
   -8.1481482     4.48199918     0.66304451
   -8.1081081     4.40986413     0.68453077
   -8.0680681     4.39459002     0.72800463
   -8.0280280     4.46202991     0.75790884
   -7.9879880     4.78259145     0.77726302
   -7.9479479     5.36107870     0.82950983
   -7.9079079     5.90733391     0.96615108
   -7.8678679     6.15077615     1.19042697
   -7.8278278     6.09790093     1.43140002
   -7.7877878     5.90476629     1.58802868
   -7.7477478     5.72069539     1.60708700
   -7.7077077     5.72818215     1.53216994
   -7.6676677     6.07034324     1.46792171
   -7.6276276     6.60318159     1.47623256
   -7.5875876     6.85858339     1.53051076
   -7.5475475     6.40947068     1.58385123
   -7.5075075     5.31362485     1.65051083
   -7.4674675     4.10054590     1.79659897
   -7.4274274     3.28595750     2.03122716
   -7.3873874     2.97795075     2.21894265
   -7.3473473     2.91020816     2.18377222
   -7.3073073     2.75698204     1.93131802
   -7.2672673     2.42774033     1.66965638
   -7.2272272     2.09926868     1.56400472
   -7.1871872     1.98812273     1.56994630
   -7.1471472     2.13484055     1.55982326
   -7.1071071     2.40511876     1.52630965
   -7.0670671     2.60714533     1.60451224
   -7.0270270     2.57572005     1.93191386
   -6.9869870     2.26175685     2.49487970
   -6.9469470     1.81886683     3.08209848
   -6.9069069     1.50509047     3.41092712
   -6.8668669     1.42529044     3.34394338
   -6.8268268     1.44448686     2.98936328
   -6.7867868     1.37567434     2.58109731
   -6.7467467     1.16605719     2.28266024
   -6.7067067     0.90246608     2.11909197
   -6.6666667     0.72180629     2.02499882
   -6.6266266     0.70935879     1.92921365
   -6.5865866     0.82188792     1.85401118
   -6.5465466     0.93367676     1.90700403
   -6.5065065     1.00239581     2.13967438
   -6.4664665     1.13398385     2.48326957
   -6.4264264     1.41284259     2.82513563
   -6.3863864     1.71875851     3.04236690
   -6.3463464     1.81868072     2.99314989
   -6.3063063     1.63699389     2.63150406
   -6.2662663     1.33721879     2.10804475
   -6.2262262     1.12129906     1.65166782
   -6.1861862     1.04129647     1.40635667
   -6.1461461     1.03924309     1.41182703
   -6.1061061     1.08626672     1.65436054
   -6.0660661     1.21000602     2.10303154
   -6.0260260     1.40837242     2.67711363
   -5.9859860     1.60397183     3.15566305
   -5.9459459     1.70121189     3.24966707
   -5.9059059     1.65654730     2.88686833
   -5.8658659     1.49633080     2.31166838
   -5.8258258     1.29460888     1.82902018
   -5.7857858     1.12169496     1.59652047
   -5.7457458     0.99820451     1.68139697
   -5.7057057     0.91486682     2.09393649
   -5.6656657     0.87726349     2.67498017
   -5.6256256     0.87642678     3.13029153
   -5.5855856     0.84687537     3.30493141
   -5.5455455     0.72930875     3.33497999
   -5.5055055     0.54652362     3.46050061
   -5.4654655     0.36904868     3.75524145
   -5.4254254     0.24229404     4.07908219
   -5.3853854     0.16962236     4.26798518
   -5.3453453     0.13971920     4.30567673
   -5.3053053     0.15792956     4.26944943
   -5.2652653     0.24604320     4.23462361
   -5.2252252     0.40331198     4.32230010
   -5.1851852     0.57934009     4.67168949
   -5.1451452     0.70560427     5.26223706
   -5.1051051     0.75583737     5.89961115
   -5.0650651     0.76734252     6.42095172
   -5.0250250     0.79483885     6.75649277
   -4.9849850     0.83901312     6.76027040
   -4.9449449     0.84462934     6.21762851
   -4.9049049     0.78290611     5.15233746
   -4.8648649     0.69040182     3.95652589
   -4.8248248     0.60597491     3.08376183
   -4.7847848     0.52247058     2.67333856
   -4.7447447     0.42822888     2.51462187
   -4.7047047     0.35027931     2.33206024
   -4.6646647     0.31934266     2.07450893
   -4.6246246     0.31938369     1.93535146
   -4.5845846     0.30732097     2.09528189
   -4.5445445     0.26881232     2.49803567
   -4.5045045     0.22875762     2.95524706
   -4.4644645     0.21854130     3.35624848
   -4.4244244     0.24933435     3.61077146
   -4.3843844     0.30466649     3.54572258
   -4.3443443     0.34984667     3.07753089
   -4.3043043     0.35696523     2.38375320
   -4.2642643     0.32437149     1.77745761
   -4.2242242     0.27238993     1.47527828
   -4.1841842     0.22705834     1.49009601
   -4.1441441     0.21059609     1.65996624
   -4.1041041     0.23613105     1.78233553
   -4.0640641     0.29894416     1.77472398
   -4.0240240     0.37432594     1.71415116
   -3.9839840     0.43149040     1.70757238
   -3.9439439     0.44933763     1.74202846
   -3.9039039     0.42135734     1.72400342
   -3.8638639     0.35849217     1.66175843
   -3.8238238     0.28822623     1.67462261
   -3.7837838     0.23581935     1.79502113
   -3.7437437     0.20268561     1.92379503
   -3.7037037     0.17319656     2.00578365
   -3.6636637     0.14091372     2.09646696
   -3.6236236     0.11472046     2.24726428
   -3.5835836     0.10166496     2.42130665
   -3.5435435     0.09770441     2.50171321
   -3.5035035     0.09528921     2.36790464
   -3.4634635     0.09230801     2.02346756
   -3.4234234     0.09375041     1.62170331
   -3.3833834     0.10747801     1.30236577
   -3.3433433     0.13615768     1.05950670
   -3.3033033     0.17069536     0.82289118
   -3.2632633     0.19454898     0.58843185
   -3.2232232     0.19658073     0.41303316
   -3.1831832     0.17716890     0.34013251
   -3.1431431     0.14514153     0.36443809
   -3.1031031     0.11506120     0.43702480
   -3.0630631     0.10254344     0.49293993
   -3.0230230     0.11408518     0.50303524
   -2.9829830     0.14158188     0.50811918
   -2.9429429     0.16768430     0.57153339
   -2.9029029     0.17754869     0.68721261
   -2.8628629     0.17052578     0.76557896
   -2.8228228     0.15916569     0.72960224
   -2.7827828     0.15330012     0.60420995
   -2.7427427     0.15139404     0.48969140
   -2.7027027     0.14826447     0.45880060
   -2.6626627     0.14206201     0.49712425
   -2.6226226     0.13390502     0.53801021
   -2.5825826     0.12839488     0.53435115
   -2.5425425     0.13439890     0.48695516
   -2.5025025     0.15739270     0.42371407
   -2.4624625     0.18627506     0.37235918
   -2.4224224     0.19632427     0.34973361
   -2.3823824     0.17673065     0.36254549
   -2.3423423     0.14736796     0.40746579
   -2.3023023     0.13681869     0.47611078
   -2.2622623     0.15244397     0.56208069
   -2.2222222     0.17805038     0.64549850
   -2.1821822     0.19241199     0.67825855
   -2.1421421     0.18838356     0.61777714
   -2.1021021     0.17800224     0.47726189
   -2.0620621     0.17719774     0.32096764
   -2.0220220     0.18724812     0.21139932
   -1.9819820     0.19764387     0.17702583
   -1.9419419     0.20285708     0.21825793
   -1.9019019     0.20662741     0.30986935
   -1.8618619     0.21176951     0.39740977
   -1.8218218     0.21415079     0.42825496
   -1.7817818     0.20924091     0.39931558
   -1.7417417     0.20065818     0.35615161
   -1.7017017     0.19763899     0.34530639
   -1.6616617     0.20375460     0.38029262
   -1.6216216     0.21152828     0.44072541
   -1.5815816     0.21114789     0.48634251
   -1.5415415     0.20241123     0.48352415
   -1.5015015     0.19251529     0.43647530
   -1.4614615     0.18286286     0.38759196
   -1.4214214     0.16763167     0.37681442
   -1.3813814     0.14810598     0.40858947
   -1.3413413     0.13716912     0.46022107
   -1.3013013     0.14463848     0.49968025
   -1.2612613     0.16697637     0.49634926
   -1.2212212     0.19302989     0.44715308
   -1.1811812     0.21327728     0.38955197
   -1.1411411     0.22539702     0.36139054
   -1.1011011     0.23200639     0.35876085
   -1.0610611     0.23104540     0.35339491
   -1.0210210     0.21862071     0.33444214
   -0.9809810     0.20419616     0.31602200
   -0.9409409     0.20723120     0.31346269
   -0.9009009     0.23229834     0.32137899
   -0.8608609     0.25687401     0.31758025
   -0.8208208     0.25455191     0.28764676
   -0.7807808     0.22829371     0.23928418
   -0.7407407     0.20565412     0.19599126
   -0.7007007     0.20228671     0.18263856
   -0.6606607     0.20905144     0.20745182
   -0.6206206     0.21381393     0.25166682
   -0.5805806     0.21637919     0.28669862
   -0.5405405     0.21999503     0.30594251
   -0.5005005     0.22190541     0.32977544
   -0.4604605     0.21566140     0.37171360
   -0.4204204     0.19872448     0.41093414
   -0.3803804     0.17754925     0.41693397
   -0.3403403     0.16174174     0.39184916
   -0.3003003     0.15222113     0.36635631
   -0.2602603     0.14310512     0.36548666
   -0.2202202     0.13434398     0.39262978
   -0.1801802     0.13330106     0.43255038
   -0.1401401     0.14678282     0.46395524
   -0.1001001     0.17645034     0.47669081
   -0.0600601     0.21418720     0.47485341
   -0.0200200     0.24052435     0.46147138
    0.0200200     0.24025609     0.43073052
    0.0600601     0.22117911     0.38431069
    0.1001001     0.20419694     0.34448867
    0.1401401     0.19522284     0.33518985
    0.1801802     0.18293294     0.35386598
    0.2202202     0.16368740     0.37432641
    0.2602603     0.15148558     0.37724223
    0.3003003     0.16036314     0.36650750
    0.3403403     0.18594759     0.35430699
    0.3803804     0.20807871     0.34412773
    0.4204204     0.21081432     0.33120928
    0.4604605     0.19547779     0.31001958
    0.5005005     0.17124034     0.28161190
    0.5405405     0.14239640     0.25550920
    0.5805806     0.11309708     0.23903165
    0.6206206     0.09352709     0.22768037
    0.6606607     0.09071572     0.21256663
    0.7007007     0.10062256     0.19364833
    0.7407407     0.11619488     0.18179353
    0.7807808     0.13526135     0.18880801
    0.8208208     0.15334080     0.21444816
    0.8608609     0.15877240     0.24219067
    0.9009009     0.14472581     0.25213879
    0.9409409     0.11762309     0.24353335
    0.9809810     0.08893899     0.23653502
    1.0210210     0.06762774     0.24174533
    1.0610611     0.06118772     0.24130548
    1.1011011     0.07503031     0.21414167
    1.1411411     0.10697847     0.16801466
    1.1811812     0.14495600     0.13414704
    1.2212212     0.17324226     0.13608505
    1.2612613     0.18341999     0.16767903
    1.3013013     0.18214683     0.19672550
    1.3413413     0.18482171     0.19616738
    1.3813814     0.19575622     0.17745988
    1.4214214     0.20270051     0.17938856
    1.4614615     0.19573035     0.21909865
    1.5015015     0.17806350     0.27014481
    1.5415415     0.15609209     0.29247919
    1.5815816     0.13325102     0.27183658
    1.6216216     0.11301823     0.22789291
    1.6616617     0.09591524     0.19376572
    1.7017017     0.07801644     0.19062522
    1.7417417     0.06109198     0.21372303
    1.7817818     0.05735651     0.23640920
    1.8218218     0.07820380     0.23251350
    1.8618619     0.12066180     0.20053015
    1.9019019     0.16613507     0.16290482
    1.9419419     0.19583470     0.14250750
    1.9819820     0.20827508     0.14654907
    2.0220220     0.21349803     0.16675105
    2.0620621     0.21281339     0.18404664
    2.1021021     0.19850449     0.18156000
    2.1421421     0.17286739     0.16501561
    2.1821822     0.15500388     0.16311158
    2.2222222     0.16141055     0.19671452
    2.2622623     0.18263642     0.24937034
    2.3023023     0.19117179     0.27744607
    2.3423423     0.17508055     0.25460322
    2.3823824     0.15006724     0.19796918
    2.4224224     0.13557372     0.14664300
    2.4624625     0.13333371     0.12757591
    2.5025025     0.13332772     0.14219871
    2.5425425     0.13041111     0.17082752
    2.5825826     0.12851289     0.18930098
    2.6226226     0.12968553     0.18845243
    2.6626627     0.12681279     0.17887924
    2.7027027     0.11521256     0.17861906
    2.7427427     0.10419881     0.19475356
    2.7827828     0.10624173     0.21454101
    2.8228228     0.12111378     0.22124968
    2.8628629     0.13718349     0.21941706
    2.9029029     0.14361909     0.22789151
    2.9429429     0.13992072     0.24405469
    2.9829830     0.13434623     0.23849112
    3.0230230     0.13335993     0.19527388
    3.0630631     0.13521022     0.13624118
    3.1031031     0.13335165     0.09450263
    3.1431431     0.12418444     0.08057651
    3.1831832     0.11149766     0.08317911
    3.2232232     0.10419727     0.09068455
    3.2632633     0.10986483     0.10208388
    3.3033033     0.12829278     0.12055934
    3.3433433     0.15041319     0.14454997
    3.3833834     0.16444023     0.16785436
    3.4234234     0.16357343     0.18334373
    3.4634635     0.15065220     0.18428803
    3.5035035     0.13694789     0.16816372
    3.5435435     0.13497612     0.14315351
    3.5835836     0.15113419     0.12648764
    3.6236236     0.18073648     0.13014917
    3.6636637     0.20810882     0.14991274
    3.7037037     0.21860540     0.17567359
    3.7437437     0.21403445     0.20486335
    3.7837838     0.20884487     0.23071375
    3.8238238     0.20967041     0.23221169
    3.8638639     0.20913956     0.19861117
    3.9039039     0.19986383     0.14985467
    3.9439439     0.18401520     0.11592083
    3.9839840     0.16906014     0.11066924
    4.0240240     0.15931164     0.13403727
    4.0640641     0.15359787     0.18109583
    4.1041041     0.15065221     0.23670547
    4.1441441     0.15201387     0.27529925
    4.1841842     0.15788200     0.28038857
    4.2242242     0.16418975     0.25673199
    4.2642643     0.16668252     0.21898155
    4.3043043     0.16746063     0.17989011
    4.3443443     0.17397554     0.14874920
    4.3843844     0.18928517     0.13042305
    4.4244244     0.20711137     0.12579234
    4.4644645     0.21923335     0.13501126
    4.5045045     0.22364471     0.15641149
    4.5445445     0.22542455     0.18259786
    4.5845846     0.23236408     0.20420173
    4.6246246     0.24251226     0.21978652
    4.6646647     0.23812692     0.23698100
    4.7047047     0.20926245     0.25877406
    4.7447447     0.17583663     0.27267708
    4.7847848     0.16289750     0.26434816
    4.8248248     0.16460001     0.23892755
    4.8648649     0.15643034     0.21448199
    4.9049049     0.13224867     0.20146542
    4.9449449     0.10937551     0.20231788
    4.9849850     0.10634200     0.21651301
    5.0250250     0.12728887     0.23368079
    5.0650651     0.16104937     0.23710739
    5.1051051     0.19152525     0.21986491
    5.1451452     0.21130669     0.18848340
    5.1851852     0.22266160     0.15639135
    5.2252252     0.22556474     0.13782443
    5.2652653     0.21231024     0.13838370
    5.3053053     0.17959740     0.15171432
    5.3453453     0.14140193     0.16984843
    5.3853854     0.12147585     0.19053745
    5.4254254     0.13268704     0.21304272
    5.4654655     0.16332149     0.23406919
    5.5055055     0.18330792     0.24980361
    5.5455455     0.17227121     0.25627469
    5.5855856     0.13894493     0.24433101
    5.6256256     0.10375786     0.20398041
    5.6656657     0.07534133     0.14207053
    5.7057057     0.05469162     0.08474251
    5.7457458     0.04654898     0.05442494
    5.7857858     0.05529666     0.05194373
    5.8258258     0.07673585     0.06408484
    5.8658659     0.10023540     0.08314077
    5.9059059     0.11883882     0.11318957
    5.9459459     0.13491557     0.15560678
    5.9859860     0.15156449     0.19645748
    6.0260260     0.16113239     0.21567556
    6.0660661     0.15317664     0.20478301
    6.1061061     0.13123162     0.17173087
    6.1461461     0.10929084     0.13231803
    6.1861862     0.09546176     0.09984241
    6.2262262     0.08818842     0.08008626
    6.2662663     0.08612838     0.07353660
    6.3063063     0.09545929     0.08159172
    6.3463464     0.12182420     0.10577032
    6.3863864     0.15513854     0.13902557
    6.4264264     0.17233370     0.16734474
    6.4664665     0.16214627     0.18373040
    6.5065065     0.13979398     0.19080887
    6.5465466     0.12900620     0.19212947
    6.5865866     0.13840164     0.19203486
    6.6266266     0.16419528     0.19530016
    6.6666667     0.20401668     0.19929306
    6.7067067     0.25620947     0.19545319
    6.7467467     0.31033448     0.17905574
    6.7867868     0.34443645     0.15477979
    6.8268268     0.33709341     0.13581879
    6.8668669     0.28770275     0.13375608
    6.9069069     0.22018295     0.14624147
    6.9469470     0.16513862     0.16100519
    6.9869870     0.14244303     0.17331401
    7.0270270     0.15196447     0.18972966
    7.0670671     0.17317123     0.21118200
    7.1071071     0.18437227     0.22395357
    7.1471472     0.18634298     0.21565386
    7.1871872     0.19498915     0.19186232
    7.2272272     0.21364397     0.17090607
    7.2672673     0.22719696     0.16780855
    7.3073073     0.22194192     0.18476569
    7.3473473     0.20181767     0.21609292
    7.3873874     0.18287616     0.25809843
    7.4274274     0.17422723     0.30142932
    7.4674675     0.17021772     0.32165790
    7.5075075     0.16384325     0.30049964
    7.5475475     0.15885417     0.24838013
    7.5875876     0.16221956     0.19015452
    7.6276276     0.17363802     0.14304626
    7.6676677     0.18817499     0.11673847
    7.7077077     0.20089735     0.11540005
    7.7477478     0.20676179     0.13119620
    7.7877878     0.20616038     0.15185340
    7.8278278     0.21212766     0.17851879
    7.8678679     0.24141785     0.21700634
    7.9079079     0.29719221     0.25111282
    7.9479479     0.36769543     0.25319930
    7.9879880     0.43581959     0.22452035
    8.0280280     0.47835471     0.19582957
    8.0680681     0.46749894     0.18810137
    8.1081081     0.39670344     0.20130196
    8.1481482     0.30080833     0.23661153
    8.1881882     0.23089028     0.29651250
    8.2282282     0.21057273     0.36238471
    8.2682683     0.22439410     0.40150859
    8.3083083     0.24320734     0.40418950
    8.3483484     0.25047457     0.39612925
    8.3883884     0.24004331     0.40516525
    8.4284284     0.20573973     0.42303739
    8.4684685     0.15178880     0.40955810
    8.5085085     0.10106775     0.34343975
    8.5485485     0.07750058     0.25940582
    8.5885886     0.08653969     0.21017800
    8.6286286     0.11743173     0.20363098
    8.6686687     0.15807478     0.20675118
    8.7087087     0.20018694     0.19409377
    8.7487488     0.23217790     0.16472987
    8.7887888     0.24280987     0.13104626
    8.8288288     0.23784203     0.11320702
    8.8688689     0.23881066     0.12730563
    8.9089089     0.26011743     0.16532683
    8.9489490     0.29653353     0.20031493
    8.9889890     0.33170838     0.21641612
    9.0290290     0.35319940     0.22146357
    9.0690691     0.36297224     0.22938873
    9.1091091     0.37330813     0.24137831
    9.1491491     0.39038983     0.24579203
    9.1891892     0.40869172     0.23616414
    9.2292292     0.42594740     0.22833297
    9.2692693     0.44998078     0.24585456
    9.3093093     0.47758136     0.28809099
    9.3493494     0.48726336     0.33971100
    9.3893894     0.46938951     0.41091318
    9.4294294     0.43663586     0.52079053
    9.4694695     0.39885520     0.63228722
    9.5095095     0.35579661     0.66833081
    9.5495496     0.30933925     0.61354359
    9.5895896     0.26613587     0.53289879
    9.6296296     0.23724981     0.47688708
    9.6696697     0.23838677     0.43504312
    9.7097097     0.27938313     0.38416471
    9.7497497     0.34526004     0.32383105
    9.7897898     0.39490458     0.26388807
    9.8298298     0.39793336     0.21573802
    9.8698699     0.36785836     0.19290538
    9.9099099     0.33814253     0.19599177
    9.9499500     0.32158873     0.20739681
    9.9899900     0.31296977     0.21936028
   10.0300300     0.31147286     0.25101134
   10.0700701     0.32974532     0.31979560
   10.1101101     0.38336906     0.40863443
   10.1501502     0.45744548     0.47369692
   10.1901902     0.49651053     0.48279110
   10.2302302     0.45814160     0.44479810
   10.2702703     0.36421837     0.40045415
   10.3103103     0.27917737     0.38649564
   10.3503504     0.25527340     0.40660079
   10.3903904     0.30722655     0.42681040
   10.4304304     0.40688571     0.40481072
   10.4704705     0.48897469     0.33189042
   10.5105105     0.50316672     0.24192346
   10.5505506     0.47152227     0.18916302
   10.5905906     0.45208101     0.22021091
   10.6306306     0.45665665     0.33819057
   10.6706707     0.45421159     0.48051783
   10.7107107     0.43161783     0.56097391
   10.7507508     0.40091729     0.55051181
   10.7907908     0.36895162     0.49171736
   10.8308308     0.34217945     0.43464598
   10.8708709     0.34468456     0.40138265
   10.9109109     0.39019548     0.40758473
   10.9509510     0.44301429     0.46267942
   10.9909910     0.45091318     0.53956579
   11.0310310     0.41445269     0.57869568
   11.0710711     0.38270277     0.53615612
   11.1111111     0.39011030     0.42644211
   11.1511512     0.42797946     0.31557710
   11.1911912     0.46799411     0.26501332
   11.2312312     0.50710486     0.28206674
   11.2712713     0.58614545     0.32728974
   11.3113113     0.73167215     0.36184262
   11.3513514     0.88243798     0.37906344
   11.3913914     0.93223069     0.39802082
   11.4314314     0.85100515     0.44210522
   11.4714715     0.70514024     0.51915251
   11.5115115     0.56590446     0.61036697
   11.5515516     0.45765120     0.68924160
   11.5915916     0.37968148     0.75082891
   11.6316316     0.32865492     0.79565641
   11.6716717     0.30476916     0.79831499
   11.7117117     0.31425941     0.73586669
   11.7517518     0.36364099     0.63189031
   11.7917918     0.44945298     0.53303307
   11.8318318     0.55069861     0.46425398
   11.8718719     0.63108970     0.43607019
   11.9119119     0.66184029     0.46405715
   11.9519520     0.64607176     0.54214537
   11.9919920     0.60845668     0.61284989
   12.0320320     0.56226672     0.61082844
   12.0720721     0.50089994     0.53917064
   12.1121121     0.42403500     0.46399134
   12.1521522     0.35493569     0.43813366
   12.1921922     0.31653432     0.46077954
   12.2322322     0.30699614     0.49357104
   12.2722723     0.31522796     0.49587412
   12.3123123     0.33664595     0.46581547
   12.3523524     0.35688258     0.44870008
   12.3923924     0.34639482     0.48233525
   12.4324324     0.29409633     0.54466656
   12.4724725     0.22960047     0.57402829
   12.5125125     0.19704331     0.53020062
   12.5525526     0.22294234     0.42967898
   12.5925926     0.30586921     0.32739565
   12.6326326     0.40960181     0.26453544
   12.6726727     0.47988158     0.24289912
   12.7127127     0.49351682     0.25042024
   12.7527528     0.47226985     0.28499312
   12.7927928     0.44392773     0.34176432
   12.8328328     0.42077816     0.39599418
   12.8728729     0.41417154     0.41519594
   12.9129129     0.43903868     0.39518442
   12.9529530     0.49301293     0.37761056
   12.9929930     0.54227210     0.40945210
   13.0330330     0.54784136     0.48392299
   13.0730731     0.51069207     0.54599423
   13.1131131     0.47221669     0.55104212
   13.1531532     0.46791882     0.49608789
   13.1931932     0.49699607     0.41506875
   13.2332332     0.53379083     0.36066550
   13.2732733     0.55600970     0.36348972
   13.3133133     0.55967316     0.39971907
   13.3533534     0.54956301     0.41466515
   13.3933934     0.52493751     0.38312011
   13.4334334     0.48209183     0.34474983
   13.4734735     0.42303087     0.37586308
   13.5135135     0.36060782     0.51198750
   13.5535536     0.32295895     0.68777446
   13.5935936     0.33519835     0.77547135
   13.6336336     0.38018193     0.70644300
   13.6736737     0.40161141     0.53433208
   13.7137137     0.36540824     0.36987549
   13.7537538     0.29917180     0.28667073
   13.7937938     0.25902925     0.29015832
   13.8338338     0.27200979     0.34058533
   13.8738739     0.31590979     0.39362485
   13.9139139     0.34662871     0.42356733
   13.9539540     0.34191330     0.41378100
   13.9939940     0.31571013     0.35510191
   14.0340340     0.29181482     0.27171197
   14.0740741     0.27987600     0.21850809
   14.1141141     0.28455321     0.23007374
   14.1541542     0.31948877     0.28671831
   14.1941942     0.39005556     0.34111002
   14.2342342     0.46721091     0.36857315
   14.2742743     0.50111048     0.37951878
   14.3143143     0.46459332     0.38691506
   14.3543544     0.37693261     0.38679783
   14.3943944     0.29179835     0.37729275
   14.4344344     0.26240825     0.36808684
   14.4744745     0.30603505     0.36405706
   14.5145145     0.38998387     0.36247234
   14.5545546     0.44974880     0.36856591
   14.5945946     0.44195682     0.39426449
   14.6346346     0.38635451     0.43517546
   14.6746747     0.33169400     0.46462669
   14.7147147     0.29306360     0.45746351
   14.7547548     0.25565700     0.41028724
   14.7947948     0.21829104     0.34262006
   14.8348348     0.20079194     0.28469943
   14.8748749     0.22198869     0.25468243
   14.9149149     0.28872579     0.24855611
   14.9549550     0.39454130     0.25938354
   14.9949950     0.51552545     0.29081975
   15.0350350     0.61831469     0.33943950
   15.0750751     0.68538859     0.38605368
   15.1151151     0.72603328     0.41607781
   15.1551552     0.75189876     0.42755856
   15.1951952     0.75163851     0.42361539
   15.2352352     0.71076410     0.41916750
   15.2752753     0.64346536     0.44102945
   15.3153153     0.56973956     0.49773740
   15.3553554     0.48063901     0.56011011
   15.3953954     0.37245868     0.59291688
   15.4354354     0.29556486     0.59462742
   15.4754755     0.32134183     0.58894962
   15.5155155     0.46146135     0.59412661
   15.5555556     0.64291540     0.61203401
   15.5955956     0.76916858     0.62940578
   15.6356356     0.79658674     0.63067910
   15.6756757     0.74997513     0.62548176
   15.7157157     0.69279743     0.64222450
   15.7557558     0.68495599     0.67999032
   15.7957958     0.72794059     0.70448596
   15.8358358     0.76080309     0.70294477
   15.8758759     0.74913336     0.70242344
   15.9159159     0.74292742     0.72604094
   15.9559560     0.80120082     0.75840067
   15.9959960     0.90171516     0.75816691
   16.0360360     0.96637286     0.70468591
   16.0760761     0.93642852     0.63973088
   16.1161161     0.81078826     0.63913360
   16.1561562     0.65137389     0.72410049
   16.1961962     0.53750190     0.83121262
   16.2362362     0.49131446     0.88188322
   16.2762763     0.48026058     0.85086444
   16.3163163     0.49272609     0.77073129
   16.3563564     0.55464803     0.69793075
   16.3963964     0.66261283     0.66927362
   16.4364364     0.75475756     0.67715438
   16.4764765     0.77168286     0.68221463
   16.5165165     0.71565411     0.64494523
   16.5565566     0.63258802     0.55657554
   16.5965966     0.56004488     0.46082820
   16.6366366     0.51326700     0.43466929
   16.6766767     0.50475029     0.51740834
   16.7167167     0.54159181     0.66203355
   16.7567568     0.60100604     0.77142599
   16.7967968     0.63878322     0.77326051
   16.8368368     0.63274271     0.66529102
   16.8768769     0.61078911     0.51464952
   16.9169169     0.62289554     0.41096842
   16.9569570     0.67313194     0.39946761
   16.9969970     0.70521051     0.44988175
   17.0370370     0.67502941     0.49142521
   17.0770771     0.59852039     0.48578670
   17.1171171     0.51249310     0.45991266
   17.1571572     0.43272342     0.46204981
   17.1971972     0.36599465     0.50355409
   17.2372372     0.33709910     0.55944805
   17.2772773     0.39222211     0.60978161
   17.3173173     0.56323500     0.64126599
   17.3573574     0.79686436     0.62356990
   17.3973974     0.94111630     0.55024993
   17.4374374     0.88170544     0.49067623
   17.4774775     0.68312932     0.53493396
   17.5175175     0.51547092     0.69235879
   17.5575576     0.47180746     0.87099277
   17.5975976     0.52475240     0.94438000
   17.6376376     0.60838527     0.85401618
   17.6776777     0.67014836     0.66873339
   17.7177177     0.67290592     0.51708483
   17.7577578     0.61609335     0.46109726
   17.7977978     0.56446823     0.46938713
   17.8378378     0.60030935     0.49508620
   17.8778779     0.72041166     0.52867958
   17.9179179     0.82896891     0.56823726
   17.9579580     0.84551735     0.58923940
   17.9979980     0.76123060     0.57889493
   18.0380380     0.60558351     0.56477312
   18.0780781     0.43208478     0.57664855
   18.1181181     0.31331036     0.61212208
   18.1581582     0.29379305     0.65885692
   18.1981982     0.35851323     0.70766210
   18.2382382     0.45908820     0.72554823
   18.2782783     0.55302291     0.66609179
   18.3183183     0.61609900     0.53484553
   18.3583584     0.63939901     0.40682064
   18.3983984     0.62914821     0.35631021
   18.4384384     0.60112480     0.39251690
   18.4784785     0.56529318     0.46920558
   18.5185185     0.51950239     0.53448035
   18.5585586     0.46796336     0.56302000
   18.5985986     0.43746842     0.55494983
   18.6386386     0.44855658     0.53325880
   18.6786787     0.48044462     0.54454515
   18.7187187     0.49769100     0.61361121
   18.7587588     0.49149012     0.68869046
   18.7987988     0.46599307     0.68949762
   18.8388388     0.41998584     0.61779430
   18.8788789     0.36835690     0.56128214
   18.9189189     0.34826503     0.57659532
   18.9589590     0.38796101     0.62464721
   18.9989990     0.48601798     0.63617865
   19.0390390     0.61688303     0.58903228
   19.0790791     0.73566674     0.50669938
   19.1191191     0.78586280     0.42496811
   19.1591592     0.74258547     0.37774097
   19.1991992     0.65211216     0.38817072
   19.2392392     0.59365703     0.44929911
   19.2792793     0.60831185     0.51980592
   19.3193193     0.68400137     0.55431507
   19.3593594     0.77456304     0.53850538
   19.3993994     0.81506219     0.50085122
   19.4394394     0.76129804     0.49799219
   19.4794795     0.64075633     0.57393553
   19.5195195     0.54497308     0.71908375
   19.5595596     0.54846450     0.86754249
   19.5995996     0.63965598     0.93822867
   19.6396396     0.74141253     0.89222457
   19.6796797     0.78553226     0.76350257
   19.7197197     0.77225341     0.63551109
   19.7597598     0.76645009     0.57463433
   19.7997998     0.80418736     0.57307156
   19.8398398     0.82218910     0.57331038
   19.8798799     0.73759961     0.55815795
   19.9199199     0.56375286     0.58132126
   19.9599600     0.39895106     0.69415073
   20.0000000     0.33477258     0.86611196
