#
#   partial DOS for atom species: Mn
#
#   Add data for atom_index =   1,  n,l,m,z=  4  0  0  1
#   Add data for atom_index =   1,  n,l,m,z=  4  0  0  2
#   Add data for atom_index =   1,  n,l,m,z=  4  0  0  3
#   Add data for atom_index =   2,  n,l,m,z=  4  0  0  1
#   Add data for atom_index =   2,  n,l,m,z=  4  0  0  2
#   Add data for atom_index =   2,  n,l,m,z=  4  0  0  3
#   Add data for atom_index =   3,  n,l,m,z=  4  0  0  1
#   Add data for atom_index =   3,  n,l,m,z=  4  0  0  2
#   Add data for atom_index =   3,  n,l,m,z=  4  0  0  3
#   Add data for atom_index =   4,  n,l,m,z=  4  0  0  1
#   Add data for atom_index =   4,  n,l,m,z=  4  0  0  2
#   Add data for atom_index =   4,  n,l,m,z=  4  0  0  3
#   Add data for atom_index =   5,  n,l,m,z=  4  0  0  1
#   Add data for atom_index =   5,  n,l,m,z=  4  0  0  2
#   Add data for atom_index =   5,  n,l,m,z=  4  0  0  3
#   Add data for atom_index =   6,  n,l,m,z=  4  0  0  1
#   Add data for atom_index =   6,  n,l,m,z=  4  0  0  2
#   Add data for atom_index =   6,  n,l,m,z=  4  0  0  3
#   Add data for atom_index =   7,  n,l,m,z=  4  0  0  1
#   Add data for atom_index =   7,  n,l,m,z=  4  0  0  2
#   Add data for atom_index =   7,  n,l,m,z=  4  0  0  3
#   Add data for atom_index =   8,  n,l,m,z=  4  0  0  1
#   Add data for atom_index =   8,  n,l,m,z=  4  0  0  2
#   Add data for atom_index =   8,  n,l,m,z=  4  0  0  3
#
#    Energy          spin 1        spin2
#
  -20.0000000     0.00000000     0.00000000
  -19.9599600     0.00000000     0.00000000
  -19.9199199     0.00000000     0.00000000
  -19.8798799     0.00000000     0.00000000
  -19.8398398     0.00000000     0.00000000
  -19.7997998     0.00000000     0.00000000
  -19.7597598     0.00000000     0.00000000
  -19.7197197     0.00000000     0.00000000
  -19.6796797     0.00000000     0.00000000
  -19.6396396     0.00000000     0.00000000
  -19.5995996     0.00000000     0.00000000
  -19.5595596     0.00000000     0.00000000
  -19.5195195     0.00000000     0.00000000
  -19.4794795     0.00000000     0.00000000
  -19.4394394     0.00000000     0.00000000
  -19.3993994     0.00000000     0.00000000
  -19.3593594     0.00000000     0.00000000
  -19.3193193     0.00000000     0.00000000
  -19.2792793     0.00000000     0.00000000
  -19.2392392     0.00000000     0.00000000
  -19.1991992     0.00000000     0.00000000
  -19.1591592     0.00000000     0.00000000
  -19.1191191     0.00000000     0.00000000
  -19.0790791     0.00000000     0.00000000
  -19.0390390     0.00000000     0.00000000
  -18.9989990     0.00000000     0.00000000
  -18.9589590     0.00000000     0.00000000
  -18.9189189     0.00000000     0.00000000
  -18.8788789     0.00000000     0.00000000
  -18.8388388     0.00000000     0.00000000
  -18.7987988     0.00000000     0.00000000
  -18.7587588     0.00000000     0.00000000
  -18.7187187     0.00000000     0.00000000
  -18.6786787     0.00000000     0.00000000
  -18.6386386     0.00000000     0.00000000
  -18.5985986     0.00000000     0.00000000
  -18.5585586     0.00000000     0.00000000
  -18.5185185     0.00000000     0.00000000
  -18.4784785     0.00000000     0.00000000
  -18.4384384     0.00000000     0.00000000
  -18.3983984     0.00000000     0.00000000
  -18.3583584     0.00000000     0.00000000
  -18.3183183     0.00000000     0.00000000
  -18.2782783     0.00000000     0.00000000
  -18.2382382     0.00000000     0.00000000
  -18.1981982     0.00000000     0.00000000
  -18.1581582     0.00000000     0.00000000
  -18.1181181     0.00000000     0.00000000
  -18.0780781     0.00000000     0.00000000
  -18.0380380     0.00000000     0.00000000
  -17.9979980     0.00000000     0.00000000
  -17.9579580     0.00000000     0.00000000
  -17.9179179     0.00000000     0.00000000
  -17.8778779     0.00000000     0.00000000
  -17.8378378     0.00000000     0.00000000
  -17.7977978     0.00000000     0.00000000
  -17.7577578     0.00000000     0.00000000
  -17.7177177     0.00000000     0.00000000
  -17.6776777     0.00000000     0.00000000
  -17.6376376     0.00000000     0.00000000
  -17.5975976     0.00000000     0.00000000
  -17.5575576     0.00000000     0.00000000
  -17.5175175     0.00000000     0.00000000
  -17.4774775     0.00000000     0.00000000
  -17.4374374     0.00000000     0.00000000
  -17.3973974     0.00000000     0.00000000
  -17.3573574     0.00000000     0.00000000
  -17.3173173     0.00000000     0.00000000
  -17.2772773     0.00000000     0.00000000
  -17.2372372     0.00000000     0.00000000
  -17.1971972     0.00000000     0.00000000
  -17.1571572     0.00000000     0.00000000
  -17.1171171     0.00000000     0.00000000
  -17.0770771     0.00000000     0.00000000
  -17.0370370     0.00000000     0.00000000
  -16.9969970     0.00000000     0.00000000
  -16.9569570     0.00000000     0.00000000
  -16.9169169     0.00000000     0.00000000
  -16.8768769     0.00000000     0.00000000
  -16.8368368     0.00000000     0.00000000
  -16.7967968     0.00000000     0.00000000
  -16.7567568     0.00000002     0.00000002
  -16.7167167     0.00000042     0.00000042
  -16.6766767     0.00000615     0.00000615
  -16.6366366     0.00006462     0.00006462
  -16.5965966     0.00049299     0.00049299
  -16.5565566     0.00272937     0.00272937
  -16.5165165     0.01096552     0.01096552
  -16.4764765     0.03197011     0.03197011
  -16.4364364     0.06764044     0.06764044
  -16.3963964     0.10385230     0.10385230
  -16.3563564     0.11571063     0.11571063
  -16.3163163     0.09355735     0.09355735
  -16.2762763     0.05489517     0.05489517
  -16.2362362     0.02338195     0.02338195
  -16.1961962     0.00730919     0.00730919
  -16.1561562     0.00229261     0.00229261
  -16.1161161     0.00406368     0.00406368
  -16.0760761     0.01566597     0.01566597
  -16.0360360     0.04689156     0.04689156
  -15.9959960     0.10251721     0.10251722
  -15.9559560     0.16342623     0.16342623
  -15.9159159     0.18997209     0.18997209
  -15.8758759     0.16109215     0.16109215
  -15.8358358     0.10012822     0.10012822
  -15.7957958     0.04838497     0.04838497
  -15.7557558     0.02964871     0.02964871
  -15.7157157     0.04968284     0.04968284
  -15.6756757     0.10673370     0.10673370
  -15.6356356     0.18510411     0.18510411
  -15.5955956     0.25228982     0.25228983
  -15.5555556     0.27839321     0.27839322
  -15.5155155     0.25360738     0.25360738
  -15.4754755     0.18899415     0.18899415
  -15.4354354     0.11217350     0.11217350
  -15.3953954     0.05437393     0.05437393
  -15.3553554     0.03477587     0.03477587
  -15.3153153     0.06340451     0.06340451
  -15.2752753     0.14779340     0.14779341
  -15.2352352     0.27628663     0.27628664
  -15.1951952     0.40159617     0.40159618
  -15.1551552     0.46472976     0.46472977
  -15.1151151     0.43675544     0.43675544
  -15.0750751     0.33349332     0.33349332
  -15.0350350     0.20395264     0.20395264
  -14.9949950     0.10303648     0.10303648
  -14.9549550     0.06228836     0.06228836
  -14.9149149     0.08324595     0.08324595
  -14.8748749     0.14352775     0.14352775
  -14.8348348     0.20146236     0.20146235
  -14.7947948     0.22061297     0.22061296
  -14.7547548     0.20109806     0.20109806
  -14.7147147     0.16651071     0.16651074
  -14.6746747     0.12829733     0.12829737
  -14.6346346     0.08882420     0.08882422
  -14.5945946     0.06467212     0.06467211
  -14.5545546     0.08428677     0.08428676
  -14.5145145     0.16253866     0.16253867
  -14.4744745     0.27060592     0.27060594
  -14.4344344     0.33599150     0.33599151
  -14.3943944     0.30473662     0.30473663
  -14.3543544     0.20146277     0.20146277
  -14.3143143     0.09777817     0.09777816
  -14.2742743     0.03894117     0.03894116
  -14.2342342     0.02909918     0.02909916
  -14.1941942     0.06257940     0.06257938
  -14.1541542     0.13274573     0.13274574
  -14.1141141     0.21003799     0.21003804
  -14.0740741     0.24281868     0.24281875
  -14.0340340     0.20499228     0.20499232
  -13.9939940     0.12647219     0.12647219
  -13.9539540     0.05707296     0.05707293
  -13.9139139     0.01886696     0.01886694
  -13.8738739     0.00468201     0.00468200
  -13.8338338     0.00153247     0.00153247
  -13.7937938     0.00327076     0.00327076
  -13.7537538     0.01007824     0.01007824
  -13.7137137     0.02336284     0.02336284
  -13.6736737     0.04013439     0.04013439
  -13.6336336     0.05386867     0.05386867
  -13.5935936     0.06616695     0.06616695
  -13.5535536     0.09365975     0.09365974
  -13.5135135     0.15096041     0.15096042
  -13.4734735     0.22471569     0.22471573
  -13.4334334     0.27599235     0.27599240
  -13.3933934     0.27253686     0.27253689
  -13.3533534     0.21268085     0.21268085
  -13.3133133     0.12524410     0.12524408
  -13.2732733     0.05436331     0.05436330
  -13.2332332     0.02890016     0.02890016
  -13.1931932     0.03967634     0.03967634
  -13.1531532     0.05811661     0.05811661
  -13.1131131     0.07203461     0.07203461
  -13.0730731     0.08778540     0.08778540
  -13.0330330     0.10276133     0.10276133
  -12.9929930     0.09883992     0.09883992
  -12.9529530     0.07277880     0.07277881
  -12.9129129     0.05349331     0.05349334
  -12.8728729     0.06804454     0.06804458
  -12.8328328     0.10405260     0.10405263
  -12.7927928     0.12943067     0.12943068
  -12.7527528     0.13476458     0.13476458
  -12.7127127     0.13202871     0.13202870
  -12.6726727     0.12660725     0.12660725
  -12.6326326     0.11323069     0.11323070
  -12.5925926     0.09022987     0.09022988
  -12.5525526     0.06290340     0.06290339
  -12.5125125     0.03776654     0.03776651
  -12.4724725     0.02037161     0.02037158
  -12.4324324     0.01538600     0.01538598
  -12.3923924     0.02585115     0.02585115
  -12.3523524     0.05171202     0.05171204
  -12.3123123     0.08458810     0.08458813
  -12.2722723     0.10338549     0.10338550
  -12.2322322     0.08597863     0.08597862
  -12.1921922     0.03277710     0.03277707
  -12.1521522    -0.02713120    -0.02713122
  -12.1121121    -0.05914704    -0.05914703
  -12.0720721    -0.05164522    -0.05164519
  -12.0320320    -0.02199218    -0.02199215
  -11.9919920     0.00122778     0.00122779
  -11.9519520     0.00138209     0.00138207
  -11.9119119    -0.01610419    -0.01610423
  -11.8718719    -0.03407328    -0.03407331
  -11.8318318    -0.04142436    -0.04142437
  -11.7917918    -0.03792526    -0.03792525
  -11.7517518    -0.02658181    -0.02658180
  -11.7117117    -0.00867918    -0.00867916
  -11.6716717     0.01373116     0.01373116
  -11.6316316     0.03443584     0.03443585
  -11.5915916     0.04521720     0.04521721
  -11.5515516     0.04247216     0.04247215
  -11.5115115     0.03069589     0.03069587
  -11.4714715     0.01840559     0.01840558
  -11.4314314     0.01048169     0.01048168
  -11.3913914     0.00500253     0.00500254
  -11.3513514    -0.00171749    -0.00171748
  -11.3113113    -0.00819679    -0.00819679
  -11.2712713    -0.00892495    -0.00892497
  -11.2312312    -0.00263054    -0.00263056
  -11.1911912     0.00476359     0.00476358
  -11.1511512     0.00729593     0.00729593
  -11.1111111     0.00520559     0.00520560
  -11.0710711     0.00223264     0.00223264
  -11.0310310     0.00051159     0.00051160
  -10.9909910    -0.00017428    -0.00017428
  -10.9509510    -0.00064199    -0.00064200
  -10.9109109    -0.00110484    -0.00110484
  -10.8708709    -0.00099765    -0.00099765
  -10.8308308     0.00025277     0.00025277
  -10.7907908     0.00228976     0.00228977
  -10.7507508     0.00417395     0.00417396
  -10.7107107     0.00564712     0.00564712
  -10.6706707     0.00704613     0.00704613
  -10.6306306     0.00796767     0.00796767
  -10.5905906     0.00756968     0.00756968
  -10.5505506     0.00636098     0.00636098
  -10.5105105     0.00602931     0.00602931
  -10.4704705     0.00736146     0.00736146
  -10.4304304     0.00978534     0.00978534
  -10.3903904     0.01290051     0.01290052
  -10.3503504     0.01689263     0.01689264
  -10.3103103     0.02108376     0.02108376
  -10.2702703     0.02354534     0.02354534
  -10.2302302     0.02291495     0.02291494
  -10.1901902     0.02011361     0.02011359
  -10.1501502     0.01864508     0.01864506
  -10.1101101     0.02256648     0.02256648
  -10.0700701     0.03239166     0.03239167
  -10.0300300     0.04450407     0.04450408
   -9.9899900     0.05483077     0.05483078
   -9.9499500     0.05941591     0.05941592
   -9.9099099     0.05398167     0.05398167
   -9.8698699     0.03878481     0.03878480
   -9.8298298     0.02108746     0.02108745
   -9.7897898     0.00908778     0.00908777
   -9.7497497     0.00640092     0.00640094
   -9.7097097     0.01318989     0.01318992
   -9.6696697     0.02804168     0.02804170
   -9.6296296     0.04705311     0.04705309
   -9.5895896     0.06497374     0.06497371
   -9.5495496     0.07816119     0.07816118
   -9.5095095     0.08322666     0.08322667
   -9.4694695     0.07637892     0.07637891
   -9.4294294     0.05861830     0.05861828
   -9.3893894     0.03673554     0.03673551
   -9.3493494     0.01690518     0.01690514
   -9.3093093     0.00085304     0.00085301
   -9.2692693    -0.01208966    -0.01208967
   -9.2292292    -0.02170332    -0.02170332
   -9.1891892    -0.02651825    -0.02651824
   -9.1491491    -0.02613971    -0.02613971
   -9.1091091    -0.02239328    -0.02239328
   -9.0690691    -0.01805152    -0.01805152
   -9.0290290    -0.01505580    -0.01505579
   -8.9889890    -0.01364602    -0.01364601
   -8.9489490    -0.01298867    -0.01298868
   -8.9089089    -0.01227706    -0.01227707
   -8.8688689    -0.01090757    -0.01090759
   -8.8288288    -0.00812740    -0.00812741
   -8.7887888    -0.00306808    -0.00306807
   -8.7487488     0.00438110     0.00438112
   -8.7087087     0.01241799     0.01241801
   -8.6686687     0.01767012     0.01767012
   -8.6286286     0.01771237     0.01771237
   -8.5885886     0.01303749     0.01303748
   -8.5485485     0.00548641     0.00548640
   -8.5085085    -0.00454836    -0.00454838
   -8.4684685    -0.01759481    -0.01759484
   -8.4284284    -0.03173878    -0.03173881
   -8.3883884    -0.04154084    -0.04154086
   -8.3483484    -0.04219383    -0.04219382
   -8.3083083    -0.03423250    -0.03423248
   -8.2682683    -0.02243601    -0.02243599
   -8.2282282    -0.01139961    -0.01139959
   -8.1881882    -0.00356210    -0.00356209
   -8.1481482     0.00052773     0.00052774
   -8.1081081     0.00166138     0.00166138
   -8.0680681     0.00123041     0.00123041
   -8.0280280     0.00057334     0.00057334
   -7.9879880     0.00054940     0.00054940
   -7.9479479     0.00116542     0.00116543
   -7.9079079     0.00172656     0.00172656
   -7.8678679     0.00162102     0.00162102
   -7.8278278     0.00090641     0.00090641
   -7.7877878     0.00023665     0.00023665
   -7.7477478     0.00029414     0.00029414
   -7.7077077     0.00109482     0.00109482
   -7.6676677     0.00183899     0.00183898
   -7.6276276     0.00164384     0.00164383
   -7.5875876     0.00064013     0.00064011
   -7.5475475     0.00013269     0.00013268
   -7.5075075     0.00078300     0.00078301
   -7.4674675     0.00053404     0.00053407
   -7.4274274    -0.00378207    -0.00378205
   -7.3873874    -0.01148454    -0.01148453
   -7.3473473    -0.01718892    -0.01718893
   -7.3073073    -0.01708529    -0.01708531
   -7.2672673    -0.01305768    -0.01305770
   -7.2272272    -0.00884511    -0.00884512
   -7.1871872    -0.00592503    -0.00592502
   -7.1471472    -0.00446799    -0.00446797
   -7.1071071    -0.00486645    -0.00486644
   -7.0670671    -0.00706285    -0.00706286
   -7.0270270    -0.01016029    -0.01016031
   -6.9869870    -0.01299129    -0.01299131
   -6.9469470    -0.01410108    -0.01410108
   -6.9069069    -0.01192808    -0.01192806
   -6.8668669    -0.00608032    -0.00608029
   -6.8268268     0.00227043     0.00227045
   -6.7867868     0.01140096     0.01140098
   -6.7467467     0.01921045     0.01921047
   -6.7067067     0.02292801     0.02292802
   -6.6666667     0.02100986     0.02100987
   -6.6266266     0.01538228     0.01538227
   -6.5865866     0.00963503     0.00963502
   -6.5465466     0.00507614     0.00507613
   -6.5065065     0.00013463     0.00013462
   -6.4664665    -0.00642064    -0.00642064
   -6.4264264    -0.01216425    -0.01216423
   -6.3863864    -0.01142501    -0.01142497
   -6.3463464    -0.00044940    -0.00044934
   -6.3063063     0.01733139     0.01733143
   -6.2662663     0.03252658     0.03252657
   -6.2262262     0.03766395     0.03766390
   -6.1861862     0.03349533     0.03349527
   -6.1461461     0.02650104     0.02650100
   -6.1061061     0.02146093     0.02146092
   -6.0660661     0.01837072     0.01837073
   -6.0260260     0.01569537     0.01569539
   -5.9859860     0.01426120     0.01426121
   -5.9459459     0.01697701     0.01697702
   -5.9059059     0.02524179     0.02524180
   -5.8658659     0.03606222     0.03606223
   -5.8258258     0.04312757     0.04312757
   -5.7857858     0.04203600     0.04203600
   -5.7457458     0.03456809     0.03456809
   -5.7057057     0.02637321     0.02637321
   -5.6656657     0.02118529     0.02118529
   -5.6256256     0.01886925     0.01886926
   -5.5855856     0.01797248     0.01797248
   -5.5455455     0.01819397     0.01819399
   -5.5055055     0.01997027     0.01997029
   -5.4654655     0.02282769     0.02282770
   -5.4254254     0.02485107     0.02485106
   -5.3853854     0.02352378     0.02352374
   -5.3453453     0.01798451     0.01798448
   -5.3053053     0.01056323     0.01056321
   -5.2652653     0.00463138     0.00463138
   -5.2252252     0.00149353     0.00149353
   -5.1851852     0.00035173     0.00035173
   -5.1451452     0.00006047     0.00006047
   -5.1051051     0.00001015     0.00001015
   -5.0650651     0.00002710     0.00002710
   -5.0250250     0.00019253     0.00019253
   -4.9849850     0.00102109     0.00102109
   -4.9449449     0.00394859     0.00394860
   -4.9049049     0.01115606     0.01115608
   -4.8648649     0.02316814     0.02316817
   -4.8248248     0.03601216     0.03601218
   -4.7847848     0.04415733     0.04415733
   -4.7447447     0.04815226     0.04815226
   -4.7047047     0.05374808     0.05374807
   -4.6646647     0.06071382     0.06071382
   -4.6246246     0.06053030     0.06053029
   -4.5845846     0.04882224     0.04882221
   -4.5445445     0.03194461     0.03194460
   -4.5045045     0.01859409     0.01859408
   -4.4644645     0.01197572     0.01197572
   -4.4244244     0.01119833     0.01119833
   -4.3843844     0.01444517     0.01444518
   -4.3443443     0.01913440     0.01913441
   -4.3043043     0.02214547     0.02214547
   -4.2642643     0.02258263     0.02258264
   -4.2242242     0.02359318     0.02359319
   -4.1841842     0.02863035     0.02863035
   -4.1441441     0.03627410     0.03627411
   -4.1041041     0.04207506     0.04207507
   -4.0640641     0.04527377     0.04527378
   -4.0240240     0.04955208     0.04955210
   -3.9839840     0.05604798     0.05604798
   -3.9439439     0.05951297     0.05951295
   -3.9039039     0.05403758     0.05403754
   -3.8638639     0.04034715     0.04034713
   -3.8238238     0.02485391     0.02485391
   -3.7837838     0.01310168     0.01310168
   -3.7437437     0.00632738     0.00632738
   -3.7037037     0.00287214     0.00287214
   -3.6636637     0.00069673     0.00069672
   -3.6236236    -0.00123314    -0.00123314
   -3.5835836    -0.00257824    -0.00257824
   -3.5435435    -0.00191774    -0.00191773
   -3.5035035     0.00181547     0.00181549
   -3.4634635     0.00730085     0.00730086
   -3.4234234     0.01097589     0.01097589
   -3.3833834     0.01026908     0.01026907
   -3.3433433     0.00589996     0.00589996
   -3.3033033     0.00028234     0.00028233
   -3.2632633    -0.00466017    -0.00466017
   -3.2232232    -0.00742765    -0.00742765
   -3.1831832    -0.00711530    -0.00711530
   -3.1431431    -0.00462007    -0.00462007
   -3.1031031    -0.00195522    -0.00195522
   -3.0630631    -0.00006233    -0.00006233
   -3.0230230     0.00180112     0.00180112
   -2.9829830     0.00485125     0.00485125
   -2.9429429     0.00927272     0.00927273
   -2.9029029     0.01357898     0.01357898
   -2.8628629     0.01560474     0.01560474
   -2.8228228     0.01429561     0.01429561
   -2.7827828     0.01047246     0.01047246
   -2.7427427     0.00608707     0.00608706
   -2.7027027     0.00278279     0.00278278
   -2.6626627     0.00100315     0.00100315
   -2.6226226     0.00030790     0.00030790
   -2.5825826     0.00019140     0.00019140
   -2.5425425     0.00054157     0.00054157
   -2.5025025     0.00164048     0.00164048
   -2.4624625     0.00376179     0.00376179
   -2.4224224     0.00658954     0.00658954
   -2.3823824     0.00932338     0.00932338
   -2.3423423     0.01148615     0.01148615
   -2.3023023     0.01279069     0.01279069
   -2.2622623     0.01234624     0.01234624
   -2.2222222     0.00958623     0.00958622
   -2.1821822     0.00569031     0.00569031
   -2.1421421     0.00248494     0.00248493
   -2.1021021     0.00005238     0.00005238
   -2.0620621    -0.00430790    -0.00430791
   -2.0220220    -0.01468966    -0.01468967
   -1.9819820    -0.03172222    -0.03172224
   -1.9419419    -0.04784671    -0.04784673
   -1.9019019    -0.05213456    -0.05213457
   -1.8618619    -0.04282069    -0.04282067
   -1.8218218    -0.02981319    -0.02981318
   -1.7817818    -0.02238701    -0.02238700
   -1.7417417    -0.02000669    -0.02000669
   -1.7017017    -0.01710008    -0.01710007
   -1.6616617    -0.01173895    -0.01173894
   -1.6216216    -0.00648744    -0.00648743
   -1.5815816    -0.00350606    -0.00350605
   -1.5415415    -0.00232406    -0.00232406
   -1.5015015    -0.00164388    -0.00164388
   -1.4614615    -0.00097076    -0.00097076
   -1.4214214    -0.00042954    -0.00042954
   -1.3813814    -0.00013231    -0.00013231
   -1.3413413    -0.00003262    -0.00003262
   -1.3013013    -0.00008941    -0.00008941
   -1.2612613    -0.00045664    -0.00045664
   -1.2212212    -0.00161833    -0.00161833
   -1.1811812    -0.00421179    -0.00421179
   -1.1411411    -0.00824233    -0.00824233
   -1.1011011    -0.01231792    -0.01231793
   -1.0610611    -0.01423437    -0.01423437
   -1.0210210    -0.01279311    -0.01279311
   -0.9809810    -0.00890065    -0.00890065
   -0.9409409    -0.00469564    -0.00469564
   -0.9009009    -0.00174011    -0.00174011
   -0.8608609    -0.00023791    -0.00023791
   -0.8208208     0.00033646     0.00033646
   -0.7807808     0.00045595     0.00045595
   -0.7407407     0.00036849     0.00036849
   -0.7007007     0.00021849     0.00021849
   -0.6606607     0.00009706     0.00009706
   -0.6206206     0.00003205     0.00003205
   -0.5805806     0.00000811     0.00000811
   -0.5405405     0.00000964     0.00000964
   -0.5005005     0.00007267     0.00007267
   -0.4604605     0.00041245     0.00041245
   -0.4204204     0.00166862     0.00166862
   -0.3803804     0.00489919     0.00489919
   -0.3403403     0.01055515     0.01055516
   -0.3003003     0.01702552     0.01702553
   -0.2602603     0.02150229     0.02150229
   -0.2202202     0.02301989     0.02301989
   -0.1801802     0.02257449     0.02257449
   -0.1401401     0.02018988     0.02018987
   -0.1001001     0.01518966     0.01518965
   -0.0600601     0.00890538     0.00890537
   -0.0200200     0.00392751     0.00392751
    0.0200200     0.00142545     0.00142545
    0.0600601     0.00100891     0.00100891
    0.1001001     0.00219638     0.00219638
    0.1401401     0.00468880     0.00468881
    0.1801802     0.00743324     0.00743324
    0.2202202     0.00858514     0.00858514
    0.2602603     0.00722122     0.00722122
    0.3003003     0.00445588     0.00445587
    0.3403403     0.00216782     0.00216782
    0.3803804     0.00133506     0.00133506
    0.4204204     0.00192721     0.00192721
    0.4604605     0.00341047     0.00341047
    0.5005005     0.00486370     0.00486370
    0.5405405     0.00528134     0.00528134
    0.5805806     0.00432208     0.00432208
    0.6206206     0.00257355     0.00257355
    0.6606607     0.00089443     0.00089443
    0.7007007    -0.00026075    -0.00026075
    0.7407407    -0.00082943    -0.00082943
    0.7807808    -0.00089165    -0.00089165
    0.8208208    -0.00063710    -0.00063709
    0.8608609    -0.00032501    -0.00032501
    0.9009009    -0.00011992    -0.00011992
    0.9409409    -0.00003209    -0.00003209
    0.9809810    -0.00000623    -0.00000623
    1.0210210    -0.00000088    -0.00000088
    1.0610611    -0.00000009    -0.00000009
    1.1011011    -0.00000001    -0.00000001
    1.1411411    -0.00000000    -0.00000000
    1.1811812    -0.00000000    -0.00000000
    1.2212212     0.00000000     0.00000000
    1.2612613     0.00000000     0.00000000
    1.3013013     0.00000000     0.00000000
    1.3413413     0.00000001     0.00000001
    1.3813814     0.00000018     0.00000018
    1.4214214     0.00000283     0.00000283
    1.4614615     0.00003278     0.00003278
    1.5015015     0.00028710     0.00028710
    1.5415415     0.00191388     0.00191388
    1.5815816     0.00974670     0.00974671
    1.6216216     0.03801048     0.03801053
    1.6616617     0.11362948     0.11362959
    1.7017017     0.26045637     0.26045660
    1.7417417     0.45845218     0.45845251
    1.7817818     0.62392051     0.62392078
    1.8218218     0.66879673     0.66879667
    1.8618619     0.58559966     0.58559922
    1.9019019     0.43997520     0.43997465
    1.9419419     0.29397321     0.29397296
    1.9819820     0.17691881     0.17691890
    2.0220220     0.10801972     0.10801989
    2.0620621     0.10696815     0.10696823
    2.1021021     0.18097138     0.18097141
    2.1421421     0.30460696     0.30460701
    2.1821822     0.41555068     0.41555075
    2.2222222     0.45033025     0.45033027
    2.2622623     0.39379174     0.39379166
    2.3023023     0.28329737     0.28329722
    2.3423423     0.16902407     0.16902398
    2.3823824     0.08260739     0.08260739
    2.4224224     0.03220217     0.03220222
    2.4624625     0.00993613     0.00993616
    2.5025025     0.00328246     0.00328247
    2.5425425     0.00386159     0.00386158
    2.5825826     0.00844234     0.00844233
    2.6226226     0.01479024     0.01479026
    2.6626627     0.01894367     0.01894371
    2.7027027     0.01764166     0.01764168
    2.7427427     0.01197273     0.01197273
    2.7827828     0.00599041     0.00599039
    2.8228228     0.00232538     0.00232536
    2.8628629     0.00084971     0.00084970
    2.9029029     0.00040474     0.00040473
    2.9429429     0.00024894     0.00024894
    2.9829830     0.00043751     0.00043751
    3.0230230     0.00204156     0.00204156
    3.0630631     0.00712509     0.00712510
    3.1031031     0.01731144     0.01731145
    3.1431431     0.03153033     0.03153034
    3.1831832     0.04651510     0.04651512
    3.2232232     0.06027822     0.06027823
    3.2632633     0.07204453     0.07204454
    3.3033033     0.07813969     0.07813969
    3.3433433     0.07463583     0.07463583
    3.3833834     0.06707514     0.06707513
    3.4234234     0.07054774     0.07054773
    3.4634635     0.09458270     0.09458269
    3.5035035     0.13192433     0.13192430
    3.5435435     0.16914298     0.16914297
    3.5835836     0.20224137     0.20224148
    3.6236236     0.23026813     0.23026838
    3.6636637     0.24600211     0.24600232
    3.7037037     0.24481517     0.24481512
    3.7437437     0.22685716     0.22685686
    3.7837838     0.19246197     0.19246168
    3.8238238     0.15292554     0.15292543
    3.8638639     0.13242681     0.13242684
    3.9039039     0.14264576     0.14264587
    3.9439439     0.16393838     0.16393853
    3.9839840     0.16543102     0.16543117
    4.0240240     0.14386712     0.14386721
    4.0640641     0.12683629     0.12683632
    4.1041041     0.13296563     0.13296558
    4.1441441     0.14611977     0.14611961
    4.1841842     0.13886066     0.13886049
    4.2242242     0.11225134     0.11225128
    4.2642643     0.10016719     0.10016725
    4.3043043     0.13252639     0.13252649
    4.3443443     0.19644966     0.19644974
    4.3843844     0.23814982     0.23814984
    4.4244244     0.21591229     0.21591226
    4.4644645     0.14623250     0.14623245
    4.5045045     0.08048559     0.08048556
    4.5445445     0.04978639     0.04978638
    4.5845846     0.04827057     0.04827058
    4.6246246     0.05328320     0.05328320
    4.6646647     0.04861605     0.04861605
    4.7047047     0.03468195     0.03468195
    4.7447447     0.02262903     0.02262903
    4.7847848     0.02226265     0.02226267
    4.8248248     0.03774049     0.03774052
    4.8648649     0.07065114     0.07065119
    4.9049049     0.11924214     0.11924223
    4.9449449     0.17178010     0.17178019
    4.9849850     0.20931764     0.20931770
    5.0250250     0.22298971     0.22298972
    5.0650651     0.22106660     0.22106659
    5.1051051     0.21238105     0.21238104
    5.1451452     0.19368037     0.19368034
    5.1851852     0.16115748     0.16115743
    5.2252252     0.12177071     0.12177066
    5.2652653     0.08468717     0.08468712
    5.3053053     0.05331718     0.05331715
    5.3453453     0.03050773     0.03050774
    5.3853854     0.02175933     0.02175940
    5.4254254     0.03019431     0.03019440
    5.4654655     0.05016750     0.05016749
    5.5055055     0.06632016     0.06632002
    5.5455455     0.06471956     0.06471941
    5.5855856     0.04800612     0.04800613
    5.6256256     0.03456388     0.03456410
    5.6656657     0.04299508     0.04299538
    5.7057057     0.07826446     0.07826459
    5.7457458     0.12665578     0.12665554
    5.7857858     0.17095293     0.17095249
    5.8258258     0.22448818     0.22448800
    5.8658659     0.33151005     0.33151031
    5.9059059     0.50095750     0.50095793
    5.9459459     0.65496112     0.65496140
    5.9859860     0.69283243     0.69283245
    6.0260260     0.60813780     0.60813766
    6.0660661     0.49070443     0.49070427
    6.1061061     0.40695744     0.40695733
    6.1461461     0.33823234     0.33823224
    6.1861862     0.25178426     0.25178418
    6.2262262     0.16930428     0.16930424
    6.2662663     0.13444809     0.13444809
    6.3063063     0.15273153     0.15273156
    6.3463464     0.18911043     0.18911043
    6.3863864     0.21040821     0.21040817
    6.4264264     0.21521369     0.21521364
    6.4664665     0.22375495     0.22375493
    6.5065065     0.25871168     0.25871176
    6.5465466     0.34091708     0.34091725
    6.5865866     0.46595687     0.46595704
    6.6266266     0.57370144     0.57370151
    6.6666667     0.59201159     0.59201154
    6.7067067     0.51964124     0.51964114
    6.7467467     0.42021464     0.42021457
    6.7867868     0.34984370     0.34984368
    6.8268268     0.32739836     0.32739838
    6.8668669     0.34090653     0.34090656
    6.9069069     0.35468224     0.35468225
    6.9469470     0.33495842     0.33495838
    6.9869870     0.27676018     0.27676011
    7.0270270     0.19969533     0.19969527
    7.0670671     0.13278057     0.13278056
    7.1071071     0.10624098     0.10624103
    7.1471472     0.13494473     0.13494478
    7.1871872     0.19534995     0.19534990
    7.2272272     0.23210761     0.23210747
    7.2672673     0.20902677     0.20902665
    7.3073073     0.14607373     0.14607370
    7.3473473     0.08904338     0.08904342
    7.3873874     0.05956833     0.05956836
    7.4274274     0.05070717     0.05070719
    7.4674675     0.05233190     0.05233191
    7.5075075     0.06232540     0.06232540
    7.5475475     0.07955762     0.07955763
    7.5875876     0.10324805     0.10324806
    7.6276276     0.14843661     0.14843665
    7.6676677     0.24670285     0.24670293
    7.7077077     0.40270124     0.40270136
    7.7477478     0.55769833     0.55769845
    7.7877878     0.63573714     0.63573719
    7.8278278     0.61778200     0.61778196
    7.8678679     0.53602983     0.53602973
    7.9079079     0.42536675     0.42536664
    7.9479479     0.31495182     0.31495173
    7.9879880     0.23758488     0.23758485
    8.0280280     0.21781545     0.21781547
    8.0680681     0.24809037     0.24809043
    8.1081081     0.28265659     0.28265664
    8.1481482     0.27411181     0.27411182
    8.1881882     0.22042853     0.22042849
    8.2282282     0.15738619     0.15738613
    8.2682683     0.11020449     0.11020443
    8.3083083     0.07632677     0.07632673
    8.3483484     0.04747340     0.04747339
    8.3883884     0.02453748     0.02453748
    8.4284284     0.01212966     0.01212966
    8.4684685     0.01300415     0.01300416
    8.5085085     0.02954480     0.02954481
    8.5485485     0.06241237     0.06241240
    8.5885886     0.10327412     0.10327414
    8.6286286     0.13328606     0.13328607
    8.6686687     0.13575017     0.13575017
    8.7087087     0.11116962     0.11116960
    8.7487488     0.07599645     0.07599643
    8.7887888     0.04630481     0.04630480
    8.8288288     0.02696205     0.02696204
    8.8688689     0.01626133     0.01626133
    8.9089089     0.01369948     0.01369948
    8.9489490     0.01956814     0.01956815
    8.9889890     0.03009920     0.03009921
    9.0290290     0.03741740     0.03741741
    9.0690691     0.03682716     0.03682716
    9.1091091     0.03178800     0.03178799
    9.1491491     0.02856289     0.02856289
    9.1891892     0.02940852     0.02940852
    9.2292292     0.03405089     0.03405089
    9.2692693     0.04397566     0.04397566
    9.3093093     0.06132534     0.06132537
    9.3493494     0.08346500     0.08346505
    9.3893894     0.10065719     0.10065724
    9.4294294     0.10325742     0.10325744
    9.4694695     0.09461672     0.09461670
    9.5095095     0.09257518     0.09257514
    9.5495496     0.11025332     0.11025330
    9.5895896     0.13784521     0.13784521
    9.6296296     0.15374987     0.15374989
    9.6696697     0.15342902     0.15342901
    9.7097097     0.15384629     0.15384627
    9.7497497     0.16657275     0.16657274
    9.7897898     0.18137358     0.18137360
    9.8298298     0.18141462     0.18141465
    9.8698699     0.16363578     0.16363578
    9.9099099     0.14066794     0.14066791
    9.9499500     0.13002700     0.13002697
    9.9899900     0.14416401     0.14416402
   10.0300300     0.18358429     0.18358433
   10.0700701     0.23004922     0.23004926
   10.1101101     0.25311049     0.25311051
   10.1501502     0.23894710     0.23894711
   10.1901902     0.20534048     0.20534048
   10.2302302     0.17642336     0.17642336
   10.2702703     0.16004890     0.16004888
   10.3103103     0.16042747     0.16042746
   10.3503504     0.18743809     0.18743811
   10.3903904     0.23406356     0.23406359
   10.4304304     0.26417227     0.26417228
   10.4704705     0.24779158     0.24779153
   10.5105105     0.19605162     0.19605156
   10.5505506     0.14048465     0.14048460
   10.5905906     0.09670404     0.09670404
   10.6306306     0.06817531     0.06817538
   10.6706707     0.06552919     0.06552933
   10.7107107     0.09949387     0.09949399
   10.7507508     0.15585993     0.15585988
   10.7907908     0.19235064     0.19235042
   10.8308308     0.17710519     0.17710499
   10.8708709     0.12421297     0.12421292
   10.9109109     0.07281020     0.07281027
   10.9509510     0.04246838     0.04246846
   10.9909910     0.02673252     0.02673256
   11.0310310     0.01580930     0.01580930
   11.0710711     0.00780468     0.00780467
   11.1111111     0.00401625     0.00401624
   11.1511512     0.00441039     0.00441039
   11.1911912     0.00764056     0.00764056
   11.2312312     0.01229545     0.01229545
   11.2712713     0.01983760     0.01983760
   11.3113113     0.03881414     0.03881416
   11.3513514     0.08215645     0.08215648
   11.3913914     0.15075561     0.15075564
   11.4314314     0.21799985     0.21799987
   11.4714715     0.24453095     0.24453094
   11.5115115     0.21690854     0.21690851
   11.5515516     0.15990966     0.15990963
   11.5915916     0.10709989     0.10709988
   11.6316316     0.07550919     0.07550921
   11.6716717     0.07002499     0.07002505
   11.7117117     0.09175031     0.09175038
   11.7517518     0.13300652     0.13300654
   11.7917918     0.17573654     0.17573649
   11.8318318     0.20567399     0.20567396
   11.8718719     0.22169837     0.22169842
   11.9119119     0.22197876     0.22197882
   11.9519520     0.19584687     0.19584682
   11.9919920     0.14406529     0.14406515
   12.0320320     0.08939557     0.08939544
   12.0720721     0.05428440     0.05428434
   12.1121121     0.04121275     0.04121276
   12.1521522     0.03909143     0.03909148
   12.1921922     0.03969279     0.03969285
   12.2322322     0.04661689     0.04661694
   12.2722723     0.07092321     0.07092324
   12.3123123     0.11429954     0.11429956
   12.3523524     0.15587537     0.15587537
   12.3923924     0.16647175     0.16647174
   12.4324324     0.14072296     0.14072295
   12.4724725     0.10364032     0.10364032
   12.5125125     0.08245757     0.08245758
   12.5525526     0.08569445     0.08569447
   12.5925926     0.11122853     0.11122855
   12.6326326     0.15646844     0.15646847
   12.6726727     0.20906049     0.20906051
   12.7127127     0.23889870     0.23889871
   12.7527528     0.21912827     0.21912824
   12.7927928     0.15647577     0.15647573
   12.8328328     0.08654748     0.08654745
   12.8728729     0.03893289     0.03893287
   12.9129129     0.01758095     0.01758094
   12.9529530     0.01110607     0.01110607
   12.9929930     0.00997486     0.00997486
   13.0330330     0.01301519     0.01301520
   13.0730731     0.02428329     0.02428330
   13.1131131     0.04594793     0.04594794
   13.1531532     0.07103379     0.07103379
   13.1931932     0.08391005     0.08391004
   13.2332332     0.07411158     0.07411157
   13.2732733     0.04849373     0.04849373
   13.3133133     0.02339807     0.02339807
   13.3533534     0.00829134     0.00829134
   13.3933934     0.00212681     0.00212681
   13.4334334     0.00035538     0.00035538
   13.4734735    -0.00000091    -0.00000091
   13.5135135    -0.00002235    -0.00002235
   13.5535536     0.00011030     0.00011030
   13.5935936     0.00083554     0.00083554
   13.6336336     0.00397270     0.00397271
   13.6736737     0.01392346     0.01392347
   13.7137137     0.03659382     0.03659383
   13.7537538     0.07323507     0.07323509
   13.7937938     0.11434014     0.11434016
   13.8338338     0.14420767     0.14420769
   13.8738739     0.15316989     0.15316990
   13.9139139     0.14295701     0.14295700
   13.9539540     0.12316788     0.12316786
   13.9939940     0.10493221     0.10493218
   14.0340340     0.09345744     0.09345743
   14.0740741     0.08561536     0.08561535
   14.1141141     0.07718870     0.07718871
   14.1541542     0.07097153     0.07097154
   14.1941942     0.07858755     0.07858757
   14.2342342     0.11480684     0.11480688
   14.2742743     0.17738192     0.17738197
   14.3143143     0.22897410     0.22897411
   14.3543544     0.22403436     0.22403433
   14.3943944     0.16170990     0.16170985
   14.4344344     0.08693597     0.08693593
   14.4744745     0.04022249     0.04022247
   14.5145145     0.03007458     0.03007458
   14.5545546     0.04387576     0.04387576
   14.5945946     0.06154428     0.06154429
   14.6346346     0.06489205     0.06489205
   14.6746747     0.04983321     0.04983321
   14.7147147     0.02778437     0.02778437
   14.7547548     0.01128136     0.01128136
   14.7947948     0.00357694     0.00357694
   14.8348348     0.00207407     0.00207407
   14.8748749     0.00544189     0.00544189
   14.9149149     0.01642099     0.01642100
   14.9549550     0.03987791     0.03987792
   14.9949950     0.07643900     0.07643901
   15.0350350     0.11588817     0.11588818
   15.0750751     0.14036761     0.14036762
   15.1151151     0.13854894     0.13854894
   15.1551552     0.11461594     0.11461594
   15.1951952     0.08162174     0.08162173
   15.2352352     0.05123184     0.05123183
   15.2752753     0.03134639     0.03134638
   15.3153153     0.02637382     0.02637382
   15.3553554     0.03489687     0.03489688
   15.3953954     0.04870335     0.04870335
   15.4354354     0.05725792     0.05725792
   15.4754755     0.05491166     0.05491165
   15.5155155     0.04369118     0.04369117
   15.5555556     0.02938844     0.02938843
   15.5955956     0.01670311     0.01670310
   15.6356356     0.00782601     0.00782601
   15.6756757     0.00291975     0.00291975
   15.7157157     0.00085598     0.00085598
   15.7557558     0.00023680     0.00023680
   15.7957958     0.00014228     0.00014228
   15.8358358     0.00016864     0.00016864
   15.8758759     0.00017617     0.00017617
   15.9159159     0.00014728     0.00014728
   15.9559560     0.00017188     0.00017188
   15.9959960     0.00054890     0.00054890
   16.0360360     0.00205739     0.00205739
   16.0760761     0.00611686     0.00611686
   16.1161161     0.01426696     0.01426696
   16.1561562     0.02718287     0.02718288
   16.1961962     0.04381035     0.04381036
   16.2362362     0.05982591     0.05982591
   16.2762763     0.06719189     0.06719189
   16.3163163     0.06011517     0.06011517
   16.3563564     0.04303106     0.04303105
   16.3963964     0.02843921     0.02843921
   16.4364364     0.02640809     0.02640808
   16.4764765     0.03777751     0.03777751
   16.5165165     0.05517027     0.05517027
   16.5565566     0.07032515     0.07032516
   16.5965966     0.08368568     0.08368569
   16.6366366     0.10584814     0.10584816
   16.6766767     0.14352942     0.14352945
   16.7167167     0.18206508     0.18206512
   16.7567568     0.19105625     0.19105626
   16.7967968     0.15617685     0.15617683
   16.8368368     0.09750046     0.09750043
   16.8768769     0.04803662     0.04803660
   16.9169169     0.02367766     0.02367765
   16.9569570     0.01964615     0.01964613
   16.9969970     0.02505344     0.02505340
   17.0370370     0.03360934     0.03360932
   17.0770771     0.04376127     0.04376128
   17.1171171     0.05423766     0.05423768
   17.1571572     0.06386510     0.06386512
   17.1971972     0.07400904     0.07400905
   17.2372372     0.08711528     0.08711529
   17.2772773     0.10475478     0.10475480
   17.3173173     0.12677024     0.12677026
   17.3573574     0.14996995     0.14996996
   17.3973974     0.17416507     0.17416506
   17.4374374     0.20696746     0.20696745
   17.4774775     0.24564317     0.24564316
   17.5175175     0.26367804     0.26367802
   17.5575576     0.24139707     0.24139707
   17.5975976     0.19482272     0.19482271
   17.6376376     0.15074838     0.15074838
   17.6776777     0.11550330     0.11550329
   17.7177177     0.08464434     0.08464434
   17.7577578     0.06135606     0.06135606
   17.7977978     0.05304500     0.05304500
   17.8378378     0.06006467     0.06006467
   17.8778779     0.07567343     0.07567343
   17.9179179     0.09542220     0.09542221
   17.9579580     0.11911427     0.11911428
   17.9979980     0.14212158     0.14212159
   18.0380380     0.15271983     0.15271983
   18.0780781     0.14205559     0.14205559
   18.1181181     0.11615840     0.11615841
   18.1581582     0.09657109     0.09657112
   18.1981982     0.10370723     0.10370726
   18.2382382     0.13523781     0.13523782
   18.2782783     0.16271138     0.16271134
   18.3183183     0.15654020     0.15654015
   18.3583584     0.11577539     0.11577536
   18.3983984     0.06558620     0.06558620
   18.4384384     0.02871051     0.02871052
   18.4784785     0.01004530     0.01004530
   18.5185185     0.00424401     0.00424402
   18.5585586     0.00765336     0.00765336
   18.5985986     0.02281329     0.02281330
   18.6386386     0.05409905     0.05409905
   18.6786787     0.09729478     0.09729477
   18.7187187     0.13484601     0.13484602
   18.7587588     0.14740224     0.14740227
   18.7987988     0.13166281     0.13166285
   18.8388388     0.10613636     0.10613640
   18.8788789     0.09910337     0.09910338
   18.9189189     0.12542809     0.12542808
   18.9589590     0.17443779     0.17443775
   18.9989990     0.22891735     0.22891731
   19.0390390     0.28694340     0.28694337
   19.0790791     0.34523282     0.34523280
   19.1191191     0.37930872     0.37930868
   19.1591592     0.36742642     0.36742641
   19.1991992     0.31321192     0.31321197
   19.2392392     0.23329744     0.23329750
   19.2792793     0.15034608     0.15034608
   19.3193193     0.09712727     0.09712721
   19.3593594     0.10897777     0.10897766
   19.3993994     0.21298349     0.21298336
   19.4394394     0.40355944     0.40355937
   19.4794795     0.60158707     0.60158718
   19.5195195     0.68016942     0.68016967
   19.5595596     0.58938035     0.58938055
   19.5995996     0.41850063     0.41850068
   19.6396396     0.28620649     0.28620645
   19.6796797     0.21964008     0.21964004
   19.7197197     0.17854564     0.17854562
   19.7597598     0.14033334     0.14033331
   19.7997998     0.11700273     0.11700269
   19.8398398     0.11624101     0.11624095
   19.8798799     0.12045005     0.12044999
   19.9199199     0.10663250     0.10663246
   19.9599600     0.07360946     0.07360944
   20.0000000     0.04048173     0.04048172
