#
#   partial DOS for atom species: Ga
#
#   Add data for atom_index =   1,  n,l,m,z=  4  1 -1  1
#   Add data for atom_index =   1,  n,l,m,z=  4  1  0  1
#   Add data for atom_index =   1,  n,l,m,z=  4  1  1  1
#   Add data for atom_index =   1,  n,l,m,z=  4  1 -1  2
#   Add data for atom_index =   1,  n,l,m,z=  4  1  0  2
#   Add data for atom_index =   1,  n,l,m,z=  4  1  1  2
#   Add data for atom_index =   1,  n,l,m,z=  4  1 -1  3
#   Add data for atom_index =   1,  n,l,m,z=  4  1  0  3
#   Add data for atom_index =   1,  n,l,m,z=  4  1  1  3
#
#    Energy          spin 1        spin2
#
  -20.0000000     0.00000000     0.00000000
  -19.9599600     0.00000000     0.00000000
  -19.9199199     0.00000000     0.00000000
  -19.8798799     0.00000000     0.00000000
  -19.8398398     0.00000000     0.00000000
  -19.7997998     0.00000000     0.00000000
  -19.7597598     0.00000000     0.00000000
  -19.7197197     0.00000000     0.00000000
  -19.6796797     0.00000000     0.00000000
  -19.6396396     0.00000000     0.00000000
  -19.5995996     0.00000000     0.00000000
  -19.5595596     0.00000000     0.00000000
  -19.5195195     0.00000000     0.00000000
  -19.4794795     0.00000000     0.00000000
  -19.4394394     0.00000000     0.00000000
  -19.3993994     0.00000000     0.00000000
  -19.3593594     0.00000000     0.00000000
  -19.3193193     0.00000000     0.00000000
  -19.2792793     0.00000000     0.00000000
  -19.2392392     0.00000000     0.00000000
  -19.1991992     0.00000000     0.00000000
  -19.1591592     0.00000000     0.00000000
  -19.1191191     0.00000000     0.00000000
  -19.0790791     0.00000000     0.00000000
  -19.0390390     0.00000000     0.00000000
  -18.9989990     0.00000000     0.00000000
  -18.9589590     0.00000000     0.00000000
  -18.9189189     0.00000000     0.00000000
  -18.8788789     0.00000000     0.00000000
  -18.8388388     0.00000000     0.00000000
  -18.7987988     0.00000000     0.00000000
  -18.7587588     0.00000000     0.00000000
  -18.7187187     0.00000000     0.00000000
  -18.6786787     0.00000000     0.00000000
  -18.6386386     0.00000000     0.00000000
  -18.5985986     0.00000000     0.00000000
  -18.5585586     0.00000000     0.00000000
  -18.5185185     0.00000000     0.00000000
  -18.4784785     0.00000000     0.00000000
  -18.4384384     0.00000000     0.00000000
  -18.3983984     0.00000000     0.00000000
  -18.3583584     0.00000000     0.00000000
  -18.3183183     0.00000000     0.00000000
  -18.2782783     0.00000000     0.00000000
  -18.2382382     0.00000000     0.00000000
  -18.1981982    -0.00000003     0.00000000
  -18.1581582    -0.00000066    -0.00000001
  -18.1181181    -0.00001083    -0.00000029
  -18.0780781    -0.00012977    -0.00000506
  -18.0380380    -0.00112832    -0.00006398
  -17.9979980    -0.00711953    -0.00058756
  -17.9579580    -0.03260003    -0.00391600
  -17.9179179    -0.10832593    -0.01893988
  -17.8778779    -0.26121266    -0.06647517
  -17.8378378    -0.45709178    -0.16931251
  -17.7977978    -0.58044357    -0.31294357
  -17.7577578    -0.53488941    -0.41974972
  -17.7177177    -0.35769707    -0.40856597
  -17.6776777    -0.17358579    -0.28859006
  -17.6376376    -0.06113084    -0.14792717
  -17.5975976    -0.01562262    -0.05502524
  -17.5575576    -0.00289736    -0.01485331
  -17.5175175    -0.00039089    -0.00290961
  -17.4774775    -0.00005259    -0.00041394
  -17.4374374    -0.00016117    -0.00004825
  -17.3973974    -0.00125665    -0.00007045
  -17.3573574    -0.00722977    -0.00058817
  -17.3173173    -0.03018775    -0.00373054
  -17.2772773    -0.09147132    -0.01717579
  -17.2372372    -0.20113447    -0.05738660
  -17.1971972    -0.32094859    -0.13913988
  -17.1571572    -0.37164802    -0.24481620
  -17.1171171    -0.31230259    -0.31259073
  -17.0770771    -0.19044376    -0.28964060
  -17.0370370    -0.08427627    -0.19475569
  -16.9969970    -0.02706395    -0.09503166
  -16.9569570    -0.00630703    -0.03365068
  -16.9169169    -0.00106661    -0.00864703
  -16.8768769    -0.00013090    -0.00161245
  -16.8368368    -0.00001166    -0.00021820
  -16.7967968    -0.00000075    -0.00002143
  -16.7567568    -0.00000004    -0.00000153
  -16.7167167    -0.00000000    -0.00000008
  -16.6766767     0.00000000    -0.00000000
  -16.6366366     0.00000000     0.00000000
  -16.5965966     0.00000000     0.00000000
  -16.5565566     0.00000000     0.00000000
  -16.5165165     0.00000000     0.00000000
  -16.4764765     0.00000000     0.00000000
  -16.4364364     0.00000000     0.00000000
  -16.3963964     0.00000000     0.00000000
  -16.3563564     0.00000000     0.00000000
  -16.3163163     0.00000000     0.00000000
  -16.2762763    -0.00000002     0.00000000
  -16.2362362    -0.00000034    -0.00000000
  -16.1961962    -0.00000559    -0.00000003
  -16.1561562    -0.00006603    -0.00000056
  -16.1161161    -0.00056590    -0.00000851
  -16.0760761    -0.00351956    -0.00009439
  -16.0360360    -0.01588493    -0.00076011
  -15.9959960    -0.05202713    -0.00444193
  -15.9559560    -0.12365791    -0.01883695
  -15.9159159    -0.21328550    -0.05796921
  -15.8758759    -0.26696121    -0.12945880
  -15.8358358    -0.24248361    -0.20980372
  -15.7957958    -0.15983211    -0.24674148
  -15.7557558    -0.07645274    -0.21058070
  -15.7157157    -0.02653808    -0.13041944
  -15.6756757    -0.00668485    -0.05861564
  -15.6356356    -0.00122148    -0.01911754
  -15.5955956    -0.00015445    -0.00452477
  -15.5555556     0.00006830    -0.00077680
  -15.5155155     0.00066695    -0.00009108
  -15.4754755     0.00385911     0.00005818
  -15.4354354     0.01617028     0.00056140
  -15.3953954     0.04910514     0.00342330
  -15.3553554     0.10783978     0.01512930
  -15.3153153     0.17026140     0.04848920
  -15.2752753     0.19009383     0.11257969
  -15.2352352     0.14266079     0.18881566
  -15.1951952     0.05842347     0.22704476
  -15.1551552    -0.00821843     0.19168939
  -15.1151151    -0.03180968     0.10644207
  -15.0750751    -0.02518899     0.02877743
  -15.0350350    -0.01161381    -0.00885146
  -14.9949950    -0.00302904    -0.01412355
  -14.9549550     0.00004039    -0.00804156
  -14.9149149     0.00048545    -0.00273979
  -14.8748749     0.00027653    -0.00019218
  -14.8348348     0.00009561     0.00101108
  -14.7947948     0.00002283     0.00172772
  -14.7547548     0.00000098     0.00193103
  -14.7147147    -0.00003536     0.00155331
  -14.6746747    -0.00031116     0.00090571
  -14.6346346    -0.00195986     0.00037809
  -14.5945946    -0.00895650     0.00006541
  -14.5545546    -0.02970015    -0.00033811
  -14.5145145    -0.07145518    -0.00183422
  -14.4744745    -0.12469213    -0.00673098
  -14.4344344    -0.15771795    -0.01788590
  -14.3943944    -0.14436658    -0.03448726
  -14.3543544    -0.09526731    -0.04825492
  -14.3143143    -0.04490874    -0.04898732
  -14.2742743    -0.01481440    -0.03603249
  -14.2342342    -0.00351635    -0.01900133
  -14.1941942    -0.00207000    -0.00657820
  -14.1541542    -0.00607869    -0.00013178
  -14.1141141    -0.01548493     0.00265969
  -14.0740741    -0.02851551     0.00332576
  -14.0340340    -0.03808791     0.00206124
  -13.9939940    -0.03713363    -0.00166865
  -13.9539540    -0.02762421    -0.00906358
  -13.9139139    -0.02086552    -0.02021919
  -13.8738739    -0.02927026    -0.03102617
  -13.8338338    -0.05598957    -0.03522015
  -13.7937938    -0.08173097    -0.03273041
  -13.7537538    -0.06240045    -0.03230647
  -13.7137137     0.03606883    -0.04074670
  -13.6736737     0.18506229    -0.05036977
  -13.6336336     0.29501958    -0.04039925
  -13.5935936     0.29587734     0.00981875
  -13.5535536     0.20599342     0.10771425
  -13.5135135     0.09953148     0.23240014
  -13.4734735     0.02635532     0.32561423
  -13.4334334    -0.00998076     0.32722312
  -13.3933934    -0.02004387     0.23812078
  -13.3533534    -0.00703245     0.11988531
  -13.3133133     0.02703693     0.02691664
  -13.2732733     0.06950656    -0.02923585
  -13.2332332     0.09717601    -0.05532742
  -13.1931932     0.09319118    -0.05303043
  -13.1531532     0.06410472    -0.02314712
  -13.1131131     0.03197458     0.02620434
  -13.0730731     0.01160426     0.07774201
  -13.0330330     0.00311772     0.10751169
  -12.9929930     0.00103469     0.10033513
  -12.9529530     0.00285505     0.06628362
  -12.9129129     0.01259617     0.03052258
  -12.8728729     0.04148122     0.00871727
  -12.8328328     0.09916754     0.00026180
  -12.7927928     0.17197012    -0.00180414
  -12.7527528     0.21626496    -0.00215382
  -12.7127127     0.19713497     0.00125306
  -12.6726727     0.13013573     0.02132779
  -12.6326326     0.06210765     0.07677998
  -12.5925926     0.02136063     0.16520128
  -12.5525526     0.00527156     0.24081075
  -12.5125125     0.00099052     0.24795493
  -12.4724725     0.00043594     0.18362398
  -12.4324324     0.00097070     0.09875672
  -12.3923924     0.00189593     0.04013764
  -12.3523524     0.00316815     0.01762319
  -12.3123123     0.01022778     0.01781355
  -12.2722723     0.04427302     0.02381569
  -12.2322322     0.13792293     0.02435875
  -12.1921922     0.29241584     0.01756019
  -12.1521522     0.43472667     0.00834356
  -12.1121121     0.46332790     0.00304393
  -12.0720721     0.35902330     0.01324361
  -12.0320320     0.20701168     0.06611545
  -11.9919920     0.09929316     0.19130772
  -11.9519520     0.05915871     0.37008814
  -11.9119119     0.05663916     0.51426795
  -11.8718719     0.05568089     0.54372169
  -11.8318318     0.04119198     0.46929317
  -11.7917918     0.01862923     0.35607681
  -11.7517518    -0.00017653     0.24400935
  -11.7117117    -0.00404807     0.14450759
  -11.6716717     0.01707366     0.06908886
  -11.6316316     0.06146111     0.02532650
  -11.5915916     0.10845398     0.00635854
  -11.5515516     0.13991666    -0.00191341
  -11.5115115     0.15990249    -0.01129759
  -11.4714715     0.17513183    -0.02622550
  -11.4314314     0.17392378    -0.03529944
  -11.3913914     0.14447481    -0.00866612
  -11.3513514     0.09779368     0.07576533
  -11.3113113     0.05661111     0.19290241
  -11.2712713     0.03306718     0.27700363
  -11.2312312     0.02718859     0.28336797
  -11.1911912     0.03979303     0.22754568
  -11.1511512     0.07967831     0.15450652
  -11.1111111     0.15765333     0.09282127
  -11.0710711     0.27165006     0.04829369
  -11.0310310     0.39250248     0.01875926
  -10.9909910     0.46593548     0.00291908
  -10.9509510     0.44678716     0.00232000
  -10.9109109     0.34463316     0.01746254
  -10.8708709     0.22192952     0.04265832
  -10.8308308     0.13690540     0.07009841
  -10.7907908     0.10032021     0.09878821
  -10.7507508     0.08903681     0.13270178
  -10.7107107     0.08242019     0.16838616
  -10.6706707     0.07706276     0.18973768
  -10.6306306     0.08118869     0.18182758
  -10.5905906     0.10635213     0.15068693
  -10.5505506     0.15437799     0.11941903
  -10.5105105     0.20646859     0.10267404
  -10.4704705     0.23556921     0.09771541
  -10.4304304     0.23056200     0.09731980
  -10.3903904     0.20189032     0.09575902
  -10.3503504     0.16952113     0.08888281
  -10.3103103     0.15208768     0.08289328
  -10.2702703     0.16131806     0.09705200
  -10.2302302     0.19346062     0.14769334
  -10.1901902     0.22247432     0.23091801
  -10.1501502     0.21919154     0.32212182
  -10.1101101     0.18543711     0.39103721
  -10.0700701     0.15027411     0.42016913
  -10.0300300     0.13239991     0.40986787
   -9.9899900     0.12699563     0.36610630
   -9.9499500     0.12235318     0.29485041
   -9.9099099     0.11304463     0.21538020
   -9.8698699     0.10310815     0.16196442
   -9.8298298     0.10127117     0.15415476
   -9.7897898     0.10987244     0.17285565
   -9.7497497     0.12185298     0.18108467
   -9.7097097     0.12900781     0.16423732
   -9.6696697     0.12822837     0.13789638
   -9.6296296     0.12203844     0.12221900
   -9.5895896     0.11752871     0.12103372
   -9.5495496     0.12205632     0.12369763
   -9.5095095     0.13514266     0.12205917
   -9.4694695     0.14464113     0.12450266
   -9.4294294     0.13698005     0.14762042
   -9.3893894     0.11324404     0.19208705
   -9.3493494     0.08875495     0.23870404
   -9.3093093     0.07729507     0.27154476
   -9.2692693     0.08099283     0.28864172
   -9.2292292     0.09149735     0.28922961
   -9.1891892     0.09744609     0.27021091
   -9.1491491     0.09343000     0.23678931
   -9.1091091     0.08278128     0.20396800
   -9.0690691     0.07333031     0.18677425
   -9.0290290     0.07213371     0.19029251
   -8.9889890     0.08146907     0.20813577
   -8.9489490     0.09662539     0.23550116
   -8.9089089     0.10807661     0.27474298
   -8.8688689     0.10965331     0.31123917
   -8.8288288     0.10507508     0.30635220
   -8.7887888     0.10121568     0.24436236
   -8.7487488     0.09704886     0.16086863
   -8.7087087     0.08727209     0.10202062
   -8.6686687     0.07308883     0.08104317
   -8.6286286     0.06136588     0.08247898
   -8.5885886     0.05613635     0.08789571
   -8.5485485     0.05558996     0.09208136
   -8.5085085     0.05697418     0.09865946
   -8.4684685     0.06328014     0.10515013
   -8.4284284     0.08027058     0.10413583
   -8.3883884     0.10473369     0.09962629
   -8.3483484     0.12551574     0.10976550
   -8.3083083     0.13940047     0.14896179
   -8.2682683     0.15197643     0.20611861
   -8.2282282     0.16090764     0.24226969
   -8.1881882     0.15517758     0.22391987
   -8.1481482     0.13360305     0.15966996
   -8.1081081     0.11081581     0.09081200
   -8.0680681     0.10124453     0.05247737
   -8.0280280     0.10442404     0.05272288
   -7.9879880     0.11030356     0.07638922
   -7.9479479     0.11532747     0.09921590
   -7.9079079     0.12460601     0.10409182
   -7.8678679     0.13658090     0.09055226
   -7.8278278     0.13765715     0.07033332
   -7.7877878     0.11942327     0.05461757
   -7.7477478     0.09292750     0.04695218
   -7.7077077     0.07856558     0.04629797
   -7.6676677     0.08377263     0.05097020
   -7.6276276     0.09463852     0.05835421
   -7.5875876     0.09145832     0.06641590
   -7.5475475     0.06958686     0.07595059
   -7.5075075     0.04070038     0.08505856
   -7.4674675     0.01783616     0.08511226
   -7.4274274     0.00575657     0.07116964
   -7.3873874     0.00299078     0.05116050
   -7.3473473     0.00717034     0.03713495
   -7.3073073     0.01692222     0.03266357
   -7.2672673     0.02914277     0.03300744
   -7.2272272     0.03702889     0.03288847
   -7.1871872     0.03535700     0.03141771
   -7.1471472     0.02735155     0.03193605
   -7.1071071     0.02218659     0.03758349
   -7.0670671     0.02681668     0.04585088
   -7.0270270     0.04275133     0.05013236
   -6.9869870     0.06666125     0.04803060
   -6.9469470     0.08983424     0.04351419
   -6.9069069     0.10040879     0.04004458
   -6.8668669     0.09195318     0.03727444
   -6.8268268     0.07033864     0.03527508
   -6.7867868     0.04915823     0.03606458
   -6.7467467     0.03767077     0.03875571
   -6.7067067     0.03460848     0.03819868
   -6.6666667     0.03315380     0.03144599
   -6.6266266     0.02942710     0.02195102
   -6.5865866     0.02543524     0.01537861
   -6.5465466     0.02506829     0.01399114
   -6.5065065     0.02879416     0.01604682
   -6.4664665     0.03372743     0.01864602
   -6.4264264     0.03796841     0.02069708
   -6.3863864     0.04178059     0.02460988
   -6.3463464     0.04507918     0.03464259
   -6.3063063     0.04717349     0.05106036
   -6.2662663     0.04777113     0.06607738
   -6.2262262     0.04623840     0.06929375
   -6.1861862     0.04327519     0.05899843
   -6.1461461     0.04329884     0.04535488
   -6.1061061     0.04971577     0.04043816
   -6.0660661     0.05865374     0.04660432
   -6.0260260     0.06266346     0.05516891
   -5.9859860     0.06020590     0.05559121
   -5.9459459     0.05742413     0.04582024
   -5.9059059     0.06089827     0.03311185
   -5.8658659     0.07254874     0.02519659
   -5.8258258     0.08994327     0.02323952
   -5.7857858     0.10640510     0.02354257
   -5.7457458     0.11382953     0.02314596
   -5.7057057     0.11097270     0.02252415
   -5.6656657     0.10635171     0.02430765
   -5.6256256     0.10871266     0.03073947
   -5.5855856     0.11648292     0.04245884
   -5.5455455     0.12077290     0.05882370
   -5.5055055     0.11740542     0.07686289
   -5.4654655     0.11259743     0.08925020
   -5.4254254     0.12111374     0.08825903
   -5.3853854     0.15873768     0.07508342
   -5.3453453     0.22075968     0.06093634
   -5.3053053     0.26720295     0.05606082
   -5.2652653     0.25525440     0.06160659
   -5.2252252     0.18860960     0.07264168
   -5.1851852     0.11058609     0.08315074
   -5.1451452     0.05527014     0.08728014
   -5.1051051     0.02703762     0.08198699
   -5.0650651     0.01616296     0.07086905
   -5.0250250     0.01471472     0.06193240
   -4.9849850     0.01957544     0.06017016
   -4.9449449     0.02872094     0.06267852
   -4.9049049     0.03798494     0.06146157
   -4.8648649     0.04289727     0.05293978
   -4.8248248     0.04285556     0.04265477
   -4.7847848     0.04092549     0.03767207
   -4.7447447     0.04096198     0.04003554
   -4.7047047     0.04781385     0.05075249
   -4.6646647     0.06479510     0.07046272
   -4.6246246     0.08500499     0.09157757
   -4.5845846     0.09464280     0.10134130
   -4.5445445     0.09591311     0.09837984
   -4.5045045     0.11719072     0.09467742
   -4.4644645     0.18203047     0.09803319
   -4.4244244     0.26525611     0.10506808
   -4.3843844     0.30159507     0.11012684
   -4.3443443     0.25728631     0.10776816
   -4.3043043     0.17179447     0.09225194
   -4.2642643     0.10793681     0.06671010
   -4.2242242     0.08758918     0.04714439
   -4.1841842     0.09167829     0.05030697
   -4.1441441     0.09679984     0.07751515
   -4.1041041     0.09819321     0.10842795
   -4.0640641     0.10677082     0.11536914
   -4.0240240     0.12901698     0.09052994
   -3.9839840     0.15733917     0.05238202
   -3.9439439     0.18886831     0.02277219
   -3.9039039     0.23655988     0.00896814
   -3.8638639     0.29744319     0.00937349
   -3.8238238     0.32719791     0.02700316
   -3.7837838     0.28387460     0.07378354
   -3.7437437     0.18693044     0.15988938
   -3.7037037     0.09787786     0.27148080
   -3.6636637     0.05525557     0.35967817
   -3.6236236     0.05311651     0.37221374
   -3.5835836     0.06515489     0.30839956
   -3.5435435     0.07098082     0.22175243
   -3.5035035     0.06656385     0.16088669
   -3.4634635     0.05814708     0.13717544
   -3.4234234     0.04973823     0.15189299
   -3.3833834     0.04038704     0.21284539
   -3.3433433     0.03091218     0.30149171
   -3.3033033     0.02526568     0.35440768
   -3.2632633     0.02512259     0.32030174
   -3.2232232     0.02938947     0.22341632
   -3.1831832     0.03751974     0.13281235
   -3.1431431     0.04677063     0.08568040
   -3.1031031     0.04939480     0.07112644
   -3.0630631     0.04037454     0.06684840
   -3.0230230     0.02511389     0.06174619
   -2.9829830     0.01408503     0.05290055
   -2.9429429     0.01352690     0.04244278
   -2.9029029     0.02272366     0.03696913
   -2.8628629     0.03462755     0.03955987
   -2.8228228     0.03932291     0.04350331
   -2.7827828     0.03252947     0.03966711
   -2.7427427     0.02003263     0.02770537
   -2.7027027     0.01153418     0.01519152
   -2.6626627     0.01400624     0.00808136
   -2.6226226     0.03131678     0.00626396
   -2.5825826     0.06286095     0.00697510
   -2.5425425     0.09954391     0.00988989
   -2.5025025     0.12619363     0.01873072
   -2.4624625     0.13035576     0.03685518
   -2.4224224     0.10923097     0.06004984
   -2.3823824     0.07258748     0.07733051
   -2.3423423     0.03796303     0.08295637
   -2.3023023     0.01851003     0.08403226
   -2.2622623     0.01692291     0.09245215
   -2.2222222     0.02894597     0.11073590
   -2.1821822     0.04722091     0.12596554
   -2.1421421     0.06513982     0.12028834
   -2.1021021     0.08163119     0.09054749
   -2.0620621     0.09947013     0.05286255
   -2.0220220     0.12015425     0.02649128
   -1.9819820     0.14210029     0.01974930
   -1.9419419     0.15620430     0.02979130
   -1.9019019     0.14878452     0.04598382
   -1.8618619     0.12350940     0.05404607
   -1.8218218     0.10826377     0.04649616
   -1.7817818     0.12406292     0.02979975
   -1.7417417     0.15852479     0.01735412
   -1.7017017     0.18141016     0.01938453
   -1.6616617     0.17734351     0.04043369
   -1.6216216     0.15476867     0.07693167
   -1.5815816     0.12967921     0.11497992
   -1.5415415     0.10956231     0.14226234
   -1.5015015     0.09450107     0.16233447
   -1.4614615     0.08876167     0.18220712
   -1.4214214     0.09857444     0.19237960
   -1.3813814     0.11453456     0.17927346
   -1.3413413     0.11333491     0.14928116
   -1.3013013     0.08568424     0.12449916
   -1.2612613     0.04712869     0.11867621
   -1.2212212     0.01632472     0.12401635
   -1.1811812    -0.00252325     0.12448909
   -1.1411411    -0.01356515     0.11686926
   -1.1011011    -0.01852019     0.10702620
   -1.0610611    -0.01656936     0.09419175
   -1.0210210    -0.00874713     0.07572488
   -0.9809810     0.00291705     0.06008482
   -0.9409409     0.01997662     0.06051627
   -0.9009009     0.05064681     0.07607894
   -0.8608609     0.10828919     0.08700682
   -0.8208208     0.19611195     0.07484423
   -0.7807808     0.28316108     0.04330827
   -0.7407407     0.31812084     0.01252658
   -0.7007007     0.29394613    -0.00093063
   -0.6606607     0.26941633     0.01085500
   -0.6206206     0.28984750     0.05634982
   -0.5805806     0.31862802     0.14105743
   -0.5405405     0.28945783     0.24189531
   -0.5005005     0.19849988     0.30481202
   -0.4604605     0.10132959     0.30331239
   -0.4204204     0.04249715     0.28249714
   -0.3803804     0.02653698     0.29833750
   -0.3403403     0.03800048     0.33131972
   -0.3003003     0.05745604     0.31332831
   -0.2602603     0.06596554     0.22625513
   -0.2202202     0.05521817     0.12100417
   -0.1801802     0.03363072     0.04819502
   -0.1401401     0.01516604     0.01513573
   -0.1001001     0.00592347     0.00424095
   -0.0600601     0.00411018     0.00068647
   -0.0200200     0.00647877    -0.00004591
    0.0200200     0.01092112     0.00392664
    0.0600601     0.01525300     0.01595479
    0.1001001     0.01695720     0.03575005
    0.1401401     0.01633369     0.05470714
    0.1801802     0.01978661     0.05989011
    0.2202202     0.03770106     0.04742928
    0.2602603     0.07569128     0.02729610
    0.3003003     0.12741546     0.01172193
    0.3403403     0.18247301     0.00493839
    0.3803804     0.23880097     0.00511211
    0.4204204     0.28887597     0.00928473
    0.4604605     0.30259783     0.01423388
    0.5005005     0.25960881     0.01755576
    0.5405405     0.18996625     0.02285059
    0.5805806     0.14701618     0.04346782
    0.6206206     0.14897424     0.09421120
    0.6606607     0.16944599     0.16986725
    0.7007007     0.17320536     0.23525532
    0.7407407     0.14747872     0.25339479
    0.7807808     0.10737743     0.22189258
    0.8208208     0.07799718     0.16709661
    0.8608609     0.07004354     0.11399473
    0.9009009     0.07725050     0.07493311
    0.9409409     0.09510434     0.05496731
    0.9809810     0.12485919     0.05807790
    1.0210210     0.15518302     0.09027084
    1.0610611     0.16239025     0.15273425
    1.1011011     0.13954134     0.22326115
    1.1411411     0.10563412     0.25598904
    1.1811812     0.08004026     0.22437138
    1.2212212     0.06736918     0.15585025
    1.2612613     0.06739782     0.10011517
    1.3013013     0.07815919     0.07804053
    1.3413413     0.08737469     0.08245627
    1.3813814     0.07964689     0.10816149
    1.4214214     0.05566343     0.15210721
    1.4614615     0.03150423     0.19350108
    1.5015015     0.01924655     0.20470617
    1.5415415     0.01727636     0.18278884
    1.5815816     0.01722473     0.14950874
    1.6216216     0.01397384     0.12717945
    1.6616617     0.00886847     0.13167584
    1.7017017     0.00737667     0.17371789
    1.7417417     0.02017853     0.24192434
    1.7817818     0.07064717     0.29068706
    1.8218218     0.18983881     0.27350172
    1.8618619     0.37445644     0.19410631
    1.9019019     0.54434169     0.10242230
    1.9419419     0.59216149     0.04086658
    1.9819820     0.50048517     0.01768771
    2.0220220     0.36022964     0.02856720
    2.0620621     0.26165443     0.08146068
    2.1021021     0.21570849     0.18720628
    2.1421421     0.18240579     0.31907586
    2.1821822     0.13540532     0.39928104
    2.2222222     0.08418969     0.36637518
    2.2622623     0.04810477     0.25094483
    2.3023023     0.03219936     0.14417144
    2.3423423     0.03425703     0.10543613
    2.3823824     0.06058277     0.12957536
    2.4224224     0.12096885     0.17821733
    2.4624625     0.20536272     0.21364869
    2.5025025     0.27739981     0.21289233
    2.5425425     0.30368685     0.17435785
    2.5825826     0.28062274     0.12108793
    2.6226226     0.22839199     0.08820604
    2.6626627     0.17569268     0.09906464
    2.7027027     0.14682524     0.14764688
    2.7427427     0.14538470     0.19701281
    2.7827828     0.15135857     0.20818769
    2.8228228     0.13989116     0.18375153
    2.8628629     0.10420361     0.16528908
    2.9029029     0.06028195     0.17788985
    2.9429429     0.02897719     0.19712140
    2.9829830     0.01988826     0.18353950
    3.0230230     0.03485014     0.13605263
    3.0630631     0.07641883     0.09363606
    3.1031031     0.14205458     0.09091032
    3.1431431     0.20908984     0.12559054
    3.1831832     0.23931905     0.16331739
    3.2232232     0.21512004     0.16785650
    3.2632633     0.16392661     0.13166409
    3.3033033     0.13009367     0.07819304
    3.3433433     0.12975498     0.03552573
    3.3833834     0.14797478     0.01527571
    3.4234234     0.17398017     0.01677492
    3.4634635     0.22250130     0.04044232
    3.5035035     0.31227145     0.09083954
    3.5435435     0.42640260     0.17122677
    3.5835836     0.50470120     0.27824861
    3.6236236     0.49269288     0.39290946
    3.6636637     0.40183255     0.47257290
    3.7037037     0.29695033     0.47580467
    3.7437437     0.22374736     0.41414220
    3.7837838     0.18430804     0.35125374
    3.8238238     0.17548714     0.32965098
    3.8638639     0.19850882     0.33322506
    3.9039039     0.22857561     0.33537145
    3.9439439     0.22558013     0.33724997
    3.9839840     0.18383482     0.34164883
    4.0240240     0.13366836     0.32947763
    4.0640641     0.09547702     0.28393299
    4.1041041     0.06529974     0.21588326
    4.1441441     0.03810229     0.15068438
    4.1841842     0.01787057     0.10211909
    4.2242242     0.00821109     0.06732140
    4.2642643     0.00732683     0.04030371
    4.3043043     0.01063292     0.02139235
    4.3443443     0.01329343     0.01347308
    4.3843844     0.01235865     0.01647610
    4.4244244     0.00857265     0.02769988
    4.4644645     0.00494802     0.04356042
    4.5045045     0.00369343     0.05839429
    4.5445445     0.00675848     0.06370335
    4.5845846     0.02218103     0.05440241
    4.6246246     0.07042890     0.03665048
    4.6646647     0.17196617     0.02636118
    4.7047047     0.30686363     0.04445486
    4.7447447     0.39712945     0.11387102
    4.7847848     0.37353297     0.23838474
    4.8248248     0.25856166     0.36700247
    4.8648649     0.14096270     0.41197212
    4.9049049     0.08196325     0.33845593
    4.9449449     0.07892148     0.20619531
    4.9849850     0.09549738     0.09672939
    5.0250250     0.09938288     0.03824430
    5.0650651     0.08173801     0.01420385
    5.1051051     0.05444858     0.00443300
    5.1451452     0.03276549     0.00187844
    5.1851852     0.02369827     0.00888904
    5.2252252     0.02889524     0.02836372
    5.2652653     0.04957150     0.05432932
    5.3053053     0.08305916     0.07149639
    5.3453453     0.11701580     0.07065809
    5.3853854     0.13246199     0.05996915
    5.4254254     0.11822571     0.05167425
    5.4654655     0.08331209     0.04583306
    5.5055055     0.04902785     0.03764065
    5.5455455     0.02860125     0.03231987
    5.5855856     0.02055889     0.04340368
    5.6256256     0.01944886     0.07850135
    5.6656657     0.02456863     0.12701980
    5.7057057     0.03695682     0.16140778
    5.7457458     0.05345098     0.15828786
    5.7857858     0.06761078     0.12263110
    5.8258258     0.07492028     0.08416085
    5.8658659     0.07437758     0.06726472
    5.9059059     0.06643098     0.07049367
    5.9459459     0.05257635     0.07504567
    5.9859860     0.03789576     0.06643517
    6.0260260     0.03313510     0.04653346
    6.0660661     0.05176121     0.02812237
    6.1061061     0.09901608     0.02155547
    6.1461461     0.15850802     0.02752195
    6.1861862     0.19638558     0.03879754
    6.2262262     0.19019060     0.04631746
    6.2662663     0.14889559     0.04604514
    6.3063063     0.09811855     0.04183076
    6.3463464     0.05588625     0.04045027
    6.3863864     0.02760649     0.04569577
    6.4264264     0.01305235     0.06075574
    6.4664665     0.01080591     0.09027461
    6.5065065     0.01928264     0.12966774
    6.5465466     0.03674241     0.15747404
    6.5865866     0.05993658     0.15221392
    6.6266266     0.08159256     0.11524780
    6.6666667     0.09140706     0.06815000
    6.7067067     0.08475074     0.03143851
    6.7467467     0.06998139     0.01193204
    6.7867868     0.06556676     0.00699778
    6.8268268     0.09590731     0.01548883
    6.8668669     0.18351835     0.04579352
    6.9069069     0.31833757     0.11683821
    6.9469470     0.43067317     0.24277953
    6.9869870     0.43656828     0.39677875
    7.0270270     0.32994579     0.49653120
    7.0670671     0.19105622     0.46944959
    7.1071071     0.09711731     0.33797492
    7.1471472     0.06433963     0.19605021
    7.1871872     0.06737145     0.10738281
    7.2272272     0.07497411     0.06755066
    7.2672673     0.06956495     0.04679665
    7.3073073     0.05402509     0.02925577
    7.3473473     0.04366581     0.01467319
    7.3873874     0.04818692     0.00607700
    7.4274274     0.06058521     0.00449316
    7.4674675     0.06466510     0.01074557
    7.5075075     0.05371674     0.02529627
    7.5475475     0.03721362     0.04353711
    7.5875876     0.02728550     0.05537585
    7.6276276     0.02536441     0.05467210
    7.6676677     0.02510208     0.04670316
    7.7077077     0.02259374     0.04229118
    7.7477478     0.01958398     0.04687044
    7.7877878     0.01953539     0.05712012
    7.8278278     0.02505495     0.06547300
    7.8678679     0.03789999     0.06605958
    7.9079079     0.05594330     0.05829065
    7.9479479     0.06978710     0.04663570
    7.9879880     0.06867193     0.03692710
    8.0280280     0.05217849     0.03319688
    8.0680681     0.03188008     0.03609374
    8.1081081     0.02036696     0.04137290
    8.1481482     0.02187628     0.04282763
    8.1881882     0.03229767     0.03985627
    8.2282282     0.04398434     0.03766250
    8.2682683     0.05050779     0.03774139
    8.3083083     0.04934157     0.03490634
    8.3483484     0.04240393     0.02603286
    8.3883884     0.03484006     0.01496115
    8.4284284     0.03130155     0.00727146
    8.4684685     0.03378761     0.00674742
    8.5085085     0.04666854     0.02045543
    8.5485485     0.08249583     0.06411689
    8.5885886     0.15292067     0.15084630
    8.6286286     0.24269744     0.26036859
    8.6686687     0.30032045     0.33081988
    8.7087087     0.28051609     0.31234799
    8.7487488     0.19629628     0.22343239
    8.7887888     0.10356260     0.12701996
    8.8288288     0.04217842     0.06576832
    8.8688689     0.01555499     0.04088636
    8.9089089     0.01352039     0.03415254
    8.9489490     0.03080496     0.03180926
    8.9889890     0.06322668     0.03351951
    9.0290290     0.09817920     0.04672164
    9.0690691     0.12220056     0.07315963
    9.1091091     0.13991131     0.10027989
    9.1491491     0.16777520     0.11021368
    9.1891892     0.20115550     0.10183914
    9.2292292     0.20843574     0.09674151
    9.2692693     0.17021052     0.11322650
    9.3093093     0.10574115     0.13922552
    9.3493494     0.04941389     0.14403117
    9.3893894     0.01729623     0.11584194
    9.4294294     0.00452903     0.07316486
    9.4694695     0.00122441     0.03960582
    9.5095095     0.00272458     0.02217937
    9.5495496     0.01130034     0.01469164
    9.5895896     0.03331173     0.01051722
    9.6296296     0.06986049     0.00763149
    9.6696697     0.10577445     0.00592200
    9.7097097     0.11663514     0.00494785
    9.7497497     0.09482234     0.00504390
    9.7897898     0.05871422     0.00888733
    9.8298298     0.03069792     0.02157691
    9.8698699     0.01779017     0.04744027
    9.9099099     0.01542255     0.08151122
    9.9499500     0.01877533     0.10494800
    9.9899900     0.02681675     0.09993001
   10.0300300     0.03798286     0.07095056
   10.0700701     0.04243271     0.04013476
   10.1101101     0.02326144     0.02273226
   10.1501502    -0.02252737     0.01675192
   10.1901902    -0.06523300     0.01150653
   10.2302302    -0.06550219    -0.00313606
   10.2702703    -0.01905608    -0.03223502
   10.3103103     0.04185835    -0.06917307
   10.3503504     0.08781276    -0.09183224
   10.3903904     0.11258948    -0.07857401
   10.4304304     0.12145117    -0.03366315
   10.4704705     0.11837782     0.01533084
   10.5105105     0.10597947     0.04703132
   10.5505506     0.08882222     0.06067216
   10.5905906     0.07152125     0.06326170
   10.6306306     0.05651382     0.05812700
   10.6706707     0.04657434     0.04962101
   10.7107107     0.04321480     0.04530101
   10.7507508     0.04121056     0.04613336
   10.7907908     0.03333469     0.04405172
   10.8308308     0.02124916     0.03431894
   10.8708709     0.01576602     0.02294563
   10.9109109     0.02805021     0.02045534
   10.9509510     0.06177384     0.03488438
   10.9909910     0.10598299     0.06832830
   11.0310310     0.13504386     0.11241483
   11.0710711     0.12818182     0.15048626
   11.1111111     0.09136416     0.17024248
   11.1511512     0.04987120     0.16975410
   11.1911912     0.02228758     0.15137412
   11.2312312     0.01038461     0.11908030
   11.2712713     0.00756354     0.08074532
   11.3113113     0.00812217     0.04601641
   11.3513514     0.01083591     0.02152165
   11.3913914     0.01779024     0.00848066
   11.4314314     0.02903059     0.00384272
   11.4714715     0.03831788     0.00346363
   11.5115115     0.03747102     0.00449466
   11.5515516     0.02560658     0.00614555
   11.5915916     0.01053603     0.00957360
   11.6316316     0.00046624     0.01659776
   11.6716717    -0.00272407     0.02686552
   11.7117117    -0.00209142     0.03569531
   11.7517518    -0.00073432     0.03632973
   11.7917918     0.00050922     0.02593608
   11.8318318     0.00235277     0.00915517
   11.8718719     0.00562188    -0.00504942
   11.9119119     0.01030520    -0.01066950
   11.9519520     0.01576738    -0.00882852
   11.9919920     0.02145883    -0.00465174
   12.0320320     0.02600123    -0.00169731
   12.0720721     0.02637594    -0.00043095
   12.1121121     0.02094830    -0.00001992
   12.1521522     0.01237956     0.00027359
   12.1921922     0.00482976     0.00100521
   12.2322322    -0.00014888     0.00280440
   12.2722723    -0.00284894     0.00623192
   12.3123123    -0.00242998     0.01114323
   12.3523524     0.00117853     0.01619231
   12.3923924    -0.00083898     0.01924009
   12.4324324    -0.02862273     0.01839177
   12.4724725    -0.09409543     0.01296303
   12.5125125    -0.17128187     0.00422902
   12.5525526    -0.20428808    -0.00502197
   12.5925926    -0.16306229    -0.01467771
   12.6326326    -0.07468555    -0.03500254
   12.6726727     0.01200143    -0.08538042
   12.7127127     0.06938838    -0.16815614
   12.7527528     0.09386618    -0.24052994
   12.7927928     0.09276758    -0.24128143
   12.8328328     0.07981447    -0.15917184
   12.8728729     0.06899522    -0.04782197
   12.9129129     0.06280398     0.03197684
   12.9529530     0.05329593     0.05928777
   12.9929930     0.03732542     0.04944720
   13.0330330     0.02159594     0.02889589
   13.0730731     0.01229957     0.01631700
   13.1131131     0.00861783     0.01866022
   13.1531532     0.00725492     0.03554389
   13.1931932     0.00820217     0.05995319
   13.2332332     0.01469548     0.07721262
   13.2732733     0.02825821     0.07411464
   13.3133133     0.04370353     0.05256117
   13.3533534     0.05135464     0.02744850
   13.3933934     0.04670086     0.01078363
   13.4334334     0.03481086     0.00402902
   13.4734735     0.02380225     0.00353687
   13.5135135     0.01854630     0.00691090
   13.5535536     0.02030404     0.01391044
   13.5935936     0.02699652     0.02337135
   13.6336336     0.03436033     0.03049914
   13.6736737     0.04030577     0.03008277
   13.7137137     0.04659613     0.02359085
   13.7537538     0.05409329     0.02023434
   13.7937938     0.05828664     0.02976920
   13.8338338     0.05279369     0.05357407
   13.8738739     0.03804483     0.08035509
   13.9139139     0.02316492     0.09337903
   13.9539540     0.01791132     0.08546422
   13.9939940     0.02535899     0.06343674
   14.0340340     0.04137567     0.03874324
   14.0740741     0.05904604     0.01931265
   14.1141141     0.07526318     0.00807184
   14.1541542     0.09246108     0.00429041
   14.1941942     0.11207361     0.00614892
   14.2342342     0.12815192     0.01297800
   14.2742743     0.12894330     0.02630225
   14.3143143     0.10717924     0.04970176
   14.3543544     0.07054711     0.08414657
   14.3943944     0.03659649     0.11909968
   14.4344344     0.01622207     0.13427245
   14.4744745     0.00784099     0.11937485
   14.5145145     0.00516587     0.08593935
   14.5545546     0.00428992     0.05294903
   14.5945946     0.00457172     0.03050639
   14.6346346     0.00671313     0.02018553
   14.6746747     0.01060365     0.01948545
   14.7147147     0.01499008     0.02246347
   14.7547548     0.02079415     0.02270070
   14.7947948     0.03412616     0.01881640
   14.8348348     0.06112622     0.01538250
   14.8748749     0.09834515     0.01761966
   14.9149149     0.13648389     0.02532171
   14.9549550     0.17765844     0.03195486
   14.9949950     0.23357021     0.03160722
   15.0350350     0.29368729     0.02724903
   15.0750751     0.31384525     0.02882793
   15.1151151     0.26200812     0.04286876
   15.1551552     0.16315045     0.06860109
   15.1951952     0.07330875     0.10694983
   15.2352352     0.02271404     0.16368944
   15.2752753     0.00434900     0.22771685
   15.3153153     0.00063719     0.25768711
   15.3553554     0.00196335     0.22156321
   15.3953954     0.00678572     0.14060682
   15.4354354     0.01551560     0.06519833
   15.4754755     0.02524492     0.02215391
   15.5155155     0.02948848     0.00588230
   15.5555556     0.02452792     0.00188979
   15.5955956     0.01415659     0.00137670
   15.6356356     0.00533257     0.00127178
   15.6756757     0.00157472     0.00114879
   15.7157157     0.00320251     0.00169033
   15.7557558     0.01196859     0.00410899
   15.7957958     0.03223305     0.00953226
   15.8358358     0.06472609     0.01815986
   15.8758759     0.09859123     0.02916912
   15.9159159     0.11595244     0.04159749
   15.9559560     0.10970519     0.05442053
   15.9959960     0.09013476     0.06547540
   16.0360360     0.06975014     0.07219842
   16.0760761     0.05205253     0.07534683
   16.1161161     0.03963207     0.08041253
   16.1561562     0.04216602     0.09371399
   16.1961962     0.06832683     0.11949856
   16.2362362     0.11092444     0.15739467
   16.2762763     0.14536115     0.19283144
   16.3163163     0.14983784     0.19759047
   16.3563564     0.12728486     0.15805959
   16.3963964     0.10120871     0.09507212
   16.4364364     0.08922749     0.04155269
   16.4764765     0.08630826     0.01215976
   16.5165165     0.07621107     0.00197082
   16.5565566     0.05262932     0.00165786
   16.5965966     0.02477933     0.00641948
   16.6366366     0.00901824     0.01450351
   16.6766767     0.02001072     0.02199626
   16.7167167     0.06387373     0.02322042
   16.7567568     0.12796089     0.01953236
   16.7967968     0.17672417     0.02553158
   16.8368368     0.17621281     0.05894261
   16.8768769     0.12936512     0.11640767
   16.9169169     0.07137563     0.16365988
   16.9569570     0.03173253     0.16742984
   16.9969970     0.01534478     0.13578273
   17.0370370     0.01274723     0.10523004
   17.0770771     0.01370016     0.09362093
   17.1171171     0.01325794     0.09006232
   17.1571572     0.01330951     0.08425591
   17.1971972     0.02080311     0.07996583
   17.2372372     0.04330519     0.07897316
   17.2772773     0.08443813     0.07253944
   17.3173173     0.14123947     0.05559634
   17.3573574     0.20129025     0.03813142
   17.3973974     0.23948365     0.03945937
   17.4374374     0.22907849     0.07669543
   17.4774775     0.16981134     0.14940269
   17.5175175     0.09499996     0.22356218
   17.5575576     0.03949598     0.24720725
   17.5975976     0.01235779     0.20149283
   17.6376376     0.00420884     0.12130700
   17.6776777     0.00585192     0.05407368
   17.7177177     0.01437489     0.01788176
   17.7577578     0.02890531     0.00439220
   17.7977978     0.04683474     0.00080464
   17.8378378     0.06560130     0.00013977
   17.8778779     0.08374772     0.00022424
   17.9179179     0.09596599     0.00107589
   17.9579580     0.09316224     0.00405442
   17.9979980     0.07372434     0.01168216
   18.0380380     0.04928911     0.02643512
   18.0780781     0.03444564     0.04830871
   18.1181181     0.03358684     0.07252700
   18.1581582     0.03975949     0.08947356
   18.1981982     0.04628255     0.08976592
   18.2382382     0.05960878     0.07260266
   18.2782783     0.09910744     0.04754748
   18.3183183     0.17874245     0.02660107
   18.3583584     0.27896751     0.01667772
   18.3983984     0.34089723     0.01928978
   18.4384384     0.31521732     0.03293971
   18.4784785     0.21911294     0.05441630
   18.5185185     0.11713130     0.08166819
   18.5585586     0.05369297     0.11583488
   18.5985986     0.02971133     0.15764444
   18.6386386     0.02762474     0.20506895
   18.6786787     0.03224356     0.25129734
   18.7187187     0.03448410     0.27594211
   18.7587588     0.03293909     0.25491812
   18.7987988     0.03480552     0.19397167
   18.8388388     0.04852264     0.12848580
   18.8788789     0.07087069     0.08370029
   18.9189189     0.08502253     0.06123008
   18.9589590     0.07789984     0.05813538
   18.9989990     0.05558588     0.07077768
   19.0390390     0.03454345     0.08399378
   19.0790791     0.02307472     0.07928121
   19.1191191     0.01784261     0.05549288
   19.1591592     0.01383433     0.02825099
   19.1991992     0.01200846     0.01041234
   19.2392392     0.01827860     0.00305901
   19.2792793     0.03716787     0.00200919
   19.3193193     0.06423444     0.00440037
   19.3593594     0.08455208     0.00905419
   19.3993994     0.08468355     0.01515502
   19.4394394     0.06755286     0.02321995
   19.4794795     0.05060794     0.03602338
   19.5195195     0.04984982     0.05542097
   19.5595596     0.06821456     0.07861059
   19.5995996     0.09642190     0.09996407
   19.6396396     0.12172170     0.11474120
   19.6796797     0.13382841     0.11986167
   19.7197197     0.12551116     0.11644367
   19.7597598     0.09898878     0.11022235
   19.7997998     0.07115860     0.10201666
   19.8398398     0.05886104     0.08580446
   19.8798799     0.05999927     0.06364430
   19.9199199     0.05871631     0.04929252
   19.9599600     0.04630146     0.05019473
   20.0000000     0.02896111     0.05643744
