#
#   partial DOS for atom species: Mn
#
#   Add data for atom_index =   1,  n,l,m,z=  4  0  0  1
#   Add data for atom_index =   1,  n,l,m,z=  4  0  0  2
#   Add data for atom_index =   1,  n,l,m,z=  4  0  0  3
#   Add data for atom_index =   2,  n,l,m,z=  4  0  0  1
#   Add data for atom_index =   2,  n,l,m,z=  4  0  0  2
#   Add data for atom_index =   2,  n,l,m,z=  4  0  0  3
#   Add data for atom_index =   3,  n,l,m,z=  4  0  0  1
#   Add data for atom_index =   3,  n,l,m,z=  4  0  0  2
#   Add data for atom_index =   3,  n,l,m,z=  4  0  0  3
#   Add data for atom_index =   4,  n,l,m,z=  4  0  0  1
#   Add data for atom_index =   4,  n,l,m,z=  4  0  0  2
#   Add data for atom_index =   4,  n,l,m,z=  4  0  0  3
#   Add data for atom_index =   5,  n,l,m,z=  4  0  0  1
#   Add data for atom_index =   5,  n,l,m,z=  4  0  0  2
#   Add data for atom_index =   5,  n,l,m,z=  4  0  0  3
#   Add data for atom_index =   6,  n,l,m,z=  4  0  0  1
#   Add data for atom_index =   6,  n,l,m,z=  4  0  0  2
#   Add data for atom_index =   6,  n,l,m,z=  4  0  0  3
#
#    Energy          spin 1        spin2
#
  -20.0000000     0.00000000     0.00000000
  -19.9599600     0.00000000     0.00000000
  -19.9199199     0.00000000     0.00000000
  -19.8798799     0.00000000     0.00000000
  -19.8398398     0.00000000     0.00000000
  -19.7997998     0.00000000     0.00000000
  -19.7597598     0.00000000     0.00000000
  -19.7197197     0.00000000     0.00000000
  -19.6796797     0.00000000     0.00000000
  -19.6396396     0.00000000     0.00000000
  -19.5995996     0.00000000     0.00000000
  -19.5595596     0.00000000     0.00000000
  -19.5195195     0.00000000     0.00000000
  -19.4794795     0.00000000     0.00000000
  -19.4394394     0.00000000     0.00000000
  -19.3993994     0.00000000     0.00000000
  -19.3593594     0.00000000     0.00000000
  -19.3193193     0.00000000     0.00000000
  -19.2792793     0.00000000     0.00000000
  -19.2392392     0.00000000     0.00000000
  -19.1991992     0.00000000     0.00000000
  -19.1591592     0.00000000     0.00000000
  -19.1191191     0.00000000     0.00000000
  -19.0790791     0.00000000     0.00000000
  -19.0390390     0.00000000     0.00000000
  -18.9989990     0.00000000     0.00000000
  -18.9589590     0.00000000     0.00000000
  -18.9189189     0.00000000     0.00000000
  -18.8788789     0.00000000     0.00000000
  -18.8388388     0.00000000     0.00000000
  -18.7987988     0.00000000     0.00000000
  -18.7587588     0.00000000     0.00000000
  -18.7187187     0.00000000     0.00000000
  -18.6786787     0.00000000     0.00000000
  -18.6386386     0.00000000     0.00000000
  -18.5985986     0.00000000     0.00000000
  -18.5585586     0.00000000     0.00000000
  -18.5185185     0.00000000     0.00000000
  -18.4784785     0.00000000     0.00000000
  -18.4384384     0.00000000     0.00000000
  -18.3983984     0.00000000     0.00000000
  -18.3583584     0.00000000     0.00000000
  -18.3183183     0.00000000     0.00000000
  -18.2782783     0.00000000     0.00000000
  -18.2382382     0.00000000     0.00000000
  -18.1981982     0.00000000     0.00000000
  -18.1581582     0.00000000     0.00000000
  -18.1181181     0.00000000     0.00000000
  -18.0780781     0.00000000     0.00000000
  -18.0380380     0.00000000     0.00000000
  -17.9979980     0.00000000     0.00000000
  -17.9579580     0.00000000     0.00000000
  -17.9179179     0.00000000     0.00000000
  -17.8778779     0.00000000     0.00000000
  -17.8378378     0.00000000     0.00000000
  -17.7977978     0.00000000     0.00000000
  -17.7577578     0.00000000     0.00000000
  -17.7177177     0.00000000     0.00000000
  -17.6776777     0.00000000     0.00000000
  -17.6376376     0.00000000     0.00000000
  -17.5975976     0.00000000     0.00000000
  -17.5575576     0.00000000     0.00000000
  -17.5175175     0.00000000     0.00000000
  -17.4774775     0.00000000     0.00000000
  -17.4374374     0.00000000     0.00000000
  -17.3973974     0.00000000     0.00000000
  -17.3573574     0.00000000     0.00000000
  -17.3173173     0.00000000     0.00000000
  -17.2772773     0.00000000     0.00000000
  -17.2372372     0.00000000     0.00000000
  -17.1971972     0.00000000     0.00000000
  -17.1571572     0.00000000     0.00000000
  -17.1171171     0.00000000     0.00000000
  -17.0770771     0.00000000     0.00000000
  -17.0370370     0.00000000     0.00000000
  -16.9969970     0.00000000     0.00000000
  -16.9569570     0.00000000     0.00000000
  -16.9169169     0.00000000     0.00000000
  -16.8768769     0.00000000     0.00000000
  -16.8368368     0.00000000     0.00000000
  -16.7967968     0.00000000     0.00000000
  -16.7567568     0.00000006     0.00000006
  -16.7167167     0.00000113     0.00000114
  -16.6766767     0.00001457     0.00001471
  -16.6366366     0.00013684     0.00013798
  -16.5965966     0.00093277     0.00093933
  -16.5565566     0.00461387     0.00464039
  -16.5165165     0.01656170     0.01663563
  -16.4764765     0.04314121     0.04327842
  -16.4364364     0.08155059     0.08170546
  -16.3963964     0.11186888     0.11193815
  -16.3563564     0.11136248     0.11128909
  -16.3163163     0.08044812     0.08029240
  -16.2762763     0.04217356     0.04203816
  -16.2362362     0.01604398     0.01597204
  -16.1961962     0.00442926     0.00440377
  -16.1561562     0.00088736     0.00088112
  -16.1161161     0.00012901     0.00012794
  -16.0760761     0.00001361     0.00001348
  -16.0360360     0.00000105     0.00000103
  -15.9959960     0.00000015     0.00000016
  -15.9559560     0.00000180     0.00000182
  -15.9159159     0.00002440     0.00002465
  -15.8758759     0.00024041     0.00024253
  -15.8358358     0.00172548     0.00173846
  -15.7957958     0.00904511     0.00910154
  -15.7557558     0.03477808     0.03495124
  -15.7157157     0.09877973     0.09915090
  -15.6756757     0.20964434     0.21018853
  -15.6356356     0.33823637     0.33874972
  -15.5955956     0.42419203     0.42441967
  -15.5555556     0.42278082     0.42262542
  -15.5155155     0.33899079     0.33856514
  -15.4754755     0.21764134     0.21716302
  -15.4354354     0.10982448     0.10946960
  -15.3953954     0.04257533     0.04238998
  -15.3553554     0.01243589     0.01236697
  -15.3153153     0.00269957     0.00268128
  -15.2752753     0.00043187     0.00042841
  -15.2352352     0.00005343     0.00005299
  -15.1951952     0.00003885     0.00003917
  -15.1551552     0.00030767     0.00031046
  -15.1151151     0.00202201     0.00203767
  -15.0750751     0.00991314     0.00997716
  -15.0350350     0.03666536     0.03685734
  -14.9949950     0.10382637     0.10425025
  -14.9549550     0.22848783     0.22917238
  -14.9149149     0.39520307     0.39597639
  -14.8748749     0.53952325     0.54002790
  -14.8348348     0.57955613     0.57950163
  -14.7947948     0.48626893     0.48571271
  -14.7547548     0.31612759     0.31542733
  -14.7147147     0.15816208     0.15763931
  -14.6746747     0.06055804     0.06029075
  -14.6346346     0.01765105     0.01755320
  -14.5945946     0.00389397     0.00386789
  -14.5545546     0.00064610     0.00064101
  -14.5145145     0.00008101     0.00008029
  -14.4744745     0.00002019     0.00002026
  -14.4344344     0.00013040     0.00013166
  -14.3943944     0.00096310     0.00097114
  -14.3543544     0.00523914     0.00527576
  -14.3143143     0.02098102     0.02109964
  -14.2742743     0.06208219     0.06235133
  -14.2342342     0.13625448     0.13666794
  -14.1941942     0.22259372     0.22298300
  -14.1541542     0.27139840     0.27152670
  -14.1141141     0.24727654     0.24707853
  -14.0740741     0.16829301     0.16794313
  -14.0340340     0.08538833     0.08510074
  -13.9939940     0.03219712     0.03204672
  -13.9539540     0.00899115     0.00893733
  -13.9139139     0.00187836     0.00186509
  -13.8738739     0.00048751     0.00048689
  -13.8338338     0.00116885     0.00117685
  -13.7937938     0.00457725     0.00460429
  -13.7537538     0.01359896     0.01366136
  -13.7137137     0.03035071     0.03045283
  -13.6736737     0.05220930     0.05233023
  -13.6336336     0.07202753     0.07213662
  -13.5935936     0.08368440     0.08376405
  -13.5535536     0.08539968     0.08544092
  -13.5135135     0.07817063     0.07816631
  -13.4734735     0.06431590     0.06426952
  -13.4334334     0.04501956     0.04492874
  -13.3933934     0.01603728     0.01587710
  -13.3533534    -0.02585887    -0.02606035
  -13.3133133    -0.06391441    -0.06398742
  -13.2732733    -0.06084286    -0.06058321
  -13.2332332     0.00443144     0.00500472
  -13.1931932     0.10212791     0.10270151
  -13.1531532     0.17128691     0.17153108
  -13.1131131     0.17901664     0.17890859
  -13.0730731     0.14787984     0.14767242
  -13.0330330     0.12045064     0.12035635
  -12.9929930     0.11345529     0.11348211
  -12.9529530     0.11729348     0.11737641
  -12.9129129     0.12253802     0.12267304
  -12.8728729     0.12885858     0.12906252
  -12.8328328     0.13839806     0.13863056
  -12.7927928     0.15139467     0.15155358
  -12.7527528     0.16119256     0.16117987
  -12.7127127     0.15457986     0.15438766
  -12.6726727     0.12556698     0.12527897
  -12.6326326     0.08256239     0.08225549
  -12.5925926     0.03599261     0.03568068
  -12.5525526    -0.00965290    -0.00994854
  -12.5125125    -0.04575945    -0.04594088
  -12.4724725    -0.05661411    -0.05657877
  -12.4324324    -0.03615019    -0.03590552
  -12.3923924     0.00231222     0.00265862
  -12.3523524     0.03847372     0.03879375
  -12.3123123     0.05859980     0.05877430
  -12.2722723     0.05689267     0.05683984
  -12.2322322     0.03491844     0.03465915
  -12.1921922     0.00292714     0.00259988
  -12.1521522    -0.02276119    -0.02296944
  -12.1121121    -0.02689442    -0.02684971
  -12.0720721    -0.00450800    -0.00422730
  -12.0320320     0.03130593     0.03161952
  -11.9919920     0.05284768     0.05293519
  -11.9519520     0.03892008     0.03870032
  -11.9119119    -0.00399914    -0.00436429
  -11.8718719    -0.04763650    -0.04792475
  -11.8318318    -0.06878941    -0.06889972
  -11.7917918    -0.06494778    -0.06491046
  -11.7517518    -0.04743316    -0.04732892
  -11.7117117    -0.02774578    -0.02763698
  -11.6716717    -0.01053704    -0.01043372
  -11.6316316     0.00536583     0.00548842
  -11.5915916     0.02072939     0.02086678
  -11.5515516     0.03131592     0.03141353
  -11.5115115     0.03216198     0.03218210
  -11.4714715     0.02473470     0.02469779
  -11.4314314     0.01515540     0.01509485
  -11.3913914     0.00740127     0.00733160
  -11.3513514     0.00185643     0.00178954
  -11.3113113    -0.00234851    -0.00239986
  -11.2712713    -0.00601862    -0.00604915
  -11.2312312    -0.00895903    -0.00896505
  -11.1911912    -0.00946948    -0.00944573
  -11.1511512    -0.00583244    -0.00578116
  -11.1111111     0.00155889     0.00162245
  -11.0710711     0.00970937     0.00975925
  -11.0310310     0.01437105     0.01438031
  -10.9909910     0.01274886     0.01270981
  -10.9509510     0.00589229     0.00582860
  -10.9109109    -0.00189501    -0.00194282
  -10.8708709    -0.00627132    -0.00627492
  -10.8308308    -0.00577988    -0.00574266
  -10.7907908    -0.00236129    -0.00231234
  -10.7507508     0.00081339     0.00084587
  -10.7107107     0.00203868     0.00204726
  -10.6706707     0.00169790     0.00169293
  -10.6306306     0.00099598     0.00099179
  -10.5905906     0.00085483     0.00086317
  -10.5505506     0.00184982     0.00188011
  -10.5105105     0.00437460     0.00442850
  -10.4704705     0.00843910     0.00850557
  -10.4304304     0.01379405     0.01386496
  -10.3903904     0.02052689     0.02061304
  -10.3503504     0.02867231     0.02877867
  -10.3103103     0.03716314     0.03725779
  -10.2702703     0.04475583     0.04479894
  -10.2302302     0.05138609     0.05137017
  -10.1901902     0.05561516     0.05554017
  -10.1501502     0.05268190     0.05253790
  -10.1101101     0.04021339     0.04002671
  -10.0700701     0.02347109     0.02330897
  -10.0300300     0.01023735     0.01014281
   -9.9899900     0.00341717     0.00338148
   -9.9499500     0.00119764     0.00119304
   -9.9099099     0.00106817     0.00107561
   -9.8698699     0.00166325     0.00167340
   -9.8298298     0.00246023     0.00246681
   -9.7897898     0.00324002     0.00323663
   -9.7497497     0.00392517     0.00390761
   -9.7097097     0.00508725     0.00506606
   -9.6696697     0.00959733     0.00961669
   -9.6296296     0.02365674     0.02378097
   -9.5895896     0.05166076     0.05188758
   -9.5495496     0.08493406     0.08511758
   -9.5095095     0.10117986     0.10113673
   -9.4694695     0.08592683     0.08565059
   -9.4294294     0.05015897     0.04982800
   -9.3893894     0.01720867     0.01697876
   -9.3493494    -0.00086978    -0.00098360
   -9.3093093    -0.00764822    -0.00771281
   -9.2692693    -0.01173667    -0.01180830
   -9.2292292    -0.01759812    -0.01767899
   -9.1891892    -0.02326655    -0.02331700
   -9.1491491    -0.02447459    -0.02446702
   -9.1091091    -0.02058025    -0.02053434
   -9.0690691    -0.01512783    -0.01508458
   -9.0290290    -0.01154262    -0.01152437
   -8.9889890    -0.01061810    -0.01062076
   -8.9489490    -0.01116598    -0.01117289
   -8.9089089    -0.01132204    -0.01132451
   -8.8688689    -0.00994159    -0.00994838
   -8.8288288    -0.00732699    -0.00734207
   -8.7887888    -0.00392354    -0.00391864
   -8.7487488     0.00102980     0.00108959
   -8.7087087     0.00775684     0.00785254
   -8.6686687     0.01374511     0.01380780
   -8.6286286     0.01589280     0.01588265
   -8.5885886     0.01420762     0.01415124
   -8.5485485     0.01103185     0.01097119
   -8.5085085     0.00751507     0.00745693
   -8.4684685     0.00296493     0.00289007
   -8.4284284    -0.00304053    -0.00314224
   -8.3883884    -0.00930375    -0.00940762
   -8.3483484    -0.01338785    -0.01343751
   -8.3083083    -0.01326646    -0.01322441
   -8.2682683    -0.00937635    -0.00927369
   -8.2282282    -0.00460663    -0.00451385
   -8.1881882    -0.00158812    -0.00154298
   -8.1481482    -0.00064347    -0.00063308
   -8.1081081    -0.00060355    -0.00060246
   -8.0680681    -0.00059848    -0.00059777
   -8.0280280    -0.00059926    -0.00060346
   -7.9879880    -0.00085756    -0.00086925
   -7.9479479    -0.00124576    -0.00125276
   -7.9079079    -0.00095387    -0.00092832
   -7.8678679     0.00108514     0.00116388
   -7.8278278     0.00495709     0.00506866
   -7.7877878     0.00890825     0.00899097
   -7.7477478     0.01024927     0.01024698
   -7.7077077     0.00701908     0.00691713
   -7.6676677    -0.00184238    -0.00203279
   -7.6276276    -0.01646115    -0.01670815
   -7.5875876    -0.03309844    -0.03330832
   -7.5475475    -0.04289734    -0.04294405
   -7.5075075    -0.03928313    -0.03914191
   -7.4674675    -0.02593106    -0.02571514
   -7.4274274    -0.01247576    -0.01230938
   -7.3873874    -0.00462730    -0.00455311
   -7.3473473    -0.00216732    -0.00217521
   -7.3073073    -0.00316570    -0.00323822
   -7.2672673    -0.00626583    -0.00637282
   -7.2272272    -0.00976770    -0.00984837
   -7.1871872    -0.01122689    -0.01122272
   -7.1471472    -0.00937496    -0.00929135
   -7.1071071    -0.00566034    -0.00556641
   -7.0670671    -0.00294801    -0.00291422
   -7.0270270    -0.00321500    -0.00326772
   -6.9869870    -0.00642840    -0.00653704
   -6.9469470    -0.01037648    -0.01046128
   -6.9069069    -0.01185763    -0.01184774
   -6.8668669    -0.00943202    -0.00933393
   -6.8268268    -0.00446777    -0.00434124
   -6.7867868     0.00130826     0.00143170
   -6.7467467     0.00779119     0.00792244
   -6.7067067     0.01517207     0.01531563
   -6.6666667     0.02208104     0.02221249
   -6.6266266     0.02600218     0.02608572
   -6.5865866     0.02511107     0.02511983
   -6.5465466     0.01987185     0.01980665
   -6.5065065     0.01313852     0.01303547
   -6.4664665     0.00790213     0.00780537
   -6.4264264     0.00498315     0.00491523
   -6.3863864     0.00369262     0.00366159
   -6.3463464     0.00377606     0.00378955
   -6.3063063     0.00552415     0.00557947
   -6.2662663     0.00853829     0.00860851
   -6.2262262     0.01128492     0.01132950
   -6.1861862     0.01220986     0.01220852
   -6.1461461     0.01149402     0.01147490
   -6.1061061     0.01164169     0.01167143
   -6.0660661     0.01570400     0.01583030
   -6.0260260     0.02391512     0.02409947
   -5.9859860     0.03205530     0.03218273
   -5.9459459     0.03480530     0.03479604
   -5.9059059     0.03108264     0.03096928
   -5.8658659     0.02438091     0.02425157
   -5.8258258     0.01864834     0.01856106
   -5.7857858     0.01555355     0.01551343
   -5.7457458     0.01414936     0.01412247
   -5.7057057     0.01214149     0.01209323
   -5.6656657     0.00852654     0.00845994
   -5.6256256     0.00455987     0.00450312
   -5.5855856     0.00180790     0.00177629
   -5.5455455     0.00054537     0.00053371
   -5.5055055     0.00024237     0.00024259
   -5.4654655     0.00061413     0.00062825
   -5.4254254     0.00202141     0.00206198
   -5.3853854     0.00513211     0.00520953
   -5.3453453     0.00997127     0.01007434
   -5.3053053     0.01523271     0.01532697
   -5.2652653     0.01897255     0.01902469
   -5.2252252     0.01988354     0.01987870
   -5.1851852     0.01765179     0.01759255
   -5.1451452     0.01296827     0.01287710
   -5.1051051     0.00760098     0.00751491
   -5.0650651     0.00344173     0.00338639
   -5.0250250     0.00117780     0.00115294
   -4.9849850     0.00030129     0.00029342
   -4.9449449     0.00006538     0.00006389
   -4.9049049     0.00007475     0.00007643
   -4.8648649     0.00037600     0.00038509
   -4.8248248     0.00153972     0.00156944
   -4.7847848     0.00463545     0.00470249
   -4.7447447     0.01029418     0.01039527
   -4.7047047     0.01704266     0.01713604
   -4.6646647     0.02149989     0.02153557
   -4.6246246     0.02160492     0.02157853
   -4.5845846     0.01875593     0.01870749
   -4.5445445     0.01582961     0.01579692
   -4.5045045     0.01468596     0.01468877
   -4.4644645     0.01647061     0.01653029
   -4.4244244     0.02257547     0.02271326
   -4.3843844     0.03324356     0.03343907
   -4.3443443     0.04533547     0.04551217
   -4.3043043     0.05401907     0.05411327
   -4.2642643     0.05756432     0.05758487
   -4.2242242     0.05758919     0.05756385
   -4.1841842     0.05468794     0.05460800
   -4.1441441     0.04875826     0.04863870
   -4.1041041     0.04350899     0.04343343
   -4.0640641     0.04469747     0.04473079
   -4.0240240     0.05266610     0.05276532
   -3.9839840     0.06085466     0.06091809
   -3.9439439     0.06277067     0.06274333
   -3.9039039     0.05743478     0.05733415
   -3.8638639     0.04807626     0.04794876
   -3.8238238     0.03821997     0.03809660
   -3.7837838     0.02936359     0.02925071
   -3.7437437     0.02173364     0.02163770
   -3.7037037     0.01598137     0.01591530
   -3.6636637     0.01240898     0.01236756
   -3.6236236     0.00975801     0.00971899
   -3.5835836     0.00666100     0.00661516
   -3.5435435     0.00329615     0.00325428
   -3.5035035     0.00068839     0.00066192
   -3.4634635    -0.00064252    -0.00065295
   -3.4234234    -0.00091404    -0.00091451
   -3.3833834    -0.00065364    -0.00065067
   -3.3433433    -0.00031777    -0.00031521
   -3.3033033    -0.00011050    -0.00010925
   -3.2632633    -0.00002780    -0.00002740
   -3.2232232    -0.00000510    -0.00000501
   -3.1831832    -0.00000112    -0.00000113
   -3.1431431    -0.00000534    -0.00000549
   -3.1031031    -0.00004491    -0.00004600
   -3.0630631    -0.00027947    -0.00028522
   -3.0230230    -0.00127866    -0.00130011
   -2.9829830    -0.00432730    -0.00438401
   -2.9429429    -0.01092195    -0.01102634
   -2.9029029    -0.02075849    -0.02088606
   -2.8628629    -0.02999358    -0.03007906
   -2.8228228    -0.03317110    -0.03315852
   -2.7827828    -0.02812945    -0.02802786
   -2.7427427    -0.01821772    -0.01809177
   -2.7027027    -0.00892913    -0.00883673
   -2.6626627    -0.00323021    -0.00318367
   -2.6226226    -0.00064558    -0.00062658
   -2.5825826     0.00052676     0.00053555
   -2.5425425     0.00107701     0.00107380
   -2.5025025     0.00016747     0.00013469
   -2.4624625    -0.00331459    -0.00337931
   -2.4224224    -0.00812758    -0.00818989
   -2.3823824    -0.01126159    -0.01129216
   -2.3423423    -0.01222033    -0.01223712
   -2.3023023    -0.01310911    -0.01312960
   -2.2622623    -0.01359498    -0.01358734
   -2.2222222    -0.01069484    -0.01063048
   -2.1821822    -0.00421207    -0.00412212
   -2.1421421     0.00210778     0.00217050
   -2.1021021     0.00531068     0.00533269
   -2.0620621     0.00613545     0.00614072
   -2.0220220     0.00675443     0.00676178
   -1.9819820     0.00754042     0.00754370
   -1.9419419     0.00720886     0.00719650
   -1.9019019     0.00527309     0.00524942
   -1.8618619     0.00283940     0.00281827
   -1.8218218     0.00111363     0.00110201
   -1.7817818     0.00031726     0.00031300
   -1.7417417     0.00006559     0.00006451
   -1.7017017     0.00000946     0.00000926
   -1.6616617    -0.00000330    -0.00000344
   -1.6216216    -0.00003629    -0.00003714
   -1.5815816    -0.00022062    -0.00022495
   -1.5415415    -0.00097697    -0.00099247
   -1.5015015    -0.00316747    -0.00320599
   -1.4614615    -0.00755127    -0.00761556
   -1.4214214    -0.01331766    -0.01338363
   -1.3813814    -0.01751411    -0.01754037
   -1.3413413    -0.01733661    -0.01730473
   -1.3013013    -0.01303706    -0.01297094
   -1.2612613    -0.00749845    -0.00743664
   -1.2212212    -0.00330504    -0.00326733
   -1.1811812    -0.00111224    -0.00109595
   -1.1411411    -0.00028352    -0.00027842
   -1.1011011    -0.00005421    -0.00005305
   -1.0610611    -0.00000770    -0.00000751
   -1.0210210    -0.00000081    -0.00000078
   -0.9809810    -0.00000006    -0.00000006
   -0.9409409    -0.00000000    -0.00000000
   -0.9009009    -0.00000000    -0.00000000
   -0.8608609     0.00000000     0.00000000
   -0.8208208    -0.00000000    -0.00000000
   -0.7807808    -0.00000000    -0.00000000
   -0.7407407    -0.00000000    -0.00000000
   -0.7007007    -0.00000001    -0.00000001
   -0.6606607    -0.00000001    -0.00000001
   -0.6206206     0.00000059     0.00000060
   -0.5805806     0.00000883     0.00000894
   -0.5405405     0.00007269     0.00007362
   -0.5005005     0.00040371     0.00040842
   -0.4604605     0.00158990     0.00160601
   -0.4204204     0.00451645     0.00455340
   -0.3803804     0.00934153     0.00939647
   -0.3403403     0.01427989     0.01432814
   -0.3003003     0.01683337     0.01685242
   -0.2602603     0.01707663     0.01707794
   -0.2202202     0.01753034     0.01753688
   -0.1801802     0.01870219     0.01870296
   -0.1401401     0.01782748     0.01779437
   -0.1001001     0.01334052     0.01327844
   -0.0600601     0.00742379     0.00736601
   -0.0200200     0.00301977     0.00298652
    0.0200200     0.00089424     0.00088150
    0.0600601     0.00019319     0.00018981
    0.1001001     0.00002514     0.00002439
    0.1401401    -0.00002665    -0.00002715
    0.1801802    -0.00008636    -0.00008710
    0.2202202    -0.00016074    -0.00016138
    0.2602603    -0.00019001    -0.00018962
    0.3003003    -0.00007909    -0.00007670
    0.3403403     0.00024658     0.00025125
    0.3803804     0.00076198     0.00076779
    0.4204204     0.00126774     0.00127193
    0.4604605     0.00146611     0.00146620
    0.5005005     0.00123419     0.00123060
    0.5405405     0.00076488     0.00076046
    0.5805806     0.00035363     0.00035071
    0.6206206     0.00016185     0.00016149
    0.6606607     0.00037255     0.00037872
    0.7007007     0.00195210     0.00198296
    0.7407407     0.00801404     0.00811505
    0.7807808     0.02393709     0.02416041
    0.8208208     0.05188911     0.05220403
    0.8608609     0.08162637     0.08185706
    0.9009009     0.09318222     0.09314502
    0.9409409     0.07719404     0.07691560
    0.9809810     0.04640692     0.04609146
    1.0210210     0.02024556     0.02004369
    1.0610611     0.00640952     0.00632538
    1.1011011     0.00147255     0.00144859
    1.1411411     0.00024551     0.00024075
    1.1811812     0.00002970     0.00002903
    1.2212212     0.00000261     0.00000254
    1.2612613     0.00000018     0.00000018
    1.3013013     0.00000023     0.00000024
    1.3413413     0.00000218     0.00000220
    1.3813814     0.00001519     0.00001535
    1.4214214     0.00007694     0.00007765
    1.4614615     0.00028310     0.00028515
    1.5015015     0.00075888     0.00076289
    1.5415415     0.00150719     0.00151268
    1.5815816     0.00241536     0.00242355
    1.6216216     0.00419221     0.00421899
    1.6616617     0.01052776     0.01062286
    1.7017017     0.02921141     0.02944879
    1.7417417     0.06664741     0.06703875
    1.7817818     0.11520004     0.11559476
    1.8218218     0.15108650     0.15126856
    1.8618619     0.15937352     0.15934070
    1.9019019     0.15765037     0.15765710
    1.9419419     0.17664082     0.17687832
    1.9819820     0.22353564     0.22395137
    2.0220220     0.28379006     0.28427979
    2.0620621     0.34823473     0.34878722
    2.1021021     0.41534721     0.41590935
    2.1421421     0.47092253     0.47128585
    2.1821822     0.48771873     0.48768089
    2.2222222     0.45322208     0.45279594
    2.2622623     0.37980733     0.37913507
    2.3023023     0.28380434     0.28300132
    2.3423423     0.18006266     0.17928094
    2.3823824     0.09127299     0.09070113
    2.4224224     0.03534053     0.03504218
    2.4624625     0.01021504     0.01010571
    2.5025025     0.00221990     0.00219183
    2.5425425     0.00041116     0.00040613
    2.5825826     0.00010558     0.00010492
    2.6226226     0.00005156     0.00005148
    2.6626627     0.00004206     0.00004215
    2.7027027     0.00006019     0.00006043
    2.7427427     0.00009297     0.00009324
    2.7827828     0.00011312     0.00011324
    2.8228228     0.00010174     0.00010165
    2.8628629     0.00006951     0.00006937
    2.9029029     0.00005652     0.00005676
    2.9429429     0.00015842     0.00016029
    2.9829830     0.00064184     0.00064862
    3.0230230     0.00202732     0.00204377
    3.0630631     0.00474546     0.00477257
    3.1031031     0.00837758     0.00840742
    3.1431431     0.01171435     0.01173782
    3.1831832     0.01453079     0.01455599
    3.2232232     0.01949346     0.01955418
    3.2632633     0.03164845     0.03178498
    3.3033033     0.05390496     0.05411402
    3.3433433     0.08111320     0.08131926
    3.3833834     0.10204302     0.10216141
    3.4234234     0.11000343     0.11001910
    3.4634635     0.10695262     0.10690187
    3.5035035     0.09811487     0.09803941
    3.5435435     0.08833138     0.08826279
    3.5835836     0.07992018     0.07986148
    3.6236236     0.07215517     0.07209918
    3.6636637     0.06521467     0.06516976
    3.7037037     0.05929045     0.05924292
    3.7437437     0.05048117     0.05039203
    3.7837838     0.03580835     0.03567994
    3.8238238     0.01914113     0.01902279
    3.8638639     0.00648573     0.00641140
    3.9039039    -0.00037315    -0.00040782
    3.9439439    -0.00325877    -0.00327257
    3.9839840    -0.00441611    -0.00442217
    4.0240240    -0.00452959    -0.00452183
    4.0640641    -0.00083865    -0.00077642
    4.1041041     0.01388738     0.01407327
    4.1441441     0.04769883     0.04804818
    4.1841842     0.10008069     0.10052544
    4.2242242     0.15592575     0.15630157
    4.2642643     0.19390533     0.19407311
    4.3043043     0.20252289     0.20247137
    4.3443443     0.18897684     0.18883343
    4.3843844     0.17328269     0.17319865
    4.4244244     0.16615418     0.16612189
    4.4644645     0.15672534     0.15662625
    4.5045045     0.13644526     0.13630657
    4.5445445     0.12028088     0.12026003
    4.5845846     0.12314163     0.12323214
    4.6246246     0.13129453     0.13128294
    4.6646647     0.11884654     0.11860651
    4.7047047     0.08260963     0.08226018
    4.7447447     0.04304422     0.04277642
    4.7847848     0.01810964     0.01800696
    4.8248248     0.01135991     0.01142867
    4.8648649     0.02029341     0.02054433
    4.9049049     0.04276561     0.04318926
    4.9449449     0.07428341     0.07479334
    4.9849850     0.10625012     0.10670737
    5.0250250     0.12947450     0.12975743
    5.0650651     0.13897780     0.13906672
    5.1051051     0.13917136     0.13921386
    5.1451452     0.14153870     0.14167938
    5.1851852     0.14768889     0.14778039
    5.2252252     0.14176908     0.14150481
    5.2652653     0.11168515     0.11104839
    5.3053053     0.06807679     0.06739155
    5.3453453     0.03169962     0.03124574
    5.3853854     0.01179466     0.01159261
    5.4254254     0.00413930     0.00407483
    5.4654655     0.00171287     0.00169539
    5.5055055     0.00077982     0.00077409
    5.5455455     0.00031686     0.00031487
    5.5855856     0.00022425     0.00022715
    5.6256256     0.00115599     0.00118328
    5.6656657     0.00706545     0.00720878
    5.7057057     0.03199831     0.03252366
    5.7457458     0.10587047     0.10720253
    5.7857858     0.25669766     0.25896019
    5.8258258     0.45922201     0.46159568
    5.8658659     0.61545862     0.61656595
    5.9059059     0.64220500     0.64164957
    5.9459459     0.57433294     0.57324581
    5.9859860     0.52215335     0.52172937
    6.0260260     0.53321901     0.53333555
    6.0660661     0.54657348     0.54624840
    6.1061061     0.48192099     0.48067882
    6.1461461     0.33792013     0.33626967
    6.1861862     0.18506532     0.18377041
    6.2262262     0.08313923     0.08246707
    6.2662663     0.03723996     0.03700113
    6.3063063     0.02395799     0.02391629
    6.3463464     0.02571797     0.02576157
    6.3863864     0.03410101     0.03416551
    6.4264264     0.04033007     0.04034340
    6.4664665     0.03683525     0.03676903
    6.5065065     0.02487751     0.02477672
    6.5465466     0.01244900     0.01237499
    6.5865866     0.00580462     0.00579150
    6.6266266     0.00851256     0.00860992
    6.6666667     0.02874031     0.02908033
    6.7067067     0.08199403     0.08273861
    6.7467467     0.17566946     0.17675992
    6.7867868     0.28376252     0.28474381
    6.8268268     0.35137171     0.35169232
    6.8668669     0.34080330     0.34032448
    6.9069069     0.26415699     0.26321760
    6.9469470     0.16545214     0.16451775
    6.9869870     0.08440588     0.08376472
    7.0270270     0.03739577     0.03708700
    7.0670671     0.02010851     0.02002596
    7.1071071     0.02019386     0.02021599
    7.1471472     0.02671784     0.02677464
    7.1871872     0.03643900     0.03656520
    7.2272272     0.06145911     0.06183362
    7.2672673     0.12739426     0.12822131
    7.3073073     0.24731899     0.24851946
    7.3473473     0.38978852     0.39087516
    7.3873874     0.49124030     0.49173225
    7.4274274     0.51491507     0.51481842
    7.4674675     0.47834822     0.47799027
    7.5075075     0.41452810     0.41406063
    7.5475475     0.33557267     0.33492426
    7.5875876     0.24755354     0.24679070
    7.6276276     0.17371504     0.17315246
    7.6676677     0.14058607     0.14048889
    7.7077077     0.15313169     0.15349889
    7.7477478     0.19689463     0.19754022
    7.7877878     0.25395969     0.25465693
    7.8278278     0.30669338     0.30719389
    7.8678679     0.33154952     0.33157806
    7.9079079     0.30921743     0.30870761
    7.9479479     0.25428058     0.25360532
    7.9879880     0.21292369     0.21256674
    8.0280280     0.21101086     0.21101332
    8.0680681     0.22237606     0.22235676
    8.1081081     0.20482623     0.20451102
    8.1481482     0.15202306     0.15152376
    8.1881882     0.09189729     0.09146204
    8.2282282     0.04785754     0.04758409
    8.2682683     0.02250513     0.02235745
    8.3083083     0.00940041     0.00932588
    8.3483484     0.00307861     0.00304178
    8.3883884     0.00004873     0.00002685
    8.4284284    -0.00146692    -0.00147981
    8.4684685    -0.00126307    -0.00125739
    8.5085085     0.00177680     0.00180869
    8.5485485     0.00737728     0.00742416
    8.5885886     0.01319413     0.01323755
    8.6286286     0.01829335     0.01834595
    8.6686687     0.02748390     0.02760317
    8.7087087     0.04848096     0.04871075
    8.7487488     0.08104049     0.08132605
    8.7887888     0.11189364     0.11210448
    8.8288288     0.12846200     0.12855417
    8.8688689     0.13725455     0.13735553
    8.9089089     0.15678425     0.15701777
    8.9489490     0.18942253     0.18970398
    8.9889890     0.21494242     0.21507787
    9.0290290     0.21632928     0.21624752
    9.0690691     0.19456688     0.19431155
    9.1091091     0.15594297     0.15555789
    9.1491491     0.10659661     0.10616567
    9.1891892     0.05976787     0.05943169
    9.2292292     0.02977341     0.02961292
    9.2692693     0.02018764     0.02017761
    9.3093093     0.02530080     0.02537507
    9.3493494     0.03786825     0.03797340
    9.3893894     0.05363835     0.05375355
    9.4294294     0.07223960     0.07236657
    9.4694695     0.09220842     0.09232227
    9.5095095     0.10631665     0.10636385
    9.5495496     0.10871504     0.10868758
    9.5895896     0.10339167     0.10334245
    9.6296296     0.09844480     0.09841737
    9.6696697     0.09663952     0.09662871
    9.7097097     0.09414491     0.09411009
    9.7497497     0.08466096     0.08456893
    9.7897898     0.06741772     0.06730464
    9.8298298     0.05339340     0.05337438
    9.8698699     0.05883380     0.05901069
    9.9099099     0.08793298     0.08826110
    9.9499500     0.12277886     0.12305280
    9.9899900     0.13928931     0.13935863
   10.0300300     0.13702289     0.13699457
   10.0700701     0.13890068     0.13897061
   10.1101101     0.15537822     0.15552502
   10.1501502     0.17069037     0.17076330
   10.1901902     0.17516187     0.17520370
   10.2302302     0.18548885     0.18568356
   10.2702703     0.21324164     0.21353100
   10.3103103     0.23334735     0.23338810
   10.3503504     0.21127257     0.21088677
   10.3903904     0.15071107     0.15012603
   10.4304304     0.08713425     0.08666180
   10.4704705     0.04475491     0.04448398
   10.5105105     0.02327369     0.02314258
   10.5505506     0.01437986     0.01432700
   10.5905906     0.01198451     0.01197123
   10.6306306     0.01211396     0.01211502
   10.6706707     0.01329232     0.01330496
   10.7107107     0.01649530     0.01652736
   10.7507508     0.02210391     0.02214910
   10.7907908     0.02821362     0.02825298
   10.8308308     0.03249928     0.03251948
   10.8708709     0.03403603     0.03403648
   10.9109109     0.03335967     0.03334882
   10.9509510     0.03157733     0.03156135
   10.9909910     0.02870956     0.02868200
   11.0310310     0.02361223     0.02356737
   11.0710711     0.01689922     0.01685462
   11.1111111     0.01243742     0.01242693
   11.1511512     0.01425314     0.01429437
   11.1911912     0.02228116     0.02235374
   11.2312312     0.03201333     0.03207709
   11.2712713     0.03959185     0.03963576
   11.3113113     0.04634538     0.04639891
   11.3513514     0.05569925     0.05578628
   11.3913914     0.06877235     0.06889911
   11.4314314     0.08829309     0.08850064
   11.4714715     0.12339745     0.12376641
   11.5115115     0.18162378     0.18216398
   11.5515516     0.25349889     0.25405224
   11.5915916     0.31123345     0.31154354
   11.6316316     0.32595652     0.32583819
   11.6716717     0.28667445     0.28615104
   11.7117117     0.21035869     0.20968174
   11.7517518     0.13248062     0.13193712
   11.7917918     0.07806404     0.07774882
   11.8318318     0.04754096     0.04738542
   11.8718719     0.03188580     0.03182450
   11.9119119     0.02735950     0.02738160
   11.9519520     0.03397160     0.03406952
   11.9919920     0.04882497     0.04894921
   12.0320320     0.06381766     0.06389757
   12.0720721     0.07210777     0.07214692
   12.1121121     0.08013345     0.08027672
   12.1521522     0.10820202     0.10862594
   12.1921922     0.16653713     0.16717358
   12.2322322     0.22710091     0.22752875
   12.2722723     0.23936050     0.23919769
   12.3123123     0.18797925     0.18735297
   12.3523524     0.11229563     0.11167469
   12.3923924     0.05805111     0.05771395
   12.4324324     0.03548112     0.03537189
   12.4724725     0.02968389     0.02965397
   12.5125125     0.02814001     0.02813282
   12.5525526     0.02987531     0.02991471
   12.5925926     0.03933897     0.03945760
   12.6326326     0.06085197     0.06107115
   12.6726727     0.09718252     0.09750410
   12.7127127     0.14407478     0.14442327
   12.7527528     0.18442746     0.18464767
   12.7927928     0.19817188     0.19815674
   12.8328328     0.18001422     0.17979411
   12.8728729     0.14155725     0.14124632
   12.9129129     0.09910539     0.09880722
   12.9529530     0.06303648     0.06279744
   12.9929930     0.03605528     0.03588064
   13.0330330     0.01766562     0.01755301
   13.0730731     0.00697584     0.00691764
   13.1131131     0.00211793     0.00209549
   13.1531532     0.00047998     0.00047372
   13.1931932     0.00007538     0.00007408
   13.2332332    -0.00001356    -0.00001396
   13.2732733    -0.00007714    -0.00007771
   13.3133133    -0.00017680    -0.00017753
   13.3533534    -0.00021439    -0.00021397
   13.3933934     0.00019015     0.00019509
   13.4334334     0.00172271     0.00173648
   13.4734735     0.00485562     0.00487806
   13.5135135     0.00876802     0.00878886
   13.5535536     0.01122113     0.01122658
   13.5935936     0.01090927     0.01090092
   13.6336336     0.01000795     0.01000879
   13.6736737     0.01279438     0.01282653
   13.7137137     0.02075867     0.02081362
   13.7537538     0.02946510     0.02950222
   13.7937938     0.03184132     0.03182655
   13.8338338     0.02552099     0.02546407
   13.8738739     0.01522227     0.01516375
   13.9139139     0.00747557     0.00744876
   13.9539540     0.00608299     0.00610702
   13.9939940     0.01313567     0.01322874
   14.0340340     0.02980089     0.02996371
   14.0740741     0.05273439     0.05291664
   14.1141141     0.07259969     0.07271894
   14.1541542     0.08019496     0.08019923
   14.1941942     0.07290933     0.07280428
   14.2342342     0.05522002     0.05506013
   14.2742743     0.03638835     0.03625539
   14.3143143     0.02557739     0.02552799
   14.3543544     0.02533954     0.02536486
   14.3943944     0.03110180     0.03115598
   14.4344344     0.03780889     0.03786673
   14.4744745     0.04501195     0.04508293
   14.5145145     0.05478785     0.05488071
   14.5545546     0.06642971     0.06651884
   14.5945946     0.07467284     0.07470649
   14.6346346     0.07345270     0.07339623
   14.6746747     0.06132998     0.06119867
   14.7147147     0.04287588     0.04272203
   14.7547548     0.02485213     0.02472472
   14.7947948     0.01175509     0.01167489
   14.8348348     0.00442936     0.00439074
   14.8748749     0.00129451     0.00128054
   14.9149149     0.00028692     0.00028324
   14.9549550     0.00004759     0.00004692
   14.9949950     0.00000594     0.00000587
   15.0350350     0.00000059     0.00000060
   15.0750751     0.00000006     0.00000007
   15.1151151     0.00000001     0.00000001
   15.1551552     0.00000000     0.00000000
   15.1951952    -0.00000000     0.00000001
   15.2352352    -0.00000000     0.00000001
   15.2752753    -0.00000000     0.00000001
   15.3153153     0.00000001     0.00000001
   15.3553554     0.00000014     0.00000015
   15.3953954     0.00000196     0.00000200
   15.4354354     0.00001961     0.00001989
   15.4754755     0.00014232     0.00014402
   15.5155155     0.00075160     0.00075904
   15.5555556     0.00290077     0.00292363
   15.5955956     0.00826676     0.00831616
   15.6356356     0.01781774     0.01789449
   15.6756757     0.03050001     0.03059302
   15.7157157     0.04469539     0.04479641
   15.7557558     0.05965763     0.05975498
   15.7957958     0.07222262     0.07227769
   15.8358358     0.07550292     0.07547616
   15.8758759     0.06596887     0.06587211
   15.9159159     0.04875329     0.04864447
   15.9559560     0.03311215     0.03304364
   15.9959960     0.02450167     0.02448011
   16.0360360     0.02131383     0.02130546
   16.0760761     0.01906056     0.01904357
   16.1161161     0.01757042     0.01757510
   16.1561562     0.02229151     0.02237107
   16.1961962     0.03769029     0.03785138
   16.2362362     0.06040275     0.06057849
   16.2762763     0.08044693     0.08055207
   16.3163163     0.08913716     0.08913605
   16.3563564     0.08431800     0.08423014
   16.3963964     0.07007526     0.06994991
   16.4364364     0.05382280     0.05371032
   16.4764765     0.04088503     0.04080237
   16.5165165     0.03135198     0.03128679
   16.5565566     0.02374079     0.02368853
   16.5965966     0.01844091     0.01840953
   16.6366366     0.01605672     0.01604594
   16.6766767     0.01579441     0.01579388
   16.7167167     0.01664649     0.01664910
   16.7567568     0.01885847     0.01886648
   16.7967968     0.02319823     0.02321299
   16.8368368     0.02802051     0.02802909
   16.8768769     0.02892771     0.02891425
   16.9169169     0.02409579     0.02407071
   16.9569570     0.01878701     0.01879702
   16.9969970     0.02315723     0.02326698
   17.0370370     0.04586447     0.04611132
   17.0770771     0.08590636     0.08623317
   17.1171171     0.12695738     0.12720060
   17.1571572     0.14508875     0.14509461
   17.1971972     0.12868642     0.12845490
   17.2372372     0.08919399     0.08887584
   17.2772773     0.04937451     0.04912615
   17.3173173     0.02404229     0.02391858
   17.3573574     0.01468911     0.01466632
   17.3973974     0.01651625     0.01655199
   17.4374374     0.02373408     0.02378955
   17.4774775     0.03234715     0.03241443
   17.5175175     0.04632032     0.04646136
   17.5575576     0.08061394     0.08093085
   17.5975976     0.15132474     0.15185009
   17.6376376     0.25625396     0.25685416
   17.6776777     0.35972292     0.36011293
   17.7177177     0.40665896     0.40660814
   17.7577578     0.37503123     0.37462610
   17.7977978     0.30564480     0.30522078
   17.8378378     0.25366655     0.25343329
   17.8778779     0.22996173     0.22985671
   17.9179179     0.21368340     0.21358170
   17.9579580     0.19486362     0.19475539
   17.9979980     0.18259460     0.18254865
   18.0380380     0.18550388     0.18553639
   18.0780781     0.19304539     0.19304980
   18.1181181     0.17971050     0.17956164
   18.1581582     0.13473283     0.13445094
   18.1981982     0.07718272     0.07690885
   18.2382382     0.03302924     0.03286107
   18.2782783     0.01045876     0.01038900
   18.3183183     0.00246552     0.00244571
   18.3583584     0.00061078     0.00060877
   18.3983984     0.00100886     0.00101678
   18.4384384     0.00343933     0.00346307
   18.4784785     0.00900308     0.00904812
   18.5185185     0.01751460     0.01757143
   18.5585586     0.02677927     0.02683370
   18.5985986     0.03740508     0.03748005
   18.6386386     0.05735298     0.05750672
   18.6786787     0.09267097     0.09289989
   18.7187187     0.13107091     0.13125118
   18.7587588     0.14798385     0.14799471
   18.7987988     0.13472315     0.13459033
   18.8388388     0.10699625     0.10684073
   18.8788789     0.08559147     0.08551356
   18.9189189     0.08367733     0.08372949
   18.9589590     0.10369943     0.10385197
   18.9989990     0.13026045     0.13037885
   19.0390390     0.13861921     0.13859032
   19.0790791     0.12124327     0.12109912
   19.1191191     0.09204340     0.09187920
   19.1591592     0.06391826     0.06377217
   19.1991992     0.03963224     0.03950782
   19.2392392     0.02083959     0.02075510
   19.2792793     0.01159361     0.01157156
   19.3193193     0.01609754     0.01615566
   19.3593594     0.03811583     0.03826117
   19.3993994     0.07550676     0.07569192
   19.4394394     0.11134778     0.11145496
   19.4794795     0.12117779     0.12111769
   19.5195195     0.09794343     0.09776609
   19.5595596     0.06223947     0.06209489
   19.5995996     0.04363762     0.04365351
   19.6396396     0.05910838     0.05931848
   19.6796797     0.10339794     0.10370084
   19.7197197     0.14789646     0.14808300
   19.7597598     0.16008817     0.16003034
   19.7997998     0.13638141     0.13617328
   19.8398398     0.10186487     0.10167225
   19.8798799     0.07524201     0.07510616
   19.9199199     0.05572671     0.05562227
   19.9599600     0.04509902     0.04509349
   20.0000000     0.06589536     0.06618731
