#
#   partial DOS for atom species: Mn
#
#   Add data for atom_index =   2,  n,l,m,z=  4  0  0  1
#   Add data for atom_index =   2,  n,l,m,z=  4  0  0  2
#   Add data for atom_index =   2,  n,l,m,z=  4  0  0  3
#   Add data for atom_index =   3,  n,l,m,z=  4  0  0  1
#   Add data for atom_index =   3,  n,l,m,z=  4  0  0  2
#   Add data for atom_index =   3,  n,l,m,z=  4  0  0  3
#   Add data for atom_index =   4,  n,l,m,z=  4  0  0  1
#   Add data for atom_index =   4,  n,l,m,z=  4  0  0  2
#   Add data for atom_index =   4,  n,l,m,z=  4  0  0  3
#   Add data for atom_index =   5,  n,l,m,z=  4  0  0  1
#   Add data for atom_index =   5,  n,l,m,z=  4  0  0  2
#   Add data for atom_index =   5,  n,l,m,z=  4  0  0  3
#   Add data for atom_index =   6,  n,l,m,z=  4  0  0  1
#   Add data for atom_index =   6,  n,l,m,z=  4  0  0  2
#   Add data for atom_index =   6,  n,l,m,z=  4  0  0  3
#   Add data for atom_index =   7,  n,l,m,z=  4  0  0  1
#   Add data for atom_index =   7,  n,l,m,z=  4  0  0  2
#   Add data for atom_index =   7,  n,l,m,z=  4  0  0  3
#   Add data for atom_index =   8,  n,l,m,z=  4  0  0  1
#   Add data for atom_index =   8,  n,l,m,z=  4  0  0  2
#   Add data for atom_index =   8,  n,l,m,z=  4  0  0  3
#
#    Energy          spin 1        spin2
#
  -20.0000000     0.00000000     0.00000000
  -19.9599600     0.00000000     0.00000000
  -19.9199199     0.00000000     0.00000000
  -19.8798799     0.00000000     0.00000000
  -19.8398398     0.00000000     0.00000000
  -19.7997998     0.00000000     0.00000000
  -19.7597598     0.00000000     0.00000000
  -19.7197197     0.00000000     0.00000000
  -19.6796797     0.00000000     0.00000000
  -19.6396396     0.00000000     0.00000000
  -19.5995996     0.00000000     0.00000000
  -19.5595596     0.00000000     0.00000000
  -19.5195195     0.00000000     0.00000000
  -19.4794795     0.00000000     0.00000000
  -19.4394394     0.00000000     0.00000000
  -19.3993994     0.00000000     0.00000000
  -19.3593594     0.00000000     0.00000000
  -19.3193193     0.00000000     0.00000000
  -19.2792793     0.00000000     0.00000000
  -19.2392392     0.00000000     0.00000000
  -19.1991992     0.00000000     0.00000000
  -19.1591592     0.00000000     0.00000000
  -19.1191191     0.00000000     0.00000000
  -19.0790791     0.00000000     0.00000000
  -19.0390390     0.00000000     0.00000000
  -18.9989990     0.00000000     0.00000000
  -18.9589590     0.00000000     0.00000000
  -18.9189189     0.00000000     0.00000000
  -18.8788789     0.00000000     0.00000000
  -18.8388388     0.00000000     0.00000000
  -18.7987988     0.00000000     0.00000000
  -18.7587588     0.00000000     0.00000000
  -18.7187187     0.00000000     0.00000000
  -18.6786787     0.00000000     0.00000000
  -18.6386386     0.00000000     0.00000000
  -18.5985986     0.00000000     0.00000000
  -18.5585586     0.00000000     0.00000000
  -18.5185185     0.00000000     0.00000000
  -18.4784785     0.00000000     0.00000000
  -18.4384384     0.00000000     0.00000000
  -18.3983984     0.00000000     0.00000000
  -18.3583584     0.00000000     0.00000000
  -18.3183183     0.00000000     0.00000000
  -18.2782783     0.00000000     0.00000000
  -18.2382382     0.00000000     0.00000000
  -18.1981982     0.00000000     0.00000000
  -18.1581582     0.00000000     0.00000000
  -18.1181181     0.00000000     0.00000000
  -18.0780781     0.00000000     0.00000000
  -18.0380380     0.00000000     0.00000000
  -17.9979980     0.00000000     0.00000000
  -17.9579580     0.00000000     0.00000000
  -17.9179179     0.00000000     0.00000000
  -17.8778779     0.00000000     0.00000000
  -17.8378378     0.00000000     0.00000000
  -17.7977978     0.00000000     0.00000000
  -17.7577578     0.00000000     0.00000000
  -17.7177177    -0.00000000    -0.00000000
  -17.6776777    -0.00000000    -0.00000001
  -17.6376376    -0.00000006    -0.00000011
  -17.5975976    -0.00000095    -0.00000145
  -17.5575576    -0.00001058    -0.00001449
  -17.5175175    -0.00008513    -0.00010490
  -17.4774775    -0.00049731    -0.00055094
  -17.4374374    -0.00210819    -0.00209991
  -17.3973974    -0.00648540    -0.00580820
  -17.3573574    -0.01447809    -0.01165815
  -17.3173173    -0.02345490    -0.01698109
  -17.2772773    -0.02757421    -0.01794935
  -17.2372372    -0.02352448    -0.01376827
  -17.1971972    -0.01456413    -0.00766403
  -17.1571572    -0.00654332    -0.00309590
  -17.1171171    -0.00213395    -0.00090819
  -17.0770771    -0.00051482    -0.00020386
  -17.0370370    -0.00020285    -0.00015649
  -16.9969970    -0.00098171    -0.00108089
  -16.9569570    -0.00588856    -0.00665107
  -16.9169169    -0.02590854    -0.02978822
  -16.8768769    -0.08273323    -0.09680601
  -16.8368368    -0.19168124    -0.22816796
  -16.7967968    -0.32193543    -0.38931799
  -16.7567568    -0.39022712    -0.47723987
  -16.7167167    -0.33339686    -0.40662254
  -16.6766767    -0.17379447    -0.20263015
  -16.6366366     0.01635063     0.02737221
  -16.5965966     0.17557097     0.18426608
  -16.5565566     0.25805869     0.22547371
  -16.5165165     0.24040664     0.17365958
  -16.4764765     0.14670858     0.08959813
  -16.4364364     0.02516566     0.01496480
  -16.3963964    -0.09644003    -0.05333932
  -16.3563564    -0.19962188    -0.12974701
  -16.3163163    -0.24802261    -0.19681538
  -16.2762763    -0.21772320    -0.21268525
  -16.2362362    -0.13699607    -0.16294197
  -16.1961962    -0.05940862    -0.08125909
  -16.1561562    -0.01266725    -0.01161026
  -16.1161161     0.00695965     0.02629242
  -16.0760761     0.01136278     0.03487565
  -16.0360360     0.00887793     0.02620252
  -15.9959960     0.00470970     0.01364974
  -15.9559560     0.00127565     0.00498957
  -15.9159159    -0.00299890     0.00038214
  -15.8758759    -0.01558449    -0.00537760
  -15.8358358    -0.05078247    -0.02296837
  -15.7957958    -0.11934889    -0.06797129
  -15.7557558    -0.20349293    -0.14574077
  -15.7157157    -0.25178054    -0.22675659
  -15.6756757    -0.22606959    -0.25602674
  -15.6356356    -0.14730230    -0.20977712
  -15.5955956    -0.06965051    -0.12473206
  -15.5555556    -0.02389937    -0.05381945
  -15.5155155    -0.00595108    -0.01684325
  -15.4754755    -0.00107529    -0.00375614
  -15.4354354    -0.00014018    -0.00020515
  -15.3953954    -0.00000588     0.00172623
  -15.3553554     0.00004879     0.00551986
  -15.3153153     0.00023789     0.01230038
  -15.2752753     0.00082640     0.01986860
  -15.2352352     0.00208279     0.02328775
  -15.1951952     0.00380729     0.01979158
  -15.1551552     0.00502470     0.01204762
  -15.1151151     0.00457371     0.00419113
  -15.0750751     0.00141084    -0.00487022
  -15.0350350    -0.00798326    -0.02453211
  -14.9949950    -0.03368293    -0.06786277
  -14.9549550    -0.08784997    -0.13421329
  -14.9149149    -0.16379306    -0.19244428
  -14.8748749    -0.22128334    -0.20023534
  -14.8348348    -0.21703012    -0.15120490
  -14.7947948    -0.15536158    -0.08300511
  -14.7547548    -0.08559418    -0.03413365
  -14.7147147    -0.05346416    -0.01583227
  -14.6746747    -0.07608974    -0.02633719
  -14.6346346    -0.14349212    -0.06828928
  -14.5945946    -0.21514903    -0.13780339
  -14.5545546    -0.23625725    -0.20259903
  -14.5145145    -0.18843276    -0.21619562
  -14.4744745    -0.10906383    -0.16736248
  -14.4344344    -0.04571649    -0.09348904
  -14.3943944    -0.01307685    -0.03438731
  -14.3543544     0.00266260     0.00777984
  -14.3143143     0.02650605     0.06424788
  -14.2742743     0.09192882     0.16826698
  -14.2342342     0.22740344     0.30946220
  -14.1941942     0.40798174     0.41219595
  -14.1541542     0.53116456     0.39838574
  -14.1141141     0.50185488     0.27948968
  -14.0740741     0.34420057     0.14290393
  -14.0340340     0.17215370     0.05669878
  -13.9939940     0.06736978     0.03224553
  -13.9539540     0.03970376     0.06011718
  -13.9139139     0.07528731     0.13189789
  -13.8738739     0.16139060     0.21877861
  -13.8338338     0.26043950     0.26404508
  -13.7937938     0.30571944     0.23148052
  -13.7537538     0.26067116     0.14837706
  -13.7137137     0.16264800     0.07386794
  -13.6736737     0.08014882     0.04194686
  -13.6336336     0.05135010     0.05000267
  -13.5935936     0.07761995     0.07670210
  -13.5535536     0.13946948     0.09924152
  -13.5135135     0.20024900     0.11394868
  -13.4734735     0.22309024     0.14324017
  -13.4334334     0.20653535     0.20114663
  -13.3933934     0.19115456     0.25544915
  -13.3533534     0.21332376     0.25704337
  -13.3133133     0.25671222     0.21075534
  -13.2732733     0.27325341     0.18121616
  -13.2332332     0.25557946     0.21637953
  -13.1931932     0.24858634     0.28636403
  -13.1531532     0.27284269     0.31304121
  -13.1131131     0.28474542     0.25856040
  -13.0730731     0.24085535     0.16370338
  -13.0330330     0.15876716     0.09119397
  -12.9929930     0.08556235     0.06081853
  -12.9529530     0.04287148     0.05154849
  -12.9129129     0.02501557     0.04147299
  -12.8728729     0.02277873     0.03021352
  -12.8328328     0.03164122     0.02823455
  -12.7927928     0.04760487     0.03498343
  -12.7527528     0.06315402     0.03744047
  -12.7127127     0.06778990     0.02832939
  -12.6726727     0.05470405     0.01277150
  -12.6326326     0.02846955    -0.00351726
  -12.5925926     0.00312277    -0.02078158
  -12.5525526    -0.00999498    -0.03793604
  -12.5125125    -0.01076450    -0.04733699
  -12.4724725    -0.00633165    -0.04273606
  -12.4324324    -0.00251425    -0.02865089
  -12.3923924    -0.00085475    -0.01605121
  -12.3523524    -0.00122141    -0.01209515
  -12.3123123    -0.00536015    -0.01894008
  -12.2722723    -0.01915705    -0.03763055
  -12.2322322    -0.04995218    -0.06437125
  -12.1921922    -0.09470777    -0.08405416
  -12.1521522    -0.13066873    -0.07921672
  -12.1121121    -0.13171648    -0.04949543
  -12.0720721    -0.09832126    -0.01381021
  -12.0320320    -0.05648286     0.00817207
  -11.9919920    -0.02756212     0.01163648
  -11.9519520    -0.01511106     0.00491112
  -11.9119119    -0.01625676    -0.00698770
  -11.8718719    -0.03197362    -0.03610402
  -11.8318318    -0.06854616    -0.09861919
  -11.7917918    -0.12920566    -0.18332911
  -11.7517518    -0.19710260    -0.24892983
  -11.7117117    -0.23669039    -0.26303805
  -11.6716717    -0.22847485    -0.22806648
  -11.6316316    -0.19214570    -0.16593208
  -11.5915916    -0.15936885    -0.09958218
  -11.5515516    -0.13884714    -0.04849253
  -11.5115115    -0.12347477    -0.02257954
  -11.4714715    -0.11185631    -0.01929602
  -11.4314314    -0.10410962    -0.03000946
  -11.3913914    -0.09187845    -0.04392201
  -11.3513514    -0.06863399    -0.04927002
  -11.3113113    -0.04032832    -0.04112514
  -11.2712713    -0.01863133    -0.02703016
  -11.2312312    -0.01081081    -0.01995213
  -11.1911912    -0.01465792    -0.02891291
  -11.1511512    -0.01922575    -0.05532045
  -11.1111111    -0.01603799    -0.08961388
  -11.0710711    -0.00819994    -0.11221828
  -11.0310310    -0.00389581    -0.10795172
  -10.9909910    -0.00747240    -0.08044727
  -10.9509510    -0.02015589    -0.04539637
  -10.9109109    -0.04046681    -0.01326200
  -10.8708709    -0.05863459     0.01346802
  -10.8308308    -0.05887805     0.03206477
  -10.7907908    -0.03629883     0.03863237
  -10.7507508    -0.00640704     0.03402401
  -10.7107107     0.01070136     0.02472528
  -10.6706707     0.01054566     0.01709379
  -10.6306306     0.00252043     0.01281534
  -10.5905906    -0.00454250     0.00926115
  -10.5505506    -0.00837572     0.00248020
  -10.5105105    -0.00989966    -0.00792555
  -10.4704705    -0.00897876    -0.01541389
  -10.4304304    -0.00272966    -0.01306273
  -10.3903904     0.01166411    -0.00463536
  -10.3503504     0.03131420    -0.00149244
  -10.3103103     0.04686551    -0.00691607
  -10.2702703     0.04966608    -0.01137732
  -10.2302302     0.03967321    -0.00562613
  -10.1901902     0.02472085     0.00837540
  -10.1501502     0.01175052     0.02127098
  -10.1101101     0.00161385     0.02567732
  -10.0700701    -0.00591737     0.02122931
  -10.0300300    -0.00671973     0.01326743
   -9.9899900     0.00185861     0.00734571
   -9.9499500     0.01293811     0.00538714
   -9.9099099     0.01632397     0.00592327
   -9.8698699     0.01099411     0.00508895
   -9.8298298     0.00434765    -0.00280156
   -9.7897898     0.00160353    -0.02155721
   -9.7497497     0.00235735    -0.04646650
   -9.7097097     0.00596338    -0.06412283
   -9.6696697     0.01394874    -0.06367987
   -9.6296296     0.02529991    -0.04676622
   -9.5895896     0.03368911    -0.02348043
   -9.5495496     0.03306508    -0.00244537
   -9.5095095     0.02476269     0.01227465
   -9.4694695     0.01749433     0.01924804
   -9.4294294     0.02114999     0.01916232
   -9.3893894     0.03946234     0.01480771
   -9.3493494     0.06485770     0.00965172
   -9.3093093     0.08115494     0.00607068
   -9.2692693     0.07689408     0.00290886
   -9.2292292     0.05614228    -0.00625858
   -9.1891892     0.03309126    -0.02749572
   -9.1491491     0.01884694    -0.05518625
   -9.1091091     0.01599179    -0.07308791
   -9.0690691     0.02153309    -0.07262142
   -9.0290290     0.02959503    -0.06248029
   -8.9889890     0.03261901    -0.05447548
   -8.9489490     0.02588038    -0.04860758
   -8.9089089     0.01193413    -0.03914556
   -8.8688689    -0.00214940    -0.02759907
   -8.8288288    -0.01194129    -0.02062629
   -8.7887888    -0.01934151    -0.01936585
   -8.7487488    -0.02898653    -0.01847276
   -8.7087087    -0.04053979    -0.01456805
   -8.6686687    -0.04762098    -0.01115496
   -8.6286286    -0.04735511    -0.01489409
   -8.5885886    -0.04629546    -0.02779600
   -8.5485485    -0.05230649    -0.04202821
   -8.5085085    -0.06369253    -0.04460949
   -8.4684685    -0.06975368    -0.03103689
   -8.4284284    -0.06284427    -0.01100116
   -8.3883884    -0.04855677     0.00329325
   -8.3483484    -0.04046204     0.00963552
   -8.3083083    -0.04591437     0.01340610
   -8.2682683    -0.06010334     0.01817304
   -8.2282282    -0.07217217     0.02308041
   -8.1881882    -0.07526885     0.02665006
   -8.1481482    -0.07020370     0.02853989
   -8.1081081    -0.06075467     0.02817652
   -8.0680681    -0.05051358     0.02507458
   -8.0280280    -0.04353298     0.02055650
   -7.9879880    -0.04142432     0.01752579
   -7.9479479    -0.04023872     0.01817482
   -7.9079079    -0.03438172     0.02179248
   -7.8678679    -0.02261761     0.02485248
   -7.8278278    -0.00853581     0.02331233
   -7.7877878     0.00307246     0.01495985
   -7.7477478     0.00915920     0.00139353
   -7.7077077     0.00963744    -0.01128512
   -7.6676677     0.00701052    -0.01663777
   -7.6276276     0.00436631    -0.01405890
   -7.5875876     0.00362900    -0.00872676
   -7.5475475     0.00544022    -0.00545441
   -7.5075075     0.00933367    -0.00443628
   -7.4674675     0.01329211    -0.00336705
   -7.4274274     0.01448386    -0.00165012
   -7.3873874     0.01195308    -0.00044989
   -7.3473473     0.00776727    -0.00016265
   -7.3073073     0.00441445    -0.00014071
   -7.2672673     0.00186657     0.00002662
   -7.2272272    -0.00223471     0.00028202
   -7.1871872    -0.00980359     0.00049796
   -7.1471472    -0.01918497     0.00038918
   -7.1071071    -0.02482483    -0.00070848
   -7.0670671    -0.02198389    -0.00354161
   -7.0270270    -0.01196873    -0.00839846
   -6.9869870    -0.00092144    -0.01482283
   -6.9469470     0.00586925    -0.02119497
   -6.9069069     0.00731753    -0.02492449
   -6.8668669     0.00571619    -0.02541881
   -6.8268268     0.00403162    -0.02644378
   -6.7867868     0.00387216    -0.03208996
   -6.7467467     0.00505029    -0.04221588
   -6.7067067     0.00634357    -0.05499434
   -6.6666667     0.00690062    -0.06820481
   -6.6266266     0.00674917    -0.07510699
   -6.5865866     0.00543809    -0.06897424
   -6.5465466     0.00113826    -0.05465441
   -6.5065065    -0.00742187    -0.04580097
   -6.4664665    -0.01804538    -0.04934502
   -6.4264264    -0.02535877    -0.05839257
   -6.3863864    -0.02533621    -0.05983557
   -6.3463464    -0.01940573    -0.04735501
   -6.3063063    -0.01306015    -0.02724552
   -6.2662663    -0.01077599    -0.01052761
   -6.2262262    -0.01315626    -0.00153580
   -6.1861862    -0.01809140     0.00231561
   -6.1461461    -0.02333452     0.00360834
   -6.1061061    -0.02767505     0.00293230
   -6.0660661    -0.02954436     0.00084428
   -6.0260260    -0.02561645    -0.00208962
   -5.9859860    -0.01306902    -0.00628694
   -5.9459459     0.00659140    -0.01262773
   -5.9059059     0.02658408    -0.02070516
   -5.8658659     0.03786726    -0.02776757
   -5.8258258     0.03554668    -0.02985678
   -5.7857858     0.02334165    -0.02425210
   -5.7457458     0.00951030    -0.01145769
   -5.7057057    -0.00083372     0.00366641
   -5.6656657    -0.00743288     0.01364155
   -5.6256256    -0.01123668     0.01443974
   -5.5855856    -0.01205483     0.00915867
   -5.5455455    -0.00956752     0.00367111
   -5.5055055    -0.00462844     0.00086730
   -5.4654655     0.00074261     0.00028667
   -5.4254254     0.00386959     0.00052620
   -5.3853854     0.00316788     0.00025836
   -5.3453453     0.00001329    -0.00228257
   -5.3053053    -0.00279756    -0.00959718
   -5.2652653    -0.00432665    -0.02302181
   -5.2252252    -0.00595387    -0.03859604
   -5.1851852    -0.00929376    -0.04677936
   -5.1451452    -0.01468789    -0.04106154
   -5.1051051    -0.02131687    -0.02545705
   -5.0650651    -0.02734767    -0.00918283
   -5.0250250    -0.02953589     0.00222761
   -4.9849850    -0.02522018     0.00629399
   -4.9449449    -0.01587975     0.00056342
   -4.9049049    -0.00601546    -0.01252155
   -4.8648649     0.00177871    -0.02280477
   -4.8248248     0.00838279    -0.02239204
   -4.7847848     0.01531843    -0.01427086
   -4.7447447     0.02214056    -0.00623024
   -4.7047047     0.02705771    -0.00180826
   -4.6646647     0.02909270     0.00021285
   -4.6246246     0.02861784     0.00250528
   -4.5845846     0.02654152     0.00756386
   -4.5445445     0.02303926     0.01616547
   -4.5045045     0.01643255     0.02496219
   -4.4644645     0.00488929     0.02764806
   -4.4244244    -0.01049875     0.02139437
   -4.3843844    -0.02542091     0.01050552
   -4.3443443    -0.03361051     0.00192989
   -4.3043043    -0.02946473    -0.00070461
   -4.2642643    -0.01337336     0.00157191
   -4.2242242     0.00627593     0.00507831
   -4.1841842     0.01896053     0.00672325
   -4.1441441     0.02014405     0.00634272
   -4.1041041     0.01361358     0.00567956
   -4.0640641     0.00616834     0.00554313
   -4.0240240     0.00132451     0.00515625
   -3.9839840    -0.00130457     0.00393980
   -3.9439439    -0.00298277     0.00248390
   -3.9039039    -0.00442064     0.00139156
   -3.8638639    -0.00672203    -0.00015579
   -3.8238238    -0.01157149    -0.00401245
   -3.7837838    -0.01866766    -0.01050540
   -3.7437437    -0.02383578    -0.01679047
   -3.7037037    -0.02262383    -0.02022876
   -3.6636637    -0.01579039    -0.02327593
   -3.6236236    -0.00866316    -0.03114953
   -3.5835836    -0.00611060    -0.04384283
   -3.5435435    -0.01033240    -0.05404201
   -3.5035035    -0.02042609    -0.05411693
   -3.4634635    -0.03033900    -0.04314347
   -3.4234234    -0.03070561    -0.02703295
   -3.3833834    -0.01799049    -0.01321407
   -3.3433433     0.00065689    -0.00548852
   -3.3033033     0.01482780    -0.00369663
   -3.2632633     0.01950285    -0.00658376
   -3.2232232     0.01579573    -0.01254586
   -3.1831832     0.00775256    -0.01801431
   -3.1431431    -0.00066117    -0.01869301
   -3.1031031    -0.00693227    -0.01395853
   -3.0630631    -0.00961535    -0.00750439
   -3.0230230    -0.00852857    -0.00290829
   -2.9829830    -0.00536772    -0.00081331
   -2.9429429    -0.00244096    -0.00016259
   -2.9029029    -0.00080320    -0.00000776
   -2.8628629    -0.00017634     0.00010466
   -2.8228228     0.00007554     0.00051284
   -2.7827828     0.00052568     0.00178172
   -2.7427427     0.00186653     0.00448895
   -2.7027027     0.00475550     0.00819125
   -2.6626627     0.00870766     0.01073190
   -2.6226226     0.01126452     0.00960602
   -2.5825826     0.00962779     0.00395000
   -2.5425425     0.00334583    -0.00567278
   -2.5025025    -0.00605592    -0.01793306
   -2.4624625    -0.01746781    -0.02952464
   -2.4224224    -0.02991695    -0.03556974
   -2.3823824    -0.04054533    -0.03344764
   -2.3423423    -0.04549271    -0.02521969
   -2.3023023    -0.04437941    -0.01621859
   -2.2622623    -0.04421329    -0.01254041
   -2.2222222    -0.05525665    -0.01905434
   -2.1821822    -0.07819300    -0.03665274
   -2.1421421    -0.09921756    -0.05930648
   -2.1021021    -0.10479503    -0.07685449
   -2.0620621    -0.09614855    -0.08326644
   -2.0220220    -0.08233951    -0.07844262
   -1.9819820    -0.06691276    -0.06354764
   -1.9419419    -0.04866322    -0.04200659
   -1.9019019    -0.02933125    -0.02149500
   -1.8618619    -0.01385562    -0.00823498
   -1.8218218    -0.00495705    -0.00232220
   -1.7817818    -0.00129164    -0.00047823
   -1.7417417    -0.00010072    -0.00007163
   -1.7017017     0.00059262    -0.00000717
   -1.6616617     0.00182209     0.00000516
   -1.6216216     0.00384339     0.00003809
   -1.5815816     0.00587179     0.00018256
   -1.5415415     0.00650959     0.00063447
   -1.5015015     0.00523713     0.00160024
   -1.4614615     0.00305773     0.00292910
   -1.4214214     0.00129653     0.00389141
   -1.3813814     0.00040980     0.00375846
   -1.3413413     0.00018307     0.00269450
   -1.3013013     0.00057609     0.00179892
   -1.2612613     0.00243262     0.00273213
   -1.2212212     0.00763478     0.00794186
   -1.1811812     0.01740014     0.01977792
   -1.1411411     0.02877823     0.03625330
   -1.1011011     0.03454005     0.04827689
   -1.0610611     0.03008361     0.04665760
   -1.0210210     0.01901529     0.03273158
   -0.9809810     0.00873050     0.01672927
   -0.9409409     0.00297408     0.00659134
   -0.9009009     0.00112086     0.00357011
   -0.8608609     0.00202209     0.00664285
   -0.8208208     0.00667722     0.01596151
   -0.7807808     0.01816762     0.03134576
   -0.7407407     0.03833287     0.04967893
   -0.7007007     0.06198149     0.06523049
   -0.6606607     0.07600742     0.07239731
   -0.6206206     0.07028931     0.06881257
   -0.5805806     0.04975406     0.05690747
   -0.5405405     0.03043180     0.04195299
   -0.5005005     0.02454659     0.02939896
   -0.4604605     0.03170782     0.02389026
   -0.4204204     0.04053737     0.02600667
   -0.3803804     0.03824111     0.02875022
   -0.3403403     0.02252330     0.02313926
   -0.3003003     0.00328515     0.00944212
   -0.2602603    -0.00842637    -0.00280580
   -0.2202202    -0.01010933    -0.00694851
   -0.1801802    -0.00653017    -0.00510359
   -0.1401401    -0.00283600    -0.00233431
   -0.1001001    -0.00087153    -0.00121614
   -0.0600601    -0.00018692    -0.00276333
   -0.0200200     0.00001969    -0.00910318
    0.0200200     0.00030031    -0.02241290
    0.0600601     0.00128968    -0.03886424
    0.1001001     0.00373645    -0.04605100
    0.1401401     0.00664681    -0.03476441
    0.1801802     0.00379619    -0.01275770
    0.2202202    -0.01485959     0.00326499
    0.2602603    -0.05089193     0.00656013
    0.3003003    -0.08714643     0.00197701
    0.3403403    -0.10044399    -0.00512512
    0.3803804    -0.08563253    -0.01258418
    0.4204204    -0.05773726    -0.01786715
    0.4604605    -0.03285823    -0.01795072
    0.5005005    -0.01650286    -0.01310549
    0.5405405    -0.00725778    -0.00711186
    0.5805806    -0.00265446    -0.00314804
    0.6206206    -0.00076381    -0.00149829
    0.6606607    -0.00016649    -0.00083151
    0.7007007    -0.00002649     0.00053254
    0.7407407     0.00000367     0.00617787
    0.7807808     0.00007754     0.02545158
    0.8208208     0.00064002     0.07251959
    0.8608609     0.00382001     0.14921857
    0.9009009     0.01654520     0.22269735
    0.9409409     0.05200274     0.24117436
    0.9809810     0.11861041     0.18953619
    1.0210210     0.19630603     0.10809375
    1.0610611     0.23565380     0.04473707
    1.1011011     0.20461349     0.01345069
    1.1411411     0.12612647     0.00306409
    1.1811812     0.04792643     0.00135412
    1.2212212    -0.00601829     0.00430351
    1.2612613    -0.03708515     0.01480620
    1.3013013    -0.04935066     0.03796706
    1.3413413    -0.04397678     0.07313508
    1.3813814    -0.02210918     0.10977616
    1.4214214     0.01995618     0.13551505
    1.4614615     0.08828157     0.14406006
    1.5015015     0.17018685     0.13180357
    1.5415415     0.22585467     0.09831756
    1.5815816     0.22437037     0.05277639
    1.6216216     0.18070673     0.01001212
    1.6616617     0.13157109    -0.01626176
    1.7017017     0.09108894    -0.01541336
    1.7417417     0.05528853     0.01013837
    1.7817818     0.02609623     0.03768430
    1.8218218     0.00881464     0.04409407
    1.8618619     0.00199252     0.03007905
    1.9019019     0.00024441     0.01268754
    1.9419419    -0.00011093     0.00287801
    1.9819820    -0.00044332     0.00019433
    2.0220220    -0.00116802     0.00110452
    2.0620621    -0.00233756     0.00445626
    2.1021021    -0.00377635     0.01012820
    2.1421421    -0.00548950     0.01474679
    2.1821822    -0.00751925     0.01080366
    2.2222222    -0.00824028    -0.00562464
    2.2622623    -0.00362197    -0.02584655
    2.3023023     0.00942188    -0.03433678
    2.3423423     0.02978502    -0.02618549
    2.3823824     0.05446150    -0.01093646
    2.4224224     0.07983740     0.00303115
    2.4624625     0.09733935     0.01859332
    2.5025025     0.09837741     0.04213052
    2.5425425     0.09186201     0.07623823
    2.5825826     0.10494608     0.12593840
    2.6226226     0.15512014     0.19699719
    2.6626627     0.22640348     0.27108893
    2.7027027     0.28054469     0.30397960
    2.7427427     0.29355834     0.28151953
    2.7827828     0.27855806     0.25767833
    2.8228228     0.27103271     0.29601709
    2.8628629     0.29560313     0.38087593
    2.9029029     0.34091494     0.42329621
    2.9429429     0.35899997     0.36438505
    2.9829830     0.30992939     0.24045210
    3.0230230     0.21272609     0.12764937
    3.0630631     0.12287701     0.06076692
    3.1031031     0.06911489     0.02935530
    3.1431431     0.04291513     0.01700545
    3.1831832     0.03118076     0.01875043
    3.2232232     0.02988575     0.03540127
    3.2632633     0.03456091     0.06575265
    3.3033033     0.03772540     0.10279613
    3.3433433     0.03874546     0.13511113
    3.3833834     0.04874611     0.15715406
    3.4234234     0.08349839     0.17969768
    3.4634635     0.15209337     0.21469559
    3.5035035     0.24225860     0.24485752
    3.5435435     0.31003646     0.23570903
    3.5835836     0.30567118     0.18467313
    3.6236236     0.22676016     0.12529144
    3.6636637     0.12489078     0.08201067
    3.7037037     0.05067336     0.05309888
    3.7437437     0.01508659     0.03375650
    3.7837838     0.00336609     0.03055631
    3.8238238     0.00096461     0.05354863
    3.8638639     0.00168951     0.10064894
    3.9039039     0.00439927     0.14680520
    3.9439439     0.00904500     0.15771978
    3.9839840     0.01580411     0.12439518
    4.0240240     0.02821217     0.07232181
    4.0640641     0.05472293     0.03119215
    4.1041041     0.09845063     0.01005825
    4.1441441     0.14289024     0.00245124
    4.1841842     0.16144141     0.00052448
    4.2242242     0.14691136     0.00066336
    4.2642643     0.11730013     0.00367541
    4.3043043     0.09443102     0.01693232
    4.3443443     0.09512331     0.05932085
    4.3843844     0.13623576     0.15815412
    4.4244244     0.22951294     0.32034816
    4.4644645     0.36356948     0.49043907
    4.5045045     0.48348545     0.56341451
    4.5445445     0.50760727     0.48199580
    4.5845846     0.40508382     0.30497811
    4.6246246     0.24033041     0.14194365
    4.6646647     0.10474580     0.04839404
    4.7047047     0.03333468     0.01205618
    4.7447447     0.00774371     0.00225978
    4.7847848     0.00149977     0.00094454
    4.8248248     0.00146412     0.00434973
    4.8648649     0.00633862     0.02088824
    4.9049049     0.02313460     0.07410756
    4.9449449     0.06560130     0.19333189
    4.9849850     0.14927342     0.37134448
    5.0250250     0.28148733     0.52593749
    5.0650651     0.44733853     0.55068916
    5.1051051     0.59934866     0.42943136
    5.1451452     0.67625435     0.25625806
    5.1851852     0.64940862     0.13139536
    5.2252252     0.54032007     0.08632646
    5.2652653     0.39317704     0.10366297
    5.3053053     0.25159899     0.15107658
    5.3453453     0.14925248     0.19071832
    5.3853854     0.09545891     0.19972375
    5.4254254     0.07258269     0.19549396
    5.4654655     0.05529020     0.21332741
    5.5055055     0.03170235     0.24983208
    5.5455455     0.00940893     0.25941061
    5.5855856     0.00582341     0.22011059
    5.6256256     0.03261833     0.16800318
    5.6656657     0.08303135     0.14988420
    5.7057057     0.12984311     0.17685497
    5.7457458     0.14408724     0.23767916
    5.7857858     0.12646733     0.31686462
    5.8258258     0.11648995     0.37746319
    5.8658659     0.15865151     0.36786550
    5.9059059     0.25120474     0.27861272
    5.9459459     0.33428686     0.16206937
    5.9859860     0.35270854     0.07898288
    6.0260260     0.32614635     0.05951670
    6.0660661     0.31693558     0.12180146
    6.1061061     0.33567355     0.28071427
    6.1461461     0.33174402     0.49869027
    6.1861862     0.28229102     0.65418828
    6.2262262     0.24116903     0.63333931
    6.2662663     0.27163392     0.46048609
    6.3063063     0.35332562     0.27198581
    6.3463464     0.39264604     0.16500082
    6.3863864     0.33220694     0.12884611
    6.4264264     0.21271976     0.10793588
    6.4664665     0.10937168     0.07686202
    6.5065065     0.05329509     0.04858535
    6.5465466     0.03580680     0.04523469
    6.5865866     0.04599639     0.08284749
    6.6266266     0.07729300     0.16829526
    6.6666667     0.11479722     0.28687112
    6.7067067     0.13883090     0.39373044
    6.7467467     0.14695599     0.43608579
    6.7867868     0.16624058     0.39443524
    6.8268268     0.23192737     0.29921501
    6.8668669     0.34098460     0.20863610
    6.9069069     0.43460054     0.17604202
    6.9469470     0.45410335     0.22673715
    6.9869870     0.41021811     0.34148560
    7.0270270     0.36646423     0.45583869
    7.0670671     0.36157720     0.49346731
    7.1071071     0.37982345     0.42145275
    7.1471472     0.39306079     0.27983604
    7.1871872     0.40234212     0.14719892
    7.2272272     0.41973404     0.07610648
    7.2672673     0.42241713     0.06905357
    7.3073073     0.36977531     0.09821141
    7.3473473     0.26871268     0.12858144
    7.3873874     0.17307268     0.13889859
    7.4274274     0.12160371     0.13934152
    7.4674675     0.11061395     0.15730778
    7.5075075     0.11262681     0.19457806
    7.5475475     0.10418655     0.21492939
    7.5875876     0.08524111     0.18896719
    7.6276276     0.07239041     0.13355982
    7.6676677     0.07333467     0.08732820
    7.7077077     0.07814855     0.06437747
    7.7477478     0.07431309     0.05219569
    7.7877878     0.06037502     0.04084040
    7.8278278     0.04377496     0.03487247
    7.8678679     0.03197983     0.04047266
    7.9079079     0.03140175     0.05348413
    7.9479479     0.05270056     0.06464512
    7.9879880     0.10839214     0.07266385
    8.0280280     0.19838997     0.08343902
    8.0680681     0.29563077     0.09428491
    8.1081081     0.35154005     0.09138731
    8.1481482     0.33209356     0.06989271
    8.1881882     0.25358519     0.04455708
    8.2282282     0.16564799     0.03408615
    8.2682683     0.10034701     0.04287443
    8.3083083     0.05768607     0.05942358
    8.3483484     0.02945884     0.06891905
    8.3883884     0.01332887     0.06711834
    8.4284284     0.00920018     0.05934590
    8.4684685     0.01601134     0.04897922
    8.5085085     0.03030711     0.03706953
    8.5485485     0.04354789     0.03230486
    8.5885886     0.04564391     0.05357058
    8.6286286     0.03496193     0.11775426
    8.6686687     0.02016019     0.21399114
    8.7087087     0.01024625     0.28983232
    8.7487488     0.00762895     0.28985851
    8.7887888     0.01092821     0.21617159
    8.8288288     0.01894706     0.12568325
    8.8688689     0.02951864     0.06917432
    8.9089089     0.03855628     0.05440088
    8.9489490     0.04541422     0.05871939
    8.9889890     0.05634691     0.05891843
    9.0290290     0.07571553     0.05039115
    9.0690691     0.09552767     0.04263318
    9.1091091     0.10049204     0.04088115
    9.1491491     0.08459033     0.04068530
    9.1891892     0.05976396     0.03978000
    9.2292292     0.04633415     0.04385486
    9.2692693     0.05483953     0.05654336
    9.3093093     0.07672580     0.07214727
    9.3493494     0.09231272     0.08217432
    9.3893894     0.08931438     0.08186641
    9.4294294     0.07225938     0.06994265
    9.4694695     0.05290703     0.05199161
    9.5095095     0.03758934     0.04415741
    9.5495496     0.02637874     0.06339583
    9.5895896     0.01800632     0.10794486
    9.6296296     0.01267497     0.14902436
    9.6696697     0.01372130     0.15371871
    9.7097097     0.02874949     0.12178902
    9.7497497     0.06674154     0.08583292
    9.7897898     0.12625339     0.07124008
    9.8298298     0.18205709     0.07188347
    9.8698699     0.19651958     0.06778421
    9.9099099     0.15789103     0.05172913
    9.9499500     0.09575475     0.03187765
    9.9899900     0.04871521     0.01818077
   10.0300300     0.03097225     0.01496254
   10.0700701     0.03319520     0.02226755
   10.1101101     0.03976272     0.03738654
   10.1501502     0.04204934     0.05411473
   10.1901902     0.04248847     0.06336081
   10.2302302     0.04781096     0.05958308
   10.2702703     0.06252902     0.05003294
   10.3103103     0.09332517     0.05476805
   10.3503504     0.14731093     0.09123211
   10.3903904     0.21075129     0.15197855
   10.4304304     0.24309093     0.19882707
   10.4704705     0.21507214     0.19407162
   10.5105105     0.14387471     0.14121741
   10.5505506     0.07348223     0.08127038
   10.5905906     0.03338426     0.05387307
   10.6306306     0.02993336     0.07539146
   10.6706707     0.06098663     0.13741398
   10.7107107     0.11607228     0.20458873
   10.7507508     0.16543120     0.22955107
   10.7907908     0.17467607     0.19411362
   10.8308308     0.14007649     0.12750540
   10.8708709     0.09086056     0.07291364
   10.9109109     0.05374257     0.04886495
   10.9509510     0.03347984     0.04626134
   10.9909910     0.02514190     0.04709879
   11.0310310     0.02645439     0.04073051
   11.0710711     0.03516826     0.02829130
   11.1111111     0.04411697     0.01676824
   11.1511512     0.04483026     0.01345483
   11.1911912     0.03524227     0.02755060
   11.2312312     0.02125215     0.07043120
   11.2712713     0.01092820     0.14097888
   11.3113113     0.01067903     0.20711083
   11.3513514     0.02863980     0.22308863
   11.3913914     0.07511819     0.17883452
   11.4314314     0.14647013     0.11080792
   11.4714715     0.20760266     0.05724140
   11.5115115     0.21361537     0.02719431
   11.5515516     0.15991938     0.01270124
   11.5915916     0.08902705     0.00717577
   11.6316316     0.04430089     0.00971087
   11.6716717     0.03965265     0.02349254
   11.7117117     0.06746514     0.05109543
   11.7517518     0.10987208     0.08515930
   11.7917918     0.14345895     0.10691754
   11.8318318     0.14981819     0.10446685
   11.8718719     0.12661303     0.08817893
   11.9119119     0.08748477     0.07476304
   11.9519520     0.05101774     0.06418111
   11.9919920     0.02821032     0.04772852
   12.0320320     0.02091922     0.02894733
   12.0720721     0.02960741     0.02005812
   12.1121121     0.05371504     0.02361646
   12.1521522     0.08309445     0.02947931
   12.1921922     0.10019989     0.02795082
   12.2322322     0.09577860     0.01936334
   12.2722723     0.07509885     0.01022270
   12.3123123     0.04904977     0.00480609
   12.3523524     0.02628151     0.00345277
   12.3923924     0.01118561     0.00621029
   12.4324324     0.00366945     0.01485887
   12.4724725     0.00092857     0.03152069
   12.5125125     0.00032524     0.05664786
   12.5525526     0.00085076     0.08705904
   12.5925926     0.00315428     0.11269425
   12.6326326     0.00876324     0.11948866
   12.6726727     0.01786829     0.10381184
   12.7127127     0.02691686     0.07888004
   12.7527528     0.03036782     0.05904649
   12.7927928     0.02637089     0.04550700
   12.8328328     0.01870057     0.03259374
   12.8728729     0.01244979     0.01922520
   12.9129129     0.01026123     0.00896956
   12.9529530     0.01245047     0.00458499
   12.9929930     0.01788083     0.00756894
   13.0330330     0.02412949     0.02074460
   13.0730731     0.02905729     0.04585318
   13.1131131     0.03469220     0.07713797
   13.1531532     0.04780684     0.10345113
   13.1931932     0.07129228     0.11950756
   13.2332332     0.09671609     0.12576820
   13.2732733     0.11355800     0.11831846
   13.3133133     0.12230756     0.09481533
   13.3533534     0.12725296     0.06567709
   13.3933934     0.12234168     0.04317419
   13.4334334     0.09879239     0.02751072
   13.4734735     0.06176624     0.01449758
   13.5135135     0.02686799     0.00673276
   13.5535536     0.00465876     0.00986497
   13.5935936    -0.00406913     0.02446281
   13.6336336    -0.00273655     0.04342102
   13.6736737     0.00766827     0.05460027
   13.7137137     0.03207534     0.04988699
   13.7537538     0.07607260     0.03345450
   13.7937938     0.13212343     0.01714208
   13.8338338     0.17469278     0.00943070
   13.8738739     0.17921876     0.01256457
   13.9139139     0.14647309     0.02616727
   13.9539540     0.10071134     0.04946522
   13.9939940     0.06482659     0.08219155
   14.0340340     0.04503022     0.12176624
   14.0740741     0.03974479     0.15479712
   14.1141141     0.05278291     0.16074435
   14.1541542     0.08714703     0.13496003
   14.1941942     0.12795377     0.09682732
   14.2342342     0.14749062     0.06787471
   14.2742743     0.13498412     0.05562714
   14.3143143     0.10633594     0.05995250
   14.3543544     0.07882517     0.07770483
   14.3943944     0.05481268     0.09651711
   14.4344344     0.03263358     0.09847905
   14.4744745     0.01526730     0.07990517
   14.5145145     0.00547754     0.05961773
   14.5545546     0.00252977     0.05946279
   14.5945946     0.00617985     0.08050436
   14.6346346     0.02139795     0.10255440
   14.6746747     0.05635453     0.10629115
   14.7147147     0.10913499     0.09083272
   14.7547548     0.15534371     0.06791371
   14.7947948     0.16357315     0.05056591
   14.8348348     0.13129166     0.05408348
   14.8748749     0.09141317     0.09503839
   14.9149149     0.07847592     0.17323867
   14.9549550     0.10032759     0.25292284
   14.9949950     0.14193851     0.28123603
   15.0350350     0.18602644     0.24121998
   15.0750751     0.22599990     0.16973369
   15.1151151     0.25810263     0.11161962
   15.1551552     0.26745443     0.08128525
   15.1951952     0.23860032     0.07866367
   15.2352352     0.18089675     0.11051594
   15.2752753     0.12255929     0.17333415
   15.3153153     0.08033192     0.23520070
   15.3553554     0.05494976     0.26461754
   15.3953954     0.04839032     0.26574226
   15.4354354     0.06644976     0.25441901
   15.4754755     0.10699291     0.22227353
   15.5155155     0.15209052     0.16037183
   15.5555556     0.17295688     0.08984384
   15.5955956     0.15143337     0.03963259
   15.6356356     0.09984415     0.01699472
   15.6756757     0.04939105     0.01305105
   15.7157157     0.02095058     0.01965827
   15.7557558     0.01737804     0.03431737
   15.7957958     0.03504307     0.05713118
   15.8358358     0.06640330     0.08424840
   15.8758759     0.09346832     0.10201593
   15.9159159     0.09586235     0.09554273
   15.9559560     0.07200986     0.06692247
   15.9959960     0.04166712     0.03472491
   16.0360360     0.02485155     0.01459912
   16.0760761     0.02652160     0.01069193
   16.1161161     0.03855295     0.02347115
   16.1561562     0.04969354     0.05315047
   16.1961962     0.05794811     0.09043729
   16.2362362     0.07533651     0.11327587
   16.2762763     0.11390512     0.10681312
   16.3163163     0.16504596     0.08439345
   16.3563564     0.19891704     0.07506144
   16.3963964     0.19008066     0.09031211
   16.4364364     0.14201559     0.11261898
   16.4764765     0.08231739     0.11796741
   16.5165165     0.03686511     0.10274966
   16.5565566     0.01377064     0.08443888
   16.5965966     0.00919129     0.08061452
   16.6366366     0.02000823     0.09001157
   16.6766767     0.04575814     0.09358124
   16.7167167     0.07938158     0.07696322
   16.7567568     0.10510071     0.04719621
   16.7967968     0.11512391     0.02159900
   16.8368368     0.12068616     0.00992323
   16.8768769     0.13361492     0.01567123
   16.9169169     0.14703801     0.04754688
   16.9569570     0.14661002     0.11643178
   16.9969970     0.13058906     0.21184998
   17.0370370     0.11134168     0.29283484
   17.0770771     0.10497299     0.32871944
   17.1171171     0.12508053     0.33915886
   17.1571572     0.18381832     0.35829480
   17.1971972     0.28238360     0.37518994
   17.2372372     0.38391439     0.35057172
   17.2772773     0.42020442     0.27987313
   17.3173173     0.35947453     0.20325488
   17.3573574     0.24435429     0.15705666
   17.3973974     0.13933692     0.14272582
   17.4374374     0.07457676     0.14466375
   17.4774775     0.05214600     0.15641202
   17.5175175     0.07012155     0.18048431
   17.5575576     0.12781262     0.21060702
   17.5975976     0.22472318     0.22772519
   17.6376376     0.35390160     0.22916914
   17.6776777     0.47949369     0.24924962
   17.7177177     0.53563625     0.31608615
   17.7577578     0.48100275     0.39469539
   17.7977978     0.34504470     0.41177534
   17.8378378     0.19852882     0.33774935
   17.8778779     0.09354907     0.21485030
   17.9179179     0.04261987     0.10613622
   17.9579580     0.03503999     0.04304917
   17.9979980     0.05347506     0.02257061
   18.0380380     0.07792652     0.03019016
   18.0780781     0.09226238     0.05196504
   18.1181181     0.09631909     0.07504121
   18.1581582     0.10290560     0.09188886
   18.1981982     0.11905099     0.10193489
   18.2382382     0.13571584     0.10226983
   18.2782783     0.13523281     0.08742873
   18.3183183     0.10988399     0.06577335
   18.3583584     0.07647695     0.06555248
   18.3983984     0.07024581     0.11785925
   18.4384384     0.12345334     0.22529808
   18.4784785     0.23850551     0.33766752
   18.5185185     0.36645597     0.38316127
   18.5585586     0.43163552     0.34758081
   18.5985986     0.40118442     0.29155163
   18.6386386     0.31279238     0.27568319
   18.6786787     0.22954712     0.30462286
   18.7187187     0.18928663     0.33833371
   18.7587588     0.18901154     0.32766476
   18.7987988     0.19810385     0.25508706
   18.8388388     0.18610866     0.15294944
   18.8788789     0.14435294     0.06908596
   18.9189189     0.08836650     0.02323320
   18.9589590     0.04138486     0.00577754
   18.9989990     0.01451181     0.00105765
   19.0390390     0.00375851     0.00014207
   19.0790791     0.00071609     0.00001405
   19.1191191     0.00012997     0.00000212
   19.1591592     0.00025043     0.00001203
   19.1991992     0.00134303     0.00009726
   19.2392392     0.00543768     0.00059497
   19.2792793     0.01599190     0.00271634
   19.3193193     0.03418087     0.00919746
   19.3593594     0.05334169     0.02306255
   19.3993994     0.06201086     0.04314043
   19.4394394     0.05818572     0.06180123
   19.4794795     0.05515564     0.07229339
   19.5195195     0.06547622     0.07690485
   19.5595596     0.08367324     0.08069691
   19.5995996     0.09387104     0.08145275
   19.6396396     0.09251572     0.07562032
   19.6796797     0.09092933     0.06923074
   19.7197197     0.09344049     0.07409174
   19.7597598     0.08972959     0.09784691
   19.7997998     0.07612760     0.14091802
   19.8398398     0.06960841     0.19286403
   19.8798799     0.09039752     0.22937269
   19.9199199     0.13680649     0.22627892
   19.9599600     0.18463847     0.18229469
   20.0000000     0.20973862     0.12393653
