#
#   partial DOS for atom species: Mn
#
#   Add data for atom_index =   2,  n,l,m,z=  3  2 -2  1
#   Add data for atom_index =   2,  n,l,m,z=  3  2 -1  1
#   Add data for atom_index =   2,  n,l,m,z=  3  2  0  1
#   Add data for atom_index =   2,  n,l,m,z=  3  2  1  1
#   Add data for atom_index =   2,  n,l,m,z=  3  2  2  1
#   Add data for atom_index =   2,  n,l,m,z=  3  2 -2  2
#   Add data for atom_index =   2,  n,l,m,z=  3  2 -1  2
#   Add data for atom_index =   2,  n,l,m,z=  3  2  0  2
#   Add data for atom_index =   2,  n,l,m,z=  3  2  1  2
#   Add data for atom_index =   2,  n,l,m,z=  3  2  2  2
#   Add data for atom_index =   2,  n,l,m,z=  3  2 -2  3
#   Add data for atom_index =   2,  n,l,m,z=  3  2 -1  3
#   Add data for atom_index =   2,  n,l,m,z=  3  2  0  3
#   Add data for atom_index =   2,  n,l,m,z=  3  2  1  3
#   Add data for atom_index =   2,  n,l,m,z=  3  2  2  3
#
#    Energy          spin 1        spin2
#
  -20.0000000     0.00000000     0.00000000
  -19.9599600     0.00000000     0.00000000
  -19.9199199     0.00000000     0.00000000
  -19.8798799     0.00000000     0.00000000
  -19.8398398     0.00000000     0.00000000
  -19.7997998     0.00000000     0.00000000
  -19.7597598     0.00000000     0.00000000
  -19.7197197     0.00000000     0.00000000
  -19.6796797     0.00000000     0.00000000
  -19.6396396     0.00000000     0.00000000
  -19.5995996     0.00000000     0.00000000
  -19.5595596     0.00000000     0.00000000
  -19.5195195     0.00000000     0.00000000
  -19.4794795     0.00000000     0.00000000
  -19.4394394     0.00000000     0.00000000
  -19.3993994     0.00000000     0.00000000
  -19.3593594     0.00000000     0.00000000
  -19.3193193     0.00000000     0.00000000
  -19.2792793     0.00000000     0.00000000
  -19.2392392     0.00000000     0.00000000
  -19.1991992     0.00000000     0.00000000
  -19.1591592     0.00000000     0.00000000
  -19.1191191     0.00000000     0.00000000
  -19.0790791     0.00000000     0.00000000
  -19.0390390     0.00000000     0.00000000
  -18.9989990     0.00000000     0.00000000
  -18.9589590     0.00000000    -0.00000000
  -18.9189189     0.00000000    -0.00000000
  -18.8788789    -0.00000000    -0.00000000
  -18.8388388    -0.00000000    -0.00000006
  -18.7987988    -0.00000000    -0.00000062
  -18.7587588    -0.00000006    -0.00000426
  -18.7187187    -0.00000056    -0.00002134
  -18.6786787    -0.00000396    -0.00007756
  -18.6386386    -0.00002044    -0.00020457
  -18.5985986    -0.00007658    -0.00039158
  -18.5585586    -0.00020822    -0.00054393
  -18.5185185    -0.00041084    -0.00054828
  -18.4784785    -0.00058826    -0.00040107
  -18.4384384    -0.00061123    -0.00021290
  -18.3983984    -0.00046089    -0.00008201
  -18.3583584    -0.00025219    -0.00002293
  -18.3183183    -0.00010014    -0.00000465
  -18.2782783    -0.00002886    -0.00000068
  -18.2382382    -0.00000603    -0.00000007
  -18.1981982    -0.00000092    -0.00000000
  -18.1581582    -0.00000010     0.00000006
  -18.1181181    -0.00000000     0.00000065
  -18.0780781     0.00000005     0.00000493
  -18.0380380     0.00000056     0.00002714
  -17.9979980     0.00000436     0.00010868
  -17.9579580     0.00002466     0.00031677
  -17.9179179     0.00010139     0.00067329
  -17.8778779     0.00030355     0.00104672
  -17.8378378     0.00066251     0.00119565
  -17.7977978     0.00105589     0.00101024
  -17.7577578     0.00123157     0.00063717
  -17.7177177     0.00105415     0.00030336
  -17.6776777     0.00066435     0.00011028
  -17.6376376     0.00030944     0.00003087
  -17.5975976     0.00010694     0.00000667
  -17.5575576     0.00002752     0.00000111
  -17.5175175     0.00000529     0.00000015
  -17.4774775     0.00000076     0.00000011
  -17.4374374     0.00000009     0.00000110
  -17.3973974     0.00000013     0.00000956
  -17.3573574     0.00000143     0.00006083
  -17.3173173     0.00001194     0.00028262
  -17.2772773     0.00007265     0.00095874
  -17.2372372     0.00032078     0.00237453
  -17.1971972     0.00102826     0.00429350
  -17.1571572     0.00239275     0.00566681
  -17.1171171     0.00404197     0.00545848
  -17.0770771     0.00495664     0.00383618
  -17.0370370     0.00441245     0.00196648
  -16.9969970     0.00285146     0.00073502
  -16.9569570     0.00133768     0.00020025
  -16.9169169     0.00045554     0.00003975
  -16.8768769     0.00011262     0.00000576
  -16.8368368     0.00002021     0.00000084
  -16.7967968     0.00000265     0.00000289
  -16.7567568     0.00000056     0.00002502
  -16.7167167     0.00000362     0.00015983
  -16.6766767     0.00002986     0.00074112
  -16.6366366     0.00017975     0.00249385
  -16.5965966     0.00078527     0.00608975
  -16.5565566     0.00248950     0.01079129
  -16.5165165     0.00572724     0.01387680
  -16.4764765     0.00956137     0.01294923
  -16.4364364     0.01158347     0.00876861
  -16.3963964     0.01018359     0.00430863
  -16.3563564     0.00649694     0.00153622
  -16.3163163     0.00300790     0.00039746
  -16.2762763     0.00101070     0.00007518
  -16.2362362     0.00024764     0.00001528
  -16.1961962     0.00005161     0.00003276
  -16.1561562     0.00004283     0.00014296
  -16.1161161     0.00012593     0.00046648
  -16.0760761     0.00030656     0.00110543
  -16.0360360     0.00054369     0.00190394
  -15.9959960     0.00069997     0.00240257
  -15.9559560     0.00065579     0.00232764
  -15.9159159     0.00046082     0.00214779
  -15.8758759     0.00032451     0.00284461
  -15.8358358     0.00054179     0.00487297
  -15.7957958     0.00148625     0.00725252
  -15.7557558     0.00336664     0.00811683
  -15.7157157     0.00560873     0.00671710
  -15.6756757     0.00685917     0.00447923
  -15.6356356     0.00643968     0.00376647
  -15.5955956     0.00562318     0.00608372
  -15.5555556     0.00654048     0.01087502
  -15.5155155     0.00958181     0.01512411
  -15.4754755     0.01237695     0.01541158
  -15.4354354     0.01209638     0.01152731
  -15.3953954     0.00865275     0.00686743
  -15.3553554     0.00455335     0.00521756
  -15.3153153     0.00205544     0.00840720
  -15.2752753     0.00196944     0.01561586
  -15.2352352     0.00466129     0.02296958
  -15.1951952     0.01020231     0.02554327
  -15.1551552     0.01687904     0.02170829
  -15.1151151     0.02112021     0.01435315
  -15.0750751     0.02043825     0.00748019
  -15.0350350     0.01568100     0.00307621
  -14.9949950     0.00968468     0.00098741
  -14.9549550     0.00479565     0.00024984
  -14.9149149     0.00186535     0.00011561
  -14.8748749     0.00055599     0.00050296
  -14.8348348     0.00012888     0.00253274
  -14.7947948     0.00006729     0.00937194
  -14.7547548     0.00033567     0.02522128
  -14.7147147     0.00172196     0.04953693
  -14.6746747     0.00645805     0.07177018
  -14.6346346     0.01759258     0.07893546
  -14.5945946     0.03487360     0.07041261
  -14.5545546     0.05063421     0.05653906
  -14.5145145     0.05501055     0.04346654
  -14.4744745     0.04760408     0.03015918
  -14.4344344     0.03749282     0.01701116
  -14.3943944     0.03044557     0.00729223
  -14.3543544     0.02413201     0.00230937
  -14.3143143     0.01605185     0.00056040
  -14.2742743     0.00815905     0.00030675
  -14.2342342     0.00305827     0.00124661
  -14.1941942     0.00083553     0.00509973
  -14.1541542     0.00016605     0.01526700
  -14.1141141     0.00004643     0.03317731
  -14.0740741     0.00023127     0.05235116
  -14.0340340     0.00132451     0.06006656
  -13.9939940     0.00513630     0.05039303
  -13.9539540     0.01399320     0.03178060
  -13.9139139     0.02727116     0.01762559
  -13.8738739     0.03832473     0.01452595
  -13.8338338     0.03902840     0.02078206
  -13.7937938     0.02915891     0.02957260
  -13.7537538     0.01727405     0.03364549
  -13.7137137     0.01179374     0.03220839
  -13.6736737     0.01445623     0.03162324
  -13.6336336     0.02069037     0.03610948
  -13.5935936     0.02380737     0.04177174
  -13.5535536     0.02085374     0.04326979
  -13.5135135     0.01507653     0.04210698
  -13.4734735     0.01143036     0.04414267
  -13.4334334     0.01124385     0.05235881
  -13.3933934     0.01311346     0.06587493
  -13.3533534     0.01741351     0.08093221
  -13.3133133     0.02645576     0.08925253
  -13.2732733     0.03914585     0.08554150
  -13.2332332     0.04953301     0.08099607
  -13.1931932     0.05424871     0.09489943
  -13.1531532     0.05673527     0.12565393
  -13.1131131     0.05890388     0.14397751
  -13.0730731     0.05521494     0.12582176
  -13.0330330     0.04205228     0.08104178
  -12.9929930     0.02638634     0.03816990
  -12.9529530     0.01951960     0.01314207
  -12.9129129     0.02689001     0.00347277
  -12.8728729     0.04472083     0.00163444
  -12.8328328     0.06298110     0.00427987
  -12.7927928     0.07272698     0.01239381
  -12.7527528     0.07097900     0.02652305
  -12.7127127     0.05877410     0.04129515
  -12.6726727     0.03986832     0.04700080
  -12.6326326     0.02115020     0.03994278
  -12.5925926     0.00847882     0.02771938
  -12.5525526     0.00255448     0.02159429
  -12.5125125     0.00081815     0.02830209
  -12.4724725     0.00140842     0.04815514
  -12.4324324     0.00469157     0.07227858
  -12.3923924     0.01207757     0.08384394
  -12.3523524     0.02270658     0.07380056
  -12.3123123     0.03114420     0.05490937
  -12.2722723     0.03120037     0.05207205
  -12.2322322     0.02290602     0.07847134
  -12.1921922     0.01258462     0.12027146
  -12.1521522     0.00609661     0.14565957
  -12.1121121     0.00527178     0.13745509
  -12.0720721     0.01017686     0.11189405
  -12.0320320     0.02105682     0.09538161
  -11.9919920     0.03579473     0.09489848
  -11.9519520     0.04682783     0.10116758
  -11.9119119     0.04585585     0.10681097
  -11.8718719     0.03363220     0.10875689
  -11.8318318     0.02068370     0.10221375
  -11.7917918     0.01828589     0.08746700
  -11.7517518     0.03266977     0.07602574
  -11.7117117     0.06349648     0.07557032
  -11.6716717     0.09964330     0.07712418
  -11.6316316     0.11960279     0.07027767
  -11.5915916     0.10792021     0.06169555
  -11.5515516     0.07238519     0.06464719
  -11.5115115     0.03580852     0.07609517
  -11.4714715     0.01303277     0.07820142
  -11.4314314     0.00375076     0.06287611
  -11.3913914     0.00233130     0.04391311
  -11.3513514     0.00673687     0.04292729
  -11.3113113     0.01939678     0.06960434
  -11.2712713     0.04175658     0.11205337
  -11.2312312     0.06784999     0.14308315
  -11.1911912     0.08708214     0.14508120
  -11.1511512     0.09486995     0.13060131
  -11.1111111     0.09315608     0.13006448
  -11.0710711     0.08155024     0.16034959
  -11.0310310     0.05947280     0.21323580
  -10.9909910     0.03392560     0.27571624
  -10.9509510     0.01465204     0.35215037
  -10.9109109     0.00504694     0.44983810
  -10.8708709     0.00320002     0.53816222
  -10.8308308     0.00867885     0.55245217
  -10.7907908     0.02501033     0.47051789
  -10.7507508     0.05353886     0.35692449
  -10.7107107     0.08351339     0.29253198
  -10.6706707     0.09487982     0.28717697
  -10.6306306     0.07855215     0.29785304
  -10.5905906     0.04746009     0.31187678
  -10.5505506     0.02116772     0.36758361
  -10.5105105     0.00807237     0.49804964
  -10.4704705     0.00656724     0.69644362
  -10.4304304     0.01437705     0.91671237
  -10.3903904     0.03108940     1.06344304
  -10.3503504     0.05449132     1.03345693
  -10.3103103     0.07902509     0.82590211
  -10.2702703     0.09995774     0.56715010
  -10.2302302     0.11582513     0.40029714
  -10.1901902     0.12273616     0.38470000
  -10.1501502     0.11364070     0.49212830
  -10.1101101     0.09329813     0.65305297
  -10.0700701     0.08582209     0.80218352
  -10.0300300     0.11360049     0.90705185
   -9.9899900     0.17006923     0.96703343
   -9.9499500     0.22277918     0.98768535
   -9.9099099     0.24717510     0.96115916
   -9.8698699     0.24931452     0.86910195
   -9.8298298     0.24926078     0.71212678
   -9.7897898     0.25496385     0.54530850
   -9.7497497     0.26344202     0.44688743
   -9.7097097     0.27237991     0.43459697
   -9.6696697     0.27307214     0.45667627
   -9.6296296     0.24599203     0.46324951
   -9.5895896     0.18761719     0.44660244
   -9.5495496     0.13404642     0.43139183
   -9.5095095     0.13818905     0.45266690
   -9.4694695     0.22109924     0.52723049
   -9.4294294     0.34075694     0.63840941
   -9.3893894     0.41385978     0.74769416
   -9.3493494     0.39429434     0.82632643
   -9.3093093     0.32290767     0.89710641
   -9.2692693     0.27781751     1.01672913
   -9.2292292     0.29862853     1.17135728
   -9.1891892     0.37142563     1.24889796
   -9.1491491     0.45603901     1.18112436
   -9.1091091     0.51994880     1.04176676
   -9.0690691     0.56018894     0.95243812
   -9.0290290     0.58457719     0.96542630
   -8.9889890     0.57786294     1.05384897
   -8.9489490     0.52338397     1.16224995
   -8.9089089     0.45091578     1.28349854
   -8.8688689     0.40842767     1.47302496
   -8.8288288     0.39239343     1.71510296
   -8.7887888     0.36213465     1.84084320
   -8.7487488     0.31024471     1.70086652
   -8.7087087     0.26325510     1.35910608
   -8.6686687     0.22731554     1.01432337
   -8.6286286     0.18715473     0.79954427
   -8.5885886     0.14864753     0.73437146
   -8.5485485     0.13574540     0.78943014
   -8.5085085     0.14796668     0.89942376
   -8.4684685     0.15359385     0.96549077
   -8.4284284     0.13015608     0.95666513
   -8.3883884     0.09482353     0.98580734
   -8.3483484     0.08994914     1.17215085
   -8.3083083     0.14772177     1.45727358
   -8.2682683     0.26516111     1.68889899
   -8.2282282     0.40594140     1.84358372
   -8.1881882     0.53512237     1.99607066
   -8.1481482     0.64454908     2.10737826
   -8.1081081     0.73065022     2.04260735
   -8.0680681     0.77722143     1.80181162
   -8.0280280     0.77480560     1.58031104
   -7.9879880     0.72696573     1.57341685
   -7.9479479     0.65009898     1.79095602
   -7.9079079     0.59049258     2.07882971
   -7.8678679     0.60843659     2.29335845
   -7.8278278     0.72439778     2.40493460
   -7.7877878     0.88564589     2.41136869
   -7.7477478     0.99120183     2.25663065
   -7.7077077     0.97355528     1.93760218
   -7.6676677     0.85280759     1.60024092
   -7.6276276     0.69158348     1.40366460
   -7.5875876     0.53896803     1.33902325
   -7.5475475     0.44261199     1.27923287
   -7.5075075     0.44690225     1.15879643
   -7.4674675     0.53582453     1.00983715
   -7.4274274     0.62006165     0.86248057
   -7.3873874     0.61560168     0.71467276
   -7.3473473     0.52374139     0.59102701
   -7.3073073     0.42186682     0.53805849
   -7.2672673     0.39708415     0.54734300
   -7.2272272     0.51168052     0.54560151
   -7.1871872     0.79184262     0.47119289
   -7.1471472     1.17750593     0.33144047
   -7.1071071     1.48722600     0.18608706
   -7.0670671     1.51919100     0.09233540
   -7.0270270     1.25304937     0.07397558
   -6.9869870     0.90596092     0.12811306
   -6.9469470     0.70875759     0.22936284
   -6.9069069     0.66784360     0.32329216
   -6.8668669     0.62436751     0.34940287
   -6.8268268     0.49323870     0.29047760
   -6.7867868     0.34642044     0.18627112
   -6.7467467     0.28636877     0.09212467
   -6.7067067     0.32818784     0.03584107
   -6.6666667     0.41184367     0.01555712
   -6.6266266     0.47988897     0.02435596
   -6.5865866     0.52947278     0.06839188
   -6.5465466     0.58982679     0.16350710
   -6.5065065     0.65456203     0.31261432
   -6.4664665     0.67043552     0.47742804
   -6.4264264     0.60395396     0.57597096
   -6.3863864     0.48665509     0.53927830
   -6.3463464     0.38834930     0.38733387
   -6.3063063     0.37665484     0.21780502
   -6.2662663     0.49031722     0.11008742
   -6.2262262     0.69053603     0.07425932
   -6.1861862     0.84766031     0.08991765
   -6.1461461     0.85344660     0.14951286
   -6.1061061     0.74769945     0.24331533
   -6.0660661     0.68474794     0.32984600
   -6.0260260     0.78611335     0.36340946
   -5.9859860     1.03571735     0.34263067
   -5.9459459     1.29143677     0.29396382
   -5.9059059     1.40650887     0.23098860
   -5.8658659     1.36004310     0.16825510
   -5.8258258     1.25778936     0.14028722
   -5.7857858     1.21523038     0.16992714
   -5.7457458     1.28037381     0.23985286
   -5.7057057     1.46430645     0.32351238
   -5.6656657     1.77627108     0.42941716
   -5.6256256     2.16236458     0.56770354
   -5.5855856     2.44763981     0.67790466
   -5.5455455     2.46431312     0.67016015
   -5.5055055     2.24473980     0.54917472
   -5.4654655     1.99388156     0.41213753
   -5.4254254     1.91124097     0.32378066
   -5.3853854     2.07603877     0.27009289
   -5.3453453     2.37676546     0.21893947
   -5.3053053     2.52098974     0.16400063
   -5.2652653     2.26179815     0.11650211
   -5.2252252     1.65766787     0.08526258
   -5.1851852     1.01533467     0.06836770
   -5.1451452     0.58283394     0.05729748
   -5.1051051     0.37729171     0.04482568
   -5.0650651     0.28258004     0.02960843
   -5.0250250     0.21963306     0.01544708
   -4.9849850     0.19038395     0.00619533
   -4.9449449     0.21078951     0.00227781
   -4.9049049     0.27226820     0.00224318
   -4.8648649     0.37130198     0.00545550
   -4.8248248     0.52113509     0.01284010
   -4.7847848     0.70524179     0.02773161
   -4.7447447     0.84244325     0.05777560
   -4.7047047     0.83632087     0.11113581
   -4.6646647     0.67679207     0.18460149
   -4.6246246     0.46548889     0.26142787
   -4.5845846     0.31815812     0.32676508
   -4.5445445     0.27301033     0.37088669
   -4.5045045     0.30261839     0.37398637
   -4.4644645     0.36227461     0.31824627
   -4.4244244     0.40798235     0.22429853
   -4.3843844     0.41243792     0.14535909
   -4.3443443     0.38819801     0.11501536
   -4.3043043     0.37826948     0.11749775
   -4.2642643     0.41242498     0.11366329
   -4.2242242     0.48035845     0.08605125
   -4.1841842     0.55001209     0.04987653
   -4.1441441     0.59770929     0.02694628
   -4.1041041     0.62541711     0.02378347
   -4.0640641     0.66575735     0.03248923
   -4.0240240     0.75534632     0.04166422
   -3.9839840     0.88385395     0.04797716
   -3.9439439     0.97054010     0.05989006
   -3.9039039     0.91659787     0.08483279
   -3.8638639     0.71055566     0.11299344
   -3.8238238     0.45381039     0.12229169
   -3.7837838     0.25685086     0.10209892
   -3.7437437     0.15338696     0.06557197
   -3.7037037     0.11913371     0.03646972
   -3.6636637     0.11574589     0.03089524
   -3.6236236     0.10998669     0.05134369
   -3.5835836     0.09132323     0.08530152
   -3.5435435     0.08001892     0.10759538
   -3.5035035     0.10489073     0.09911734
   -3.4634635     0.17112307     0.06639804
   -3.4234234     0.24815369     0.03233741
   -3.3833834     0.29160581     0.01148972
   -3.3433433     0.29220427     0.00320382
   -3.3033033     0.30067985     0.00163661
   -3.2632633     0.37445459     0.00345853
   -3.2232232     0.49059676     0.00798793
   -3.1831832     0.54750094     0.01463509
   -3.1431431     0.47925594     0.02162482
   -3.1031031     0.33849541     0.02715052
   -3.0630631     0.23494134     0.03249442
   -3.0230230     0.21930564     0.04481092
   -2.9829830     0.25539557     0.07270472
   -2.9429429     0.28007910     0.11201845
   -2.9029029     0.25920785     0.13958866
   -2.8628629     0.19695420     0.13323299
   -2.8228228     0.12031104     0.09765628
   -2.7827828     0.05842168     0.06087133
   -2.7427427     0.02569636     0.04718503
   -2.7027027     0.02102584     0.05909049
   -2.6626627     0.03694382     0.07935476
   -2.6226226     0.06207126     0.08694913
   -2.5825826     0.08251639     0.07484913
   -2.5425425     0.09464147     0.05227433
   -2.5025025     0.11064325     0.03143683
   -2.4624625     0.13612669     0.01858661
   -2.4224224     0.15104623     0.01536052
   -2.3823824     0.13267545     0.02064835
   -2.3423423     0.08847452     0.03033344
   -2.3023023     0.04713487     0.03915980
   -2.2622623     0.02620355     0.04405787
   -2.2222222     0.02198219     0.04455972
   -2.1821822     0.02231554     0.04099761
   -2.1421421     0.02000479     0.03466900
   -2.1021021     0.01684985     0.02836922
   -2.0620621     0.01857598     0.02359931
   -2.0220220     0.02700983     0.01882720
   -1.9819820     0.03822781     0.01283508
   -1.9419419     0.04950255     0.00737798
   -1.9019019     0.06756712     0.00530123
   -1.8618619     0.10557382     0.00811297
   -1.8218218     0.16516022     0.01505281
   -1.7817818     0.22172248     0.02312386
   -1.7417417     0.24029184     0.03012070
   -1.7017017     0.21273703     0.03894195
   -1.6616617     0.16683785     0.05606193
   -1.6216216     0.13380918     0.08512802
   -1.5815816     0.12044507     0.12319355
   -1.5415415     0.11536623     0.15929676
   -1.5015015     0.10837098     0.17601191
   -1.4614615     0.09860404     0.16123782
   -1.4214214     0.09066113     0.12315477
   -1.3813814     0.08779817     0.08747351
   -1.3413413     0.08828805     0.07465320
   -1.3013013     0.08554583     0.08141363
   -1.2612613     0.07407271     0.08730189
   -1.2212212     0.05818797     0.07871375
   -1.1811812     0.04985471     0.06201025
   -1.1411411     0.05370877     0.05161644
   -1.1011011     0.05925457     0.05135459
   -1.0610611     0.05343881     0.05168915
   -1.0210210     0.03699750     0.04309296
   -0.9809810     0.02257188     0.02724202
   -0.9409409     0.02118096     0.01268432
   -0.9009009     0.03541858     0.00431136
   -0.8608609     0.06066664     0.00109254
   -0.8208208     0.08833877     0.00041237
   -0.7807808     0.11026697     0.00128735
   -0.7407407     0.12447873     0.00523641
   -0.7007007     0.13899653     0.01581563
   -0.6606607     0.16391828     0.03506062
   -0.6206206     0.19470704     0.05809042
   -0.5805806     0.21178493     0.07549903
   -0.5405405     0.20089432     0.08513857
   -0.5005005     0.16715716     0.09405260
   -0.4604605     0.12927756     0.10435631
   -0.4204204     0.10174225     0.10853117
   -0.3803804     0.08216151     0.10172878
   -0.3403403     0.06068215     0.08648137
   -0.3003003     0.03807254     0.06591456
   -0.2602603     0.02613874     0.04370206
   -0.2202202     0.03598773     0.02848169
   -0.1801802     0.06983913     0.03073500
   -0.1401401     0.11499323     0.05472615
   -0.1001001     0.14473057     0.09172937
   -0.0600601     0.13770498     0.12247653
   -0.0200200     0.09991531     0.13518479
    0.0200200     0.05936887     0.13996586
    0.0600601     0.03922375     0.15361766
    0.1001001     0.04101729     0.17195465
    0.1401401     0.04932767     0.17241658
    0.1801802     0.04816748     0.14658173
    0.2202202     0.03491460     0.11411940
    0.2602603     0.01918083     0.09766562
    0.3003003     0.01145268     0.09732254
    0.3403403     0.01875087     0.09769965
    0.3803804     0.04818030     0.08935725
    0.4204204     0.10342292     0.07384104
    0.4604605     0.17115289     0.05606486
    0.5005005     0.21795086     0.04260309
    0.5405405     0.21526606     0.04157318
    0.5805806     0.16950176     0.05647606
    0.6206206     0.11570362     0.08417169
    0.6606607     0.08210710     0.11935571
    0.7007007     0.07334869     0.15325250
    0.7407407     0.08543005     0.17247425
    0.7807808     0.12192464     0.17152185
    0.8208208     0.18501068     0.15830154
    0.8608609     0.25083168     0.13780733
    0.9009009     0.27512463     0.10606475
    0.9409409     0.24146869     0.06609153
    0.9809810     0.18357038     0.03166923
    1.0210210     0.14403221     0.01262754
    1.0610611     0.13323917     0.00927671
    1.1011011     0.13616132     0.01968671
    1.1411411     0.13860112     0.04165254
    1.1811812     0.13760585     0.06608262
    1.2212212     0.13462149     0.07788997
    1.2612613     0.12920266     0.07035253
    1.3013013     0.11991155     0.05224870
    1.3413413     0.10587383     0.03644085
    1.3813814     0.09100623     0.02995910
    1.4214214     0.08728529     0.03647201
    1.4614615     0.10182175     0.05688688
    1.5015015     0.12029858     0.08295081
    1.5415415     0.11886552     0.09783396
    1.5815816     0.09389888     0.09036339
    1.6216216     0.06587058     0.06631712
    1.6616617     0.05318259     0.04065402
    1.7017017     0.05351995     0.02280122
    1.7417417     0.05356943     0.01426265
    1.7817818     0.05112528     0.01441351
    1.8218218     0.06077930     0.02151044
    1.8618619     0.09406708     0.02986195
    1.9019019     0.13652541     0.03213105
    1.9419419     0.15441332     0.02728262
    1.9819820     0.13098426     0.02429582
    2.0220220     0.08594202     0.03620531
    2.0620621     0.05130410     0.06824336
    2.1021021     0.03952983     0.10706401
    2.1421421     0.04083639     0.12559552
    2.1821822     0.04184545     0.10923118
    2.2222222     0.03969934     0.07387521
    2.2622623     0.03900579     0.05054358
    2.3023023     0.04171487     0.05853918
    2.3423423     0.04531364     0.09375871
    2.3823824     0.04796328     0.13141993
    2.4224224     0.05267312     0.14293713
    2.4624625     0.06659368     0.12151700
    2.5025025     0.09105335     0.08759010
    2.5425425     0.11157011     0.06539732
    2.5825826     0.10846045     0.06296693
    2.6226226     0.07983257     0.07287028
    2.6626627     0.04377514     0.08145873
    2.7027027     0.01766934     0.08011458
    2.7427427     0.00495855     0.07119311
    2.7827828     0.00058246     0.05970108
    2.8228228     0.00050033     0.04552016
    2.8628629     0.00561518     0.02880270
    2.9029029     0.02218481     0.01408964
    2.9429429     0.05989223     0.00514385
    2.9829830     0.12329941     0.00139022
    3.0230230     0.19831071     0.00033858
    3.0630631     0.25169334     0.00036779
    3.1031031     0.25540206     0.00116597
    3.1431431     0.21163728     0.00302494
    3.1831832     0.14951226     0.00603618
    3.2232232     0.10194066     0.01030999
    3.2632633     0.08484352     0.01804082
    3.3033033     0.08798346     0.03388748
    3.3433433     0.08630346     0.05838562
    3.3833834     0.06656802     0.08077981
    3.4234234     0.03805530     0.08642239
    3.4634635     0.01596604     0.07375654
    3.5035035     0.00530102     0.05626808
    3.5435435     0.00270047     0.04637209
    3.5835836     0.00417995     0.04412670
    3.6236236     0.00753207     0.04243498
    3.6636637     0.01191310     0.03712456
    3.7037037     0.01880768     0.02876980
    3.7437437     0.03212366     0.01924312
    3.7837838     0.05420261     0.01055265
    3.8238238     0.08073784     0.00452350
    3.8638639     0.09981956     0.00163145
    3.9039039     0.09848512     0.00148695
    3.9439439     0.07513737     0.00517900
    3.9839840     0.04364187     0.01693208
    4.0240240     0.02047697     0.04165399
    4.0640641     0.01156183     0.07704275
    4.1041041     0.01285938     0.10852217
    4.1441441     0.01724256     0.11848285
    4.1841842     0.01976624     0.10282872
    4.2242242     0.02035960     0.07510201
    4.2642643     0.02135693     0.05448839
    4.3043043     0.02217777     0.05066683
    4.3443443     0.01967550     0.05846503
    4.3843844     0.01346578     0.06600811
    4.4244244     0.00690939     0.06598214
    4.4644645     0.00321369     0.05942118
    4.5045045     0.00415274     0.05478793
    4.5445445     0.01272702     0.06282508
    4.5845846     0.03333286     0.08381391
    4.6246246     0.06462413     0.10169531
    4.6646647     0.09311051     0.10053910
    4.7047047     0.10374256     0.08507296
    4.7447447     0.09977701     0.07559899
    4.7847848     0.09959611     0.08311417
    4.8248248     0.11092090     0.09747187
    4.8648649     0.12164708     0.10234182
    4.9049049     0.11733075     0.09335397
    4.9449449     0.09722030     0.07576266
    4.9849850     0.07542651     0.05452843
    5.0250250     0.07196543     0.03435862
    5.0650651     0.09485461     0.02176835
    5.1051051     0.12574820     0.02302583
    5.1451452     0.13368362     0.04197761
    5.1851852     0.10995909     0.07474677
    5.2252252     0.07826682     0.10389545
    5.2652653     0.06511403     0.10800445
    5.3053053     0.07250246     0.08362609
    5.3453453     0.08363375     0.04977844
    5.3853854     0.08513674     0.02755486
    5.4254254     0.07721177     0.02306656
    5.4654655     0.06658911     0.03013715
    5.5055055     0.05816600     0.04279129
    5.5455455     0.05332391     0.06342728
    5.5855856     0.05000310     0.09759480
    5.6256256     0.04494126     0.14005069
    5.6656657     0.03882010     0.17144946
    5.7057057     0.03729638     0.17456899
    5.7457458     0.04474604     0.15253337
    5.7857858     0.05861622     0.12526269
    5.8258258     0.07461711     0.10775178
    5.8658659     0.09531019     0.09822651
    5.9059059     0.12304094     0.09001035
    5.9459459     0.14664533     0.08824742
    5.9859860     0.15000909     0.10305021
    6.0260260     0.13313179     0.12606577
    6.0660661     0.11237668     0.13310937
    6.1061061     0.10183695     0.11950167
    6.1461461     0.10413981     0.11425613
    6.1861862     0.11489325     0.14493589
    6.2262262     0.12494900     0.19999961
    6.2662663     0.12276560     0.23943678
    6.3063063     0.10445594     0.23656718
    6.3463464     0.07783969     0.19642422
    6.3863864     0.05416016     0.14220910
    6.4264264     0.04054268     0.10087554
    6.4664665     0.03703193     0.09144877
    6.5065065     0.03773025     0.11016978
    6.5465466     0.04018537     0.13115755
    6.5865866     0.05288945     0.12968534
    6.6266266     0.08461964     0.10282263
    6.6666667     0.12602349     0.06694264
    6.7067067     0.15657877     0.04109487
    6.7467467     0.17860389     0.03446896
    6.7867868     0.22383442     0.04466207
    6.8268268     0.30309485     0.06185377
    6.8668669     0.36684981     0.07303685
    6.9069069     0.35123173     0.06832905
    6.9469470     0.25709573     0.04915399
    6.9869870     0.14946847     0.02776520
    7.0270270     0.08614369     0.01719649
    7.0670671     0.07420579     0.02555413
    7.1071071     0.08361811     0.05601812
    7.1471472     0.08200737     0.10092872
    7.1871872     0.06055090     0.13722365
    7.2272272     0.03284458     0.14386696
    7.2672673     0.01349227     0.12762953
    7.3073073     0.00516971     0.11815481
    7.3473473     0.00291701     0.13635131
    7.3873874     0.00177875     0.17451738
    7.4274274     0.00041339     0.20091437
    7.4674675     0.00266431     0.18572743
    7.5075075     0.01640983     0.13333073
    7.5475475     0.04630171     0.08024801
    7.5875876     0.08573770     0.05626903
    7.6276276     0.12429754     0.05920376
    7.6676677     0.16726728     0.06707678
    7.7077077     0.22883542     0.06568012
    7.7477478     0.29344593     0.06026133
    7.7877878     0.31218963     0.06020651
    7.8278278     0.26164290     0.06142780
    7.8678679     0.18162517     0.05350156
    7.9079079     0.13111611     0.03797189
    7.9479479     0.12473263     0.03083641
    7.9879880     0.12941792     0.05205865
    8.0280280     0.11201941     0.11236531
    8.0680681     0.07333953     0.19387603
    8.1081081     0.03548482     0.24605247
    8.1481482     0.01262132     0.22882421
    8.1881882     0.00329493     0.15881903
    8.2282282     0.00063619     0.08705722
    8.2682683     0.00013592     0.04268445
    8.3083083     0.00029645     0.02131764
    8.3483484     0.00130481     0.01048815
    8.3883884     0.00454858     0.00442054
    8.4284284     0.01256005     0.00155094
    8.4684685     0.02842150     0.00098919
    8.5085085     0.05485645     0.00293949
    8.5485485     0.09491260     0.00964658
    8.5885886     0.15336566     0.02347903
    8.6286286     0.22783729     0.04163888
    8.6686687     0.28914486     0.05449874
    8.7087087     0.29093456     0.05486779
    8.7487488     0.22285775     0.04728330
    8.7887888     0.13184346     0.04094079
    8.8288288     0.07135135     0.03685556
    8.8688689     0.05273999     0.03005718
    8.9089089     0.05287841     0.02040889
    8.9489490     0.04796146     0.01446495
    8.9889890     0.03300782     0.02010953
    9.0290290     0.01663676     0.04164047
    9.0690691     0.00612754     0.07325104
    9.1091091     0.00168479     0.09667788
    9.1491491     0.00041894     0.09574519
    9.1891892     0.00024567     0.07378407
    9.2292292     0.00047353     0.04759054
    9.2692693     0.00143469     0.02976469
    9.3093093     0.00455606     0.02684942
    9.3493494     0.01176750     0.04684567
    9.3893894     0.02266310     0.09436063
    9.4294294     0.03193014     0.15487041
    9.4694695     0.03320573     0.19659245
    9.5095095     0.02780525     0.20224342
    9.5495496     0.02722365     0.18634807
    9.5895896     0.04484101     0.16672656
    9.6296296     0.08210808     0.14104130
    9.6696697     0.11966647     0.10462716
    9.7097097     0.13007028     0.06659523
    9.7497497     0.10660620     0.03975975
    9.7897898     0.06909809     0.03132291
    9.8298298     0.03848992     0.04341306
    9.8698699     0.02041778     0.07025814
    9.9099099     0.01392351     0.09468036
    9.9499500     0.02418859     0.09767103
    9.9899900     0.06519008     0.07653697
   10.0300300     0.14696938     0.04858282
   10.0700701     0.24939042     0.03433407
   10.1101101     0.31686759     0.04035306
   10.1501502     0.30490446     0.05586790
   10.1901902     0.22902477     0.06279360
   10.2302302     0.14521020     0.05281860
   10.2702703     0.09277836     0.03488763
   10.3103103     0.07491490     0.02348982
   10.3503504     0.07552920     0.02360880
   10.3903904     0.07489816     0.02928426
   10.4304304     0.06126124     0.03407665
   10.4704705     0.03898562     0.04111547
   10.5105105     0.02119256     0.05990867
   10.5505506     0.01512132     0.09217773
   10.5905906     0.01775736     0.12746199
   10.6306306     0.02154439     0.15464643
   10.6706707     0.02254105     0.16781516
   10.7107107     0.02498254     0.16346315
   10.7507508     0.03645702     0.14770693
   10.7907908     0.05692858     0.13860361
   10.8308308     0.07685032     0.14686911
   10.8708709     0.09180136     0.16626405
   10.9109109     0.11281570     0.19189092
   10.9509510     0.15024902     0.23028566
   10.9909910     0.19154904     0.27720692
   11.0310310     0.20735889     0.30235574
   11.0710711     0.18060225     0.27784451
   11.1111111     0.12519419     0.21312066
   11.1511512     0.07449976     0.14436313
   11.1911912     0.05440126     0.09585428
   11.2312312     0.06914628     0.06750658
   11.2712713     0.10312670     0.05387136
   11.3113113     0.13097440     0.05415372
   11.3513514     0.13635829     0.06244914
   11.3913914     0.12714957     0.06762439
   11.4314314     0.13160327     0.07117775
   11.4714715     0.17614665     0.09305564
   11.5115115     0.25345464     0.14902521
   11.5515516     0.31240681     0.22684546
   11.5915916     0.30246903     0.29252894
   11.6316316     0.23035454     0.31686678
   11.6716717     0.15039627     0.29191750
   11.7117117     0.10197384     0.23110236
   11.7517518     0.08146361     0.16100302
   11.7917918     0.07308615     0.10881859
   11.8318318     0.07823631     0.09012654
   11.8718719     0.10218569     0.10004864
   11.9119119     0.12994018     0.11725136
   11.9519520     0.13620297     0.12681617
   11.9919920     0.11625049     0.13370705
   12.0320320     0.09247162     0.14304402
   12.0720721     0.09341982     0.14379707
   12.1121121     0.13296042     0.12941806
   12.1521522     0.19904550     0.11610889
   12.1921922     0.25890866     0.12263328
   12.2322322     0.28699846     0.14752914
   12.2722723     0.28609099     0.17719807
   12.3123123     0.26941714     0.19868843
   12.3523524     0.23432431     0.19952715
   12.3923924     0.17434231     0.17593449
   12.4324324     0.10408425     0.14264318
   12.4724725     0.05002138     0.12017979
   12.5125125     0.02676721     0.11700647
   12.5525526     0.03463894     0.13039087
   12.5925926     0.06642976     0.15941312
   12.6326326     0.10450771     0.20880856
   12.6726727     0.12476365     0.26956441
   12.7127127     0.12064152     0.30708645
   12.7527528     0.11664804     0.29627742
   12.7927928     0.14505017     0.25457339
   12.8328328     0.21147844     0.21072653
   12.8728729     0.28764513     0.16598393
   12.9129129     0.33987071     0.11305228
   12.9529530     0.36543818     0.06319620
   12.9929930     0.38763208     0.03240104
   13.0330330     0.40702031     0.02109323
   13.0730731     0.38638804     0.01964098
   13.1131131     0.30797510     0.02625924
   13.1531532     0.21307269     0.05797564
   13.1931932     0.15660737     0.14421295
   13.2332332     0.14810021     0.29444781
   13.2732733     0.15339949     0.45952761
   13.3133133     0.13746882     0.54714061
   13.3533534     0.09622433     0.50328922
   13.3933934     0.05082560     0.36609582
   13.4334334     0.02004883     0.22423331
   13.4734735     0.00644406     0.13804728
   13.5135135     0.00475495     0.10681909
   13.5535536     0.01484590     0.09492936
   13.5935936     0.04885065     0.07834936
   13.6336336     0.13124331     0.06517360
   13.6736737     0.28078155     0.07560481
   13.7137137     0.46686613     0.11180151
   13.7537538     0.58952942     0.15469100
   13.7937938     0.55591934     0.19083327
   13.8338338     0.38766359     0.23013760
   13.8738739     0.20025508     0.28050871
   13.9139139     0.08265127     0.31640961
   13.9539540     0.04560082     0.30476254
   13.9939940     0.06117838     0.26117449
   14.0340340     0.10085426     0.24292411
   14.0740741     0.14419643     0.27512483
   14.1141141     0.18085726     0.31575374
   14.1541542     0.20970138     0.31231561
   14.1941942     0.23606943     0.26671352
   14.2342342     0.26702132     0.21760800
   14.2742743     0.29469261     0.18248354
   14.3143143     0.29160350     0.14977705
   14.3543544     0.24537195     0.11406838
   14.3943944     0.18506799     0.09451843
   14.4344344     0.14927316     0.11883683
   14.4744745     0.14579123     0.18987114
   14.5145145     0.16494765     0.26607108
   14.5545546     0.20900034     0.28964872
   14.5945946     0.27796239     0.24382206
   14.6346346     0.34198872     0.16803732
   14.6746747     0.35899676     0.11263332
   14.7147147     0.32051913     0.09352493
   14.7547548     0.26708798     0.09497493
   14.7947948     0.25129290     0.10580793
   14.8348348     0.28135019     0.13860695
   14.8748749     0.30810469     0.20683650
   14.9149149     0.28317391     0.29536561
   14.9549550     0.22011684     0.36830042
   14.9949950     0.17393054     0.39846072
   15.0350350     0.17546634     0.37504960
   15.0750751     0.20849829     0.29881547
   15.1151151     0.23128201     0.19299618
   15.1551552     0.20989349     0.10137886
   15.1951952     0.14801293     0.05648865
   15.2352352     0.08313717     0.05953147
   15.2752753     0.04878082     0.08843594
   15.3153153     0.04951107     0.11471759
   15.3553554     0.06716458     0.12080504
   15.3953954     0.08167940     0.10692212
   15.4354354     0.09213143     0.08125982
   15.4754755     0.11797946     0.05182536
   15.5155155     0.17301492     0.02715255
   15.5555556     0.24414745     0.01488918
   15.5955956     0.30042308     0.02012528
   15.6356356     0.31399492     0.04606069
   15.6756757     0.27614290     0.08741232
   15.7157157     0.20814207     0.12218162
   15.7557558     0.15093393     0.12624943
   15.7957958     0.13122747     0.10464584
   15.8358358     0.13831547     0.09542450
   15.8758759     0.13794832     0.13270278
   15.9159159     0.11111181     0.20539155
   15.9559560     0.07443060     0.25650232
   15.9959960     0.05920732     0.23902276
   16.0360360     0.07847392     0.17308564
   16.0760761     0.11417672     0.13183967
   16.1161161     0.13181785     0.17836804
   16.1561562     0.11462548     0.31462752
   16.1961962     0.08227754     0.46342240
   16.2362362     0.06781925     0.51681081
   16.2762763     0.08207075     0.43945444
   16.3163163     0.10815122     0.29962178
   16.3563564     0.13009920     0.18062081
   16.3963964     0.16045343     0.10600860
   16.4364364     0.22701609     0.05989560
   16.4764765     0.33040159     0.03071203
   16.5165165     0.42616427     0.01844049
   16.5565566     0.45589450     0.02529423
   16.5965966     0.39732132     0.05110295
   16.6366366     0.28202964     0.08845821
   16.6766767     0.16579402     0.12277043
   16.7167167     0.08819721     0.14752660
   16.7567568     0.05508025     0.17086227
   16.7967968     0.04704546     0.19154471
   16.8368368     0.04225197     0.18782713
   16.8768769     0.03506566     0.15279293
   16.9169169     0.03765417     0.11894159
   16.9569570     0.06787400     0.12785691
   16.9969970     0.13114226     0.18976214
   17.0370370     0.20591585     0.27626436
   17.0770771     0.25387721     0.34093425
   17.1171171     0.25408506     0.35020450
   17.1571572     0.21951312     0.30149285
   17.1971972     0.17578325     0.21660173
   17.2372372     0.13448971     0.12673919
   17.2772773     0.09354525     0.05838030
   17.3173173     0.05422393     0.02054533
   17.3573574     0.02459469     0.00543752
   17.3973974     0.00916780     0.00130216
   17.4374374     0.00649100     0.00172013
   17.4774775     0.01719972     0.00717788
   17.5175175     0.04927241     0.02374010
   17.5575576     0.11141982     0.05719637
   17.5975976     0.19476722     0.10028255
   17.6376376     0.26101184     0.12828272
   17.6776777     0.26609479     0.12081473
   17.7177177     0.20740450     0.08689906
   17.7577578     0.13062977     0.05462202
   17.7977978     0.08001422     0.03958922
   17.8378378     0.06152709     0.03528550
   17.8778779     0.05927152     0.02977831
   17.9179179     0.06305662     0.02124236
   17.9579580     0.06912716     0.01668513
   17.9979980     0.07339154     0.02180203
   18.0380380     0.07880216     0.03396580
   18.0780781     0.09541478     0.04298204
   18.1181181     0.11957832     0.04021772
   18.1581582     0.12757294     0.02766771
   18.1981982     0.10413549     0.01504256
   18.2382382     0.06362085     0.00964706
   18.2782783     0.03164815     0.01200351
   18.3183183     0.01893849     0.01776700
   18.3583584     0.01927904     0.02165605
   18.3983984     0.02186752     0.02322253
   18.4384384     0.02144031     0.03003267
   18.4784785     0.02060083     0.05095799
   18.5185185     0.02376080     0.08339384
   18.5585586     0.03045176     0.11172857
   18.5985986     0.03745055     0.12620603
   18.6386386     0.04453166     0.13920254
   18.6786787     0.05162735     0.16901591
   18.7187187     0.05311006     0.20732599
   18.7587588     0.04374969     0.22195775
   18.7987988     0.02836113     0.20223584
   18.8388388     0.01930110     0.18200509
   18.8788789     0.02823939     0.20192250
   18.9189189     0.06134435     0.26301339
   18.9589590     0.11236679     0.32831555
   18.9989990     0.15898139     0.36225388
   19.0390390     0.17745258     0.35902376
   19.0790791     0.16271270     0.33349529
   19.1191191     0.13114728     0.29803618
   19.1591592     0.11231546     0.25546236
   19.1991992     0.13430721     0.20576287
   19.2392392     0.19741816     0.15232993
   19.2792793     0.26376245     0.10176728
   19.3193193     0.29150672     0.05990224
   19.3593594     0.27348592     0.02987285
   19.3993994     0.22755440     0.01207186
   19.4394394     0.16936511     0.00414740
   19.4794795     0.11437604     0.00355655
   19.5195195     0.08752805     0.01348838
   19.5595596     0.11210587     0.04887962
   19.5995996     0.18924689     0.13198817
   19.6396396     0.28620202     0.26490738
   19.6796797     0.34773433     0.40233520
   19.7197197     0.33566451     0.48097710
   19.7597598     0.26526069     0.48532437
   19.7997998     0.19705787     0.44985638
   19.8398398     0.18683183     0.40524690
   19.8798799     0.23401231     0.36645401
   19.9199199     0.27688648     0.34956478
   19.9599600     0.25555681     0.35601952
   20.0000000     0.17934138     0.35921656
